100 4950
1 2 268
1 3 935
1 4 399
1 5 892
1 6 616
1 7 878
1 8 748
1 9 767
1 10 611
1 11 184
1 12 846
1 13 654
1 14 351
1 15 173
1 16 996
1 17 892
1 18 405
1 19 222
1 20 552
1 21 539
1 22 104
1 23 863
1 24 118
1 25 837
1 26 359
1 27 864
1 28 408
1 29 353
1 30 75
1 31 163
1 32 846
1 33 528
1 34 191
1 35 68
1 36 209
1 37 513
1 38 581
1 39 219
1 40 481
1 41 215
1 42 326
1 43 843
1 44 731
1 45 502
1 46 605
1 47 481
1 48 798
1 49 176
1 50 369
1 51 417
1 52 871
1 53 243
1 54 509
1 55 720
1 56 357
1 57 1000
1 58 274
1 59 774
1 60 504
1 61 547
1 62 447
1 63 453
1 64 721
1 65 763
1 66 789
1 67 584
1 68 235
1 69 592
1 70 338
1 71 980
1 72 464
1 73 325
1 74 130
1 75 260
1 76 798
1 77 420
1 78 205
1 79 477
1 80 399
1 81 701
1 82 662
1 83 270
1 84 617
1 85 585
1 86 459
1 87 317
1 88 516
1 89 74
1 90 613
1 91 276
1 92 599
1 93 474
1 94 753
1 95 882
1 96 664
1 97 191
1 98 247
1 99 761
1 100 894
2 3 717
2 4 281
2 5 658
2 6 433
2 7 610
2 8 496
2 9 500
2 10 390
2 11 318
2 12 617
2 13 386
2 14 158
2 15 100
2 16 770
2 17 646
2 18 498
2 19 252
2 20 311
2 21 297
2 22 274
2 23 663
2 24 178
2 25 661
2 26 323
2 27 689
2 28 368
2 29 180
2 30 334
2 31 350
2 32 583
2 33 568
2 34 108
2 35 331
2 36 179
2 37 286
2 38 321
2 39 273
2 40 366
2 41 82
2 42 420
2 43 580
2 44 464
2 45 317
2 46 338
2 47 310
2 48 560
2 49 272
2 50 297
2 51 154
2 52 608
2 53 198
2 54 353
2 55 601
2 56 336
2 57 804
2 58 25
2 59 545
2 60 616
2 61 549
2 62 310
2 63 185
2 64 477
2 65 496
2 66 532
2 67 322
2 68 256
2 69 398
2 70 396
2 71 725
2 72 261
2 73 450
2 74 287
2 75 367
2 76 537
2 77 324
2 78 236
2 79 338
2 80 428
2 81 457
2 82 584
2 83 49
2 84 412
2 85 563
2 86 205
2 87 241
2 88 516
2 89 303
2 90 534
2 91 377
2 92 389
2 93 427
2 94 510
2 95 633
2 96 571
2 97 77
2 98 363
2 99 520
2 100 655
3 4 555
3 5 104
3 6 904
3 7 471
3 8 284
3 9 417
3 10 328
3 11 848
3 12 112
3 13 510
3 14 795
3 15 778
3 16 73
3 17 780
3 18 829
3 19 750
3 20 409
3 21 715
3 22 980
3 23 103
3 24 816
3 25 197
3 26 645
3 27 192
3 28 621
3 29 581
3 30 1010
3 31 1060
3 32 618
3 33 751
3 34 748
3 35 973
3 36 895
3 37 756
3 38 438
3 39 770
3 40 500
3 41 729
3 42 814
3 43 328
3 44 415
3 45 434
3 46 474
3 47 458
3 48 179
3 49 990
3 50 609
3 51 578
3 52 632
3 53 907
3 54 913
3 55 389
3 56 1024
3 57 132
3 58 731
3 59 823
3 60 903
3 61 674
3 62 916
3 63 595
3 64 262
3 65 540
3 66 670
3 67 447
3 68 970
3 69 866
3 70 1105
3 71 754
3 72 803
3 73 863
3 74 865
3 75 1085
3 76 640
3 77 964
3 78 953
3 79 928
3 80 1123
3 81 730
3 82 498
3 83 687
3 84 847
3 85 627
3 86 679
3 87 925
3 88 669
3 89 995
3 90 504
3 91 817
3 92 824
3 93 593
3 94 750
3 95 202
3 96 463
3 97 776
3 98 1081
3 99 222
3 100 133
4 5 534
4 6 684
4 7 652
4 8 442
4 9 529
4 10 263
4 11 292
4 12 484
4 13 471
4 14 433
4 15 280
4 16 623
4 17 805
4 18 330
4 19 195
4 20 259
4 21 508
4 22 469
4 23 473
4 24 285
4 25 438
4 26 107
4 27 465
4 28 120
4 29 107
4 30 473
4 31 548
4 32 693
4 33 335
4 34 240
4 35 426
4 36 440
4 37 518
4 38 336
4 39 214
4 40 88
4 41 237
4 42 284
4 43 561
4 44 492
4 45 132
4 46 396
4 47 103
4 48 451
4 49 504
4 50 62
4 51 264
4 52 719
4 53 467
4 54 623
4 55 331
4 56 612
4 57 606
4 58 306
4 59 744
4 60 439
4 61 293
4 62 587
4 63 332
4 64 394
4 65 587
4 66 674
4 67 349
4 68 515
4 69 646
4 70 656
4 71 856
4 72 517
4 73 332
4 74 311
4 75 607
4 76 666
4 77 605
4 78 488
4 79 614
4 80 698
4 81 640
4 82 302
4 83 232
4 84 650
4 85 293
4 86 415
4 87 520
4 88 264
4 89 468
4 90 252
4 91 272
4 92 624
4 93 159
4 94 690
4 95 553
4 96 291
4 97 295
4 98 599
4 99 425
4 100 545
5 6 809
5 7 367
5 8 190
5 9 315
5 10 281
5 11 824
5 12 51
5 13 414
5 14 720
5 15 727
5 16 119
5 17 676
5 18 833
5 19 724
5 20 346
5 21 624
5 22 927
5 23 166
5 24 774
5 25 262
5 26 632
5 27 267
5 28 616
5 29 540
5 30 966
5 31 1006
5 32 513
5 33 771
5 34 701
5 35 936
5 36 831
5 37 667
5 38 358
5 39 745
5 40 493
5 41 680
5 42 808
5 43 223
5 44 315
5 45 404
5 46 385
5 47 431
5 48 97
5 49 930
5 50 592
5 51 511
5 52 527
5 53 840
5 54 825
5 55 433
5 56 949
5 57 237
5 58 669
5 59 721
5 60 917
5 61 696
5 62 832
5 63 519
5 64 183
5 65 437
5 66 566
5 67 365
5 68 904
5 69 772
5 70 1035
5 71 651
5 72 717
5 73 857
5 74 834
5 75 1022
5 76 536
5 77 883
5 78 889
5 79 843
5 80 1049
5 81 629
5 82 535
5 83 633
5 84 751
5 85 654
5 86 597
5 87 852
5 88 687
5 89 947
5 90 531
5 91 804
5 92 730
5 93 599
5 94 648
5 95 99
5 96 499
5 97 722
5 98 1019
5 99 139
5 100 31
6 7 544
6 8 620
6 9 512
6 10 646
6 11 736
6 12 792
6 13 395
6 14 281
6 15 509
6 16 927
6 17 355
6 18 931
6 19 683
6 20 552
6 21 197
6 22 547
6 23 897
6 24 582
6 25 938
6 26 750
6 27 963
6 28 790
6 29 578
6 30 647
6 31 577
6 32 413
6 33 998
6 34 535
6 35 684
6 36 407
6 37 170
6 38 484
6 39 703
6 40 755
6 41 513
6 42 851
6 43 621
6 44 499
6 45 656
6 46 433
6 47 666
6 48 725
6 49 483
6 50 718
6 51 429
6 52 426
6 53 377
6 54 113
6 55 953
6 56 334
6 57 1026
6 58 409
6 59 206
6 60 1048
6 61 972
6 62 177
6 63 368
6 64 645
6 65 410
6 66 327
6 67 471
6 68 412
6 69 40
6 70 439
6 71 464
6 72 171
6 73 877
6 74 693
6 75 496
6 76 357
6 77 229
6 78 430
6 79 152
6 80 403
6 81 214
6 82 969
6 83 477
6 84 59
6 85 978
6 86 273
6 87 310
6 88 940
6 89 600
6 90 924
6 91 806
6 92 79
6 93 842
6 94 237
6 95 735
6 96 947
6 97 478
6 98 505
6 99 683
6 100 790
7 8 250
7 9 123
7 10 421
7 11 887
7 12 381
7 13 224
7 14 584
7 15 707
7 16 460
7 17 316
7 18 983
7 19 791
7 20 393
7 21 412
7 22 871
7 23 519
7 24 778
7 25 602
7 26 759
7 27 615
7 28 768
7 29 595
7 30 943
7 31 938
7 32 157
7 33 971
7 34 699
7 35 940
7 36 738
7 37 459
7 38 320
7 39 816
7 40 662
7 41 671
7 42 929
7 43 146
7 44 160
7 45 534
7 46 276
7 47 563
7 48 332
7 49 844
7 50 713
7 51 466
7 52 165
7 53 731
7 54 602
7 55 724
7 56 790
7 57 604
7 58 606
7 59 395
7 60 1090
7 61 910
7 62 635
7 63 424
7 64 309
7 65 138
7 66 232
7 67 311
7 68 794
7 69 516
7 70 894
7 71 283
7 72 524
7 73 974
7 74 874
7 75 912
7 76 199
7 77 697
7 78 791
7 79 633
7 80 885
7 81 332
7 82 800
7 83 613
7 84 486
7 85 884
7 86 445
7 87 709
7 88 889
7 89 909
7 90 776
7 91 906
7 92 473
7 93 782
7 94 327
7 95 268
7 96 765
7 97 687
7 98 914
7 99 313
7 100 337
8 9 151
8 10 184
8 11 711
8 12 172
8 13 226
8 14 538
8 15 577
8 16 309
8 17 521
8 18 768
8 19 611
8 20 199
8 21 434
8 22 770
8 23 295
8 24 635
8 25 364
8 26 549
8 27 382
8 28 548
8 29 414
8 30 821
8 31 846
8 32 364
8 33 738
8 34 557
8 35 800
8 36 661
8 37 477
8 38 178
8 39 635
8 40 432
8 41 533
8 42 726
8 43 123
8 44 137
8 45 312
8 46 196
8 47 342
8 48 107
8 49 764
8 50 504
8 51 342
8 52 383
8 53 666
8 54 635
8 55 473
8 56 766
8 57 410
8 58 503
8 59 545
8 60 868
8 61 672
8 62 644
8 63 339
8 64 59
8 65 270
8 66 400
8 67 182
8 68 731
8 69 582
8 70 857
8 71 520
8 72 528
8 73 774
8 74 711
8 75 850
8 76 373
8 77 696
8 78 719
8 79 653
8 80 867
8 81 447
8 82 551
8 83 480
8 84 563
8 85 642
8 86 410
8 87 671
8 88 654
8 89 796
8 90 529
8 91 711
8 92 540
8 93 551
8 94 472
8 95 137
8 96 516
8 97 567
8 98 849
8 99 71
8 100 174
9 10 303
9 11 766
9 12 312
9 13 132
9 14 496
9 15 595
9 16 425
9 17 371
9 18 859
9 19 670
9 20 270
9 21 347
9 22 768
9 23 443
9 24 663
9 25 516
9 26 635
9 27 533
9 28 645
9 29 472
9 30 835
9 31 838
9 32 213
9 33 849
9 34 584
9 35 827
9 36 641
9 37 394
9 38 198
9 39 695
9 40 540
9 41 557
9 42 806
9 43 109
9 44 37
9 45 411
9 46 161
9 47 440
9 48 252
9 49 747
9 50 590
9 51 351
9 52 233
9 53 638
9 54 548
9 55 617
9 56 714
9 57 549
9 58 500
9 59 406
9 60 967
9 61 789
9 62 571
9 63 318
9 64 205
9 65 123
9 66 253
9 67 190
9 68 703
9 69 477
9 70 814
9 71 371
9 72 455
9 73 851
9 74 756
9 75 822
9 76 224
9 77 629
9 78 697
9 79 574
9 80 812
9 81 317
9 82 687
9 83 499
9 84 452
9 85 765
9 86 356
9 87 626
9 88 767
9 89 803
9 90 660
9 91 783
9 92 434
9 93 660
9 94 333
9 95 227
9 96 653
9 97 577
9 98 823
9 99 222
9 100 290
10 11 546
10 12 234
10 13 303
10 14 483
10 15 450
10 16 385
10 17 645
10 18 585
10 19 445
10 20 96
10 21 449
10 22 652
10 23 276
10 24 493
10 25 295
10 26 368
10 27 321
10 28 364
10 29 259
10 30 686
10 31 732
10 32 503
10 33 554
10 34 422
10 35 655
10 36 568
10 37 481
10 38 168
10 39 468
10 40 247
10 41 402
10 42 546
10 43 307
10 44 272
10 45 131
10 46 232
10 47 161
10 48 191
10 49 662
10 50 325
10 51 259
10 52 526
10 53 583
10 54 628
10 55 328
10 56 707
10 57 417
10 58 405
10 59 629
10 60 683
10 61 489
10 62 618
10 63 292
10 64 132
10 65 396
10 66 513
10 67 183
10 68 645
10 69 606
10 70 782
10 71 667
10 72 513
10 73 595
10 74 554
10 75 758
10 76 494
10 77 659
10 78 626
10 79 636
10 80 805
10 81 523
10 82 385
10 83 359
10 84 596
10 85 462
10 86 387
10 87 608
10 88 470
10 89 669
10 90 356
10 91 535
10 92 570
10 93 366
10 94 561
10 95 290
10 96 353
10 97 448
10 98 754
10 99 162
10 100 286
11 12 774
11 13 675
11 14 456
11 15 228
11 16 915
11 17 963
11 18 222
11 19 100
11 20 514
11 21 616
11 22 287
11 23 764
11 24 154
11 25 720
11 26 213
11 27 746
11 28 255
11 29 298
11 30 235
11 31 345
11 32 887
11 33 345
11 34 210
11 35 168
11 36 356
11 37 603
11 38 568
11 39 78
11 40 356
11 41 237
11 42 142
11 43 822
11 44 729
11 45 419
11 46 611
11 47 392
11 48 737
11 49 354
11 50 241
11 51 427
11 52 914
11 53 392
11 54 640
11 55 577
11 56 526
11 57 893
11 58 337
11 59 864
11 60 328
11 61 368
11 62 583
11 63 483
11 64 672
11 65 791
11 66 845
11 67 576
11 68 403
11 69 706
11 70 520
11 71 1037
11 72 569
11 73 148
11 74 54
11 75 443
11 76 847
11 77 571
11 78 372
11 79 614
11 80 578
11 81 775
11 82 503
11 83 290
11 84 724
11 85 411
11 86 524
11 87 466
11 88 339
11 89 256
11 90 457
11 91 92
11 92 702
11 93 315
11 94 829
11 95 834
11 96 511
11 97 259
11 98 431
11 99 707
11 100 832
12 13 398
12 14 686
12 15 683
12 16 153
12 17 681
12 18 782
12 19 675
12 20 306
12 21 602
12 22 884
12 23 138
12 24 728
12 25 228
12 26 582
12 27 237
12 28 565
12 29 493
12 30 921
12 31 963
12 32 519
12 33 720
12 34 656
12 35 889
12 36 792
12 37 644
12 38 327
12 39 696
12 40 442
12 41 636
12 42 757
12 43 234
12 44 306
12 45 355
12 46 361
12 47 382
12 48 66
12 49 889
12 50 542
12 51 473
12 52 535
12 53 803
12 54 801
12 55 389
12 56 915
12 57 238
12 58 629
12 59 716
12 60 867
12 61 647
12 62 804
12 63 486
12 64 151
12 65 435
12 66 565
12 67 335
12 68 866
12 69 753
12 70 999
12 71 664
12 72 691
12 73 806
12 74 786
12 75 983
12 76 536
12 77 854
12 78 850
12 79 816
12 80 1015
12 81 620
12 82 489
12 83 590
12 84 734
12 85 605
12 86 568
12 87 818
12 88 636
12 89 902
12 90 482
12 91 753
12 92 712
12 93 548
12 94 642
12 95 124
12 96 452
12 97 680
12 98 979
12 99 109
12 100 72
13 14 366
13 15 484
13 16 531
13 17 345
13 18 794
13 19 583
13 20 231
13 21 218
13 22 647
13 23 514
13 24 558
13 25 569
13 26 573
13 27 591
13 28 591
13 29 395
13 30 719
13 31 714
13 32 221
13 33 805
13 34 479
13 35 717
13 36 515
13 37 265
13 38 143
13 39 608
13 40 503
13 41 451
13 42 733
13 43 237
13 44 108
13 45 376
13 46 77
13 47 400
13 48 332
13 49 621
13 50 528
13 51 248
13 52 247
13 53 510
13 54 421
13 55 632
13 56 582
13 57 636
13 58 382
13 59 330
13 60 908
13 61 753
13 62 440
13 63 201
13 64 258
13 65 117
13 66 212
13 67 128
13 68 574
13 69 358
13 70 682
13 71 384
13 72 324
13 73 775
13 74 657
13 75 693
13 76 197
13 77 498
13 78 570
13 79 444
13 80 680
13 81 227
13 82 682
13 83 393
13 84 337
13 85 738
13 86 225
13 87 495
13 88 728
13 89 684
13 90 647
13 91 704
13 92 316
13 93 619
13 94 260
13 95 341
13 96 652
13 97 463
13 98 694
13 99 292
13 100 394
14 15 228
14 16 838
14 17 544
14 18 651
14 19 404
14 20 389
14 21 194
14 22 306
14 23 758
14 24 302
14 25 773
14 26 482
14 27 800
14 28 526
14 29 328
14 30 396
14 31 361
14 32 517
14 33 726
14 34 254
14 35 420
14 36 161
14 37 162
14 38 362
14 39 423
14 40 514
14 41 234
14 42 571
14 43 594
14 44 466
14 45 443
14 46 349
14 47 443
14 48 623
14 49 264
14 50 455
14 51 224
14 52 541
14 53 147
14 54 194
14 55 739
14 56 229
14 57 898
14 58 133
14 59 423
14 60 768
14 61 707
14 62 153
14 63 200
14 64 537
14 65 452
14 66 450
14 67 356
14 68 209
14 69 250
14 70 320
14 71 637
14 72 115
14 73 596
14 74 414
14 75 327
14 76 464
14 77 179
14 78 209
14 79 180
14 80 329
14 81 353
14 82 733
14 83 207
14 84 270
14 85 721
14 86 140
14 87 133
14 88 675
14 89 353
14 90 684
14 91 525
14 92 249
14 93 584
14 94 404
14 95 674
14 96 717
14 97 197
14 98 329
14 99 580
14 100 710
15 16 835
15 17 744
15 18 426
15 19 181
15 20 383
15 21 392
15 22 202
15 23 714
15 24 79
15 25 699
15 26 286
15 27 727
15 28 336
15 29 203
15 30 243
15 31 282
15 32 683
15 33 515
15 34 40
15 35 232
15 36 165
15 37 376
15 38 408
15 39 197
15 40 368
15 41 48
15 42 345
15 43 670
15 44 558
15 45 354
15 46 433
15 47 339
15 48 632
15 49 225
15 50 274
15 51 243
15 52 709
15 53 197
15 54 417
15 55 611
15 56 344
15 57 854
15 58 113
15 59 638
15 60 542
15 61 508
15 62 364
15 63 283
15 64 552
15 65 595
15 66 632
15 67 411
15 68 236
15 69 478
15 70 377
15 71 825
15 72 341
15 73 368
15 74 190
15 75 328
15 76 637
15 77 362
15 78 208
15 79 395
15 80 421
15 81 554
15 82 576
15 83 97
15 84 496
15 85 532
15 86 303
15 87 262
15 88 475
15 89 219
15 90 525
15 91 298
15 92 474
15 93 401
15 94 607
15 95 712
15 96 569
15 97 31
15 98 320
15 99 594
15 100 728
16 17 774
16 18 902
16 19 817
16 20 459
16 21 743
16 22 1037
16 23 176
16 24 878
16 25 267
16 26 715
16 27 260
16 28 693
16 29 642
16 30 1071
16 31 1116
16 32 613
16 33 825
16 34 807
16 35 1037
16 36 945
16 37 787
16 38 477
16 39 837
16 40 571
16 41 788
16 42 886
16 43 325
16 44 429
16 45 499
16 46 504
16 47 524
16 48 214
16 49 1043
16 50 678
16 51 626
16 52 624
16 53 956
16 54 944
16 55 461
16 56 1067
16 57 161
16 58 782
16 59 831
16 60 977
16 61 748
16 62 952
16 63 637
16 64 301
16 65 546
16 66 673
16 67 484
16 68 1020
16 69 890
16 70 1152
16 71 739
16 72 837
16 73 935
16 74 930
16 75 1136
16 76 641
16 77 1003
16 78 1004
16 79 962
16 80 1167
16 81 742
16 82 571
16 83 743
16 84 869
16 85 701
16 86 716
16 87 970
16 88 743
16 89 1054
16 90 577
16 91 887
16 92 847
16 93 666
16 94 758
16 95 198
16 96 536
16 97 833
16 98 1133
16 99 257
16 100 136
17 18 1115
17 19 884
17 20 577
17 21 353
17 22 849
17 23 814
17 24 823
17 25 886
17 26 900
17 27 904
17 28 925
17 29 716
17 30 941
17 31 896
17 32 162
17 33 1141
17 34 753
17 35 961
17 36 702
17 37 381
17 38 488
17 39 908
17 40 846
17 41 726
17 42 1046
17 43 452
17 44 387
17 45 720
17 46 421
17 47 743
17 48 622
17 49 798
17 50 858
17 51 553
17 52 150
17 53 681
17 54 456
17 55 973
17 56 679
17 57 913
17 58 631
17 59 148
17 60 1232
17 61 1094
17 62 512
17 63 487
17 64 572
17 65 253
17 66 133
17 67 473
17 68 731
17 69 349
17 70 787
17 71 110
17 72 439
17 73 1083
17 74 933
17 75 833
17 76 151
17 77 572
17 78 742
17 79 495
17 80 756
17 81 191
17 82 1027
17 83 673
17 84 314
17 85 1082
17 86 440
17 87 630
17 88 1067
17 89 897
17 90 993
17 91 1010
17 92 319
17 93 959
17 94 140
17 95 579
17 96 996
17 97 715
17 98 840
17 99 593
17 100 647
18 19 247
18 20 589
18 21 787
18 22 509
18 23 732
18 24 365
18 25 664
18 26 223
18 27 686
18 28 220
18 29 400
18 30 446
18 31 562
18 32 1015
18 33 143
18 34 396
18 35 375
18 36 573
18 37 782
18 38 665
18 39 228
18 40 341
18 41 418
18 42 82
18 43 889
18 44 822
18 45 456
18 46 721
18 47 426
18 48 762
18 49 577
18 50 269
18 51 562
18 52 1042
18 53 609
18 54 843
18 55 483
18 56 747
18 57 841
18 58 521
18 59 1034
18 60 118
18 61 199
18 62 791
18 63 628
18 64 717
18 65 911
18 66 988
18 67 676
18 68 625
18 69 897
18 70 742
18 71 1175
18 72 760
18 73 85
18 74 277
18 75 665
18 76 983
18 77 784
18 78 593
18 79 821
18 80 801
18 81 937
18 82 382
18 83 457
18 84 911
18 85 254
18 86 690
18 87 681
18 88 183
18 89 474
18 90 350
18 91 132
18 92 887
18 93 236
18 94 989
18 95 869
18 96 404
18 97 457
18 98 652
18 99 743
18 100 849
19 20 414
19 21 545
19 22 312
19 23 669
19 24 133
19 25 630
19 26 136
19 27 657
19 28 186
19 29 198
19 30 290
19 31 384
19 32 799
19 33 336
19 34 149
19 35 235
19 36 337
19 37 537
19 38 471
19 39 25
19 40 268
19 41 170
19 42 168
19 43 722
19 44 632
19 45 319
19 46 516
19 47 293
19 48 636
19 49 366
19 50 151
19 51 337
19 52 825
19 53 372
19 54 596
19 55 500
19 56 516
19 57 801
19 58 274
19 59 793
19 60 365
19 61 337
19 62 545
19 63 398
19 64 571
19 65 700
19 66 762
19 67 480
19 68 400
19 69 650
19 70 531
19 71 953
19 72 512
19 73 199
19 74 116
19 75 465
19 76 761
19 77 543
19 78 368
19 79 575
19 80 583
19 81 700
19 82 439
19 83 213
19 84 664
19 85 369
19 86 450
19 87 442
19 88 305
19 89 296
19 90 390
19 91 126
19 92 641
19 93 251
19 94 753
19 95 733
19 96 441
19 97 211
19 98 454
19 99 606
19 100 732
20 21 354
20 22 581
20 23 368
20 24 437
20 25 391
20 26 366
20 27 417
20 28 375
20 29 215
20 30 625
20 31 659
20 32 446
20 33 582
20 34 360
20 35 602
20 36 486
20 37 385
20 38 88
20 39 438
20 40 275
20 41 337
20 42 539
20 43 308
20 44 233
20 45 146
20 46 155
20 47 172
20 48 249
20 49 583
20 50 320
20 51 168
20 52 472
20 53 497
20 54 532
20 55 410
20 56 616
20 57 508
20 58 323
20 59 547
20 60 697
20 61 526
20 62 522
20 63 196
20 64 168
20 65 339
20 66 443
20 67 103
20 68 560
20 69 511
20 70 695
20 71 612
20 72 417
20 73 585
20 74 512
20 75 676
20 76 428
20 77 564
20 78 544
20 79 539
20 80 715
20 81 439
20 82 452
20 83 287
20 84 502
20 85 508
20 86 290
20 87 517
20 88 502
20 89 603
20 90 416
20 91 519
20 92 476
20 93 394
20 94 481
20 95 329
20 96 422
20 97 376
20 98 673
20 99 210
20 100 345
21 22 500
21 23 702
21 24 471
21 25 741
21 26 586
21 27 766
21 28 621
21 29 405
21 30 589
21 31 554
21 32 326
21 33 835
21 34 406
21 35 607
21 36 355
21 37 47
21 38 287
21 39 568
21 40 571
21 41 379
21 42 712
21 43 455
21 44 326
21 45 464
21 46 241
21 47 477
21 48 535
21 49 456
21 50 549
21 51 244
21 52 348
21 53 338
21 54 202
21 55 758
21 56 377
21 57 834
21 58 280
21 59 248
21 60 905
21 61 801
21 62 224
21 63 179
21 64 453
21 65 275
21 66 255
21 67 274
21 68 396
21 69 157
21 70 483
21 71 443
21 72 112
21 73 745
21 74 583
21 75 509
21 76 271
21 77 284
21 78 401
21 79 226
21 80 472
21 81 162
21 82 781
21 83 331
21 84 149
21 85 801
21 86 96
21 87 302
21 88 771
21 89 547
21 90 737
21 91 672
21 92 122
21 93 667
21 94 214
21 95 558
21 96 757
21 97 363
21 98 513
21 99 493
21 100 608
22 23 916
22 24 185
22 25 899
22 26 446
22 27 927
22 28 496
22 29 404
22 30 100
22 31 80
22 32 821
22 33 630
22 34 235
22 35 154
22 36 146
22 37 467
22 38 595
22 39 313
22 40 555
22 41 250
22 42 429
22 43 853
22 44 734
22 45 555
22 46 608
22 47 539
22 48 831
22 49 75
22 50 448
22 51 428
22 52 845
22 53 171
22 54 436
22 55 798
22 56 261
22 57 1056
22 58 269
22 59 721
22 60 608
22 61 645
22 62 372
22 63 450
22 64 749
22 65 747
22 66 756
22 67 596
22 68 143
22 69 529
22 70 234
22 71 943
22 72 411
22 73 429
22 74 232
22 75 156
22 76 769
22 77 336
22 78 118
22 79 401
22 80 295
22 81 658
22 82 749
22 83 294
22 84 556
22 85 680
22 86 433
22 87 238
22 88 613
22 89 53
22 90 698
22 91 379
22 92 541
22 93 562
22 94 709
22 95 906
22 96 747
22 97 204
22 98 144
22 99 792
22 100 926
23 24 745
23 25 98
23 26 556
23 27 100
23 28 529
23 29 512
23 30 938
23 31 996
23 32 654
23 33 649
23 34 681
23 35 898
23 36 842
23 37 740
23 38 416
23 39 687
23 40 410
23 41 666
23 42 721
23 43 372
23 44 432
23 45 362
23 46 464
23 47 382
23 48 191
23 49 932
23 50 523
23 51 535
23 52 671
23 53 858
23 54 893
23 55 286
23 56 983
23 57 141
23 58 680
23 59 839
23 60 803
23 61 573
23 62 889
23 63 563
23 64 255
23 65 565
23 66 695
23 67 428
23 68 919
23 69 858
23 70 1058
23 71 802
23 72 780
23 73 770
23 74 784
23 75 1031
23 76 667
23 77 933
23 78 899
23 79 904
23 80 1081
23 81 740
23 82 395
23 83 628
23 84 842
23 85 524
23 86 654
23 87 884
23 88 569
23 89 927
23 90 401
23 91 727
23 92 818
23 93 496
23 94 767
23 95 260
23 96 360
23 97 716
23 98 1026
23 99 224
23 100 197
24 25 721
24 26 261
24 27 748
24 28 312
24 29 235
24 30 193
24 31 263
24 32 760
24 33 467
24 34 79
24 35 165
24 36 208
24 37 454
24 38 472
24 39 142
24 40 370
24 41 106
24 42 282
24 43 733
24 44 626
24 45 383
24 46 502
24 47 363
24 48 681
24 49 234
24 50 262
24 51 312
24 52 786
24 53 244
24 54 486
24 55 613
24 56 385
24 57 883
24 58 192
24 59 716
24 60 477
24 61 471
24 62 430
24 63 358
24 64 605
24 65 670
24 66 710
24 67 477
24 68 266
24 69 553
24 70 398
24 71 903
24 72 417
24 73 299
24 74 112
24 75 334
24 76 715
24 77 420
24 78 235
24 79 461
24 80 450
24 81 633
24 82 563
24 83 164
24 84 572
24 85 501
24 86 382
24 87 316
24 88 438
24 89 183
24 90 513
24 91 233
24 92 551
24 93 379
24 94 686
24 95 767
24 96 561
24 97 108
24 98 324
24 99 645
24 100 777
25 26 507
25 27 28
25 28 473
25 29 496
25 30 911
25 31 979
25 32 729
25 33 570
25 34 663
25 35 864
25 36 840
25 37 775
25 38 455
25 39 646
25 40 363
25 41 651
25 42 662
25 43 456
25 44 500
25 45 346
25 46 510
25 47 360
25 48 269
25 49 923
25 50 480
25 51 549
25 52 747
25 53 859
25 54 923
25 55 196
25 56 992
25 57 177
25 58 680
25 59 899
25 60 726
25 61 493
25 62 912
25 63 587
25 64 315
25 65 634
25 66 762
25 67 468
25 68 917
25 69 898
25 70 1058
25 71 882
25 72 808
25 73 709
25 74 746
25 75 1024
25 76 737
25 77 951
25 78 895
25 79 930
25 80 1087
25 81 796
25 82 308
25 83 622
25 84 886
25 85 442
25 86 682
25 87 893
25 88 492
25 89 904
25 90 321
25 91 673
25 92 861
25 93 432
25 94 828
25 95 352
25 96 274
25 97 706
25 98 1017
25 99 294
25 100 292
26 27 533
26 28 50
26 29 184
26 30 427
26 31 519
26 32 794
26 33 249
26 34 247
26 35 370
26 36 451
26 37 590
26 38 441
26 39 144
26 40 146
26 41 256
26 42 177
26 43 668
26 44 598
26 45 238
26 46 498
26 47 207
26 48 554
26 49 495
26 50 45
26 51 349
26 52 820
26 53 483
26 54 676
26 55 365
26 56 630
26 57 681
26 58 348
26 59 829
26 60 334
26 61 226
26 62 633
26 63 417
26 64 500
26 65 689
26 66 771
26 67 453
26 68 520
26 69 713
26 70 657
26 71 956
26 72 579
26 73 226
26 74 247
26 75 596
26 76 764
26 77 641
26 78 490
26 79 661
26 80 705
26 81 728
26 82 303
26 83 275
26 84 721
26 85 245
26 86 491
26 87 546
26 88 193
26 89 433
26 90 253
26 91 172
26 92 696
26 93 117
26 94 779
26 95 657
26 96 305
26 97 310
26 98 586
26 99 530
26 100 645
27 28 498
27 29 524
27 30 938
27 31 1007
27 32 745
27 33 589
27 34 691
27 35 891
27 36 868
27 37 800
27 38 479
27 39 672
27 40 390
27 41 679
27 42 686
27 43 469
27 44 518
27 45 374
27 46 533
27 47 388
27 48 284
27 49 951
27 50 506
27 51 576
27 52 763
27 53 887
27 54 949
27 55 212
27 56 1019
27 57 155
27 58 708
27 59 920
27 60 745
27 61 512
27 62 939
27 63 614
27 64 334
27 65 652
27 66 781
27 67 492
27 68 945
27 69 922
27 70 1086
27 71 897
27 72 834
27 73 733
27 74 773
27 75 1052
27 76 755
27 77 978
27 78 923
27 79 957
27 80 1115
27 81 818
27 82 324
27 83 650
27 84 910
27 85 460
27 86 708
27 87 920
27 88 513
27 89 932
27 90 341
27 91 698
27 92 885
27 93 456
27 94 848
27 95 360
27 96 292
27 97 734
27 98 1045
27 99 311
27 100 298
28 29 215
28 30 475
28 31 569
28 32 813
28 33 216
28 34 296
28 35 416
28 36 501
28 37 627
28 38 455
28 39 191
28 40 123
28 41 304
28 42 193
28 43 669
28 44 608
28 45 236
28 46 515
28 47 206
28 48 543
28 49 546
28 50 72
28 51 379
28 52 839
28 53 533
28 54 720
28 55 321
28 56 680
28 57 649
28 58 393
28 59 861
28 60 322
28 61 182
28 62 678
28 63 448
28 64 496
28 65 706
28 66 794
28 67 468
28 68 570
28 69 752
28 70 708
28 71 976
28 72 619
28 73 242
28 74 293
28 75 647
28 76 786
28 77 688
28 78 541
28 79 706
28 80 756
28 81 758
28 82 253
28 83 318
28 84 759
28 85 196
28 86 526
28 87 595
28 88 150
28 89 482
28 90 204
28 91 199
28 92 733
28 93 66
28 94 808
28 95 649
28 96 257
28 97 359
28 98 637
28 99 522
28 100 631
29 30 428
29 31 484
29 32 615
29 33 431
29 34 168
29 35 395
29 36 350
29 37 413
29 38 274
29 39 223
29 40 186
29 41 155
29 42 338
29 43 523
29 44 434
29 45 151
29 46 324
29 47 136
29 48 448
29 49 427
29 50 144
29 51 165
29 52 642
29 53 374
29 54 516
29 55 421
29 56 516
29 57 651
29 58 204
29 59 646
29 60 516
29 61 395
29 62 481
29 63 233
29 64 377
29 65 512
29 66 588
29 67 283
29 68 427
29 69 539
29 70 569
29 71 775
29 72 410
29 73 381
29 74 298
29 75 528
29 76 583
29 77 502
29 78 402
29 79 508
29 80 606
29 81 544
29 82 405
29 83 133
29 84 545
29 85 400
29 86 311
29 87 421
29 88 365
29 89 414
29 90 356
29 91 311
29 92 519
29 93 264
29 94 595
29 95 540
29 96 391
29 97 210
29 98 522
29 99 415
29 100 545
30 31 119
30 32 904
30 33 578
30 34 265
30 35 70
30 36 241
30 37 559
30 38 651
30 39 284
30 40 554
30 41 288
30 42 372
30 43 913
30 44 799
30 45 577
30 46 673
30 47 556
30 48 872
30 49 173
30 50 440
30 51 486
30 52 928
30 53 269
30 54 536
30 55 791
30 56 358
30 57 1075
30 58 336
30 59 816
30 60 535
30 61 603
30 62 472
30 63 518
30 64 794
30 65 824
30 66 842
30 67 654
30 68 243
30 69 627
30 70 316
30 71 1032
30 72 505
30 73 362
30 74 185
30 75 231
30 76 853
30 77 436
30 78 218
30 79 501
30 80 381
30 81 749
30 82 729
30 83 341
30 84 654
30 85 645
30 86 515
30 87 338
30 88 574
30 89 46
30 90 680
30 91 325
30 92 638
30 93 539
30 94 800
30 95 955
30 96 732
30 97 257
30 98 217
30 99 835
30 100 968
31 32 879
31 33 691
31 34 316
31 35 189
31 36 201
31 37 517
31 38 670
31 39 382
31 40 633
31 41 330
31 42 486
31 43 926
31 44 805
31 45 635
31 46 680
31 47 619
31 48 909
31 49 98
31 50 525
31 51 503
31 52 902
31 53 216
31 54 464
31 55 876
31 56 261
31 57 1136
31 58 343
31 59 762
31 60 654
31 61 711
31 62 399
31 63 521
31 64 827
31 65 811
31 66 810
31 67 670
31 68 166
31 69 563
31 70 201
31 71 994
31 72 457
31 73 479
31 74 292
31 75 114
31 76 825
31 77 354
31 78 154
31 79 426
31 80 266
31 81 708
31 82 823
31 83 373
31 84 593
31 85 749
31 86 495
31 87 269
31 88 680
31 89 89
31 90 773
31 91 438
31 92 581
31 93 635
31 94 756
31 95 983
31 96 823
31 97 283
31 98 100
31 99 870
31 100 1004
32 33 1026
32 34 684
32 35 912
32 36 678
32 37 368
32 38 360
32 39 824
32 40 722
32 41 656
32 42 953
32 43 290
32 44 234
32 45 592
32 46 297
32 47 618
32 48 462
32 49 781
32 50 750
32 51 461
32 52 26
32 53 664
32 54 490
32 55 826
32 56 697
32 57 751
32 58 573
32 59 242
32 60 1129
32 61 972
32 62 533
32 63 404
32 64 417
32 65 107
32 66 86
32 67 346
32 68 723
32 69 392
32 70 804
32 71 165
32 72 434
32 73 994
32 74 865
32 75 835
32 76 57
32 77 596
32 78 726
32 79 524
32 80 786
32 81 201
32 82 888
32 83 599
32 84 358
32 85 954
32 86 388
32 87 628
32 88 947
32 89 864
32 90 857
32 91 922
32 92 351
32 93 839
32 94 181
32 95 417
32 96 856
32 97 658
32 98 839
32 99 434
32 100 485
33 34 479
33 35 508
33 36 673
33 37 839
33 38 666
33 39 325
33 40 309
33 41 494
33 42 206
33 43 861
33 44 814
33 45 437
33 46 728
33 47 409
33 48 713
33 49 694
33 50 286
33 51 596
33 52 1051
33 53 708
33 54 921
33 55 378
33 56 852
33 57 743
33 58 593
33 59 1077
33 60 157
33 61 77
33 62 874
33 63 664
33 64 682
33 65 919
33 66 1010
33 67 680
33 68 734
33 69 962
33 70 860
33 71 1190
33 72 827
33 73 227
33 74 398
33 75 787
33 76 1001
33 77 877
33 78 702
33 79 904
33 80 915
33 81 974
33 82 268
33 83 521
33 84 971
33 85 130
33 86 740
33 87 777
33 88 84
33 89 601
33 90 248
33 91 253
33 92 945
33 93 188
33 94 1025
33 95 821
33 96 297
33 97 543
33 98 775
33 99 701
33 100 791
34 35 244
34 36 205
34 37 394
34 38 393
34 39 168
34 40 328
34 41 28
34 42 316
34 43 654
34 44 547
34 45 320
34 46 423
34 47 303
34 48 606
34 49 264
34 50 234
34 51 233
34 52 710
34 53 236
34 54 447
34 55 572
34 56 383
34 57 820
34 58 128
34 59 654
34 60 514
34 61 470
34 62 396
34 63 281
34 64 529
34 65 593
34 66 637
34 67 397
34 68 277
34 69 502
34 70 417
34 71 830
34 72 364
34 73 343
34 74 181
34 75 367
34 76 641
34 77 398
34 78 248
34 79 426
34 80 462
34 81 565
34 82 535
34 83 86
34 84 518
34 85 492
34 86 313
34 87 300
34 88 437
34 89 247
34 90 484
34 91 271
34 92 495
34 93 361
34 94 619
34 95 690
34 96 528
34 97 64
34 98 359
34 99 569
34 100 703
35 36 276
35 37 581
35 38 637
35 39 225
35 40 503
35 41 270
35 42 302
35 43 899
35 44 790
35 45 539
35 46 665
35 47 516
35 48 844
35 49 229
35 50 387
35 51 475
35 52 937
35 53 309
35 54 576
35 55 735
35 56 415
35 57 1032
35 58 338
35 59 843
35 60 465
35 61 536
35 62 513
35 63 516
35 64 769
35 65 827
35 66 856
35 67 641
35 68 294
35 69 661
35 70 382
35 71 1048
35 72 533
35 73 291
35 74 123
35 75 298
35 76 864
35 77 484
35 78 266
35 79 544
35 80 446
35 81 769
35 82 668
35 83 327
35 84 685
35 85 579
35 86 526
35 87 382
35 88 507
35 89 106
35 90 620
35 91 256
35 92 667
35 93 479
35 94 821
35 95 932
35 96 673
35 97 254
35 98 285
35 99 809
35 100 940
36 37 321
36 38 482
36 39 349
36 40 528
36 41 202
36 42 490
36 43 733
36 44 608
36 45 494
36 46 485
36 47 485
36 48 733
36 49 106
36 50 439
36 51 320
36 52 701
36 53 36
36 54 299
36 55 769
36 56 179
36 57 984
36 58 163
36 59 575
36 60 684
36 61 672
36 62 237
36 63 327
36 64 649
36 65 609
36 66 611
36 67 480
36 68 77
36 69 386
36 70 219
36 71 797
36 72 264
36 73 504
36 74 305
36 75 190
36 76 625
36 77 215
36 78 58
36 79 268
36 80 257
36 81 512
36 82 739
36 83 218
36 84 412
36 85 697
36 86 294
36 87 110
36 88 639
36 89 196
36 90 689
36 91 440
36 92 396
36 93 566
36 94 562
36 95 798
36 96 731
36 97 144
36 98 188
36 99 692
36 100 826
37 38 324
37 39 559
37 40 586
37 41 368
37 42 706
37 43 502
37 44 373
37 45 485
37 46 282
37 47 496
37 48 577
37 49 419
37 50 555
37 51 259
37 52 389
37 53 301
37 54 157
37 55 783
37 56 331
37 57 873
37 58 266
37 59 263
37 60 901
37 61 808
37 62 176
37 63 198
37 64 494
37 65 321
37 66 294
37 67 312
37 68 356
37 69 129
37 70 438
37 71 476
37 72 65
37 73 736
37 74 566
37 75 467
37 76 312
37 77 237
37 78 363
37 79 179
37 80 425
37 81 191
37 82 799
37 83 325
37 84 132
37 85 812
37 86 103
37 87 260
37 88 777
37 89 516
37 90 754
37 91 663
37 92 106
37 93 677
37 94 241
37 95 603
37 96 777
37 97 345
37 98 471
37 99 534
37 100 652
38 39 496
38 40 362
38 41 366
38 42 609
38 43 261
38 44 160
38 45 233
38 46 66
38 47 258
38 48 262
38 49 586
38 50 396
38 51 167
38 52 385
38 53 487
38 54 478
38 55 494
38 56 591
38 57 550
38 58 326
38 59 462
38 60 775
38 61 612
38 62 478
38 63 161
38 64 176
38 65 252
38 66 355
38 67 15
38 68 553
38 69 443
38 70 679
38 71 525
38 72 365
38 73 654
38 74 560
38 75 672
38 76 340
38 77 526
38 78 541
38 79 491
38 80 691
38 81 354
38 82 540
38 83 311
38 84 431
38 85 596
38 86 241
38 87 494
38 88 587
38 89 624
38 90 504
38 91 585
38 92 406
38 93 479
38 94 395
38 95 316
38 96 510
38 97 395
38 98 670
38 99 219
38 100 348
39 40 282
39 41 191
39 42 148
39 43 746
39 44 657
39 45 341
39 46 541
39 47 313
39 48 659
39 49 371
39 50 166
39 51 362
39 52 850
39 53 385
39 54 614
39 55 510
39 56 527
39 57 817
39 58 295
39 59 816
39 60 345
39 61 332
39 62 562
39 63 423
39 64 594
39 65 725
39 66 786
39 67 505
39 68 408
39 69 670
39 70 537
39 71 978
39 72 533
39 73 176
39 74 102
39 75 468
39 76 786
39 77 557
39 78 377
39 79 592
39 80 591
39 81 724
39 82 445
39 83 237
39 84 686
39 85 367
39 86 473
39 87 455
39 88 300
39 89 293
39 90 396
39 91 103
39 92 662
39 93 255
39 94 777
39 95 756
39 96 449
39 97 228
39 98 457
39 99 629
39 100 754
40 41 325
40 42 315
40 43 555
40 44 505
40 45 129
40 46 426
40 47 103
40 48 420
40 49 592
40 50 116
40 51 327
40 52 747
40 53 555
40 54 700
40 55 243
40 56 700
40 57 536
40 58 390
40 59 798
40 60 436
40 61 250
40 62 668
40 63 392
40 64 378
40 65 614
40 66 713
40 67 376
40 68 603
40 69 715
40 70 745
40 71 887
40 72 591
40 73 364
40 74 383
40 75 695
40 76 701
40 77 689
40 78 576
40 79 693
40 80 785
40 81 691
40 82 219
40 83 317
40 84 717
40 85 236
40 86 482
40 87 607
40 88 227
40 89 552
40 90 170
40 91 316
40 92 690
40 93 120
40 94 739
40 95 527
40 96 204
40 97 384
40 98 687
40 99 402
40 100 508
41 42 339
41 43 628
41 44 520
41 45 306
41 46 395
41 47 291
41 48 585
41 49 272
41 50 238
41 51 205
41 52 682
41 53 231
41 54 428
41 55 568
41 56 378
41 57 805
41 58 103
41 59 627
41 60 535
41 61 481
41 62 380
41 63 253
41 64 506
41 65 565
41 66 609
41 67 371
41 68 277
41 69 479
41 70 419
41 71 802
41 72 342
41 73 367
41 74 209
41 75 374
41 76 613
41 77 385
41 78 250
41 79 409
41 80 460
41 81 538
41 82 537
41 83 58
41 84 494
41 85 501
41 86 286
41 87 291
41 88 448
41 89 266
41 90 486
41 91 295
41 92 471
41 93 367
41 94 591
41 95 667
41 96 528
41 97 58
41 98 367
41 99 547
41 100 681
42 43 844
42 44 769
42 45 415
42 46 662
42 47 385
42 48 731
42 49 496
42 50 221
42 51 494
42 52 979
42 53 526
42 54 762
42 55 495
42 56 664
42 57 839
42 58 443
42 59 960
42 60 197
42 61 241
42 62 709
42 63 558
42 64 678
42 65 851
42 66 921
42 67 620
42 68 543
42 69 818
42 70 662
42 71 1110
42 72 681
42 73 49
42 74 196
42 75 586
42 76 918
42 77 702
42 78 511
42 79 740
42 80 720
42 81 865
42 82 404
42 83 381
42 84 833
42 85 291
42 86 616
42 87 599
42 88 216
42 89 397
42 90 364
42 91 50
42 92 809
42 93 230
42 94 918
42 95 835
42 96 420
42 97 376
42 98 573
42 99 708
42 100 822
43 44 130
43 45 433
43 46 247
43 47 463
43 48 187
43 49 838
43 50 623
43 51 427
43 52 304
43 53 733
43 54 657
43 55 587
43 56 817
43 57 461
43 58 583
43 59 507
43 60 990
43 61 795
43 62 677
43 63 406
43 64 180
43 65 222
43 66 348
43 67 258
43 68 798
43 69 587
43 70 914
43 71 430
43 72 561
43 73 891
43 74 817
43 75 918
43 76 316
43 77 735
43 78 790
43 79 682
43 80 916
43 81 424
43 82 670
43 83 572
43 84 562
43 85 764
43 86 457
43 87 726
43 88 777
43 89 884
43 90 650
43 91 827
43 92 543
43 93 674
43 94 434
43 95 127
43 96 634
43 97 655
43 98 918
43 99 174
43 100 195
44 45 376
44 46 125
44 47 404
44 48 243
44 49 715
44 50 553
44 51 314
44 52 256
44 53 607
44 54 529
44 55 592
44 56 687
44 57 545
44 58 464
44 59 409
44 60 930
44 61 755
44 62 548
44 63 283
44 64 185
44 65 134
44 66 263
44 67 152
44 68 672
44 69 464
44 70 785
44 71 397
44 72 431
44 73 814
44 74 718
44 75 791
44 76 237
44 77 605
44 78 665
44 79 552
44 80 786
44 81 314
44 82 657
44 83 462
44 84 440
44 85 732
44 86 327
44 87 597
44 88 732
44 89 767
44 90 629
44 91 745
44 92 420
44 93 625
44 94 335
44 95 235
44 96 624
44 97 541
44 98 792
44 99 208
44 100 293
45 46 298
45 47 30
45 48 319
45 49 576
45 50 194
45 51 229
45 52 618
45 53 515
45 54 615
45 55 299
45 56 651
45 57 500
45 58 337
45 59 679
45 60 558
45 61 379
45 62 592
45 63 287
45 64 262
45 65 485
45 66 587
45 67 247
45 68 571
45 69 615
45 70 713
45 71 758
45 72 501
45 73 463
45 74 431
45 75 677
45 76 573
45 77 622
45 78 549
45 79 614
45 80 745
45 81 572
45 82 317
45 83 275
45 84 613
45 85 362
45 86 382
45 87 554
45 88 356
45 89 565
45 90 277
45 91 404
45 92 586
45 93 248
45 94 617
45 95 420
45 96 292
45 97 359
45 98 671
45 99 293
45 100 413
46 47 322
46 48 294
46 49 591
46 50 453
46 51 190
46 52 323
46 53 485
46 54 440
46 55 560
46 56 575
46 57 593
46 58 339
46 59 397
46 60 833
46 61 676
46 62 448
46 63 158
46 64 212
46 65 191
46 66 288
46 67 51
46 68 550
46 69 394
46 70 669
46 71 461
46 72 332
46 73 705
46 74 597
46 75 670
46 76 274
46 77 501
46 78 542
46 79 457
46 80 675
46 81 291
46 82 606
46 83 338
46 84 378
46 85 661
46 86 215
46 87 482
46 88 651
46 89 642
46 90 571
46 91 634
46 92 354
46 93 542
46 94 329
46 95 327
46 96 576
46 97 415
46 98 670
46 99 252
46 100 370
47 48 348
47 49 563
47 50 164
47 51 237
47 52 644
47 53 507
47 54 621
47 55 295
47 56 646
47 57 519
47 58 332
47 59 698
47 60 529
47 61 353
47 62 594
47 63 298
47 64 293
47 65 511
47 66 610
47 67 272
47 68 562
47 69 626
47 70 704
47 71 783
47 72 508
47 73 433
47 74 406
47 75 665
47 76 597
47 77 622
47 78 538
47 79 618
47 80 738
47 81 591
47 82 303
47 83 266
47 84 625
47 85 339
47 86 392
47 87 549
47 88 329
47 89 546
47 90 260
47 91 375
47 92 598
47 93 221
47 94 637
47 95 450
47 96 280
47 97 347
47 98 658
47 99 322
47 100 442
48 49 833
48 50 511
48 51 413
48 52 480
48 53 743
48 54 734
48 55 406
48 56 852
48 57 303
48 58 571
48 59 652
48 60 853
48 61 641
48 62 739
48 63 422
48 64 86
48 65 374
48 66 504
48 67 270
48 68 807
48 69 686
48 70 938
48 71 613
48 72 625
48 73 780
48 74 745
48 75 924
48 76 476
48 77 789
48 78 792
48 79 750
48 80 953
48 81 555
48 82 497
48 83 537
48 84 668
48 85 604
48 86 502
48 87 755
48 88 628
48 89 851
48 90 484
48 91 723
48 92 645
48 93 533
48 94 578
48 95 108
48 96 461
48 97 626
48 98 921
48 99 43
48 100 96
49 50 492
49 51 421
49 52 804
49 53 117
49 54 370
49 55 836
49 56 185
49 57 1073
49 58 261
49 59 665
49 60 680
49 61 703
49 62 306
49 63 432
49 64 749
49 65 715
49 66 712
49 67 585
49 68 71
49 69 467
49 70 166
49 71 896
49 72 358
49 73 499
49 74 300
49 75 102
49 76 728
49 77 265
49 78 55
49 79 334
49 80 223
49 81 610
49 82 794
49 83 303
49 84 497
49 85 735
49 86 400
49 87 173
49 88 671
49 89 127
49 90 744
49 91 446
49 92 484
49 93 612
49 94 658
49 95 901
49 96 790
49 97 217
49 98 94
49 99 792
49 100 926
50 51 309
50 52 776
50 53 469
50 54 648
50 55 351
50 56 616
50 57 652
50 58 323
50 59 790
50 60 379
50 61 254
50 62 608
50 63 377
50 64 456
50 65 644
50 66 728
50 67 408
50 68 511
50 69 680
50 70 650
50 71 912
50 72 547
50 73 269
50 74 267
50 75 594
50 76 721
50 77 620
50 78 482
50 79 636
50 80 696
50 81 688
50 82 302
50 83 248
50 84 687
50 85 265
50 86 454
50 87 529
50 88 222
50 89 441
50 90 252
50 91 211
50 92 661
50 93 129
50 94 738
50 95 614
50 96 299
50 97 295
50 98 585
50 99 487
50 100 604
51 52 488
51 53 329
51 54 385
51 55 529
51 56 448
51 57 675
51 58 160
51 59 481
51 60 678
51 61 557
51 62 365
51 63 68
51 64 328
51 65 364
51 66 426
51 67 168
51 68 393
51 69 389
51 70 527
51 71 616
51 72 272
51 73 533
51 74 409
51 75 511
51 76 424
51 77 402
51 78 379
51 79 386
51 80 546
51 81 378
51 82 540
51 83 148
51 84 389
51 85 556
51 86 155
51 87 349
51 88 528
51 89 457
51 90 495
51 91 461
51 92 363
51 93 423
51 94 429
51 95 480
51 96 518
51 97 228
51 98 508
51 99 372
51 100 505
52 53 687
52 54 507
52 55 848
52 56 716
52 57 765
52 58 598
52 59 247
52 60 1155
52 61 997
52 62 552
52 63 430
52 64 438
52 65 132
52 66 100
52 67 371
52 68 745
52 69 407
52 70 824
52 71 141
52 72 455
52 73 1020
52 74 891
52 75 857
52 76 77
52 77 614
52 78 749
52 79 542
52 80 804
52 81 216
52 82 912
52 83 625
52 84 373
52 85 979
52 86 413
52 87 650
52 88 973
52 89 889
52 90 882
52 91 948
52 92 367
52 93 864
52 94 191
52 95 430
52 96 879
52 97 684
52 98 861
52 99 453
52 100 498
53 54 267
53 55 795
53 56 146
53 57 1000
53 58 179
53 59 550
53 60 720
53 61 705
53 62 204
53 63 329
53 64 657
53 65 600
53 66 594
53 67 485
53 68 65
53 69 357
53 70 199
53 71 778
53 72 242
53 73 540
53 74 341
53 75 185
53 76 610
53 77 179
53 78 62
53 79 234
53 80 231
53 81 492
53 82 768
53 83 241
53 84 385
53 85 729
53 86 285
53 87 74
53 88 672
53 89 223
53 90 718
53 91 476
53 92 370
53 93 597
53 94 541
53 95 804
53 96 759
53 97 174
53 98 185
53 99 701
53 100 834
54 55 914
54 56 224
54 57 1028
54 58 328
54 59 311
54 60 960
54 61 902
54 62 64
54 63 336
54 64 650
54 65 464
54 66 406
54 67 467
54 68 299
54 69 107
54 70 331
54 71 563
54 72 115
54 73 784
54 74 594
54 75 384
54 76 432
54 77 117
54 78 318
54 79 39
54 80 300
54 81 290
54 82 918
54 83 401
54 84 141
54 85 913
54 86 241
54 87 198
54 88 869
54 89 489
54 90 871
54 91 715
54 92 140
54 93 777
54 94 327
54 95 760
54 96 900
54 97 386
54 98 392
54 99 691
54 100 809
55 56 938
55 57 365
55 58 624
55 59 956
55 60 535
55 61 301
55 62 890
55 63 584
55 64 415
55 65 722
55 66 841
55 67 510
55 68 845
55 69 912
55 70 987
55 71 988
55 72 801
55 73 539
55 74 613
55 75 939
55 76 821
55 77 918
55 78 819
55 79 913
55 80 1026
55 81 849
55 82 112
55 83 554
55 84 907
55 85 247
55 86 681
55 87 842
55 88 304
55 89 793
55 90 133
55 91 515
55 92 881
55 93 266
55 94 889
55 95 508
55 96 80
55 97 626
55 98 930
55 99 413
55 100 460
56 57 1124
56 58 314
56 59 535
56 60 854
56 61 851
56 62 166
56 63 429
56 64 766
56 65 652
56 66 617
56 67 585
56 68 123
56 69 331
56 70 108
56 71 785
56 72 265
56 73 673
56 74 473
56 75 164
56 76 639
56 77 106
56 78 154
56 79 184
56 80 100
56 81 504
56 82 914
56 83 383
56 84 365
56 85 876
56 86 360
56 87 99
56 88 818
56 89 312
56 90 864
56 91 614
56 92 359
56 93 744
56 94 546
56 95 902
56 96 904
56 97 320
56 98 174
56 99 809
56 100 939
57 58 821
57 59 953
57 60 900
57 61 666
57 62 1026
57 63 702
57 64 380
57 65 672
57 66 802
57 67 561
57 68 1060
57 69 987
57 70 1199
57 71 887
57 72 916
57 73 886
57 74 917
57 75 1172
57 76 772
57 77 1072
57 78 1041
57 79 1041
57 80 1222
57 81 858
57 82 477
57 83 769
57 84 970
57 85 613
57 86 790
57 87 1024
57 88 668
57 89 1065
57 90 496
57 91 849
57 92 947
57 93 609
57 94 880
57 95 335
57 96 446
57 97 857
57 98 1167
57 99 343
57 100 266
58 59 526
58 60 639
58 61 574
58 62 284
58 63 182
58 64 487
58 65 489
58 66 519
58 67 326
58 68 239
58 69 375
58 70 378
58 71 712
58 72 238
58 73 471
58 74 303
58 75 353
58 76 526
58 77 299
58 78 221
58 79 313
58 80 407
58 81 441
58 82 609
58 83 75
58 84 390
58 85 589
58 86 190
58 87 217
58 88 542
58 89 303
58 90 559
58 91 399
58 92 367
58 93 452
58 94 494
58 95 640
58 96 595
58 97 85
58 98 350
58 99 530
58 100 665
59 60 1152
59 61 1037
59 62 370
59 63 413
59 64 586
59 65 284
59 66 162
59 67 446
59 68 596
59 69 204
59 70 642
59 71 259
59 72 310
59 73 993
59 74 829
59 75 692
59 76 196
59 77 428
59 78 610
59 79 350
59 80 609
59 81 107
59 82 996
59 83 579
59 84 170
59 85 1032
59 86 343
59 87 494
59 88 1008
59 89 771
59 90 956
59 91 920
59 92 180
59 93 902
59 94 73
59 95 632
59 96 968
59 97 608
59 98 700
59 99 615
59 100 696
60 61 233
60 62 906
60 63 745
60 64 815
60 65 1024
60 66 1104
60 67 787
60 68 732
60 69 1015
60 70 842
60 71 1290
60 72 877
60 73 180
60 74 381
60 75 762
60 76 1098
60 77 897
60 78 700
60 79 937
60 80 903
60 81 1054
60 82 425
60 83 575
60 84 1029
60 85 288
60 86 809
60 87 793
60 88 234
60 89 568
60 90 404
60 91 244
60 92 1005
60 93 320
60 94 1107
60 95 961
60 96 454
60 97 573
60 98 749
60 99 838
60 100 936
61 62 859
61 63 625
61 64 615
61 65 864
61 66 961
61 67 626
61 68 737
61 69 934
61 70 869
61 71 1137
61 72 802
61 73 274
61 74 419
61 75 801
61 76 950
61 77 866
61 78 706
61 79 887
61 80 921
61 81 933
61 82 191
61 83 500
61 84 941
61 85 56
61 86 707
61 87 770
61 88 32
61 89 621
61 90 171
61 91 281
61 92 915
61 93 135
61 94 982
61 95 750
61 96 220
61 97 534
61 98 789
61 99 632
61 100 718
62 63 325
62 64 653
62 65 497
62 66 452
62 67 469
62 68 234
62 69 166
62 70 275
62 71 618
62 72 116
62 73 729
62 74 536
62 75 322
62 76 476
62 77 62
62 78 254
62 79 31
62 80 252
62 81 338
62 82 887
62 83 359
62 84 199
62 85 873
62 86 236
62 87 133
62 88 826
62 89 425
62 90 838
62 91 661
62 92 193
62 93 737
62 94 379
62 95 774
62 96 870
62 97 334
62 98 330
62 99 695
62 100 819
63 64 336
63 65 312
63 66 363
63 67 156
63 68 394
63 69 328
63 70 518
63 71 554
63 72 221
63 73 596
63 74 461
63 75 514
63 76 363
63 77 370
63 78 384
63 79 343
63 80 530
63 81 310
63 82 602
63 83 195
63 84 326
63 85 623
63 86 96
63 87 333
63 88 596
63 89 485
63 90 558
63 91 523
63 92 299
63 93 491
63 94 362
63 95 476
63 96 579
63 97 262
63 98 513
63 99 379
63 100 510
64 65 319
64 66 447
64 67 184
64 68 722
64 69 606
64 70 852
64 71 576
64 72 540
64 73 726
64 74 675
64 75 839
64 76 422
64 77 703
64 78 707
64 79 665
64 80 866
64 81 485
64 82 492
64 83 456
64 84 589
64 85 584
64 86 417
64 87 669
64 88 598
64 89 772
64 90 471
64 91 666
64 92 566
64 93 496
64 94 514
64 95 162
64 96 457
64 97 545
64 98 837
64 99 43
64 100 177
65 66 130
65 67 239
65 68 662
65 69 380
65 70 757
65 71 273
65 72 387
65 73 893
65 74 772
65 75 778
65 76 102
65 77 558
65 78 661
65 79 494
65 80 747
65 81 203
65 82 782
65 83 507
65 84 351
65 85 847
65 86 315
65 87 574
65 88 840
65 89 788
65 90 750
65 91 821
65 92 336
65 93 731
65 94 212
65 95 347
65 96 749
65 97 573
65 98 781
65 99 341
65 100 412
66 67 340
66 68 650
66 69 306
66 70 725
66 71 192
66 72 358
66 73 960
66 74 818
66 75 760
66 76 33
66 77 515
66 78 656
66 79 442
66 80 704
66 81 115
66 82 894
66 83 554
66 84 272
66 85 949
66 86 330
66 87 553
66 88 935
66 89 802
66 90 859
66 91 887
66 92 266
66 93 826
66 94 96
66 95 474
66 96 863
66 97 605
66 98 765
66 99 471
66 100 540
67 68 550
67 69 431
67 70 675
67 71 511
67 72 356
67 73 664
67 74 566
67 75 669
67 76 325
67 77 519
67 78 539
67 79 481
67 80 685
67 81 339
67 82 555
67 83 314
67 84 417
67 85 610
67 86 232
67 87 489
67 88 601
67 89 625
67 90 519
67 91 595
67 92 393
67 93 493
67 94 379
67 95 319
67 96 525
67 97 397
67 98 668
67 99 227
67 100 354
68 69 397
68 70 142
68 71 831
68 72 294
68 73 551
68 74 350
68 75 119
68 76 668
68 77 194
68 78 31
68 79 262
68 80 185
68 81 545
68 82 813
68 83 296
68 84 427
68 85 765
68 86 349
68 87 102
68 88 704
68 89 196
68 90 762
68 91 492
68 92 415
68 93 636
68 94 593
68 95 869
68 96 805
68 97 219
68 98 120
68 99 765
68 100 899
69 70 438
69 71 456
69 72 137
69 73 845
69 74 664
69 75 489
69 76 334
69 77 224
69 78 413
69 79 146
69 80 407
69 81 191
69 82 929
69 83 442
69 84 34
69 85 940
69 86 233
69 87 294
69 88 903
69 89 581
69 90 884
69 91 774
69 92 43
69 93 804
69 94 222
69 95 699
69 96 907
69 97 447
69 98 497
69 99 644
69 100 753
70 71 893
70 72 372
70 73 663
70 74 465
70 75 87
70 76 747
70 77 214
70 78 168
70 79 291
70 80 65
70 81 613
70 82 953
70 83 438
70 84 472
70 85 899
70 86 457
70 87 187
70 88 836
70 89 276
70 90 902
70 91 612
70 92 467
70 93 774
70 94 654
70 95 994
70 96 946
70 97 361
70 98 101
70 99 896
70 100 1028
71 72 537
71 73 1150
71 74 1011
71 75 936
71 76 192
71 77 679
71 78 840
71 79 602
71 80 864
71 81 286
71 82 1053
71 83 747
71 84 422
71 85 1120
71 86 522
71 87 731
71 88 1112
71 89 990
71 90 1023
71 91 1077
71 92 425
71 93 1003
71 94 239
71 95 552
71 96 1020
71 97 798
71 98 942
71 99 589
71 100 621
72 73 708
72 74 529
72 75 402
72 76 377
72 77 174
72 78 303
72 79 125
72 80 360
72 81 251
72 82 808
72 83 306
72 84 155
72 85 810
72 86 126
72 87 195
72 88 770
72 89 461
72 90 761
72 91 636
72 92 135
72 93 673
72 94 299
72 95 658
72 96 788
72 97 310
72 98 407
72 99 582
72 100 703
73 74 200
73 75 584
73 76 958
73 77 718
73 78 519
73 79 760
73 80 723
73 81 900
73 82 445
73 83 413
73 84 861
73 85 326
73 86 650
73 87 614
73 88 252
73 89 392
73 90 407
73 91 73
73 92 838
73 93 277
73 94 953
73 95 884
73 96 463
73 97 399
73 98 571
73 99 756
73 100 871
74 75 389
74 76 822
74 77 521
74 78 318
74 79 567
74 80 524
74 81 744
74 82 545
74 83 265
74 84 684
74 85 459
74 86 493
74 87 416
74 88 389
74 89 202
74 90 497
74 91 147
74 92 663
74 93 355
74 94 797
74 95 838
74 96 550
74 97 220
74 98 377
74 99 712
74 100 841
75 76 779
75 77 267
75 78 132
75 79 345
75 80 152
75 81 651
75 82 896
75 83 402
75 84 522
75 85 834
75 86 467
75 87 206
75 88 769
75 89 193
75 90 846
75 91 536
75 92 513
75 93 713
75 94 696
75 95 988
75 96 893
75 97 318
75 98 13
75 99 883
75 100 1017
76 77 538
76 78 672
76 79 467
76 80 728
76 81 143
76 82 877
76 83 557
76 84 301
76 85 936
76 86 339
76 87 572
76 88 924
76 89 813
76 90 843
76 91 885
76 92 294
76 93 816
76 94 129
76 95 443
76 96 846
76 97 612
76 98 784
76 99 444
76 100 509
77 78 218
77 79 77
77 80 190
77 81 400
77 82 908
77 83 374
77 84 258
77 85 885
77 86 286
77 87 104
77 88 834
77 89 389
77 90 858
77 91 653
77 92 253
77 93 750
77 94 440
77 95 828
77 96 893
77 97 333
77 98 277
77 99 746
77 100 871
78 79 283
78 80 215
78 81 554
78 82 784
78 83 273
78 84 442
78 85 734
78 86 346
78 87 120
78 88 673
78 89 171
78 90 733
78 91 461
78 92 429
78 93 606
78 94 602
78 95 857
78 96 777
78 97 192
78 98 129
78 99 751
78 100 885
79 80 263
79 81 326
79 82 912
79 83 387
79 84 180
79 85 901
79 86 250
79 87 162
79 88 855
79 89 454
79 90 864
79 91 692
79 92 177
79 93 765
79 94 364
79 95 781
79 96 895
79 97 364
79 98 353
79 99 707
79 100 828
80 81 590
80 82 997
80 83 472
80 84 442
80 85 950
80 86 460
80 87 197
80 88 889
80 89 339
80 90 946
80 91 670
80 92 441
80 93 822
80 94 627
80 95 1002
80 96 989
80 97 402
80 98 166
80 99 910
80 100 1039
81 82 888
81 83 487
81 84 157
81 85 927
81 86 251
81 87 446
81 88 904
81 89 706
81 90 849
81 91 827
81 92 151
81 93 798
81 94 53
81 95 545
81 96 861
81 97 525
81 98 657
81 99 517
81 100 606
82 83 535
82 84 929
82 85 137
82 86 695
82 87 823
82 88 200
82 89 736
82 90 50
82 91 431
82 92 902
82 93 189
82 94 932
82 95 603
82 96 36
82 97 595
82 98 887
82 99 497
82 100 561
83 84 454
83 85 514
83 86 236
83 87 289
83 88 468
83 89 316
83 90 485
83 91 340
83 92 429
83 93 377
83 94 540
83 95 615
83 96 522
83 97 89
83 98 397
83 99 498
83 100 632
84 85 944
84 86 235
84 87 325
84 88 910
84 89 608
84 90 884
84 91 789
84 92 26
84 93 809
84 94 187
84 95 676
84 96 905
84 97 465
84 98 529
84 99 626
84 100 732
85 86 709
85 87 792
85 88 74
85 89 660
85 90 123
85 91 327
85 92 918
85 93 136
85 94 974
85 95 712
85 96 167
85 97 556
85 98 824
85 99 597
85 100 677
86 87 270
86 88 676
86 89 476
86 90 650
86 91 576
86 92 208
86 93 575
86 94 305
86 95 543
86 96 673
86 97 276
86 98 469
86 99 459
86 100 584
87 88 738
87 89 291
87 90 773
87 91 549
87 92 313
87 93 658
87 94 492
87 95 807
87 96 811
87 97 236
87 98 211
87 99 712
87 100 843
88 89 591
88 90 171
88 91 253
88 92 884
88 93 108
88 94 954
88 95 736
88 96 224
88 97 501
88 98 758
88 99 616
88 100 707
89 90 687
89 91 348
89 92 592
89 93 548
89 94 757
89 95 931
89 96 737
89 97 229
89 98 180
89 99 814
89 100 948
90 91 388
90 92 858
90 93 141
90 94 894
90 95 592
90 96 56
90 97 544
90 98 836
90 99 480
90 100 554
91 92 766
91 93 248
91 94 880
91 95 825
91 96 443
91 97 329
91 98 524
91 99 697
91 100 816
92 93 783
92 94 186
92 95 656
92 96 879
92 97 443
92 98 520
92 99 603
92 100 711
93 94 847
93 95 641
93 96 196
93 97 423
93 98 703
93 99 518
93 100 617
94 95 559
94 96 904
94 97 578
94 98 703
94 99 542
94 100 623
95 96 566
95 97 703
95 98 986
95 99 127
95 100 69
96 97 586
96 98 883
96 99 461
96 100 524
97 98 311
97 99 587
97 100 722
98 99 880
98 100 1014
99 100 134
