100 4950
1 2 483
1 3 238
1 4 215
1 5 513
1 6 640
1 7 472
1 8 282
1 9 500
1 10 339
1 11 468
1 12 263
1 13 505
1 14 366
1 15 281
1 16 675
1 17 129
1 18 350
1 19 370
1 20 200
1 21 571
1 22 101
1 23 269
1 24 370
1 25 305
1 26 105
1 27 335
1 28 158
1 29 355
1 30 343
1 31 340
1 32 287
1 33 364
1 34 592
1 35 474
1 36 427
1 37 489
1 38 647
1 39 450
1 40 459
1 41 485
1 42 401
1 43 239
1 44 466
1 45 493
1 46 188
1 47 224
1 48 578
1 49 435
1 50 689
1 51 251
1 52 388
1 53 425
1 54 385
1 55 336
1 56 261
1 57 557
1 58 455
1 59 360
1 60 184
1 61 650
1 62 373
1 63 519
1 64 380
1 65 262
1 66 369
1 67 72
1 68 381
1 69 465
1 70 313
1 71 110
1 72 462
1 73 130
1 74 307
1 75 397
1 76 453
1 77 609
1 78 617
1 79 247
1 80 658
1 81 445
1 82 333
1 83 468
1 84 382
1 85 371
1 86 219
1 87 56
1 88 571
1 89 362
1 90 222
1 91 316
1 92 499
1 93 655
1 94 177
1 95 202
1 96 501
1 97 353
1 98 560
1 99 241
1 100 473
2 3 720
2 4 542
2 5 209
2 6 261
2 7 130
2 8 245
2 9 348
2 10 705
2 11 914
2 12 367
2 13 391
2 14 836
2 15 750
2 16 315
2 17 384
2 18 729
2 19 854
2 20 679
2 21 646
2 22 507
2 23 721
2 24 623
2 25 329
2 26 395
2 27 627
2 28 531
2 29 829
2 30 686
2 31 724
2 32 458
2 33 720
2 34 236
2 35 417
2 36 155
2 37 522
2 38 425
2 39 388
2 40 250
2 41 254
2 42 169
2 43 629
2 44 70
2 45 658
2 46 635
2 47 269
2 48 152
2 49 916
2 50 484
2 51 592
2 52 561
2 53 646
2 54 680
2 55 228
2 56 367
2 57 159
2 58 682
2 59 633
2 60 589
2 61 434
2 62 112
2 63 566
2 64 724
2 65 706
2 66 289
2 67 418
2 68 154
2 69 188
2 70 237
2 71 473
2 72 680
2 73 485
2 74 488
2 75 829
2 76 461
2 77 1042
2 78 613
2 79 317
2 80 565
2 81 396
2 82 733
2 83 606
2 84 624
2 85 843
2 86 420
2 87 429
2 88 149
2 89 621
2 90 673
2 91 788
2 92 35
2 93 257
2 94 658
2 95 370
2 96 960
2 97 818
2 98 978
2 99 541
2 100 44
3 4 289
3 5 728
3 6 857
3 7 698
3 8 516
3 9 709
3 10 341
3 11 322
3 12 469
3 13 706
3 14 189
3 15 86
3 16 886
3 17 358
3 18 276
3 19 135
3 20 92
3 21 695
3 22 257
3 23 181
3 24 404
3 25 518
3 26 329
3 27 356
3 28 282
3 29 170
3 30 367
3 31 266
3 32 419
3 33 309
3 34 824
3 35 632
3 36 662
3 37 607
3 38 855
3 39 647
3 40 664
3 41 710
3 42 635
3 43 275
3 44 704
3 45 591
3 46 139
3 47 461
3 48 807
3 49 219
3 50 890
3 51 282
3 52 469
3 53 460
3 54 433
3 55 567
3 56 442
3 57 794
3 58 476
3 59 434
3 60 248
3 61 856
3 62 610
3 63 666
3 64 387
3 65 200
3 66 588
3 67 308
3 68 617
3 69 697
3 70 531
3 71 271
3 72 538
3 73 297
3 74 422
3 75 291
3 76 628
3 77 461
3 78 765
3 79 452
3 80 832
3 81 639
3 82 241
3 83 586
3 84 469
3 85 192
3 86 409
3 87 294
3 88 809
3 89 396
3 90 123
3 91 148
3 92 734
3 93 874
3 94 62
3 95 416
3 96 327
3 97 194
3 98 437
3 99 358
3 100 708
4 5 484
4 6 610
4 7 478
4 8 423
4 9 671
4 10 535
4 11 602
4 12 454
4 13 685
4 14 474
4 15 263
4 16 629
4 17 312
4 18 187
4 19 411
4 20 322
4 21 783
4 22 314
4 23 421
4 24 155
4 25 484
4 26 195
4 27 121
4 28 371
4 29 456
4 30 546
4 31 181
4 32 134
4 33 182
4 34 715
4 35 346
4 36 546
4 37 319
4 38 813
4 39 636
4 40 410
4 41 633
4 42 525
4 43 439
4 44 553
4 45 708
4 46 151
4 47 352
4 48 585
4 49 506
4 50 862
4 51 50
4 52 188
4 53 211
4 54 595
4 55 479
4 56 188
4 57 662
4 58 240
4 59 573
4 60 386
4 61 818
4 62 434
4 63 727
4 64 580
4 65 426
4 66 535
4 67 258
4 68 496
4 69 594
4 70 311
4 71 113
4 72 677
4 73 346
4 74 133
4 75 552
4 76 652
4 77 744
4 78 823
4 79 227
4 80 853
4 81 632
4 82 192
4 83 682
4 84 597
4 85 478
4 86 423
4 87 241
4 88 667
4 89 146
4 90 178
4 91 428
4 92 544
4 93 632
4 94 241
4 95 391
4 96 614
4 97 473
4 98 710
4 99 456
4 100 515
5 6 128
5 7 83
5 8 377
5 9 548
5 10 806
5 11 979
5 12 503
5 13 588
5 14 879
5 15 733
5 16 162
5 17 459
5 18 657
5 19 863
5 20 713
5 21 826
5 22 573
5 23 780
5 24 513
5 25 481
5 26 408
5 27 532
5 28 614
5 29 867
5 30 794
5 31 654
5 32 364
5 33 638
5 34 444
5 35 239
5 36 349
5 37 351
5 38 634
5 39 576
5 40 77
5 41 458
5 42 354
5 43 715
5 44 276
5 45 818
5 46 613
5 47 360
5 48 124
5 49 942
5 50 693
5 51 525
5 52 432
5 53 519
5 54 805
5 55 388
5 56 296
5 57 366
5 58 551
5 59 761
5 60 666
5 61 644
5 62 211
5 63 748
5 64 835
5 65 770
5 66 463
5 67 469
5 68 327
5 69 391
5 70 200
5 71 457
5 72 828
5 73 566
5 74 385
5 75 903
5 76 641
5 77 1117
5 78 806
5 79 275
5 80 769
5 81 582
5 82 671
5 83 769
5 84 761
5 85 885
5 86 538
5 87 472
5 88 350
5 89 514
5 90 648
5 91 829
5 92 179
5 93 148
5 94 666
5 95 481
5 96 1015
5 97 867
5 98 1062
5 99 651
5 100 166
6 7 177
6 8 477
6 9 608
6 10 922
6 11 1104
6 12 604
6 13 651
6 14 1006
6 15 861
6 16 54
6 17 577
6 18 779
6 19 991
6 20 840
6 21 906
6 22 695
6 23 904
6 24 627
6 25 575
6 26 535
6 27 651
6 28 733
6 29 994
6 30 908
6 31 777
6 32 486
6 33 758
6 34 466
6 35 330
6 36 416
6 37 439
6 38 670
6 39 649
6 40 199
6 41 513
6 42 428
6 43 834
6 44 330
6 45 911
6 46 741
6 47 472
6 48 111
6 49 1070
6 50 727
6 51 650
6 52 542
6 53 627
6 54 914
6 55 477
6 56 423
6 57 391
6 58 657
6 59 868
6 60 786
6 61 679
6 62 309
6 63 826
6 64 948
6 65 893
6 66 545
6 67 592
6 68 407
6 69 448
6 70 327
6 71 586
6 72 927
6 73 685
6 74 505
6 75 1025
6 76 720
6 77 1240
6 78 874
6 79 404
6 80 822
6 81 657
6 82 795
6 83 860
6 84 865
6 85 1012
6 86 646
6 87 596
6 88 368
6 89 629
6 90 776
6 91 956
6 92 225
6 93 27
6 94 795
6 95 591
6 96 1141
6 97 993
6 98 1183
6 99 763
6 100 229
7 8 302
7 9 465
7 10 745
7 11 931
7 12 430
7 13 505
7 14 838
7 15 713
7 16 223
7 17 402
7 18 659
7 19 834
7 20 673
7 21 745
7 22 521
7 23 732
7 24 532
7 25 404
7 26 371
7 27 544
7 28 557
7 29 827
7 30 731
7 31 655
7 32 372
7 33 645
7 34 366
7 35 293
7 36 266
7 37 401
7 38 553
7 39 493
7 40 122
7 41 375
7 42 271
7 43 658
7 44 194
7 45 742
7 46 593
7 47 295
7 48 109
7 49 907
7 50 612
7 51 523
7 52 459
7 53 546
7 54 737
7 55 309
7 56 290
7 57 290
7 58 581
7 59 692
7 60 611
7 61 562
7 62 134
7 63 667
7 64 771
7 65 720
7 66 382
7 67 420
7 68 245
7 69 308
7 70 170
7 71 432
7 72 754
7 73 509
7 74 398
7 75 851
7 76 560
7 77 1066
7 78 724
7 79 254
7 80 685
7 81 500
7 82 669
7 83 692
7 84 690
7 85 844
7 86 469
7 87 425
7 88 276
7 89 531
7 90 630
7 91 788
7 92 104
7 93 186
7 94 636
7 95 414
7 96 970
7 97 823
7 98 1008
7 99 586
7 100 85
8 9 251
8 10 460
8 11 673
8 12 127
8 13 274
8 14 605
8 15 564
8 16 526
8 17 159
8 18 601
8 19 642
8 20 459
8 21 460
8 22 276
8 23 486
8 24 552
8 25 106
8 26 232
8 27 537
8 28 290
8 29 600
8 30 441
8 31 593
8 32 401
8 33 604
8 34 309
8 35 479
8 36 145
8 37 552
8 38 390
8 39 236
8 40 365
8 41 210
8 42 119
8 43 385
8 44 202
8 45 442
8 46 463
8 47 71
8 48 382
8 49 692
8 50 441
8 51 473
8 52 523
8 53 594
8 54 439
8 55 55
8 56 314
8 57 278
8 58 630
8 59 392
8 60 349
8 61 396
8 62 168
8 63 385
8 64 480
8 65 468
8 66 119
8 67 210
8 68 105
8 69 182
8 70 237
8 71 321
8 72 451
8 73 248
8 74 433
8 75 587
8 76 283
8 77 798
8 78 460
8 79 258
8 80 456
8 81 237
8 82 593
8 83 394
8 84 388
8 85 612
8 86 175
8 87 226
8 88 295
8 89 547
8 90 500
8 91 560
8 92 273
8 93 481
8 94 458
8 95 126
8 96 723
8 97 585
8 98 734
8 99 295
8 100 256
9 10 529
9 11 773
9 12 240
9 13 44
9 14 745
9 15 773
9 16 662
9 17 372
9 18 841
9 19 818
9 20 633
9 21 317
9 22 452
9 23 623
9 24 804
9 25 195
9 26 476
9 27 787
9 28 435
9 29 747
9 30 498
9 31 832
9 32 653
9 33 848
9 34 200
9 35 708
9 36 198
9 37 792
9 38 146
9 39 79
9 40 565
9 41 95
9 42 198
9 43 496
9 44 278
9 45 366
9 46 688
9 47 322
9 48 497
9 49 843
9 50 191
9 51 719
9 52 774
9 53 846
9 54 460
9 55 201
9 56 564
9 57 242
9 58 882
9 59 414
9 60 485
9 61 150
9 62 351
9 63 241
9 64 526
9 65 599
9 66 135
9 67 430
9 68 229
9 69 160
9 70 470
9 71 563
9 72 412
9 73 412
9 74 685
9 75 685
9 76 151
9 77 872
9 78 267
9 79 506
9 80 221
9 81 92
9 82 829
9 83 313
9 84 388
9 85 753
9 86 301
9 87 449
9 88 270
9 89 798
9 90 722
9 91 709
9 92 383
9 93 601
9 94 659
9 95 299
9 96 835
9 97 721
9 98 799
9 99 386
9 100 386
10 11 246
10 12 344
10 13 506
10 14 256
10 15 428
10 16 966
10 17 347
10 18 603
10 19 378
10 20 252
10 21 390
10 22 246
10 23 164
10 24 686
10 25 391
10 26 431
10 27 642
10 28 195
10 29 268
10 30 35
10 31 592
10 32 626
10 33 631
10 34 705
10 35 810
10 36 583
10 37 829
10 38 653
10 39 451
10 40 767
10 41 575
10 42 558
10 43 99
10 44 659
10 45 274
10 46 430
10 47 450
10 48 838
10 49 356
10 50 669
10 51 557
10 52 720
10 53 743
10 54 102
10 55 485
10 56 596
10 57 707
10 58 769
10 59 127
10 60 154
10 61 651
10 62 618
10 63 387
10 64 46
10 65 142
10 66 458
10 67 349
10 68 558
10 69 595
10 70 616
10 71 447
10 72 211
10 73 241
10 74 645
10 75 159
10 76 397
10 77 346
10 78 478
10 79 571
10 80 570
10 81 439
10 82 571
10 83 288
10 84 164
10 85 263
10 86 285
10 87 353
10 88 731
10 89 677
10 90 439
10 91 242
10 92 732
10 93 931
10 94 336
10 95 335
10 96 310
10 97 229
10 98 277
10 99 165
10 100 714
11 12 571
11 13 751
11 14 134
11 15 390
11 16 1141
11 17 532
11 18 592
11 19 261
11 20 283
11 21 618
11 22 410
11 23 199
11 24 727
11 25 622
11 26 574
11 27 678
11 28 383
11 29 155
11 30 280
11 31 582
11 32 722
11 33 627
11 34 942
11 35 930
11 36 808
11 37 920
11 38 899
11 39 696
11 40 928
11 41 813
11 42 782
11 43 289
11 44 876
11 45 500
11 46 458
11 47 646
11 48 1032
11 49 179
11 50 915
11 51 603
11 52 787
11 53 783
11 54 335
11 55 708
11 56 723
11 57 937
11 58 799
11 59 371
11 60 325
11 61 897
11 62 815
11 63 627
11 64 262
11 65 210
11 66 692
11 67 511
11 68 777
11 69 826
11 70 780
11 71 552
11 72 433
11 73 428
11 74 732
11 75 88
11 76 643
11 77 142
11 78 713
11 79 716
11 80 811
11 81 684
11 82 555
11 83 525
11 84 406
11 85 133
11 86 507
11 87 507
11 88 959
11 89 718
11 90 446
11 91 175
11 92 937
11 93 1116
11 94 361
11 95 547
11 96 67
11 97 129
11 98 117
11 99 394
11 100 915
12 13 242
12 14 521
12 15 532
12 16 653
12 17 142
12 18 612
12 19 582
12 20 395
12 21 354
12 22 212
12 23 398
12 24 600
12 25 52
12 26 263
12 27 575
12 28 202
12 29 520
12 30 321
12 31 602
12 32 468
12 33 622
12 34 374
12 35 582
12 36 239
12 37 642
12 38 387
12 39 186
12 40 485
12 41 249
12 42 214
12 43 282
12 44 315
12 45 320
12 46 451
12 47 155
12 48 509
12 49 615
12 50 426
12 51 499
12 52 588
12 53 648
12 54 313
12 55 141
12 56 394
12 57 365
12 58 683
12 59 266
12 60 257
12 61 389
12 62 295
12 63 286
12 64 359
12 65 377
12 66 124
12 67 199
12 68 215
12 69 254
12 70 346
12 71 341
12 72 325
12 73 172
12 74 498
12 75 483
12 76 198
12 77 688
12 78 374
12 79 344
12 80 399
12 81 181
12 82 597
12 83 275
12 84 260
12 85 528
12 86 65
12 87 217
12 88 388
12 89 593
12 90 483
12 91 480
12 92 397
12 93 609
12 94 418
12 95 63
12 96 626
12 97 499
12 98 621
12 99 180
12 100 382
13 14 730
13 15 773
13 16 705
13 17 380
13 18 851
13 19 810
13 20 626
13 21 273
13 22 449
13 23 608
13 24 823
13 25 202
13 26 490
13 27 803
13 28 427
13 29 733
13 30 473
13 31 842
13 32 675
13 33 859
13 34 242
13 35 740
13 36 239
13 37 822
13 38 151
13 39 58
13 40 602
13 41 139
13 42 235
13 43 480
13 44 320
13 45 327
13 46 693
13 47 342
13 48 541
13 49 830
13 50 184
13 51 733
13 52 797
13 53 866
13 54 431
13 55 228
13 56 589
13 57 286
13 58 902
13 59 386
13 60 474
13 61 151
13 62 388
13 63 197
13 64 499
13 65 584
13 66 154
13 67 438
13 68 266
13 69 202
13 70 501
13 71 575
13 72 376
13 73 408
13 74 707
13 75 663
13 76 115
13 77 845
13 78 223
13 79 532
13 80 185
13 81 68
13 82 837
13 83 275
13 84 358
13 85 738
13 86 297
13 87 457
13 88 315
13 89 817
13 90 726
13 91 696
13 92 426
13 93 645
13 94 657
13 95 303
13 96 814
13 97 705
13 98 772
13 99 370
13 100 428
14 15 256
14 16 1040
14 17 452
14 18 458
14 19 139
14 20 167
14 21 647
14 22 329
14 23 123
14 24 594
14 25 573
14 26 470
14 27 546
14 28 319
14 29 21
14 30 291
14 31 448
14 32 599
14 33 493
14 34 895
14 35 810
14 36 748
14 37 793
14 38 881
14 39 672
14 40 822
14 41 770
14 42 721
14 43 250
14 44 806
14 45 531
14 46 327
14 47 566
14 48 943
14 49 101
14 50 906
14 51 472
14 52 658
14 53 649
14 54 358
14 55 647
14 56 609
14 57 880
14 58 665
14 59 381
14 60 263
14 61 881
14 62 731
14 63 639
14 64 292
14 65 146
14 66 646
14 67 420
14 68 710
14 69 773
14 70 679
14 71 435
14 72 467
14 73 358
14 74 606
14 75 131
14 76 632
14 77 271
14 78 733
14 79 608
14 80 819
14 81 662
14 82 421
14 83 543
14 84 418
14 85 7
14 86 455
14 87 412
14 88 899
14 89 586
14 90 313
14 91 49
14 92 855
14 93 1021
14 94 233
14 95 485
14 96 140
14 97 26
14 98 251
14 99 359
14 100 832
15 16 886
15 17 409
15 18 202
15 19 153
15 20 178
15 21 778
15 22 323
15 23 267
15 24 351
15 25 579
15 26 355
15 27 302
15 28 356
15 29 234
15 30 454
15 31 192
15 32 397
15 33 237
15 34 874
15 35 609
15 36 708
15 37 571
15 38 919
15 39 715
15 40 664
15 41 766
15 42 682
15 43 360
15 44 741
15 45 676
15 46 120
15 47 503
15 48 822
15 49 255
15 50 957
15 51 242
15 52 426
15 53 403
15 54 519
15 55 618
15 56 438
15 57 837
15 58 414
15 59 519
15 60 330
15 61 922
15 62 638
15 63 745
15 64 474
15 65 287
15 66 647
15 67 354
15 68 661
15 69 746
15 70 543
15 71 280
15 72 624
15 73 365
15 74 394
15 75 370
15 76 702
15 77 523
15 78 845
15 79 460
15 80 907
15 81 708
15 82 164
15 83 669
15 84 554
15 85 256
15 86 476
15 87 338
15 88 850
15 89 342
15 90 86
15 91 223
15 92 760
15 93 881
15 94 115
15 95 475
15 96 382
15 97 266
15 98 507
15 99 437
15 100 733
16 17 620
16 18 792
16 19 1020
16 20 873
16 21 959
16 22 735
16 23 942
16 24 634
16 25 626
16 26 570
16 27 661
16 28 775
16 29 1028
16 30 953
16 31 790
16 32 501
16 33 769
16 34 520
16 35 327
16 36 470
16 37 431
16 38 724
16 39 702
16 40 222
16 41 568
16 42 481
16 43 876
16 44 385
16 45 962
16 46 766
16 47 517
16 48 165
16 49 1101
16 50 781
16 51 667
16 52 546
16 53 629
16 54 961
16 55 528
16 56 447
16 57 445
16 58 656
16 59 916
16 60 827
16 61 734
16 62 357
16 63 880
16 64 993
16 65 932
16 66 597
16 67 631
16 68 459
16 69 502
16 70 362
16 71 614
16 72 977
16 73 727
16 74 517
16 75 1065
16 76 773
16 77 1279
16 78 928
16 79 434
16 80 876
16 81 710
16 82 810
16 83 912
16 84 914
16 85 1046
16 86 693
16 87 634
16 88 422
16 89 636
16 90 800
16 91 990
16 92 279
16 93 68
16 94 825
16 95 637
16 96 1177
16 97 1028
16 98 1224
16 99 808
16 100 281
17 18 471
17 19 483
17 20 301
17 21 480
17 22 123
17 23 338
17 24 460
17 25 178
17 26 125
17 27 433
17 28 155
17 29 446
17 30 337
17 31 462
17 32 338
17 33 480
17 34 466
17 35 483
17 36 304
17 37 526
17 38 518
17 39 327
17 40 421
17 41 356
17 42 278
17 43 256
17 44 354
17 45 422
17 46 316
17 47 114
17 48 500
17 49 536
17 50 562
17 51 357
17 52 456
17 53 510
17 54 358
17 55 209
17 56 276
17 57 437
17 58 544
17 59 320
17 60 209
17 61 522
17 62 282
17 63 419
17 64 378
17 65 323
17 66 240
17 67 58
17 68 262
17 69 339
17 70 270
17 71 199
17 72 407
17 73 107
17 74 366
17 75 450
17 76 339
17 77 665
17 78 512
17 79 237
17 80 541
17 81 322
17 82 457
17 83 387
17 84 331
17 85 459
17 86 117
17 87 77
17 88 453
17 89 453
17 90 351
17 91 405
17 92 405
17 93 588
17 94 300
17 95 78
17 96 577
17 97 434
17 98 606
17 99 199
17 100 382
18 19 348
18 20 353
18 21 913
18 22 433
18 23 454
18 24 177
18 25 649
18 26 369
18 27 136
18 28 483
18 29 437
18 30 623
18 31 11
18 32 292
18 33 36
18 34 900
18 35 481
18 36 730
18 37 414
18 38 987
18 39 798
18 40 580
18 41 811
18 42 708
18 43 519
18 44 740
18 45 823
18 46 178
18 47 531
18 48 765
18 49 450
18 50 1033
18 51 137
18 52 266
18 53 218
18 54 683
18 55 657
18 56 369
18 57 848
18 58 220
18 59 673
18 60 476
18 61 991
18 62 621
18 63 867
18 64 650
18 65 469
18 66 707
18 67 413
18 68 680
18 69 776
18 70 496
18 71 280
18 72 780
18 73 473
18 74 274
18 75 568
18 76 803
18 77 725
18 78 965
18 79 413
18 80 1009
18 81 793
18 82 37
18 83 806
18 84 704
18 85 458
18 86 570
18 87 394
18 88 854
18 89 171
18 90 164
18 91 423
18 92 730
18 93 802
18 94 267
18 95 549
18 96 583
18 97 467
18 98 709
18 99 570
18 100 701
19 20 186
19 21 762
19 22 371
19 23 218
19 24 504
19 25 633
19 26 464
19 27 456
19 28 383
19 29 119
19 30 411
19 31 339
19 32 544
19 33 384
19 34 947
19 35 757
19 36 788
19 37 723
19 38 961
19 39 751
19 40 798
19 41 828
19 42 761
19 43 343
19 44 835
19 45 649
19 46 260
19 47 591
19 48 942
19 49 102
19 50 991
19 51 394
19 52 579
19 53 556
19 54 479
19 55 691
19 56 574
19 57 921
19 58 565
19 59 493
19 60 336
19 61 961
19 62 743
19 63 744
19 64 418
19 65 243
19 66 705
19 67 438
19 68 745
19 69 820
19 70 666
19 71 405
19 72 588
19 73 409
19 74 544
19 75 270
19 76 722
19 77 382
19 78 841
19 79 587
19 80 919
19 81 742
19 82 310
19 83 655
19 84 531
19 85 135
19 86 518
19 87 425
19 88 937
19 89 496
19 90 233
19 91 135
19 92 868
19 93 1010
19 94 197
19 95 534
19 96 239
19 97 161
19 98 377
19 99 445
19 100 842
20 21 603
20 22 185
20 23 103
20 24 458
20 25 446
20 26 304
20 27 411
20 28 198
20 29 154
20 30 276
20 31 342
20 32 439
20 33 383
20 34 761
20 35 647
20 36 604
20 37 638
20 38 776
20 39 567
20 40 655
20 41 642
20 42 577
20 43 182
20 44 655
20 45 499
20 46 188
20 47 412
20 48 779
20 49 236
20 50 808
20 51 329
20 52 509
20 53 515
20 54 341
20 55 506
20 56 443
20 57 737
20 58 536
20 59 342
20 60 158
20 61 777
20 62 571
20 63 576
20 64 299
20 65 115
20 66 518
20 67 260
20 68 563
20 69 635
20 70 512
20 71 270
20 72 446
20 73 222
20 74 450
20 75 230
20 76 543
20 77 426
20 78 675
20 79 441
20 80 744
20 81 558
20 82 320
20 83 494
20 84 377
20 85 172
20 86 332
20 87 250
20 88 754
20 89 449
20 90 190
20 91 117
20 92 697
20 93 855
20 94 88
20 95 347
20 96 306
20 97 158
20 98 388
20 99 269
20 100 672
21 22 479
21 23 543
21 24 936
21 25 355
21 26 606
21 27 905
21 28 430
21 29 657
21 30 355
21 31 902
21 32 818
21 33 931
21 34 515
21 35 935
21 36 490
21 37 997
21 38 363
21 39 258
21 40 824
21 41 408
21 42 478
21 43 422
21 44 578
21 45 118
21 46 736
21 47 507
21 48 798
21 49 747
21 50 350
21 51 822
21 52 936
21 53 988
21 54 289
21 55 438
21 56 748
21 57 559
21 58 1021
21 59 268
21 60 448
21 61 356
21 62 615
21 63 79
21 64 360
21 65 518
21 66 363
21 67 527
21 68 501
21 69 466
21 70 696
21 71 671
21 72 185
21 73 441
21 74 847
21 75 541
21 76 185
21 77 673
21 78 100
21 79 698
21 80 212
21 81 249
21 82 889
21 83 109
21 84 230
21 85 653
21 86 363
21 87 543
21 88 587
21 89 929
21 90 759
21 91 628
21 92 681
21 93 903
21 94 667
21 95 408
21 96 686
21 97 620
21 98 600
21 99 344
21 100 677
22 23 214
22 24 470
22 25 262
22 26 185
22 27 433
22 28 57
22 29 324
22 30 246
22 31 423
22 32 385
22 33 451
22 34 575
22 35 563
22 36 420
22 37 587
22 38 598
22 39 392
22 40 528
22 41 457
22 42 393
22 43 147
22 44 476
22 45 395
22 46 259
22 47 238
22 48 622
22 49 415
22 50 634
22 51 348
22 52 489
22 53 525
22 54 285
22 55 321
22 56 350
22 57 553
22 58 555
22 59 259
22 60 94
22 61 600
22 62 405
22 63 434
22 64 284
22 65 199
22 66 333
22 67 105
22 68 381
22 69 450
22 70 377
22 71 211
22 72 362
22 73 42
22 74 407
22 75 330
22 76 380
22 77 544
22 78 533
22 79 326
22 80 586
22 81 384
22 82 411
22 83 374
22 84 282
22 85 336
22 86 152
22 87 108
22 88 571
22 89 461
22 90 286
22 91 283
22 92 528
22 93 707
22 94 208
22 95 162
22 96 453
22 97 311
22 98 488
22 99 141
22 100 506
23 24 560
23 25 450
23 26 374
23 27 514
23 28 197
23 29 124
23 30 195
23 31 443
23 32 533
23 33 485
23 34 772
23 35 735
23 36 627
23 37 734
23 38 760
23 39 550
23 40 728
23 41 647
23 42 600
23 43 129
23 44 688
23 45 431
23 46 292
23 47 452
23 48 835
23 49 221
23 50 786
23 51 431
23 52 609
23 53 618
23 54 263
23 55 526
23 56 526
23 57 758
23 58 639
23 59 275
23 60 141
23 61 760
23 62 619
23 63 527
23 64 209
23 65 25
23 66 523
23 67 312
23 68 591
23 69 651
23 70 580
23 71 357
23 72 372
23 73 238
23 74 545
23 75 132
23 76 513
23 77 340
23 78 624
23 79 516
23 80 705
23 81 540
23 82 420
23 83 436
23 84 312
23 85 130
23 86 333
23 87 307
23 88 778
23 89 551
23 90 292
23 91 88
23 92 743
23 93 917
23 94 191
23 95 364
23 96 239
23 97 100
23 98 294
23 99 238
23 100 720
24 25 625
24 26 336
24 27 49
24 28 526
24 29 574
24 30 698
24 31 180
24 32 165
24 33 145
24 34 823
24 35 312
24 36 659
24 37 237
24 38 942
24 39 776
24 40 435
24 41 755
24 42 640
24 43 591
24 44 648
24 45 863
24 46 270
24 47 481
24 48 630
24 49 606
24 50 994
24 51 129
24 52 91
24 53 57
24 54 749
24 55 605
24 56 258
24 57 761
24 58 85
24 59 728
24 60 539
24 61 948
24 62 525
24 63 878
24 64 731
24 65 568
24 66 669
24 67 409
24 68 609
24 69 709
24 70 386
24 71 264
24 72 832
24 73 501
24 74 135
24 75 687
24 76 798
24 77 866
24 78 972
24 79 314
24 80 996
24 81 774
24 82 208
24 83 836
24 84 752
24 85 596
24 86 574
24 87 393
24 88 762
24 89 8
24 90 281
24 91 552
24 92 617
24 93 653
24 94 370
24 95 538
24 96 729
24 97 598
24 98 840
24 99 611
24 100 589
25 26 289
25 27 603
25 28 254
25 29 572
25 30 367
25 31 639
25 32 485
25 33 657
25 34 322
25 35 581
25 36 192
25 37 649
25 38 341
25 39 151
25 40 471
25 41 197
25 42 168
25 43 333
25 44 273
25 45 337
25 46 493
25 47 156
25 48 476
25 49 667
25 50 384
25 51 531
25 52 606
25 53 671
25 54 353
25 55 100
25 56 404
25 57 315
25 58 706
25 59 305
25 60 309
25 61 345
25 62 269
25 63 281
25 64 403
25 65 429
25 66 72
25 67 236
25 68 175
25 69 204
25 70 341
25 71 373
25 72 352
25 73 223
25 74 516
25 75 534
25 76 182
25 77 737
25 78 360
25 79 351
25 80 371
25 81 149
25 82 636
25 83 288
25 84 295
25 85 580
25 86 117
25 87 255
25 88 339
25 89 618
25 90 527
25 91 532
25 92 361
25 93 578
25 94 465
25 95 104
25 96 678
25 97 551
25 98 669
25 99 229
25 100 349
26 27 313
26 28 238
26 29 458
26 30 430
26 31 361
26 32 214
26 33 372
26 34 534
26 35 378
26 36 364
26 37 408
26 38 619
26 39 441
26 40 354
26 41 442
26 42 340
26 43 332
26 44 388
26 45 544
26 46 242
26 47 162
26 48 478
26 49 536
26 50 668
26 51 243
26 52 330
26 53 385
26 54 462
26 55 288
26 56 165
26 57 489
26 58 420
26 59 430
26 60 278
26 61 624
26 62 283
26 63 544
26 64 468
26 65 367
26 66 340
26 67 86
26 68 315
26 69 409
26 70 208
26 71 89
26 72 524
26 73 197
26 74 241
26 75 501
26 76 461
26 77 714
26 78 636
26 79 143
26 80 660
26 81 438
26 82 362
26 83 511
26 84 446
26 85 476
26 86 242
26 87 77
26 88 499
26 89 330
26 90 280
26 91 420
26 92 406
26 93 551
26 94 266
26 95 201
26 96 606
26 97 458
26 98 663
26 99 307
26 100 379
27 28 488
27 29 526
27 30 656
27 31 137
27 32 171
27 33 108
27 34 817
27 35 345
27 36 651
27 37 280
27 38 928
27 39 755
27 40 455
27 41 743
27 42 631
27 43 549
27 44 647
27 45 828
27 46 223
27 47 465
27 48 646
27 49 557
27 50 978
27 51 86
27 52 131
27 53 104
27 54 709
27 55 591
27 56 260
27 57 759
27 58 126
27 59 690
27 60 498
27 61 933
27 62 524
27 63 849
27 64 688
27 65 522
27 66 651
27 67 380
27 68 600
27 69 700
27 70 390
27 71 234
27 72 794
27 73 466
27 74 147
27 75 639
27 76 773
27 77 817
27 78 944
27 79 312
27 80 973
27 81 752
27 82 163
27 83 803
27 84 715
27 85 548
27 86 545
27 87 363
27 88 761
27 89 40
27 90 232
27 91 504
27 92 623
27 93 675
27 94 323
27 95 512
27 96 680
27 97 549
27 98 792
27 99 574
27 100 595
28 29 317
28 30 191
28 31 472
28 32 442
28 33 503
28 34 575
28 35 616
28 36 429
28 37 643
28 38 578
28 39 368
28 40 572
28 41 451
28 42 403
28 43 101
28 44 493
28 45 341
28 46 306
28 47 265
28 48 654
28 49 413
28 50 610
28 51 403
28 52 546
28 53 582
28 54 227
28 55 328
28 56 403
28 57 561
28 58 611
28 59 202
28 60 58
28 61 579
28 62 435
28 63 390
28 64 231
28 65 178
28 66 327
28 67 154
28 68 395
28 69 453
28 70 421
28 71 268
28 72 305
28 73 47
28 74 464
28 75 298
28 76 346
28 77 511
28 78 490
28 79 376
28 80 550
28 81 359
28 82 458
28 83 323
28 84 226
28 85 327
28 86 137
28 87 160
28 88 581
28 89 518
28 90 329
28 91 278
28 92 555
28 93 743
28 94 241
28 95 166
28 96 432
28 97 298
28 98 451
28 99 87
28 100 534
29 30 302
29 31 427
29 32 582
29 33 472
29 34 893
29 35 793
29 36 744
29 37 775
29 38 884
29 39 675
29 40 809
29 41 769
29 42 717
29 43 253
29 44 800
29 45 542
29 46 308
29 47 559
29 48 933
29 49 96
29 50 910
29 51 452
29 52 639
29 53 629
29 54 370
29 55 643
29 56 594
29 57 876
29 58 644
29 59 390
29 60 263
29 61 884
29 62 723
29 63 647
29 64 305
29 65 149
29 66 644
29 67 411
29 68 705
29 69 770
29 70 667
29 71 420
29 72 479
29 73 354
29 74 589
29 75 150
29 76 637
29 77 291
29 78 742
29 79 595
29 80 826
29 81 664
29 82 399
29 83 553
29 84 428
29 85 22
29 86 454
29 87 403
29 88 895
29 89 566
29 90 293
29 91 40
29 92 847
29 93 1010
29 94 216
29 95 481
29 96 157
29 97 41
29 98 272
29 99 362
29 100 823
30 31 612
30 32 630
30 33 650
30 34 676
30 35 808
30 36 560
30 37 832
30 38 619
30 39 419
30 40 759
30 41 546
30 42 535
30 43 107
30 44 637
30 45 239
30 46 448
30 47 436
30 48 821
30 49 392
30 50 635
30 51 570
30 52 729
30 53 756
30 54 68
30 55 463
30 56 595
30 57 681
30 58 782
30 59 92
30 60 160
30 61 617
30 62 602
30 63 351
30 64 40
30 65 171
30 66 431
30 67 346
30 68 537
30 69 569
30 70 608
30 71 453
30 72 177
30 73 235
30 74 651
30 75 194
30 76 363
30 77 375
30 78 442
30 79 567
30 80 534
30 81 407
30 82 593
30 83 253
30 84 128
30 85 298
30 86 266
30 87 352
30 88 705
30 89 690
30 90 460
30 91 276
30 92 714
30 93 916
30 94 357
30 95 318
30 96 345
30 97 264
30 98 304
30 99 145
30 100 697
31 32 290
31 33 45
31 34 892
31 35 481
31 36 722
31 37 417
31 38 978
31 39 789
31 40 578
31 41 803
31 42 700
31 43 508
31 44 733
31 45 812
31 46 166
31 47 523
31 48 761
31 49 441
31 50 1023
31 51 132
31 52 269
31 53 223
31 54 672
31 55 649
31 56 365
31 57 841
31 58 227
31 59 662
31 60 465
31 61 982
31 62 615
31 63 856
31 64 639
31 65 457
31 66 698
31 67 403
31 68 672
31 69 768
31 70 491
31 71 271
31 72 769
31 73 462
31 74 273
31 75 557
31 76 793
31 77 715
31 78 955
31 79 407
31 80 999
31 81 784
31 82 29
31 83 795
31 84 692
31 85 448
31 86 559
31 87 385
31 88 847
31 89 174
31 90 152
31 91 413
31 92 725
31 93 800
31 94 255
31 95 539
31 96 574
31 97 457
31 98 699
31 99 559
31 100 696
32 33 274
32 34 659
32 35 213
32 36 497
32 37 203
32 38 787
32 39 633
32 40 287
32 41 597
32 42 480
32 43 526
32 44 484
32 45 759
32 46 283
32 47 333
32 48 475
32 49 637
32 50 841
32 51 165
32 52 122
32 53 195
32 54 670
32 55 452
32 56 94
32 57 596
32 58 232
32 59 641
32 60 471
32 61 793
32 62 360
32 63 753
32 64 667
32 65 533
32 66 520
32 67 299
32 68 448
32 69 548
32 70 221
32 71 179
32 72 738
32 73 406
32 74 32
32 75 665
32 76 665
32 77 865
32 78 842
32 79 151
32 80 854
32 81 632
32 82 308
32 83 725
32 84 659
32 85 603
32 86 455
32 87 287
32 88 597
32 89 162
32 90 312
32 91 551
32 92 453
32 93 509
32 94 366
32 95 410
32 96 740
32 97 595
32 98 826
32 99 518
32 100 425
33 34 898
33 35 453
33 36 729
33 37 383
33 38 992
33 39 808
33 40 561
33 41 814
33 42 707
33 43 545
33 44 734
33 45 844
33 46 202
33 47 533
33 48 749
33 49 487
33 50 1039
33 51 131
33 52 236
33 53 182
33 54 709
33 55 660
33 56 356
33 57 844
33 58 184
33 59 697
33 60 500
33 61 997
33 62 614
33 63 883
33 64 677
33 65 498
33 66 712
33 67 423
33 68 678
33 69 776
33 70 484
33 71 284
33 72 803
33 73 490
33 74 253
33 75 601
33 76 816
33 77 760
33 78 981
33 79 403
33 80 1021
33 81 803
33 82 74
33 83 825
33 84 726
33 85 493
33 86 583
33 87 405
33 88 849
33 89 139
33 90 192
33 91 457
33 92 719
33 93 782
33 94 295
33 95 559
33 96 619
33 97 501
33 98 744
33 99 590
33 100 691
34 35 651
34 36 169
34 37 752
34 38 206
34 39 275
34 40 486
34 41 129
34 42 193
34 43 655
34 44 182
34 45 566
34 46 772
34 47 374
34 48 357
34 49 988
34 50 262
34 51 766
34 52 772
34 53 854
34 54 648
34 55 257
34 56 565
34 57 77
34 58 890
34 59 600
34 60 631
34 61 216
34 62 303
34 63 440
34 64 709
34 65 751
34 66 250
34 67 519
34 68 219
34 69 127
34 70 444
34 71 622
34 72 609
34 73 540
34 74 691
34 75 853
34 76 351
34 77 1051
34 78 452
34 79 508
34 80 374
34 81 287
34 82 896
34 83 514
34 84 578
34 85 902
34 86 439
34 87 536
34 88 97
34 89 819
34 90 809
34 91 853
34 92 264
34 93 453
34 94 767
34 95 413
34 96 999
34 97 873
34 98 981
34 99 548
34 100 281
35 36 518
35 37 112
35 38 820
35 39 712
35 40 171
35 41 630
35 42 512
35 43 710
35 44 469
35 45 898
35 46 497
35 47 428
35 48 363
35 49 850
35 50 878
35 51 371
35 52 221
35 53 302
35 54 838
35 55 514
35 56 213
35 57 576
35 58 329
35 59 802
35 60 656
35 61 828
35 62 360
35 63 862
35 64 847
35 65 733
35 66 592
35 67 463
35 68 479
35 69 568
35 70 241
35 71 378
35 72 890
35 73 574
35 74 215
35 75 867
35 76 762
35 77 1072
35 78 939
35 79 245
35 80 926
35 81 715
35 82 504
35 83 856
35 84 813
35 85 814
35 86 592
35 87 456
35 88 566
35 89 316
35 90 525
35 91 761
35 92 396
35 93 357
35 94 577
35 95 537
35 96 950
35 97 804
35 98 1030
35 99 680
35 100 373
36 37 611
36 38 302
36 39 232
36 40 368
36 41 112
36 42 27
36 43 519
36 44 88
36 45 506
36 46 603
36 47 205
36 48 308
36 49 836
36 50 359
36 51 597
36 52 614
36 53 693
36 54 545
36 55 100
36 56 403
36 57 132
36 58 729
36 59 497
36 60 487
36 61 310
36 62 158
36 63 411
36 64 596
36 65 608
36 66 138
36 67 354
36 68 50
36 69 51
36 70 291
36 71 453
36 72 533
36 73 389
36 74 529
36 75 721
36 76 305
36 77 928
36 78 459
36 79 346
36 80 419
36 81 241
36 82 726
36 83 453
36 84 483
36 85 755
36 86 301
36 87 370
36 88 151
36 89 654
36 90 640
36 91 703
36 92 190
36 93 413
36 94 603
36 95 263
36 96 861
36 97 727
36 98 861
36 99 419
36 100 189
37 38 912
37 39 788
37 40 281
37 41 721
37 42 601
37 43 729
37 44 569
37 45 948
37 46 468
37 47 493
37 48 475
37 49 822
37 50 970
37 51 328
37 52 148
37 53 211
37 54 870
37 55 594
37 56 250
37 57 679
37 58 232
37 59 838
37 60 674
37 61 920
37 62 454
37 63 927
37 64 870
37 65 736
37 66 670
37 67 495
37 68 567
37 69 662
37 70 322
37 71 382
37 72 932
37 73 604
37 74 188
37 75 866
37 76 831
37 77 1063
37 78 1010
37 79 298
37 80 1006
37 81 790
37 82 443
37 83 911
37 84 854
37 85 797
37 86 641
37 87 484
37 88 671
37 89 243
37 90 490
37 91 747
37 92 503
37 93 466
37 94 560
37 95 590
37 96 933
37 97 792
37 98 1027
37 99 715
37 100 479
38 39 209
38 40 665
38 41 191
38 42 312
38 43 631
38 44 359
38 45 447
38 46 835
38 47 462
38 48 559
38 49 981
38 50 58
38 51 863
38 52 907
38 53 982
38 54 573
38 55 336
38 56 696
38 57 278
38 58 1018
38 59 530
38 60 625
38 61 10
38 62 460
38 63 304
38 64 643
38 65 735
38 66 279
38 67 577
38 68 345
38 69 251
38 70 591
38 71 707
38 72 504
38 73 557
38 74 819
38 75 811
38 76 256
38 77 987
38 78 279
38 79 638
38 80 180
38 81 220
38 82 975
38 83 400
38 84 499
38 85 889
38 86 445
38 87 595
38 88 302
38 89 937
38 90 868
38 91 847
38 92 457
38 93 657
38 94 805
38 95 445
38 96 962
38 97 856
38 98 913
38 99 522
38 100 468
39 40 582
39 41 154
39 42 222
39 43 423
39 44 319
39 45 292
39 46 638
39 47 300
39 48 540
39 49 771
39 50 242
39 51 683
39 52 755
39 53 822
39 54 381
39 55 197
39 56 549
39 57 306
39 58 857
39 59 335
39 60 415
39 61 210
39 62 368
39 63 179
39 64 447
39 65 526
39 66 119
39 67 385
39 68 249
39 69 207
39 70 470
39 71 525
39 72 334
39 73 350
39 74 665
39 75 608
39 76 77
39 77 792
39 78 231
39 79 494
39 80 220
39 81 12
39 82 783
39 83 239
39 84 309
39 85 680
39 86 239
39 87 403
39 88 334
39 89 770
39 90 670
39 91 637
39 92 423
39 93 645
39 94 600
39 95 249
39 96 758
39 97 647
39 98 720
39 99 312
39 100 421
40 41 480
40 42 367
40 43 673
40 44 307
40 45 805
40 46 544
40 47 333
40 48 199
40 49 880
40 50 724
40 51 450
40 52 354
40 53 442
40 54 775
40 55 387
40 56 225
40 57 410
40 58 474
40 59 734
40 60 622
40 61 674
40 62 214
40 63 747
40 64 799
40 65 720
40 66 465
40 67 422
40 68 336
40 69 415
40 70 151
40 71 393
40 72 808
40 73 526
40 74 307
40 75 854
40 76 642
40 77 1067
40 78 813
40 79 213
40 80 786
40 81 587
40 82 595
40 83 758
40 84 738
40 85 827
40 86 511
40 87 423
40 88 398
40 89 436
40 90 578
40 91 772
40 92 226
40 93 222
40 94 603
40 95 454
40 96 960
40 97 811
40 98 1015
40 99 618
40 100 205
41 42 120
41 43 527
41 44 184
41 45 446
41 46 671
41 47 280
41 48 402
41 49 864
41 50 248
41 51 683
41 52 717
41 53 793
41 54 518
41 55 154
41 56 505
41 57 151
41 58 829
41 59 470
41 60 506
41 61 199
41 62 270
41 63 330
41 64 579
41 65 625
41 66 124
41 67 413
41 68 153
41 69 66
41 70 399
41 71 531
41 72 485
41 73 419
41 74 630
41 75 724
41 76 232
41 77 921
41 78 363
41 79 447
41 80 311
41 81 165
41 82 803
41 83 393
41 84 450
41 85 777
41 86 314
41 87 430
41 88 180
41 89 750
41 90 706
41 91 729
41 92 289
41 93 506
41 94 655
41 95 295
41 96 871
41 97 747
41 98 851
41 99 419
41 100 294
42 43 492
42 44 106
42 45 489
42 46 578
42 47 180
42 48 321
42 49 809
42 50 368
42 51 575
42 52 598
42 53 676
42 54 521
42 55 74
42 56 387
42 57 159
42 58 713
42 59 473
42 60 460
42 61 319
42 62 153
42 63 398
42 64 572
42 65 581
42 66 119
42 67 328
42 68 33
42 69 69
42 70 279
42 71 429
42 72 513
42 73 362
42 74 513
42 75 695
42 76 292
42 77 902
42 78 452
42 79 329
42 80 419
42 81 230
42 82 703
42 83 436
42 84 461
42 85 728
42 86 275
42 87 344
42 88 178
42 89 636
42 90 615
42 91 676
42 92 203
42 93 426
42 94 576
42 95 236
42 96 834
42 97 700
42 98 835
42 99 394
42 100 199
43 44 588
43 45 316
43 46 343
43 47 365
43 48 754
43 49 349
43 50 656
43 51 463
43 52 622
43 53 648
43 54 164
43 55 418
43 56 497
43 57 647
43 58 674
43 59 159
43 60 55
43 61 631
43 62 535
43 63 400
43 64 141
43 65 104
43 66 404
43 67 252
43 68 488
43 69 537
43 70 522
43 71 348
43 72 264
43 73 149
43 74 546
43 75 202
43 76 383
43 77 412
43 78 498
43 79 473
43 80 576
43 81 412
43 82 490
43 83 314
43 84 194
43 85 257
43 86 218
43 87 255
43 88 669
43 89 582
43 90 357
43 91 218
43 92 654
43 93 845
43 94 256
43 95 259
43 96 344
43 97 224
43 98 350
43 99 110
43 100 634
44 45 594
44 46 630
44 47 243
44 48 221
44 49 890
44 50 418
44 51 603
44 52 593
44 53 676
44 54 626
44 55 174
44 56 390
44 57 113
44 58 713
44 59 579
44 60 551
44 61 368
44 62 123
44 63 498
44 64 674
44 65 671
44 66 225
44 67 397
44 68 100
44 69 118
44 70 264
44 71 472
44 72 619
44 73 450
44 74 515
44 75 790
44 76 393
44 77 1000
44 78 543
44 79 335
44 80 495
44 81 328
44 82 740
44 83 541
44 84 567
44 85 813
44 86 373
44 87 410
44 88 114
44 89 645
44 90 668
44 91 760
44 92 105
44 93 326
44 94 643
44 95 328
44 96 926
44 97 787
44 98 934
44 99 494
44 100 110
45 46 645
45 47 474
45 48 808
45 49 630
45 50 445
45 51 743
45 52 873
45 53 918
45 54 172
45 55 434
45 56 698
45 57 597
45 58 949
45 59 157
45 60 349
45 61 442
45 62 607
45 63 143
45 64 242
45 65 406
45 66 369
45 67 460
45 68 505
45 69 493
45 70 666
45 71 599
45 72 67
45 73 362
45 74 786
45 75 423
45 76 215
45 77 559
45 78 214
45 79 654
45 80 319
45 81 280
45 82 797
45 83 53
45 84 121
45 85 537
45 86 307
45 87 474
45 88 625
45 89 855
45 90 665
45 91 515
45 92 691
45 93 912
45 94 568
45 95 360
45 96 568
45 97 504
45 98 485
45 99 254
45 100 683
46 47 398
46 48 703
46 49 354
46 50 877
46 51 144
46 52 330
46 53 327
46 54 507
46 55 519
46 56 319
46 57 730
46 58 347
46 59 495
46 60 298
46 61 838
46 62 523
46 63 693
46 64 476
46 65 302
46 66 557
46 67 258
46 68 555
46 69 645
46 70 423
46 71 162
46 72 602
46 73 300
46 74 285
46 75 416
46 76 636
46 77 599
46 78 792
46 79 340
46 80 842
46 81 632
46 82 152
46 83 629
46 84 526
46 85 330
46 86 402
46 87 240
46 88 741
46 89 261
46 90 37
46 91 283
46 92 643
46 93 761
46 94 100
46 95 390
46 96 465
46 97 329
46 98 570
46 99 393
46 100 616
47 48 389
47 49 648
47 50 512
47 51 402
47 52 455
47 53 524
47 54 445
47 55 126
47 56 249
47 57 334
47 58 560
47 59 402
47 60 321
47 61 467
47 62 169
47 63 435
47 64 476
47 65 437
47 66 188
47 67 153
47 68 157
47 69 247
47 70 191
47 71 251
47 72 474
47 73 218
47 74 365
47 75 563
47 76 338
47 77 777
47 78 517
47 79 194
47 80 521
47 81 300
47 82 524
47 83 430
47 84 404
47 85 573
47 86 178
47 87 167
47 88 347
47 89 476
47 90 435
47 91 519
47 92 291
47 93 480
47 94 401
47 95 121
47 96 691
47 97 549
47 98 716
47 99 291
47 100 269
48 49 1014
48 50 617
48 51 630
48 52 552
48 53 640
48 54 821
48 55 375
48 56 397
48 57 281
48 58 673
48 59 775
48 60 710
48 61 569
48 62 219
48 63 719
48 64 860
48 65 822
48 66 440
48 67 523
48 68 303
48 69 338
48 70 279
48 71 542
48 72 828
48 73 607
48 74 499
48 75 951
48 76 613
48 77 1165
48 78 764
48 79 363
48 80 711
48 81 549
48 82 776
48 83 757
48 84 769
48 85 949
48 86 556
48 87 530
48 88 259
48 89 630
48 90 739
48 91 893
48 92 117
48 93 104
48 94 744
48 95 502
48 96 1074
48 97 928
48 98 1105
48 99 675
48 100 126
49 50 1006
49 51 493
49 52 679
49 53 658
49 54 458
49 55 736
49 56 660
49 57 969
49 58 668
49 59 481
49 60 359
49 61 981
49 62 808
49 63 740
49 64 389
49 65 245
49 66 740
49 67 497
49 68 796
49 69 864
49 70 743
49 71 488
49 72 565
49 73 448
49 74 639
49 75 216
49 76 733
49 77 284
49 78 834
49 79 667
49 80 921
49 81 761
49 82 413
49 83 644
49 84 519
49 85 94
49 86 550
49 87 487
49 88 987
49 89 598
49 90 331
49 91 135
49 92 933
49 93 1087
49 94 277
49 95 575
49 96 142
49 97 128
49 98 290
49 99 459
49 100 908
50 51 911
50 52 961
50 53 1035
50 54 584
50 55 389
50 56 750
50 57 336
50 58 1071
50 59 544
50 60 654
50 61 50
50 62 518
50 63 302
50 64 656
50 65 761
50 66 327
50 67 621
50 68 402
50 69 310
50 70 648
50 71 755
50 72 506
50 73 592
50 74 873
50 75 829
50 76 273
50 77 996
50 78 258
50 79 692
50 80 147
50 81 250
50 82 1020
50 83 402
50 84 511
50 85 913
50 86 481
50 87 639
50 88 360
50 89 989
50 90 910
50 91 874
50 92 516
50 93 715
50 94 842
50 95 487
50 96 980
50 97 880
50 98 922
50 99 548
50 100 527
51 52 186
51 53 187
51 54 623
51 55 529
51 56 233
51 57 712
51 58 211
51 59 604
51 60 412
51 61 868
51 62 484
51 63 769
51 64 602
51 65 439
51 66 584
51 67 302
51 68 546
51 69 644
51 70 359
51 71 158
51 72 709
51 73 382
51 74 155
51 75 559
51 76 696
51 77 743
51 78 865
51 79 275
51 80 898
51 81 679
51 82 145
51 83 720
51 84 630
51 85 474
51 86 466
51 87 284
51 88 718
51 89 120
51 90 162
51 91 428
51 92 593
51 93 672
51 94 243
51 95 436
51 96 609
51 97 473
51 98 714
51 99 489
51 100 564
52 53 87
52 54 774
52 55 573
52 56 211
52 57 706
52 58 121
52 59 748
52 60 568
52 61 914
52 62 470
52 63 873
52 64 764
52 65 614
52 66 642
52 67 412
52 68 565
52 69 665
52 70 329
52 71 277
52 72 848
52 73 514
52 74 90
52 75 740
52 76 786
52 77 929
52 78 963
52 79 269
52 80 976
52 81 754
52 82 295
52 83 841
52 84 768
52 85 660
52 86 573
52 87 398
52 88 704
52 89 96
52 90 348
52 91 613
52 92 550
52 93 568
52 94 426
52 95 530
52 96 796
52 97 658
52 98 897
52 99 627
52 100 523
53 54 806
53 55 646
53 56 289
53 57 790
53 58 36
53 59 784
53 60 596
53 61 988
53 62 553
53 63 929
53 64 788
53 65 626
53 66 712
53 67 461
53 68 644
53 69 744
53 70 412
53 71 318
53 72 887
53 73 555
53 74 163
53 75 744
53 76 847
53 77 921
53 78 1022
53 79 347
53 80 1042
53 81 820
53 82 252
53 83 890
53 84 808
53 85 651
53 86 626
53 87 445
53 88 788
53 89 66
53 90 336
53 91 608
53 92 637
53 93 653
53 94 427
53 95 587
53 96 784
53 97 654
53 98 896
53 99 666
53 100 609
54 55 453
54 56 627
54 57 660
54 58 834
54 59 48
54 60 210
54 61 570
54 62 605
54 63 292
54 64 73
54 65 239
54 66 410
54 67 376
54 68 528
54 69 548
54 70 626
54 71 496
54 72 109
54 73 265
54 74 692
54 75 253
54 76 317
54 77 414
54 78 379
54 79 593
54 80 476
54 81 368
54 82 654
54 83 190
54 84 73
54 85 365
54 86 267
54 87 385
54 88 685
54 89 740
54 90 521
54 91 344
54 92 710
54 93 920
54 94 419
54 95 324
54 96 402
54 97 331
54 98 340
54 99 158
54 100 695
55 56 363
55 57 232
55 58 682
55 59 405
55 60 386
55 61 342
55 62 176
55 63 360
55 64 500
55 65 507
55 66 78
55 67 263
55 68 74
55 69 129
55 70 273
55 71 377
55 72 452
55 73 289
55 74 484
55 75 620
55 76 255
55 77 828
55 78 427
55 79 305
55 80 412
55 81 201
55 82 649
55 83 383
55 84 396
55 85 654
55 86 201
55 87 280
55 88 252
55 89 600
55 90 555
55 91 603
55 92 260
55 93 478
55 94 509
55 95 162
55 96 760
55 97 626
55 98 762
55 99 321
55 100 249
56 57 502
56 58 326
56 59 593
56 60 442
56 61 702
56 62 266
56 63 680
56 64 634
56 65 522
56 66 434
56 67 250
56 68 355
56 69 454
56 70 129
56 71 173
56 72 684
56 73 361
56 74 126
56 75 657
56 76 586
56 77 865
56 78 765
56 79 58
56 80 770
56 81 550
56 82 379
56 83 660
56 84 606
56 85 614
56 86 391
56 87 243
56 88 503
56 89 255
56 90 353
56 91 559
56 92 363
56 93 444
56 94 383
56 95 340
56 96 749
56 97 601
56 98 820
56 99 470
56 100 335
57 58 826
57 59 611
57 60 618
57 61 288
57 62 236
57 63 482
57 64 716
57 65 739
57 66 250
57 67 485
57 68 176
57 69 112
57 70 377
57 71 575
57 72 634
57 73 521
57 74 627
57 75 849
57 76 384
57 77 1053
57 78 506
57 79 447
57 80 438
57 81 317
57 82 846
57 83 544
57 84 594
57 85 887
57 86 429
57 87 501
57 88 28
57 89 758
57 90 768
57 91 835
57 92 187
57 93 379
57 94 734
57 95 395
57 96 991
57 97 858
57 98 984
57 99 545
57 100 204
58 59 813
58 60 623
58 61 1024
58 62 589
58 63 963
58 64 814
58 65 648
58 66 748
58 67 494
58 68 680
58 69 780
58 70 448
58 71 350
58 72 917
58 73 586
58 74 200
58 75 763
58 76 881
58 77 936
58 78 1056
58 79 383
58 80 1077
58 81 855
58 82 257
58 83 922
58 84 838
58 85 666
58 86 659
58 87 478
58 88 824
58 89 93
58 90 352
58 91 625
58 92 672
58 93 683
58 94 447
58 95 621
58 96 797
58 97 670
58 98 913
58 99 696
58 100 644
59 60 197
59 61 528
59 62 559
59 63 259
59 64 113
59 65 250
59 66 362
59 67 343
59 68 480
59 69 500
59 70 586
59 71 470
59 72 106
59 73 234
59 74 664
59 75 286
59 76 274
59 77 458
59 78 352
59 79 557
59 80 442
59 81 322
59 82 645
59 83 162
59 84 37
59 85 387
59 86 223
59 87 354
59 88 637
59 89 720
59 90 513
59 91 360
59 92 663
59 93 874
59 94 414
59 95 280
59 96 437
59 97 354
59 98 385
59 99 123
59 100 649
60 61 626
60 62 491
60 63 417
60 64 196
60 65 120
60 66 382
60 67 199
60 68 453
60 69 510
60 70 471
60 71 293
60 72 303
60 73 103
60 74 491
60 75 241
60 76 386
60 77 455
60 78 517
60 79 419
60 80 586
60 81 405
60 82 448
60 83 339
60 84 228
60 85 271
60 86 192
60 87 201
60 88 639
60 89 530
60 90 316
60 91 224
60 92 612
60 93 798
60 94 219
60 95 224
60 96 374
60 97 241
60 98 396
60 99 110
60 100 591
61 62 468
61 63 299
61 64 640
61 65 735
61 66 284
61 67 581
61 68 352
61 69 260
61 70 599
61 71 712
61 72 500
61 73 558
61 74 826
61 75 810
61 76 253
61 77 984
61 78 271
61 79 644
61 80 170
61 81 220
61 82 979
61 83 396
61 84 496
61 85 888
61 86 447
61 87 599
61 88 312
61 89 943
61 90 872
61 91 847
61 92 466
61 93 667
61 94 807
61 95 448
61 96 961
61 97 856
61 98 910
61 99 521
61 100 477
62 63 537
62 64 641
62 65 605
62 66 252
62 67 311
62 68 122
62 69 208
62 70 141
62 71 361
62 72 619
62 73 388
62 74 391
62 75 732
62 76 431
62 77 946
62 78 600
62 79 212
62 80 572
62 81 374
62 82 623
62 83 558
62 84 556
62 85 737
62 86 338
62 87 321
62 88 237
62 89 522
62 90 560
62 91 683
62 92 125
62 93 314
62 94 547
62 95 283
62 96 859
62 97 714
62 98 886
62 99 456
62 100 100
63 64 365
63 65 502
63 66 284
63 67 469
63 68 422
63 69 387
63 70 621
63 71 615
63 72 205
63 73 394
63 74 783
63 75 545
63 76 106
63 77 697
63 78 99
63 79 628
63 80 183
63 81 170
63 82 845
63 83 102
63 84 223
63 85 646
63 86 304
63 87 486
63 88 510
63 89 871
63 90 719
63 91 615
63 92 601
63 93 824
63 94 631
63 95 343
63 96 694
63 97 612
63 98 623
63 99 308
63 100 598
64 65 187
64 66 466
64 67 385
64 68 574
64 69 604
64 70 648
64 71 489
64 72 176
64 73 275
64 74 687
64 75 181
64 76 387
64 77 345
64 78 452
64 79 606
64 80 549
64 81 435
64 82 618
64 83 264
64 84 145
64 85 298
64 86 305
64 87 391
64 88 741
64 89 722
64 90 486
64 91 283
64 92 753
64 93 956
64 94 383
64 95 358
64 96 328
64 97 265
64 98 273
64 99 185
64 100 736
65 66 501
65 67 301
65 68 573
65 69 630
65 70 571
65 71 356
65 72 347
65 73 220
65 74 548
65 75 135
65 76 488
65 77 347
65 78 598
65 79 510
65 80 679
65 81 516
65 82 435
65 83 411
65 84 287
65 85 153
65 86 311
65 87 297
65 88 759
65 89 559
65 90 305
65 91 113
65 92 728
65 93 906
65 94 203
65 95 344
65 96 255
65 97 122
65 98 297
65 99 213
65 100 705
66 67 298
66 68 138
66 69 137
66 70 351
66 71 428
66 72 394
66 73 295
66 74 552
66 75 603
66 76 178
66 77 804
66 78 349
66 79 377
66 80 337
66 81 123
66 82 695
66 83 317
66 84 347
66 85 653
66 86 190
66 87 316
66 88 275
66 89 663
66 90 591
66 91 605
66 92 323
66 93 544
66 94 534
66 95 172
66 96 749
66 97 623
66 98 735
66 99 298
66 100 316
67 68 309
67 69 392
67 70 271
67 71 145
67 72 438
67 73 111
67 74 325
67 75 434
67 76 394
67 77 648
67 78 564
67 79 221
67 80 597
67 81 380
67 82 399
67 83 429
67 84 360
67 85 426
67 86 165
67 87 18
67 88 500
67 89 402
67 90 293
67 91 371
67 92 436
67 93 605
67 94 248
67 95 136
67 96 550
67 97 404
67 98 593
67 99 220
67 100 412
68 69 100
68 70 246
68 71 403
68 72 526
68 73 352
68 74 480
68 75 690
68 76 315
68 77 899
68 78 480
68 79 297
68 80 450
68 81 255
68 82 676
68 83 453
68 84 470
68 85 717
68 86 273
68 87 324
68 88 191
68 89 604
68 90 592
68 91 665
68 92 186
68 93 407
68 94 557
68 95 229
68 96 827
68 97 690
68 98 834
68 99 393
68 100 178
69 70 342
69 71 498
69 72 526
69 73 416
69 74 580
69 75 738
69 76 284
69 77 941
69 78 426
69 79 396
69 80 377
69 81 217
69 82 771
69 83 439
69 84 483
69 85 780
69 86 319
69 87 408
69 88 137
69 89 704
69 90 682
69 91 730
69 92 223
69 93 442
69 94 639
69 95 288
69 96 881
69 97 751
69 98 872
69 99 433
69 100 227
70 71 263
70 72 664
70 73 374
70 74 251
70 75 705
70 76 520
70 77 918
70 78 697
70 79 84
70 80 686
70 81 473
70 82 503
70 83 621
70 84 591
70 85 684
70 86 365
70 87 273
70 88 376
70 89 384
70 90 460
70 91 629
70 92 234
70 93 344
70 94 469
70 95 309
70 96 815
70 97 666
70 98 865
70 99 468
70 100 206
71 72 571
71 73 238
71 74 198
71 75 489
71 76 539
71 77 694
71 78 710
71 79 182
71 80 741
71 81 521
71 82 273
71 83 571
71 84 492
71 85 440
71 86 310
71 87 128
71 88 584
71 89 257
71 90 200
71 91 386
71 92 481
71 93 604
71 94 210
71 95 278
71 96 575
71 97 428
71 98 651
71 99 350
71 100 453
72 73 333
72 74 763
72 75 356
72 76 260
72 77 493
72 78 281
72 79 644
72 80 385
72 81 322
72 82 752
72 83 104
72 84 79
72 85 473
72 86 299
72 87 451
72 88 661
72 89 823
72 90 619
72 91 453
72 92 712
72 93 930
72 94 520
72 95 355
72 96 500
72 97 440
72 98 419
72 99 221
72 100 701
73 74 430
73 75 344
73 76 338
73 77 558
73 78 493
73 79 331
73 80 544
73 81 342
73 82 451
73 83 337
73 84 254
73 85 365
73 86 111
73 87 119
73 88 541
73 89 493
73 90 327
73 91 314
73 92 509
73 93 696
73 94 250
73 95 127
73 96 475
73 97 337
73 98 498
73 99 112
73 100 487
74 75 677
74 76 695
74 77 874
74 78 872
74 79 183
74 80 886
74 81 664
74 82 293
74 83 753
74 84 684
74 85 610
74 86 484
74 87 312
74 88 627
74 89 133
74 90 311
74 91 559
74 92 481
74 93 529
74 94 372
74 95 439
74 96 747
74 97 604
74 98 838
74 99 542
74 100 453
75 76 556
75 77 214
75 78 633
75 79 645
75 80 728
75 81 596
75 82 532
75 83 444
75 84 322
75 85 135
75 86 419
75 87 431
75 88 871
75 89 678
75 90 412
75 91 147
75 92 853
75 93 1037
75 94 316
75 95 461
75 96 151
75 97 109
75 98 162
75 99 305
75 100 832
76 77 731
76 78 178
76 79 533
76 80 206
76 81 66
76 82 785
76 83 162
76 84 244
76 85 639
76 86 233
76 87 412
76 88 412
76 89 792
76 90 665
76 91 601
76 92 495
76 93 718
76 94 586
76 95 260
76 96 707
76 97 606
76 98 658
76 99 277
76 100 491
77 78 772
77 79 857
77 80 879
77 81 780
77 82 687
77 83 595
77 84 487
77 85 269
77 86 627
77 87 645
77 88 1076
77 89 857
77 90 585
77 91 316
77 92 1066
77 93 1252
77 94 503
77 95 672
77 96 142
77 97 270
77 98 73
77 99 508
77 100 1046
78 79 712
78 80 114
78 81 226
78 82 944
78 83 189
78 84 314
78 85 740
78 86 399
78 87 581
78 88 535
78 89 965
78 90 818
78 91 711
78 92 648
78 93 869
78 94 731
78 95 434
78 96 780
78 97 706
78 98 699
78 99 407
78 100 649
79 80 714
79 81 494
79 82 418
79 83 614
79 84 568
79 85 614
79 86 347
79 87 218
79 88 449
79 89 311
79 90 376
79 91 558
79 92 317
79 93 422
79 94 391
79 95 294
79 96 746
79 97 598
79 98 807
79 99 435
79 100 288
80 81 222
80 82 991
80 83 286
80 84 406
80 85 826
80 86 439
80 87 616
80 88 465
80 89 989
80 90 871
80 91 793
80 92 600
80 93 813
80 94 791
80 95 462
80 96 878
80 97 793
80 98 805
80 99 475
80 100 605
81 82 778
81 83 227
81 84 296
81 85 669
81 86 231
81 87 398
81 88 346
81 89 768
81 90 663
81 91 627
81 92 431
81 93 654
81 94 592
81 95 244
81 96 746
81 97 636
81 98 708
81 99 302
81 100 429
82 83 782
82 84 677
82 85 421
82 86 551
82 87 380
82 88 854
82 89 201
82 90 133
82 91 386
82 92 736
82 93 818
82 94 235
82 95 534
82 96 546
82 97 430
82 98 672
82 99 545
82 100 707
83 84 125
83 85 550
83 86 270
83 87 444
83 88 572
83 89 828
83 90 651
83 91 523
83 92 639
83 93 860
83 94 558
83 95 320
83 96 592
83 97 516
83 98 521
83 99 236
83 100 632
84 85 425
84 86 226
84 87 371
84 88 620
84 89 744
84 90 544
84 91 398
84 92 656
84 93 869
84 94 447
84 95 283
84 96 472
84 97 391
84 98 414
84 99 142
84 100 643
85 86 463
85 87 418
85 88 906
85 89 588
85 90 315
85 91 55
85 92 862
85 93 1027
85 94 237
85 95 492
85 96 136
85 97 33
85 98 250
85 99 367
85 100 838
86 87 182
86 88 451
86 89 567
86 90 433
86 91 415
86 92 448
86 93 653
86 94 360
86 95 57
86 96 562
86 97 433
86 98 561
86 99 120
86 100 431
87 88 515
87 89 385
87 90 275
87 91 363
87 92 446
87 93 610
87 94 233
87 95 154
87 96 544
87 97 397
87 98 592
87 99 231
87 100 421
88 89 759
88 90 779
88 91 854
88 92 172
88 93 355
88 94 748
88 95 414
88 96 1012
88 97 878
88 98 1008
88 99 568
88 100 193
89 90 272
89 91 543
89 92 615
89 93 654
89 94 361
89 95 531
89 96 721
89 97 589
89 98 831
89 99 603
89 100 587
90 91 272
90 92 681
90 93 796
90 94 103
90 95 423
90 96 449
90 97 318
90 98 560
90 99 415
90 100 653
91 92 807
91 93 971
91 94 187
91 95 441
91 96 189
91 97 45
91 98 288
91 99 325
91 100 783
92 93 222
92 94 671
92 95 396
92 96 982
92 97 839
92 98 1004
92 99 568
92 100 28
93 94 812
93 95 598
93 96 1155
93 97 1007
93 98 1194
93 99 770
93 100 229
94 95 362
94 96 374
94 97 232
94 98 471
94 99 324
94 100 645
95 96 598
95 97 464
95 98 608
95 99 172
95 100 378
96 97 148
96 98 151
96 99 452
96 100 959
97 98 242
97 99 334
97 100 815
98 99 441
98 100 984
99 100 551
