100 4950
1 2 150
1 3 266
1 4 213
1 5 850
1 6 706
1 7 647
1 8 771
1 9 287
1 10 26
1 11 412
1 12 604
1 13 215
1 14 929
1 15 325
1 16 373
1 17 693
1 18 1145
1 19 144
1 20 505
1 21 926
1 22 922
1 23 581
1 24 413
1 25 984
1 26 738
1 27 181
1 28 720
1 29 788
1 30 993
1 31 714
1 32 429
1 33 810
1 34 563
1 35 109
1 36 441
1 37 837
1 38 891
1 39 270
1 40 978
1 41 510
1 42 1004
1 43 839
1 44 663
1 45 804
1 46 234
1 47 793
1 48 949
1 49 522
1 50 609
1 51 734
1 52 1048
1 53 924
1 54 724
1 55 878
1 56 729
1 57 774
1 58 476
1 59 614
1 60 701
1 61 968
1 62 743
1 63 547
1 64 529
1 65 918
1 66 664
1 67 640
1 68 447
1 69 640
1 70 768
1 71 231
1 72 199
1 73 553
1 74 902
1 75 174
1 76 1023
1 77 949
1 78 257
1 79 397
1 80 733
1 81 419
1 82 692
1 83 887
1 84 1014
1 85 124
1 86 686
1 87 316
1 88 822
1 89 622
1 90 260
1 91 611
1 92 666
1 93 964
1 94 867
1 95 590
1 96 472
1 97 1079
1 98 628
1 99 656
1 100 896
2 3 204
2 4 336
2 5 705
2 6 663
2 7 678
2 8 697
2 9 162
2 10 124
2 11 267
2 12 463
2 13 282
2 14 880
2 15 175
2 16 224
2 17 720
2 18 1043
2 19 264
2 20 388
2 21 829
2 22 799
2 23 573
2 24 292
2 25 918
2 26 710
2 27 51
2 28 624
2 29 808
2 30 865
2 31 702
2 32 297
2 33 687
2 34 493
2 35 243
2 36 314
2 37 747
2 38 835
2 39 299
2 40 897
2 41 451
2 42 899
2 43 772
2 44 517
2 45 799
2 46 226
2 47 754
2 48 871
2 49 397
2 50 478
2 51 584
2 52 938
2 53 862
2 54 681
2 55 764
2 56 589
2 57 654
2 58 356
2 59 465
2 60 591
2 61 855
2 62 704
2 63 423
2 64 485
2 65 793
2 66 514
2 67 492
2 68 349
2 69 645
2 70 704
2 71 261
2 72 344
2 73 408
2 74 918
2 75 292
2 76 944
2 77 906
2 78 146
2 79 397
2 80 600
2 81 416
2 82 542
2 83 904
2 84 932
2 85 161
2 86 648
2 87 394
2 88 694
2 89 602
2 90 151
2 91 643
2 92 601
2 93 879
2 94 751
2 95 440
2 96 418
2 97 969
2 98 538
2 99 512
2 100 786
3 4 328
3 5 653
3 6 459
3 7 499
3 8 506
3 9 124
3 10 254
3 11 262
3 12 406
3 13 208
3 14 678
3 15 247
3 16 312
3 17 536
3 18 879
3 19 275
3 20 260
3 21 660
3 22 672
3 23 374
3 24 186
3 25 723
3 26 505
3 27 158
3 28 454
3 29 618
3 30 748
3 31 500
3 32 224
3 33 561
3 34 298
3 35 287
3 36 220
3 37 571
3 38 635
3 39 165
3 40 712
3 41 250
3 42 740
3 43 577
3 44 479
3 45 598
3 46 86
3 47 549
3 48 684
3 49 290
3 50 382
3 51 605
3 52 786
3 53 665
3 54 477
3 55 620
3 56 519
3 57 524
3 58 238
3 59 517
3 60 442
3 61 708
3 62 499
3 63 310
3 64 280
3 65 670
3 66 522
3 67 478
3 68 187
3 69 450
3 70 507
3 71 148
3 72 388
3 73 374
3 74 725
3 75 288
3 76 757
3 77 703
3 78 93
3 79 210
3 80 504
3 81 226
3 82 580
3 83 711
3 84 748
3 85 157
3 86 443
3 87 297
3 88 581
3 89 398
3 90 89
3 91 465
3 92 404
3 93 697
3 94 611
3 95 451
3 96 215
3 97 817
3 98 361
3 99 464
3 100 636
4 5 979
4 6 656
4 7 502
4 8 761
4 9 415
4 10 235
4 11 560
4 12 730
4 13 131
4 14 873
4 15 497
4 16 555
4 17 551
4 18 1167
4 19 71
4 20 588
4 21 948
4 22 992
4 23 494
4 24 513
4 25 954
4 26 665
4 27 343
4 28 748
4 29 648
4 30 1071
4 31 621
4 32 546
4 33 883
4 34 566
4 35 104
4 36 547
4 37 851
4 38 847
4 39 209
4 40 969
4 41 504
4 42 1037
4 43 817
4 44 799
4 45 695
4 46 248
4 47 731
4 48 938
4 49 618
4 50 711
4 51 902
4 52 1088
4 53 890
4 54 671
4 55 932
4 56 847
4 57 845
4 58 566
4 59 793
4 60 757
4 61 1016
4 62 685
4 63 638
4 64 498
4 65 992
4 66 824
4 67 789
4 68 508
4 69 530
4 70 746
4 71 195
4 72 95
4 73 691
4 74 762
4 75 44
4 76 1011
4 77 885
4 78 376
4 79 331
4 80 832
4 81 350
4 82 866
4 83 747
4 84 1008
4 85 193
4 86 632
4 87 153
4 88 907
4 89 547
4 90 376
4 91 469
4 92 651
4 93 963
4 94 926
4 95 750
4 96 464
4 97 1119
4 98 654
4 99 786
4 100 943
5 6 715
5 7 991
5 8 586
5 9 570
5 10 826
5 11 438
5 12 249
5 13 861
5 14 798
5 15 536
5 16 513
5 17 1003
5 18 601
5 19 919
5 20 409
5 21 497
5 22 293
5 23 809
5 24 466
5 25 727
5 26 796
5 27 669
5 28 452
5 29 1039
5 30 289
5 31 853
5 32 433
5 33 268
5 34 568
5 35 918
5 36 432
5 37 509
5 38 737
5 39 808
5 40 637
5 41 609
5 42 481
5 43 645
5 44 187
5 45 938
5 46 738
5 47 771
5 48 636
5 49 370
5 50 281
5 51 245
5 52 473
5 53 715
5 54 725
5 55 353
5 56 138
5 57 282
5 58 421
5 59 348
5 60 362
5 61 402
5 62 747
5 63 358
5 64 664
5 65 276
5 66 239
5 67 226
5 68 500
5 69 886
5 70 632
5 71 800
5 72 1025
5 73 297
5 74 1101
5 75 937
5 76 673
5 77 839
5 78 606
5 79 773
5 80 191
5 81 772
5 82 296
5 83 1092
5 84 644
5 85 791
5 86 727
5 87 940
5 88 217
5 89 779
5 90 605
5 91 971
5 92 601
5 93 601
5 94 331
5 95 291
5 96 628
5 97 491
5 98 480
5 99 194
5 100 386
6 7 332
6 8 163
6 9 535
6 10 701
6 11 587
6 12 566
6 13 536
6 14 222
6 15 645
6 16 696
6 17 322
6 18 565
6 19 647
6 20 406
6 21 374
6 22 534
6 23 183
6 24 456
6 25 299
6 26 81
6 27 615
6 28 267
6 29 332
6 30 615
6 31 145
6 32 499
6 33 470
6 34 196
6 35 680
6 36 469
6 37 280
6 38 191
6 39 457
6 40 335
6 41 215
6 42 472
6 43 178
6 44 634
6 45 223
6 46 472
6 47 90
6 48 303
6 49 444
6 50 481
6 51 820
6 52 531
6 53 236
6 54 17
6 55 445
6 56 594
6 57 442
6 58 426
6 59 799
6 60 353
6 61 492
6 62 42
6 63 431
6 64 179
6 65 544
6 66 739
6 67 678
6 68 362
6 69 217
6 70 120
6 71 488
6 72 748
6 73 591
6 74 386
6 75 640
6 76 369
6 77 243
6 78 529
6 79 326
6 80 525
6 81 306
6 82 827
6 83 377
6 84 375
6 85 582
6 86 27
6 87 520
6 88 520
6 89 124
6 90 523
6 91 329
6 92 114
6 93 341
6 94 454
6 95 698
6 96 245
6 97 557
6 98 242
6 99 608
6 100 433
7 8 495
7 9 619
7 10 655
7 11 731
7 12 792
7 13 432
7 14 475
7 15 744
7 16 807
7 17 48
7 18 891
7 19 530
7 20 608
7 21 706
7 22 855
7 23 182
7 24 608
7 25 594
7 26 279
7 27 644
7 28 577
7 29 145
7 30 938
7 31 203
7 32 658
7 33 777
7 34 423
7 35 573
7 36 636
7 37 612
7 38 480
7 39 384
7 40 654
7 41 385
7 42 804
7 43 503
7 44 868
7 45 223
7 46 452
7 47 351
7 48 623
7 49 652
7 50 722
7 51 1039
7 52 863
7 53 534
7 54 335
7 55 768
7 56 858
7 57 744
7 58 613
7 59 981
7 60 645
7 61 823
7 62 329
7 63 653
7 64 328
7 65 863
7 66 953
7 67 896
7 68 527
7 69 115
7 70 452
7 71 423
7 72 596
7 73 793
7 74 259
7 75 509
7 76 680
7 77 468
7 78 592
7 79 289
7 80 801
7 81 274
7 82 1030
7 83 245
7 84 692
7 85 535
7 86 307
7 87 350
7 88 823
7 89 222
7 90 587
7 91 35
7 92 416
7 93 666
7 94 775
7 95 894
7 96 376
7 97 889
7 98 516
7 99 845
7 100 761
8 9 548
8 10 760
8 11 557
8 12 482
8 13 633
8 14 227
8 15 637
8 16 677
8 17 486
8 18 416
8 19 739
8 20 361
8 21 212
8 22 375
8 23 333
8 24 439
8 25 221
8 26 233
8 27 646
8 28 138
8 29 490
8 30 455
8 31 306
8 32 470
8 33 326
8 34 208
8 35 766
8 36 440
8 37 117
8 38 166
8 39 553
8 40 208
8 41 262
8 42 311
8 43 79
8 44 539
8 45 368
8 46 544
8 47 189
8 48 179
8 49 388
8 50 394
8 51 727
8 52 369
8 53 172
8 54 164
8 55 285
8 56 479
8 57 304
8 58 390
8 59 730
8 60 232
8 61 329
8 62 178
8 63 367
8 64 263
8 65 387
8 66 653
8 67 592
8 68 355
8 69 379
8 70 48
8 71 576
8 72 847
8 73 523
8 74 529
8 75 737
8 76 252
8 77 266
8 78 553
8 79 434
8 80 404
8 81 418
8 82 743
8 83 521
8 84 247
8 85 651
8 86 187
8 87 641
8 88 378
8 89 278
8 90 547
8 91 489
8 92 109
8 93 201
8 94 297
8 95 625
8 96 303
8 97 397
8 98 173
8 99 513
8 100 271
9 10 265
9 11 147
9 12 321
9 13 312
9 14 744
9 15 125
9 16 188
9 17 654
9 18 882
9 19 350
9 20 226
9 21 668
9 22 639
9 23 480
9 24 130
9 25 770
9 26 593
9 27 112
9 28 465
9 29 732
9 30 708
9 31 599
9 32 141
9 33 527
9 34 350
9 35 348
9 36 154
9 37 589
9 38 694
9 39 285
9 40 742
9 41 320
9 42 737
9 43 624
9 44 386
9 45 699
9 46 201
9 47 626
9 48 717
9 49 237
9 50 322
9 51 492
9 52 776
9 53 716
9 54 553
9 55 602
9 56 444
9 57 493
9 58 195
9 59 395
9 60 429
9 61 693
9 62 577
9 63 263
9 64 364
9 65 634
9 66 411
9 67 374
9 68 193
9 69 561
9 70 559
9 71 261
9 72 454
9 73 276
9 74 835
9 75 371
9 76 789
9 77 773
9 78 39
9 79 330
9 80 446
9 81 344
9 82 462
9 83 821
9 84 775
9 85 222
9 86 524
9 87 413
9 88 536
9 89 496
9 90 40
9 91 586
9 92 459
9 93 722
9 94 589
9 95 338
9 96 295
9 97 807
9 98 382
9 99 376
9 100 623
10 11 388
10 12 581
10 13 225
10 14 923
10 15 300
10 16 347
10 17 700
10 18 1130
10 19 165
10 20 486
10 21 912
10 22 903
10 23 582
10 24 393
10 25 976
10 26 736
10 27 157
10 28 705
10 29 794
10 30 973
10 31 715
10 32 407
10 33 790
10 34 552
10 35 132
10 36 420
10 37 824
10 38 884
10 39 274
10 40 966
10 41 501
10 42 988
10 43 830
10 44 639
10 45 805
10 46 230
10 47 788
10 48 938
10 49 502
10 50 588
10 51 708
10 52 1031
10 53 916
10 54 718
10 55 860
10 56 706
10 57 755
10 58 457
10 59 588
10 60 684
10 61 950
10 62 739
10 63 527
10 64 522
10 65 899
10 66 638
10 67 615
10 68 431
10 69 643
10 70 760
10 71 234
10 72 225
10 73 529
10 74 907
10 75 195
10 76 1012
10 77 945
10 78 237
10 79 398
10 80 712
10 81 419
10 82 666
10 83 893
10 84 1003
10 85 123
10 86 682
10 87 330
10 88 802
10 89 620
10 90 241
10 91 619
10 92 657
10 93 952
10 94 849
10 95 565
10 96 464
10 97 1063
10 98 614
10 99 632
10 100 879
11 12 198
11 13 459
11 14 774
11 15 106
11 16 121
11 17 761
11 18 831
11 19 494
11 20 196
11 21 632
11 22 557
11 23 574
11 24 132
11 25 775
11 26 656
11 27 232
11 28 446
11 29 831
11 30 615
11 31 678
11 32 88
11 33 449
11 34 391
11 35 488
11 36 119
11 37 569
11 38 718
11 39 428
11 40 729
11 41 383
11 42 684
11 43 637
11 44 250
11 45 778
11 46 345
11 47 675
11 48 709
11 49 178
11 50 231
11 51 345
11 52 715
11 53 730
11 54 604
11 55 538
11 56 324
11 57 420
11 58 167
11 59 255
11 60 383
11 61 628
11 62 630
11 63 203
11 64 438
11 65 548
11 66 264
11 67 230
11 68 226
11 69 659
11 70 581
11 71 406
11 72 594
11 73 141
11 74 926
11 75 516
11 76 776
11 77 808
11 78 186
11 79 451
11 80 345
11 81 461
11 82 317
11 83 913
11 84 757
11 85 367
11 86 582
11 87 558
11 88 445
11 89 577
11 90 187
11 91 701
11 92 491
11 93 704
11 94 522
11 95 191
11 96 372
11 97 744
11 98 384
11 99 245
11 100 565
12 13 614
12 14 709
12 15 303
12 16 297
12 17 811
12 18 669
12 19 669
12 20 184
12 21 492
12 22 374
12 23 615
12 24 220
12 25 678
12 26 645
12 27 424
12 28 348
12 29 863
12 30 423
12 31 687
12 32 184
12 33 275
12 34 384
12 35 669
12 36 186
12 37 454
12 38 648
12 39 565
12 40 611
12 41 407
12 42 525
12 43 557
12 44 77
12 45 782
12 46 492
12 47 641
12 48 598
12 49 140
12 50 87
12 51 255
12 52 545
12 53 645
12 54 580
12 55 374
12 56 126
12 57 255
12 58 185
12 59 250
12 60 260
12 61 459
12 62 605
12 63 140
12 64 466
12 65 363
12 66 173
12 67 111
12 68 270
12 69 698
12 70 519
12 71 554
12 72 776
12 73 64
12 74 942
12 75 688
12 76 657
12 77 748
12 78 357
12 79 545
12 80 156
12 81 548
12 82 262
12 83 931
12 84 633
12 85 541
12 86 570
12 87 698
12 88 259
12 89 598
12 90 356
12 91 767
12 92 453
12 93 581
12 94 354
12 95 146
12 96 416
12 97 573
12 98 326
12 99 58
12 100 405
13 14 756
13 15 414
13 16 477
13 17 479
13 18 1036
13 19 111
13 20 463
13 21 817
13 22 862
13 23 386
13 24 395
13 25 830
13 26 553
13 27 269
13 28 617
13 29 574
13 30 941
13 31 518
13 32 432
13 33 753
13 34 435
13 35 149
13 36 429
13 37 720
13 38 727
13 39 79
13 40 841
13 41 374
13 42 905
13 43 691
13 44 687
13 45 601
13 46 123
13 47 615
13 48 811
13 49 495
13 50 588
13 51 805
13 52 956
13 53 767
13 54 552
13 55 801
13 56 727
13 57 716
13 58 443
13 59 705
13 60 626
13 61 884
13 62 567
13 63 514
13 64 371
13 65 862
13 66 724
13 67 683
13 68 379
13 69 435
13 70 619
13 71 64
13 72 214
13 73 581
13 74 689
13 75 104
13 76 884
13 77 771
13 78 274
13 79 209
13 80 708
13 81 230
13 82 774
13 83 674
13 84 880
13 85 120
13 86 512
13 87 112
13 88 779
13 89 434
13 90 272
13 91 397
13 92 523
13 93 834
13 94 795
13 95 650
13 96 333
13 97 987
13 98 523
13 99 672
13 100 812
14 15 845
14 16 890
14 17 445
14 18 453
14 19 867
14 20 580
14 21 337
14 22 550
14 23 382
14 24 649
14 25 130
14 26 212
14 27 831
14 28 363
14 29 404
14 30 618
14 31 276
14 32 685
14 33 530
14 34 393
14 35 902
14 36 655
14 37 290
14 38 61
14 39 678
14 40 222
14 41 429
14 42 417
14 43 155
14 44 765
14 45 269
14 46 694
14 47 142
14 48 199
14 49 611
14 50 622
14 51 953
14 52 471
14 53 93
14 54 205
14 55 464
14 56 701
14 57 516
14 58 607
14 59 957
14 60 457
14 61 470
14 62 188
14 63 592
14 64 400
14 65 565
14 66 880
14 67 819
14 68 558
14 69 378
14 70 194
14 71 710
14 72 966
14 73 749
14 74 393
14 75 859
14 76 228
14 77 41
14 78 741
14 79 546
14 80 624
14 81 525
14 82 970
14 83 391
14 84 250
14 85 804
14 86 244
14 87 732
14 88 583
14 89 327
14 90 736
14 91 486
14 92 286
14 93 249
14 94 481
14 95 852
14 96 462
14 97 488
14 98 394
14 99 739
14 100 438
15 16 64
15 17 779
15 18 933
15 19 427
15 20 284
15 21 729
15 22 663
15 23 603
15 24 198
15 25 858
15 26 708
15 27 154
15 28 537
15 29 856
15 30 721
15 31 718
15 32 173
15 33 554
15 34 453
15 35 413
15 36 201
15 37 661
15 38 793
15 39 401
15 40 819
15 41 432
15 42 786
15 43 716
15 44 348
15 45 819
15 46 316
15 47 735
15 48 797
15 49 275
15 50 337
15 51 409
15 52 818
15 53 809
15 54 663
15 55 642
15 56 428
15 57 525
15 58 252
15 59 295
15 60 481
15 61 732
15 62 688
15 63 302
15 64 481
15 65 655
15 66 338
15 67 317
15 68 287
15 69 685
15 70 655
15 71 371
15 72 517
15 73 243
15 74 959
15 75 452
15 76 867
15 77 877
15 78 154
15 79 455
15 80 452
15 81 469
15 82 370
15 83 945
15 84 850
15 85 306
15 86 636
15 87 522
15 88 552
15 89 616
15 90 158
15 91 710
15 92 559
15 93 796
15 94 626
15 95 264
15 96 411
15 97 848
15 98 465
15 99 346
15 100 668
16 17 841
16 18 950
16 19 484
16 20 317
16 21 753
16 22 668
16 23 663
16 24 241
16 25 896
16 26 761
16 27 212
16 28 568
16 29 918
16 30 720
16 31 776
16 32 206
16 33 563
16 34 501
16 35 467
16 36 236
16 37 691
16 38 836
16 39 465
16 40 851
16 41 485
16 42 803
16 43 756
16 44 329
16 45 877
16 46 381
16 47 785
16 48 830
16 49 299
16 50 347
16 51 361
16 52 831
16 53 849
16 54 714
16 55 655
16 56 418
16 57 536
16 58 286
16 59 241
16 60 504
16 61 745
16 62 739
16 63 325
16 64 537
16 65 658
16 66 298
16 67 288
16 68 334
16 69 746
16 70 698
16 71 436
16 72 569
16 73 232
16 74 1018
16 75 510
16 76 898
16 77 924
16 78 219
16 79 519
16 80 452
16 81 533
16 82 318
16 83 1005
16 84 879
16 85 366
16 86 689
16 87 586
16 88 554
16 89 673
16 90 223
16 91 774
16 92 605
16 93 825
16 94 638
16 95 228
16 96 468
16 97 860
16 98 503
16 99 332
16 100 684
17 18 872
17 19 578
17 20 629
17 21 694
17 22 853
17 23 196
17 24 636
17 25 567
17 26 260
17 27 685
17 28 578
17 29 96
17 30 936
17 31 183
17 32 686
17 33 780
17 34 435
17 35 621
17 36 662
17 37 603
17 38 455
17 39 428
17 40 634
17 41 403
17 42 792
17 43 487
17 44 887
17 45 184
17 46 493
17 47 329
17 48 603
17 49 673
17 50 739
17 51 1061
17 52 851
17 53 510
17 54 322
17 55 765
17 56 871
17 57 748
17 58 636
17 59 1009
17 60 651
17 61 815
17 62 313
17 63 671
17 64 345
17 65 862
17 66 975
17 67 917
17 68 551
17 69 116
17 70 441
17 71 468
17 72 645
17 73 816
17 74 211
17 75 558
17 76 657
17 77 434
17 78 628
17 79 326
17 80 812
17 81 310
17 82 1054
17 83 196
17 84 671
17 85 580
17 86 300
17 87 399
17 88 827
17 89 225
17 90 624
17 91 83
17 92 416
17 93 648
17 94 773
17 95 919
17 96 398
17 97 876
17 98 524
17 99 863
17 100 755
18 19 1137
18 20 657
18 21 220
18 22 313
18 23 746
18 24 753
18 25 323
18 26 612
18 27 993
18 28 425
18 29 849
18 30 317
18 31 689
18 32 761
18 33 394
18 34 600
18 35 1159
18 36 737
18 37 316
18 38 422
18 39 958
18 40 239
18 41 662
18 42 146
18 43 388
18 44 681
18 45 714
18 46 934
18 47 543
18 48 269
18 49 658
18 50 604
18 51 832
18 52 128
18 53 368
18 54 559
18 55 295
18 56 583
18 57 415
18 58 690
18 59 898
18 60 454
18 61 211
18 62 562
18 63 631
18 64 675
18 65 329
18 66 791
18 67 744
18 68 699
18 69 779
18 70 448
18 71 975
18 72 1248
18 73 732
18 74 847
18 75 1139
18 76 225
18 77 483
18 78 899
18 79 847
18 80 518
18 81 832
18 82 873
18 83 845
18 84 204
18 85 1035
18 86 592
18 87 1055
18 88 420
18 89 689
18 90 895
18 91 892
18 92 523
18 93 224
18 94 314
18 95 804
18 96 703
18 97 109
18 98 519
18 99 662
18 100 266
19 20 536
19 21 917
19 22 947
19 23 497
19 24 456
19 25 939
19 26 664
19 27 273
19 28 713
19 29 674
19 30 1024
19 31 628
19 32 486
19 33 836
19 34 537
19 35 43
19 36 489
19 37 822
19 38 837
19 39 189
19 40 948
19 41 477
19 42 1003
19 43 799
19 44 737
19 45 708
19 46 203
19 47 726
19 48 917
19 49 564
19 50 656
19 51 834
19 52 1052
19 53 877
19 54 663
19 55 891
19 56 789
19 57 799
19 58 512
19 59 723
19 60 714
19 61 977
19 62 679
19 63 585
19 64 479
19 65 945
19 66 757
19 67 724
19 68 460
19 69 542
19 70 727
19 71 163
19 72 113
19 73 627
19 74 789
19 75 29
19 76 991
19 77 882
19 78 313
19 79 321
19 80 778
19 81 341
19 82 797
19 83 774
19 84 986
19 85 128
19 86 623
19 87 183
19 88 857
19 89 545
19 90 313
19 91 495
19 92 629
19 93 939
19 94 883
19 95 683
19 96 437
19 97 1083
19 98 619
19 99 725
19 100 904
20 21 447
20 22 417
20 23 433
20 24 95
20 25 579
20 26 480
20 27 338
20 28 252
20 29 685
20 30 490
20 31 514
20 32 111
20 33 304
20 34 212
20 35 546
20 36 82
20 37 377
20 38 523
20 39 402
20 40 535
20 41 226
20 42 512
20 43 440
20 44 261
20 45 612
20 46 340
20 47 489
20 48 514
20 49 44
20 50 128
20 51 432
20 52 550
20 53 533
20 54 422
20 55 376
20 56 272
20 57 269
20 58 32
20 59 394
20 60 203
20 61 467
20 62 447
20 63 52
20 64 285
20 65 413
20 66 347
20 67 288
20 68 90
20 69 517
20 70 386
20 71 399
20 72 648
20 73 190
20 74 769
20 75 549
20 76 583
20 77 616
20 78 249
20 79 365
20 80 245
20 81 366
20 82 429
20 83 757
20 84 565
20 85 414
20 86 405
20 87 533
20 88 321
20 89 420
20 90 245
20 91 583
20 92 301
20 93 511
20 94 363
20 95 296
20 96 232
20 97 581
20 98 188
20 99 239
20 100 397
21 22 219
21 23 546
21 24 542
21 25 237
21 26 436
21 27 778
21 28 206
21 29 689
21 30 281
21 31 511
21 32 556
21 33 237
21 34 381
21 35 939
21 36 529
21 37 100
21 38 284
21 39 739
21 40 140
21 41 444
21 42 98
21 43 214
21 44 522
21 45 559
21 46 714
21 47 376
21 48 145
21 49 454
21 50 415
21 51 696
21 52 157
21 53 244
21 54 372
21 55 144
21 56 434
21 57 242
21 58 480
21 59 737
21 60 248
21 61 133
21 62 381
21 63 428
21 64 460
21 65 236
21 66 639
21 67 584
21 68 481
21 69 591
21 70 253
21 71 756
21 72 1029
21 73 550
21 74 710
21 75 920
21 76 176
21 77 377
21 78 684
21 79 631
21 80 359
21 81 617
21 82 727
21 83 705
21 84 148
21 85 815
21 86 399
21 87 839
21 88 282
21 89 491
21 90 679
21 91 702
21 92 311
21 93 104
21 94 165
21 95 636
21 96 484
21 97 184
21 98 299
21 99 499
21 100 111
22 23 678
22 24 509
22 25 457
22 26 608
22 27 752
22 28 279
22 29 865
22 30 84
22 31 679
22 32 503
22 33 112
22 34 460
22 35 960
22 36 485
22 37 268
22 38 493
22 39 791
22 40 359
22 41 519
22 42 187
22 43 410
22 44 373
22 45 744
22 46 745
22 47 562
22 48 365
22 49 402
22 50 325
22 51 519
22 52 184
22 53 459
22 54 537
22 55 90
22 56 274
22 57 148
22 58 446
22 59 588
22 60 237
22 61 108
22 62 554
22 63 376
22 64 557
22 65 17
22 66 480
22 67 436
22 68 486
22 69 740
22 70 424
22 71 797
22 72 1060
22 73 439
22 74 903
22 75 957
22 76 390
22 77 591
22 78 665
22 79 711
22 80 217
22 81 702
22 82 560
22 83 896
22 84 359
22 85 829
22 86 554
22 87 911
22 88 114
22 89 632
22 90 662
22 91 843
22 92 438
22 93 323
22 94 80
22 95 498
22 96 553
22 97 207
22 98 358
22 99 357
22 100 112
23 24 445
23 25 478
23 26 171
23 27 531
23 28 398
23 29 256
23 30 762
23 31 133
23 32 495
23 33 596
23 34 240
23 35 535
23 36 470
23 37 448
23 38 366
23 39 314
23 40 518
23 41 207
23 42 644
23 43 360
23 44 690
23 45 225
23 46 354
23 47 241
23 48 486
23 49 476
23 50 542
23 51 865
23 52 702
23 53 415
23 54 193
23 55 593
23 56 676
23 57 562
23 58 441
23 59 817
23 60 463
23 61 654
23 62 200
23 63 474
23 64 148
23 65 686
23 66 780
23 67 721
23 68 358
23 69 84
23 70 298
23 71 350
23 72 589
23 73 621
23 74 355
23 75 485
23 76 552
23 77 391
23 78 461
23 79 184
23 80 619
23 81 162
23 82 860
23 83 341
23 84 558
23 85 458
23 86 155
23 87 349
23 88 641
23 89 58
23 90 456
23 91 166
23 92 241
23 93 523
23 94 598
23 95 724
23 96 204
23 97 730
23 98 334
23 99 666
23 100 589
24 25 660
24 26 524
24 27 243
24 28 342
24 29 702
24 30 579
24 31 546
24 32 49
24 33 397
24 34 260
24 35 462
24 36 34
24 37 467
24 38 595
24 39 345
24 40 624
24 41 251
24 42 607
24 43 518
24 44 295
24 45 646
24 46 272
24 47 545
24 48 601
24 49 109
24 50 199
24 51 439
24 52 645
24 53 611
24 54 474
24 55 471
24 56 333
24 57 362
24 58 64
24 59 373
24 60 299
24 61 562
24 62 499
24 63 133
24 64 307
24 65 505
24 66 352
24 67 302
24 68 94
24 69 530
24 70 458
24 71 333
24 72 566
24 73 196
24 74 796
24 75 472
24 76 671
24 77 682
24 78 156
24 79 338
24 80 323
24 81 345
24 82 423
24 83 783
24 84 655
24 85 331
24 86 450
24 87 478
24 88 409
24 89 446
24 90 153
24 91 579
24 92 363
24 93 601
24 94 458
24 95 288
24 96 241
24 97 676
24 98 267
24 99 278
24 100 493
25 26 319
25 27 867
25 28 334
25 29 533
25 30 516
25 31 391
25 32 689
25 33 460
25 34 425
25 35 971
25 36 659
25 37 226
25 38 114
25 39 750
25 40 102
25 41 474
25 42 302
25 43 146
25 44 724
25 45 398
25 46 753
25 47 244
25 48 92
25 49 601
25 50 592
25 51 907
25 52 352
25 53 63
25 54 286
25 55 378
25 56 648
25 57 454
25 58 609
25 59 929
25 60 418
25 61 365
25 62 279
25 63 579
25 64 460
25 65 474
25 66 841
25 67 782
25 68 577
25 69 490
25 70 216
25 71 778
25 72 1044
25 73 726
25 74 523
25 75 935
25 76 98
25 77 160
25 78 774
25 79 623
25 80 569
25 81 603
25 82 931
25 83 522
25 84 122
25 85 862
25 86 326
25 87 820
25 88 510
25 89 420
25 90 768
25 91 601
25 92 318
25 93 136
25 94 398
25 95 824
25 96 512
25 97 366
25 98 393
25 99 698
25 100 348
26 27 663
26 28 347
26 29 256
26 30 689
26 31 76
26 32 569
26 33 549
26 34 268
26 35 701
26 36 540
26 37 348
26 38 204
26 39 477
26 40 375
26 41 275
26 42 532
26 43 226
26 44 714
26 45 141
26 46 505
26 47 74
26 48 344
26 49 520
26 50 561
26 51 900
26 52 591
26 53 257
26 54 72
26 55 519
26 56 675
26 57 523
26 58 499
26 59 875
26 60 434
26 61 560
26 62 55
26 63 509
26 64 228
26 65 620
26 66 818
26 67 757
26 68 430
26 69 171
26 70 186
26 71 511
26 72 759
26 73 668
26 74 305
26 75 653
26 76 402
26 77 220
26 78 582
26 79 344
26 80 606
26 81 323
26 82 905
26 83 295
26 84 413
26 85 613
26 86 75
26 87 520
26 88 600
26 89 118
26 90 576
26 91 283
26 92 195
26 93 388
26 94 529
26 95 775
26 96 298
26 97 616
26 98 323
26 99 688
26 100 505
27 28 573
27 29 771
27 30 820
27 31 658
27 32 251
27 33 640
27 34 442
27 35 259
27 36 267
27 37 696
27 38 785
27 39 272
27 40 846
27 41 402
27 42 848
27 43 721
27 44 482
27 45 756
27 46 193
27 47 705
27 48 820
27 49 350
27 50 433
27 51 562
27 52 888
27 53 811
27 54 633
27 55 715
27 56 549
27 57 606
27 58 307
27 59 450
27 60 541
27 61 805
27 62 656
27 63 376
27 64 437
27 65 747
27 66 488
27 67 461
27 68 297
27 69 605
27 70 653
27 71 237
27 72 364
27 73 372
27 74 880
27 75 298
27 76 893
27 77 857
27 78 94
27 79 359
27 80 556
27 81 377
27 82 524
27 83 865
27 84 880
27 85 154
27 86 600
27 87 380
27 88 648
27 89 557
27 90 99
27 91 609
27 92 551
27 93 828
27 94 702
27 95 414
27 96 370
27 97 919
27 98 487
27 99 475
27 100 736
28 29 599
28 30 364
28 31 411
28 32 363
28 33 203
28 34 188
28 35 734
28 36 335
28 37 124
28 38 302
28 39 540
28 40 282
28 41 250
28 42 289
28 43 210
28 44 401
28 45 488
28 46 510
28 47 319
28 48 262
28 49 269
28 50 260
28 51 589
28 52 339
28 53 297
28 54 275
28 55 198
28 56 341
28 57 175
28 58 284
28 59 598
28 60 93
28 61 271
28 62 296
28 63 246
28 64 280
28 65 287
28 66 516
28 67 455
28 68 276
28 69 463
28 70 182
28 71 554
28 72 826
28 73 393
28 74 652
28 75 718
28 76 330
28 77 403
28 78 479
28 79 443
28 80 266
28 81 432
28 82 607
28 83 643
28 84 313
28 85 609
28 86 283
28 87 649
28 88 253
28 89 354
28 90 474
28 91 564
28 92 161
28 93 259
28 94 200
28 95 493
28 96 288
28 97 370
28 98 94
28 99 375
28 100 200
29 30 946
29 31 187
29 32 751
29 33 802
29 34 480
29 35 717
29 36 726
29 37 604
29 38 427
29 39 520
29 40 610
29 41 459
29 42 783
29 43 475
29 44 937
29 45 135
29 46 582
29 47 312
29 48 582
29 49 728
29 50 786
29 51 1117
29 52 842
29 53 481
29 54 327
29 55 775
29 56 912
29 57 774
29 58 696
29 59 1073
29 60 680
29 61 815
29 62 311
29 63 723
29 64 400
29 65 876
29 66 1032
29 67 972
29 68 613
29 69 172
29 70 442
29 71 560
29 72 741
29 73 875
29 74 114
29 75 654
29 76 627
29 77 386
29 78 709
29 79 411
29 80 848
29 81 393
29 82 1114
29 83 100
29 84 645
29 85 672
29 86 315
29 87 495
29 88 852
29 89 265
29 90 704
29 91 179
29 92 440
29 93 629
29 94 786
29 95 979
29 96 461
29 97 865
29 98 559
29 99 912
29 100 762
30 31 760
30 32 568
30 33 187
30 34 544
30 35 1035
30 36 553
30 37 344
30 38 563
30 39 872
30 40 415
30 41 603
30 42 223
30 43 484
30 44 408
30 45 823
30 46 823
30 47 640
30 48 426
30 49 470
30 50 388
30 51 530
30 52 196
30 53 525
30 54 619
30 55 170
30 56 309
30 57 225
30 58 517
30 59 615
30 60 319
30 61 151
30 62 634
30 63 446
30 64 641
30 65 79
30 66 504
30 67 468
30 68 563
30 69 824
30 70 503
30 71 877
30 72 1136
30 73 488
30 74 980
30 75 1034
30 76 439
30 77 658
30 78 736
30 79 794
30 80 269
30 81 786
30 82 576
30 83 974
30 84 408
30 85 904
30 86 636
30 87 993
30 88 171
30 89 716
30 90 732
30 91 927
30 92 522
30 93 380
30 94 163
30 95 533
30 96 636
30 97 208
30 98 442
30 99 396
30 100 185
31 32 593
31 33 614
31 34 303
31 35 667
31 36 566
31 37 422
31 38 277
31 39 447
31 40 451
31 41 295
31 42 608
31 43 303
31 44 759
31 45 101
31 46 486
31 47 148
31 48 420
31 49 556
31 50 607
31 51 942
31 52 667
31 53 331
31 54 142
31 55 590
31 56 728
31 57 586
31 58 529
31 59 908
31 60 493
31 61 634
31 62 130
31 63 548
31 64 239
31 65 689
31 66 858
31 67 798
31 68 452
31 69 102
31 70 260
31 71 484
31 72 716
31 73 704
31 74 255
31 75 615
31 76 477
31 77 276
31 78 583
31 79 317
31 80 662
31 81 295
31 82 943
31 83 243
31 84 489
31 85 591
31 86 127
31 87 472
31 88 664
31 89 102
31 90 577
31 91 211
31 92 252
31 93 464
31 94 599
31 95 810
31 96 307
31 97 692
31 98 374
31 99 733
31 100 577
32 33 391
32 34 302
32 35 487
32 36 30
32 37 488
32 38 630
32 39 387
32 40 646
32 41 298
32 42 615
32 43 549
32 44 254
32 45 693
32 46 310
32 47 586
32 48 625
32 49 103
32 50 181
32 51 390
32 52 649
32 53 642
32 54 516
32 55 473
32 56 304
32 57 359
32 58 79
32 59 323
32 60 308
32 61 564
32 62 541
32 63 130
32 64 354
32 65 497
32 66 304
32 67 256
32 68 140
32 69 579
32 70 492
32 71 372
32 72 593
32 73 151
32 74 844
32 75 503
32 76 694
32 77 719
32 78 175
32 79 387
32 80 304
32 81 395
32 82 373
32 83 831
32 84 676
32 85 358
32 86 494
32 87 520
32 88 397
32 89 493
32 90 173
32 91 629
32 92 402
32 93 622
32 94 459
32 95 238
32 96 290
32 97 680
32 98 296
32 99 240
32 100 498
33 34 366
33 35 848
33 36 373
33 37 241
33 38 470
33 39 684
33 40 374
33 41 422
33 42 251
33 43 378
33 44 290
33 45 689
33 46 635
33 47 514
33 48 370
33 49 290
33 50 217
33 51 458
33 52 270
33 53 447
33 54 477
33 55 101
33 56 198
33 57 37
33 58 333
33 59 507
33 60 136
33 61 183
33 62 497
33 63 264
33 64 465
33 65 109
33 66 405
33 67 353
33 68 375
33 69 665
33 70 374
33 71 689
33 72 949
33 73 338
33 74 852
33 75 847
33 76 413
33 77 572
33 78 553
33 79 611
33 80 125
33 81 604
33 82 491
33 83 844
33 84 386
33 85 717
33 86 487
33 87 806
33 88 52
33 89 555
33 90 549
33 91 762
33 92 364
33 93 339
33 94 80
33 95 410
33 96 453
33 97 298
33 98 264
33 99 269
33 100 135
34 35 562
34 36 273
34 37 284
34 38 344
34 39 357
34 40 415
34 41 62
34 42 472
34 43 279
34 44 457
34 45 400
34 46 338
34 47 284
34 48 386
34 49 253
34 50 306
34 51 638
34 52 525
34 53 368
34 54 213
34 55 384
34 56 435
34 57 330
34 58 231
34 59 607
34 60 229
34 61 459
34 62 238
34 63 244
34 64 99
34 65 464
34 66 555
34 67 494
34 68 167
34 69 319
34 70 211
34 71 375
34 72 648
34 73 401
34 74 559
34 75 539
34 76 460
34 77 424
34 78 350
34 79 255
34 80 378
34 81 244
34 82 639
34 83 547
34 84 452
34 85 444
34 86 193
34 87 461
34 88 407
34 89 215
34 90 345
34 91 404
34 92 109
34 93 403
34 94 383
34 95 507
34 96 102
34 97 556
34 98 101
34 99 432
34 100 388
35 36 493
35 37 845
35 38 870
35 39 223
35 40 975
35 41 504
35 42 1023
35 43 829
35 44 734
35 45 749
35 46 224
35 47 762
35 48 945
35 49 570
35 50 661
35 51 822
35 52 1071
35 53 909
35 54 697
35 55 907
35 56 791
35 57 812
35 58 520
35 59 708
35 60 730
35 61 995
35 62 713
35 63 593
35 64 510
35 65 958
35 66 748
35 67 718
35 68 474
35 69 583
35 70 757
35 71 193
35 72 106
35 73 624
35 74 832
35 75 70
35 76 1019
35 77 918
35 78 312
35 79 356
35 80 785
35 81 377
35 82 783
35 83 817
35 84 1013
35 85 131
35 86 658
35 87 227
35 88 867
35 89 582
35 90 313
35 91 538
35 92 658
35 93 965
35 94 899
35 95 673
35 96 463
35 97 1102
35 98 640
35 99 724
35 100 922
36 37 459
36 38 600
36 39 379
36 40 618
36 41 271
36 42 591
36 43 519
36 44 260
36 45 666
36 46 306
36 47 556
36 48 596
36 49 83
36 50 169
36 51 407
36 52 627
36 53 612
36 54 486
36 55 451
36 56 300
36 57 339
36 58 50
36 59 346
36 60 283
36 61 542
36 62 512
36 63 109
36 64 328
36 65 479
36 66 321
36 67 269
36 68 113
36 69 555
36 70 462
36 71 368
36 72 598
36 73 163
36 74 817
36 75 505
36 76 665
36 77 689
36 78 184
36 79 370
36 80 293
36 81 376
36 82 393
36 83 805
36 84 648
36 85 362
36 86 465
36 87 512
36 88 382
36 89 467
36 90 181
36 91 608
36 92 371
36 93 594
36 94 437
36 95 257
36 96 265
36 97 658
36 98 266
36 99 244
36 100 475
37 38 230
37 39 642
37 40 160
37 41 346
37 42 197
37 43 142
37 44 498
37 45 479
37 46 621
37 47 296
37 48 143
37 49 391
37 50 370
37 51 681
37 52 254
37 53 205
37 54 280
37 55 178
37 56 422
37 57 230
37 58 409
37 59 705
37 60 195
37 61 212
37 62 293
37 63 367
37 64 361
37 65 281
37 66 615
37 67 556
37 68 398
37 69 496
37 70 162
37 71 660
37 72 933
37 73 506
37 74 636
37 75 823
37 76 207
37 77 331
37 78 601
37 79 532
37 80 344
37 81 517
37 82 705
37 83 629
37 84 188
37 85 724
37 86 304
37 87 740
37 88 293
37 89 394
37 90 596
37 91 606
37 92 211
37 93 134
37 94 194
37 95 601
37 96 386
37 97 283
37 98 210
37 99 472
37 100 159
38 39 648
38 40 184
38 41 384
38 42 369
38 43 93
38 44 704
38 45 292
38 46 657
38 47 129
38 48 156
38 49 552
38 50 561
38 51 892
38 52 426
38 53 54
38 54 176
38 55 406
38 56 640
38 57 455
38 58 551
38 59 897
38 60 395
38 61 417
38 62 166
38 63 533
38 64 362
38 65 508
38 66 819
38 67 757
38 68 506
38 69 375
38 70 137
38 71 677
38 72 939
38 73 689
38 74 431
38 75 831
38 76 202
38 77 102
38 78 694
38 79 517
38 80 562
38 81 497
38 82 909
38 83 427
38 84 218
38 85 767
38 86 216
38 87 711
38 88 522
38 89 308
38 90 688
38 91 487
38 92 235
38 93 206
38 94 423
38 95 792
38 96 420
38 97 445
38 98 336
38 99 677
38 100 381
39 40 761
39 41 295
39 42 828
39 43 611
39 44 640
39 45 534
39 46 84
39 47 538
39 48 731
39 49 438
39 50 530
39 51 771
39 52 880
39 53 688
39 54 473
39 55 727
39 56 672
39 57 647
39 58 386
39 59 681
39 60 554
39 61 810
39 62 490
39 63 454
39 64 291
39 65 792
39 66 687
39 67 643
39 68 315
39 69 370
39 70 539
39 71 39
39 72 294
39 73 538
39 74 633
39 75 184
39 76 804
39 77 694
39 78 249
39 79 133
39 80 646
39 81 154
39 82 746
39 83 619
39 84 800
39 85 152
39 86 434
39 87 133
39 88 712
39 89 359
39 90 246
39 91 348
39 92 443
39 93 754
39 94 722
39 95 616
39 96 255
39 97 911
39 98 447
39 99 623
39 100 737
40 41 471
40 42 199
40 43 158
40 44 650
40 45 476
40 46 752
40 47 304
40 48 32
40 49 551
40 50 529
40 51 829
40 52 251
40 53 131
40 54 327
40 55 284
40 56 567
40 57 373
40 58 567
40 59 861
40 60 354
40 61 263
40 62 327
40 63 527
40 64 470
40 65 376
40 66 767
40 67 710
40 68 549
40 69 544
40 70 225
40 71 784
40 72 1056
40 73 664
40 74 613
40 75 946
40 76 47
40 77 257
40 78 751
40 79 640
40 80 490
40 81 623
40 82 857
40 83 610
40 84 39
40 85 859
40 86 362
40 87 845
40 88 421
40 89 460
40 90 746
40 91 658
40 92 318
40 93 35
40 94 305
40 95 757
40 96 511
40 97 267
40 98 359
40 99 625
40 100 252
41 42 535
41 43 329
41 44 484
41 45 395
41 46 281
41 47 306
41 48 441
41 49 270
41 50 337
41 51 659
41 52 588
41 53 415
41 54 233
41 55 445
41 56 474
41 57 385
41 58 237
41 59 615
41 60 285
41 61 522
41 62 257
41 63 267
41 64 59
41 65 523
41 66 573
41 67 514
41 68 157
41 69 290
41 70 258
41 71 314
41 72 587
41 73 415
41 74 547
41 75 478
41 76 515
41 77 456
41 78 313
41 79 193
41 80 422
41 81 183
41 82 654
41 83 534
41 84 509
41 85 389
41 86 204
41 87 398
41 88 460
41 89 196
41 90 308
41 91 362
41 92 156
41 93 461
41 94 444
41 95 520
41 96 40
41 97 619
41 98 161
41 99 459
41 100 450
42 43 308
42 44 542
42 45 652
42 46 799
42 47 470
42 48 217
42 49 511
42 50 457
42 51 701
42 52 59
42 53 323
42 54 469
42 55 150
42 56 446
42 57 270
42 58 544
42 59 759
42 60 308
42 61 79
42 62 478
42 63 484
42 64 555
42 65 205
42 66 654
42 67 604
42 68 557
42 69 689
42 70 351
42 71 843
42 72 1115
42 73 587
42 74 800
42 75 1007
42 76 217
42 77 454
42 78 756
42 79 725
42 80 377
42 81 711
42 82 738
42 83 795
42 84 187
42 85 897
42 86 497
42 87 932
42 88 283
42 89 590
42 90 751
42 91 800
42 92 408
42 93 168
42 94 171
42 95 662
42 96 574
42 97 86
42 98 383
42 99 521
42 100 120
43 44 611
43 45 345
43 46 609
43 47 162
43 48 125
43 49 466
43 50 470
43 51 799
43 52 366
43 53 93
43 54 170
43 55 320
43 56 546
43 57 362
43 58 469
43 59 806
43 60 302
43 61 344
43 62 174
43 63 446
43 64 319
43 65 424
43 66 726
43 67 665
43 68 432
43 69 390
43 70 71
43 71 636
43 72 905
43 73 600
43 74 497
43 75 796
43 76 195
43 77 195
43 78 628
43 79 486
43 80 469
43 81 468
43 82 817
43 83 492
43 84 197
43 85 718
43 86 205
43 87 689
43 88 431
43 89 302
43 90 622
43 91 504
43 92 172
43 93 164
43 94 336
43 95 701
43 96 367
43 97 390
43 98 252
43 99 585
43 100 299
44 45 853
44 46 565
44 47 706
44 48 640
44 49 217
44 50 152
44 51 188
44 52 554
44 53 696
44 54 647
44 55 392
44 56 100
44 57 279
44 58 263
44 59 217
44 60 309
44 61 470
44 62 672
44 63 216
44 64 542
44 65 360
44 66 117
44 67 62
44 68 348
44 69 773
44 70 579
44 71 627
44 72 841
44 73 110
44 74 1014
44 75 756
44 76 693
44 77 805
44 78 424
44 79 623
44 80 165
44 81 626
44 82 207
44 83 1003
44 84 668
44 85 608
44 86 640
44 87 773
44 88 261
44 89 672
44 90 423
44 91 844
44 92 520
44 93 617
44 94 371
44 95 125
44 96 493
44 97 579
44 98 392
44 99 26
44 100 425
45 46 580
45 47 183
45 48 447
45 49 653
45 50 700
45 51 1037
45 52 710
45 53 346
45 54 213
45 55 654
45 56 816
45 57 664
45 58 628
45 59 1007
45 60 575
45 61 688
45 62 192
45 63 644
45 64 340
45 65 756
45 66 954
45 67 893
45 68 553
45 69 166
45 70 319
45 71 572
45 72 790
45 73 802
45 74 163
45 75 693
45 76 492
45 77 254
45 78 683
45 79 408
45 80 748
45 81 387
45 82 1040
45 83 154
45 84 510
45 85 682
45 86 213
45 87 543
45 88 741
45 89 203
45 90 677
45 91 245
45 92 337
45 93 495
45 94 666
45 95 908
45 96 408
45 97 733
45 98 463
45 99 827
45 100 638
46 47 558
46 48 723
46 49 372
46 50 465
46 51 690
46 52 848
46 53 692
46 54 489
46 55 687
46 56 604
46 57 598
46 58 320
46 59 597
46 60 510
46 61 773
46 62 508
46 63 391
46 64 294
46 65 744
46 66 607
46 67 564
46 68 259
46 69 422
46 70 538
46 71 62
46 72 317
46 73 461
46 74 693
46 75 211
46 76 797
46 77 715
46 78 164
46 79 172
46 80 585
46 81 193
46 82 663
46 83 678
46 84 790
46 85 110
46 86 452
46 87 212
46 88 658
46 89 390
46 90 162
46 91 416
46 92 437
46 93 741
46 94 680
46 95 535
46 96 241
46 97 879
46 98 416
46 99 550
46 100 700
47 48 273
47 49 525
47 50 555
47 51 894
47 52 529
47 53 183
47 54 72
47 55 472
47 56 657
47 57 491
47 58 512
47 59 880
47 60 411
47 61 505
47 62 50
47 63 511
47 64 269
47 65 575
47 66 815
47 67 753
47 68 451
47 69 245
47 70 140
47 71 570
47 72 824
47 73 671
47 74 340
47 75 718
47 76 329
47 77 156
47 78 619
47 79 405
47 80 585
47 81 385
47 82 903
47 83 333
47 84 341
47 85 668
47 86 106
47 87 590
47 88 566
47 89 185
47 90 614
47 91 357
47 92 189
47 93 319
47 94 485
47 95 777
47 96 335
47 97 552
47 98 315
47 99 679
47 100 455
48 49 532
48 50 514
48 51 821
48 52 271
48 53 106
48 54 294
48 55 286
48 56 560
48 57 366
48 58 545
48 59 848
48 60 339
48 61 275
48 62 295
48 63 508
48 64 439
48 65 382
48 66 757
48 67 699
48 68 524
48 69 513
48 70 193
48 71 754
48 72 1025
48 73 649
48 74 587
48 75 915
48 76 73
48 77 236
48 78 725
48 79 609
48 80 482
48 81 591
48 82 847
48 83 584
48 84 71
48 85 830
48 86 330
48 87 813
48 88 419
48 89 428
48 90 720
48 91 626
48 92 287
48 93 50
48 94 306
48 95 744
48 96 482
48 97 290
48 98 335
48 99 615
48 100 255
49 50 92
49 51 389
49 52 546
49 53 559
49 54 459
49 55 370
49 56 233
49 57 256
49 58 52
49 59 355
49 60 206
49 61 461
49 62 485
49 63 27
49 64 329
49 65 397
49 66 303
49 67 244
49 68 132
49 69 560
49 70 417
49 71 432
49 72 674
49 73 148
49 74 811
49 75 578
49 76 599
49 77 647
49 78 265
49 79 407
49 80 214
49 81 409
49 82 387
49 83 799
49 84 579
49 85 439
49 86 444
49 87 570
49 88 299
49 89 463
49 90 262
49 91 627
49 92 336
49 93 526
49 94 355
49 95 254
49 96 276
49 97 576
49 98 216
49 99 195
49 100 394
50 51 339
50 52 484
50 53 558
50 54 495
50 55 309
50 56 143
50 57 189
50 58 144
50 59 337
50 60 175
50 61 398
50 62 520
50 63 76
50 64 394
50 65 318
50 66 260
50 67 198
50 68 218
50 69 624
50 70 431
50 71 525
50 72 766
50 73 135
50 74 862
50 75 671
50 76 575
50 77 660
50 78 353
50 79 492
50 80 124
50 81 492
50 82 349
50 83 850
50 84 552
50 85 530
50 86 487
50 87 661
50 88 216
50 89 521
50 90 350
50 91 699
50 92 368
50 93 499
50 94 291
50 95 232
50 96 351
50 97 513
50 98 240
50 99 126
50 100 337
51 52 704
51 53 882
51 54 834
51 55 558
51 56 261
51 57 455
51 58 426
51 59 131
51 60 496
51 61 625
51 62 859
51 63 394
51 64 718
51 65 503
51 66 86
51 67 144
51 68 512
51 69 950
51 70 767
51 71 751
51 72 926
51 73 246
51 74 1197
51 75 857
51 76 871
51 77 993
51 78 531
51 79 777
51 80 339
51 81 784
51 82 56
51 83 1186
51 84 844
51 85 708
51 86 825
51 87 903
51 88 418
51 89 852
51 90 532
51 91 1012
51 92 707
51 93 795
51 94 536
51 95 154
51 96 663
51 97 725
51 98 579
51 99 215
51 100 592
52 53 378
52 54 528
52 55 176
52 56 455
52 57 295
52 58 581
52 59 770
52 60 347
52 61 86
52 62 537
52 63 519
52 64 610
52 65 200
52 66 663
52 67 617
52 68 601
52 69 748
52 70 410
52 71 893
52 72 1165
52 73 609
52 74 857
52 75 1057
52 76 262
52 77 508
52 78 797
52 79 779
52 80 392
52 81 766
52 82 744
52 83 853
52 84 232
52 85 943
52 86 556
52 87 986
52 88 292
52 89 648
52 90 792
52 91 859
52 92 465
52 93 221
52 94 193
52 95 677
52 96 627
52 97 31
52 98 433
52 99 535
52 100 152
53 54 223
53 55 374
53 56 625
53 57 436
53 58 562
53 59 895
53 60 387
53 61 376
53 62 215
53 63 537
53 64 398
53 65 475
53 66 812
53 67 752
53 68 525
53 69 429
53 70 157
53 71 715
53 72 981
53 73 689
53 74 481
53 75 872
53 76 147
53 77 132
53 78 719
53 79 559
53 80 547
53 81 540
53 82 902
53 83 478
53 84 163
53 85 802
53 86 262
53 87 756
53 88 498
53 89 356
53 90 713
53 91 541
53 92 260
53 93 156
53 94 393
53 95 790
53 96 452
53 97 396
53 98 345
53 99 670
53 100 347
54 55 448
54 56 605
54 57 450
54 58 443
54 59 815
54 60 362
54 61 492
54 62 25
54 63 446
54 64 197
54 65 548
54 66 753
54 67 692
54 68 379
54 69 221
54 70 118
54 71 504
54 72 763
54 73 606
54 74 377
54 75 655
54 76 359
54 77 226
54 78 546
54 79 342
54 80 535
54 81 322
54 82 841
54 83 367
54 84 366
54 85 599
54 86 39
54 87 534
54 88 528
54 89 134
54 90 541
54 91 333
54 92 127
54 93 334
54 94 458
54 95 713
54 96 263
54 97 554
54 98 255
54 99 621
54 100 435
55 56 298
55 57 119
55 58 407
55 59 609
55 60 177
55 61 91
55 62 464
55 63 343
55 64 479
55 65 103
55 66 506
55 67 455
55 68 433
55 69 653
55 70 334
55 71 737
55 72 1004
55 73 436
55 74 813
55 75 898
55 76 320
55 77 505
55 78 624
55 79 638
55 80 227
55 81 628
55 82 592
55 83 806
55 84 291
55 85 778
55 86 465
55 87 842
55 88 140
55 89 546
55 90 620
55 91 758
55 92 352
55 93 248
55 94 22
55 95 512
55 96 481
55 97 206
55 98 284
55 99 371
55 100 34
56 57 194
56 58 285
56 59 314
56 60 247
56 61 372
56 62 629
56 63 220
56 64 529
56 65 260
56 66 208
56 67 162
56 68 362
56 69 755
56 70 523
56 71 664
56 72 897
56 73 186
56 74 980
56 75 805
56 76 609
56 77 742
56 78 479
56 79 635
56 80 78
56 81 634
56 82 293
56 83 970
56 84 582
56 85 661
56 86 604
56 87 804
56 88 163
56 89 649
56 90 477
56 91 836
56 92 479
56 93 533
56 94 277
56 95 225
56 96 491
56 97 480
56 98 354
56 99 87
56 100 332
57 58 298
57 59 495
57 60 100
57 61 208
57 62 471
57 63 230
57 64 430
57 65 146
57 66 396
57 67 341
57 68 338
57 69 633
57 70 352
57 71 651
57 72 912
57 73 316
57 74 827
57 75 809
57 76 415
57 77 558
57 78 518
57 79 574
57 80 116
57 81 567
57 82 484
57 83 818
57 84 389
57 85 681
57 86 458
57 87 769
57 88 78
57 89 523
57 90 514
57 91 729
57 92 334
57 93 339
57 94 101
57 95 395
57 96 416
57 97 324
57 98 230
57 99 257
57 100 150
58 59 378
58 60 235
58 61 498
58 62 468
58 63 72
58 64 295
58 65 442
58 66 339
58 67 283
58 68 86
58 69 526
58 70 414
58 71 380
58 72 624
58 73 180
58 74 783
58 75 527
58 76 615
58 77 642
58 78 219
58 79 360
58 80 265
58 81 363
58 82 418
58 83 771
58 84 598
58 85 389
58 86 424
58 87 518
58 88 347
58 89 433
58 90 215
58 91 586
58 92 325
58 93 544
58 94 394
58 95 283
58 96 237
58 97 612
58 98 216
58 99 242
58 100 429
59 60 510
59 61 686
59 62 840
59 63 369
59 64 673
59 65 574
59 66 111
59 67 154
59 68 459
59 69 901
59 70 765
59 71 657
59 72 810
59 73 209
59 74 1162
59 75 748
59 76 905
59 77 995
59 78 433
59 79 706
59 80 382
59 81 715
59 82 79
59 83 1149
59 84 881
59 85 601
59 86 800
59 87 809
59 88 477
59 89 811
59 90 435
59 91 952
59 92 691
59 93 829
59 94 588
59 95 104
59 96 612
59 97 795
59 98 567
59 99 238
59 100 642
60 61 266
60 62 385
60 63 179
60 64 329
60 65 239
60 66 425
60 67 365
60 68 255
60 69 535
60 70 275
60 71 561
60 72 827
60 73 310
60 74 739
60 75 722
60 76 400
60 77 497
60 78 449
60 79 475
60 80 173
60 81 468
60 82 515
60 83 730
60 84 379
60 85 600
60 86 366
60 87 673
60 88 178
60 89 426
60 90 444
60 91 629
60 92 240
60 93 325
60 94 169
60 95 406
60 96 317
60 97 379
60 98 129
60 99 283
60 100 195
61 62 505
61 63 434
61 64 550
61 65 126
61 66 580
61 67 533
61 68 522
61 69 707
61 70 374
61 71 821
61 72 1090
61 73 522
61 74 841
61 75 984
61 76 288
61 77 509
61 78 715
61 79 715
61 80 307
61 81 703
61 82 663
61 83 836
61 84 258
61 85 866
61 86 515
61 87 921
61 88 209
61 89 603
61 90 711
61 91 815
61 92 413
61 93 228
61 94 106
61 95 592
61 96 560
61 97 115
61 98 363
61 99 450
61 100 72
62 63 472
62 64 219
62 65 565
62 66 778
62 67 717
62 68 404
62 69 217
62 70 130
62 71 521
62 72 778
62 73 632
62 74 355
62 75 670
62 76 356
62 77 206
62 78 570
62 79 358
62 80 558
62 81 337
62 82 866
62 83 347
62 84 365
62 85 618
62 86 56
62 87 545
62 88 548
62 89 141
62 90 564
62 91 331
62 92 151
62 93 337
62 94 475
62 95 738
62 96 285
62 97 562
62 98 279
62 99 645
62 100 450
63 64 326
63 65 371
63 66 310
63 67 249
63 68 142
63 69 558
63 70 398
63 71 450
63 72 696
63 73 160
63 74 804
63 75 598
63 76 574
63 77 629
63 78 290
63 79 416
63 80 194
63 81 416
63 82 395
63 83 792
63 84 554
63 85 461
63 86 434
63 87 585
63 88 275
63 89 458
63 90 286
63 91 628
63 92 322
63 93 500
63 94 328
63 95 266
63 96 278
63 97 549
63 98 199
63 99 192
63 100 367
64 65 562
64 66 632
64 67 573
64 68 215
64 69 231
64 70 247
64 71 317
64 72 586
64 73 474
64 74 489
64 75 476
64 76 512
64 77 423
64 78 353
64 79 171
64 80 475
64 81 156
64 82 713
64 83 476
64 84 509
64 85 405
64 86 163
64 87 379
64 88 506
64 89 138
64 90 348
64 91 307
64 92 153
64 93 465
64 94 480
64 95 579
64 96 69
64 97 641
64 98 200
64 99 518
64 100 480
65 66 465
65 67 422
65 68 485
65 69 749
65 70 436
65 71 797
65 72 1058
65 73 428
65 74 916
65 75 956
65 76 407
65 77 606
65 78 661
65 79 714
65 80 206
65 81 706
65 82 544
65 83 909
65 84 377
65 85 827
65 86 564
65 87 913
65 88 103
65 89 641
65 90 658
65 91 851
65 92 447
65 93 340
65 94 90
65 95 485
65 96 556
65 97 222
65 98 362
65 99 344
65 100 127
66 67 61
66 68 425
66 69 864
66 70 691
66 71 669
66 72 853
66 73 159
66 74 1114
66 75 780
66 76 811
66 77 919
66 78 450
66 79 691
66 80 280
66 81 697
66 82 90
66 83 1102
66 84 785
66 85 631
66 86 743
66 87 819
66 88 371
66 89 767
66 90 451
66 91 926
66 92 627
66 93 735
66 94 485
66 95 74
66 96 577
66 97 687
66 98 500
66 99 142
66 100 540
67 68 369
67 69 805
67 70 630
67 71 626
67 72 824
67 73 105
67 74 1053
67 75 746
67 76 754
67 77 858
67 78 413
67 79 639
67 80 228
67 81 644
67 82 151
67 83 1041
67 84 729
67 85 596
67 86 681
67 87 775
67 88 324
67 89 707
67 90 413
67 91 869
67 92 565
67 93 678
67 94 433
67 95 67
67 96 520
67 97 642
67 98 438
67 99 84
67 100 488
68 69 442
68 70 369
68 71 315
68 72 573
68 73 266
68 74 704
68 75 471
68 76 596
68 77 590
68 78 203
68 79 275
68 80 331
68 81 277
68 82 502
68 83 691
68 84 583
68 85 344
68 86 356
68 87 444
68 88 399
68 89 353
68 90 198
68 91 500
68 92 272
68 93 530
68 94 424
68 95 367
68 96 153
68 97 632
68 98 189
68 99 327
68 100 450
69 70 337
69 71 409
69 72 625
69 73 706
69 74 274
69 75 527
69 76 573
69 77 378
69 78 540
69 79 249
69 80 696
69 81 229
69 82 944
69 83 260
69 84 583
69 85 520
69 86 192
69 87 378
69 88 711
69 89 109
69 90 535
69 91 113
69 92 302
69 93 554
69 94 660
69 95 809
69 96 289
69 97 775
69 98 408
69 99 749
69 100 645
70 71 564
70 72 834
70 73 556
70 74 480
70 75 724
70 76 265
70 77 230
70 78 561
70 79 415
70 80 448
70 81 398
70 82 781
70 83 472
70 84 265
70 85 647
70 86 146
70 87 619
70 88 426
70 89 241
70 90 555
70 91 449
70 92 102
70 93 226
70 94 346
70 95 660
70 96 296
70 97 437
70 98 200
70 99 552
70 100 319
71 72 273
71 73 523
71 74 673
71 75 164
71 76 827
71 77 727
71 78 223
71 79 167
71 80 644
71 81 189
71 82 723
71 83 658
71 84 823
71 85 112
71 86 465
71 87 152
71 88 714
71 89 394
71 90 221
71 91 387
71 92 466
71 93 776
71 94 731
71 95 596
71 96 274
71 97 925
71 98 460
71 99 611
71 100 748
72 73 731
72 74 855
72 75 109
72 76 1098
72 77 979
72 78 418
72 79 421
72 80 889
72 81 441
72 82 887
72 83 840
72 84 1095
72 85 235
72 86 724
72 87 247
72 88 969
72 89 641
72 90 419
72 91 563
72 92 738
72 93 1048
72 94 997
72 95 779
72 96 547
72 97 1196
72 98 732
72 99 830
72 100 1018
73 74 959
73 75 647
73 76 710
73 77 787
73 78 314
73 79 533
73 80 221
73 81 538
73 82 239
73 83 947
73 84 688
73 85 499
73 86 592
73 87 671
73 88 324
73 89 610
73 90 314
73 91 766
73 92 482
73 93 635
73 94 417
73 95 106
73 96 418
73 97 637
73 98 358
73 99 104
73 100 467
74 75 769
74 76 621
74 77 365
74 78 815
74 79 521
74 80 911
74 81 502
74 82 1198
74 83 14
74 84 643
74 85 785
74 86 376
74 87 610
74 88 904
74 89 350
74 90 809
74 91 293
74 92 500
74 93 637
74 94 826
74 95 1065
74 96 554
74 97 877
74 98 626
74 99 988
74 100 795
75 76 988
75 77 873
75 78 333
75 79 313
75 80 793
75 81 333
75 82 822
75 83 754
75 84 985
75 85 149
75 86 616
75 87 160
75 88 869
75 89 535
75 90 333
75 91 475
75 92 628
75 93 939
75 94 892
75 95 706
75 96 437
75 97 1088
75 98 624
75 99 744
75 100 911
76 77 258
76 78 798
76 79 681
76 80 532
76 81 663
76 82 900
76 83 619
76 84 30
76 85 904
76 86 396
76 87 884
76 88 459
76 89 493
76 90 793
76 91 686
76 92 361
76 93 76
76 94 342
76 95 802
76 96 555
76 97 273
76 98 407
76 99 669
76 100 287
77 78 769
77 79 562
77 80 665
77 81 541
77 82 1009
77 83 364
77 84 282
77 85 824
77 86 262
77 87 741
77 88 624
77 89 338
77 90 764
77 91 482
77 92 318
77 93 286
77 94 522
77 95 891
77 96 488
77 97 524
77 98 430
77 99 779
77 100 479
78 79 303
78 80 477
78 81 318
78 82 501
78 83 800
78 84 786
78 85 184
78 86 515
78 87 375
78 88 565
78 89 480
78 90 5
78 91 558
78 92 459
78 93 733
78 94 612
78 95 377
78 96 284
78 97 828
78 98 392
78 99 412
78 100 644
79 80 595
79 81 21
79 82 761
79 83 506
79 84 680
79 85 274
79 86 303
79 87 207
79 88 646
79 89 226
79 90 298
79 91 255
79 92 325
79 93 636
79 94 637
79 95 626
79 96 158
79 97 810
79 98 354
79 99 602
79 100 644
80 81 593
80 82 368
80 83 902
80 84 505
80 85 654
80 86 536
80 87 775
80 88 103
80 89 588
80 90 474
80 91 782
80 92 411
80 93 456
80 94 205
80 95 285
80 96 445
80 97 419
80 98 289
80 99 144
80 100 260
81 82 768
81 83 487
81 84 662
81 85 295
81 86 282
81 87 223
81 88 640
81 89 205
81 90 313
81 91 241
81 92 309
81 93 620
81 94 627
81 95 633
81 96 150
81 97 796
81 98 345
81 99 604
81 100 632
82 83 1186
82 84 873
82 85 674
82 86 829
82 87 875
82 88 455
82 89 850
82 90 502
82 91 1001
82 92 715
82 93 824
82 94 570
82 95 135
82 96 656
82 97 767
82 98 588
82 99 232
82 100 626
83 84 641
83 85 771
83 86 366
83 87 595
83 88 895
83 89 338
83 90 795
83 91 279
83 92 490
83 93 633
83 94 819
83 95 1053
83 96 541
83 97 873
83 98 615
83 99 977
83 100 788
84 85 897
84 86 402
84 87 884
84 88 430
84 89 499
84 90 780
84 91 696
84 92 357
84 93 53
84 94 313
84 95 778
84 96 550
84 97 244
84 98 393
84 99 644
84 100 258
85 86 561
85 87 233
85 88 736
85 89 497
85 90 185
85 91 499
85 92 545
85 93 847
85 94 769
85 95 556
85 96 350
85 97 975
85 98 516
85 99 597
85 100 794
86 87 494
86 88 536
86 89 97
86 90 510
86 91 303
86 92 125
86 93 368
86 94 474
86 95 699
86 96 230
86 97 583
86 98 249
86 99 613
86 100 455
87 88 837
87 89 405
87 90 373
87 91 316
87 92 532
87 93 842
87 94 839
87 95 748
87 96 361
87 97 1017
87 98 558
87 99 756
87 100 849
88 89 602
88 90 562
88 91 807
88 92 412
88 93 386
88 94 118
88 95 385
88 96 489
88 97 318
88 98 307
88 99 243
88 100 174
89 90 475
89 91 212
89 92 194
89 93 465
89 94 552
89 95 715
89 96 206
89 97 676
89 98 299
89 99 647
89 100 539
90 91 554
90 92 454
90 93 728
90 94 608
90 95 378
90 96 279
90 97 824
90 98 387
90 99 411
90 100 640
91 92 405
91 93 668
91 94 764
91 95 865
91 96 350
91 97 886
91 98 499
91 99 820
91 100 752
92 93 311
92 94 358
92 95 588
92 96 195
92 97 494
92 98 127
92 99 494
92 100 347
93 94 270
93 95 726
93 96 502
93 97 239
93 98 340
93 99 593
93 100 216
94 95 491
94 96 479
94 97 222
94 98 282
94 99 350
94 100 56
95 96 520
95 97 703
95 98 463
95 99 141
95 100 544
96 97 658
96 98 197
96 99 470
96 100 488
97 98 464
97 99 561
97 100 183
98 99 366
98 100 290
99 100 404
