100 4950
1 2 928
1 3 1015
1 4 181
1 5 543
1 6 55
1 7 374
1 8 198
1 9 282
1 10 789
1 11 683
1 12 685
1 13 79
1 14 563
1 15 137
1 16 1015
1 17 151
1 18 619
1 19 668
1 20 711
1 21 310
1 22 245
1 23 1032
1 24 523
1 25 564
1 26 1114
1 27 102
1 28 696
1 29 634
1 30 544
1 31 580
1 32 193
1 33 540
1 34 743
1 35 36
1 36 827
1 37 734
1 38 449
1 39 834
1 40 511
1 41 1055
1 42 815
1 43 975
1 44 519
1 45 937
1 46 930
1 47 41
1 48 173
1 49 767
1 50 580
1 51 912
1 52 676
1 53 477
1 54 478
1 55 1044
1 56 560
1 57 846
1 58 505
1 59 265
1 60 306
1 61 186
1 62 517
1 63 786
1 64 313
1 65 738
1 66 737
1 67 1130
1 68 516
1 69 929
1 70 462
1 71 860
1 72 392
1 73 95
1 74 485
1 75 482
1 76 72
1 77 777
1 78 424
1 79 614
1 80 1152
1 81 189
1 82 976
1 83 583
1 84 669
1 85 887
1 86 473
1 87 884
1 88 886
1 89 743
1 90 473
1 91 984
1 92 602
1 93 899
1 94 497
1 95 138
1 96 598
1 97 622
1 98 728
1 99 693
1 100 488
2 3 197
2 4 1017
2 5 444
2 6 878
2 7 773
2 8 797
2 9 810
2 10 197
2 11 871
2 12 356
2 13 884
2 14 420
2 15 812
2 16 103
2 17 883
2 18 448
2 19 663
2 20 506
2 21 816
2 22 730
2 23 112
2 24 694
2 25 770
2 26 211
2 27 913
2 28 585
2 29 643
2 30 855
2 31 687
2 32 746
2 33 589
2 34 658
2 35 892
2 36 244
2 37 299
2 38 777
2 39 264
2 40 745
2 41 127
2 42 539
2 43 128
2 44 589
2 45 193
2 46 389
2 47 940
2 48 1035
2 49 551
2 50 378
2 51 573
2 52 252
2 53 713
2 54 696
2 55 170
2 56 666
2 57 151
2 58 438
2 59 808
2 60 847
2 61 1050
2 62 833
2 63 709
2 64 845
2 65 851
2 66 505
2 67 222
2 68 674
2 69 639
2 70 842
2 71 455
2 72 756
2 73 905
2 74 826
2 75 462
2 76 877
2 77 473
2 78 507
2 79 572
2 80 310
2 81 870
2 82 52
2 83 823
2 84 284
2 85 428
2 86 754
2 87 263
2 88 296
2 89 321
2 90 459
2 91 199
2 92 349
2 93 552
2 94 432
2 95 790
2 96 573
2 97 307
2 98 505
2 99 655
2 100 441
3 4 1129
3 5 481
3 6 970
3 7 921
3 8 913
3 9 846
3 10 382
3 11 811
3 12 536
3 13 959
3 14 459
3 15 886
3 16 244
3 17 943
3 18 622
3 19 606
3 20 696
3 21 845
3 22 848
3 23 234
3 24 677
3 25 738
3 26 131
3 27 1018
3 28 773
3 29 597
3 30 828
3 31 654
3 32 824
3 33 758
3 34 579
3 35 980
3 36 199
3 37 292
3 38 774
3 39 202
3 40 728
3 41 204
3 42 735
3 43 308
3 44 753
3 45 386
3 46 247
3 47 1020
3 48 1144
3 49 745
3 50 435
3 51 771
3 52 368
3 53 876
3 54 858
3 55 63
3 56 640
3 57 346
3 58 510
3 59 938
3 60 875
3 61 1159
3 62 812
3 63 618
3 64 872
3 65 778
3 66 697
3 67 150
3 68 661
3 69 836
3 70 834
3 71 653
3 72 769
3 73 974
3 74 813
3 75 533
3 76 955
3 77 391
3 78 593
3 79 751
3 80 139
3 81 923
3 82 163
3 83 786
3 84 439
3 85 626
3 86 917
3 87 461
3 88 186
3 89 296
3 90 545
3 91 35
3 92 413
3 93 750
3 94 527
3 95 881
3 96 750
3 97 426
3 98 439
3 99 843
3 100 551
4 5 678
4 6 189
4 7 324
4 8 220
4 9 462
4 10 854
4 11 864
4 12 726
4 13 259
4 14 695
4 15 303
4 16 1093
4 17 332
4 18 644
4 19 841
4 20 708
4 21 491
4 22 287
4 23 1112
4 24 698
4 25 743
4 26 1215
4 27 115
4 28 673
4 29 806
4 30 725
4 31 755
4 32 342
4 33 533
4 34 914
4 35 201
4 36 952
4 37 862
4 38 629
4 39 962
4 40 689
4 41 1140
4 42 801
4 43 1043
4 44 516
4 45 992
4 46 1073
4 47 214
4 48 30
4 49 751
4 50 702
4 51 893
4 52 771
4 53 434
4 54 442
4 55 1149
4 56 733
4 57 913
4 58 625
4 59 231
4 60 488
4 61 39
4 62 698
4 63 961
4 64 494
4 65 919
4 66 733
4 67 1230
4 68 689
4 69 897
4 70 643
4 71 864
4 72 570
4 73 276
4 74 667
4 75 604
4 76 249
4 77 931
4 78 538
4 79 601
4 80 1268
4 81 370
4 82 1067
4 83 764
4 84 740
4 85 897
4 86 415
4 87 927
4 88 1018
4 89 877
4 90 585
4 91 1101
4 92 719
4 93 884
4 94 602
4 95 266
4 96 587
4 97 713
4 98 886
4 99 652
4 100 580
5 6 503
5 7 557
5 8 481
5 9 370
5 10 394
5 11 490
5 12 409
5 13 481
5 14 23
5 15 409
5 16 545
5 17 461
5 18 427
5 19 314
5 20 556
5 21 373
5 22 424
5 23 556
5 24 275
5 25 361
5 26 593
5 27 563
5 28 605
5 29 279
5 30 435
5 31 291
5 32 350
5 33 495
5 34 356
5 35 508
5 36 287
5 37 192
5 38 340
5 39 291
5 40 322
5 41 566
5 42 654
5 43 535
5 44 477
5 45 537
5 46 394
5 47 543
5 48 688
5 49 630
5 50 71
5 51 739
5 52 226
5 53 565
5 54 550
5 55 519
5 56 262
5 57 430
5 58 85
5 59 531
5 60 404
5 61 703
5 62 408
5 63 418
5 64 402
5 65 496
5 66 576
5 67 611
5 68 252
5 69 790
5 70 406
5 71 630
5 72 312
5 73 494
5 74 395
5 75 91
5 76 479
5 77 274
5 78 158
5 79 535
5 80 614
5 81 441
5 82 480
5 83 416
5 84 300
5 85 633
5 86 599
5 87 532
5 88 343
5 89 200
5 90 129
5 91 448
5 92 101
5 93 718
5 94 142
5 95 415
5 96 524
5 97 208
5 98 247
5 99 655
5 100 190
6 7 327
6 8 147
6 9 279
6 10 735
6 11 683
6 12 630
6 13 87
6 14 522
6 15 113
6 16 963
6 17 163
6 18 563
6 19 651
6 20 656
6 21 309
6 22 189
6 23 980
6 24 509
6 25 557
6 26 1066
6 27 82
6 28 642
6 29 616
6 30 546
6 31 565
6 32 156
6 33 486
6 34 725
6 35 29
6 36 785
6 37 692
6 38 444
6 39 792
6 40 502
6 41 1004
6 42 761
6 43 922
6 44 464
6 45 882
6 46 894
6 47 88
6 48 191
6 49 713
6 50 536
6 51 858
6 52 626
6 53 427
6 54 427
6 55 997
6 56 543
6 57 793
6 58 460
6 59 219
6 60 311
6 61 205
6 62 518
6 63 771
6 64 317
6 65 735
6 66 682
6 67 1082
6 68 499
6 69 876
6 70 464
6 71 804
6 72 383
6 73 116
6 74 486
6 75 437
6 76 72
6 77 746
6 78 377
6 79 559
6 80 1108
6 81 198
6 82 926
6 83 581
6 84 615
6 85 831
6 86 426
6 87 829
6 88 846
6 89 703
6 90 426
6 91 940
6 92 557
6 93 845
6 94 448
6 95 89
6 96 544
6 97 571
6 98 700
6 99 641
6 100 437
7 8 182
7 9 545
7 10 587
7 11 919
7 12 438
7 13 406
7 14 565
7 15 384
7 16 832
7 17 473
7 18 347
7 19 820
7 20 388
7 21 575
7 22 177
7 23 852
7 24 704
7 25 778
7 26 983
7 27 284
7 28 349
7 29 781
7 30 798
7 31 753
7 32 364
7 33 216
7 34 883
7 35 357
7 36 776
7 37 702
7 38 680
7 39 792
7 40 719
7 41 886
7 42 477
7 43 771
7 44 204
7 45 707
7 46 931
7 47 413
7 48 353
7 49 427
7 50 548
7 51 568
7 52 553
7 53 110
7 54 117
7 55 927
7 56 724
7 57 646
7 58 478
7 59 109
7 60 589
7 61 363
7 62 766
7 63 940
7 64 594
7 65 956
7 66 412
7 67 995
7 68 686
7 69 573
7 70 722
7 71 544
7 72 615
7 73 439
7 74 735
7 75 466
7 76 390
7 77 832
7 78 399
7 79 280
7 80 1059
7 81 498
7 82 825
7 83 817
7 84 489
7 85 580
7 86 99
7 87 632
7 88 855
7 89 725
7 90 431
7 91 899
7 92 552
7 93 559
7 94 431
7 95 309
7 96 267
7 97 497
7 98 802
7 99 329
7 100 391
8 9 374
8 10 635
8 11 765
8 12 512
8 13 224
8 14 495
8 15 206
8 16 873
8 17 290
8 18 436
8 19 694
8 20 517
8 21 405
8 22 66
8 23 892
8 24 565
8 25 629
8 26 996
8 27 128
8 28 498
8 29 657
8 30 636
8 31 618
8 32 200
8 33 344
8 34 764
8 35 176
8 36 743
8 37 656
8 38 523
8 39 754
8 40 570
8 41 920
8 42 619
8 43 824
8 44 323
8 45 775
8 46 875
8 47 235
8 48 240
8 49 571
8 50 495
8 51 715
8 52 552
8 53 280
8 54 280
8 55 932
8 56 591
8 57 694
8 58 417
8 59 80
8 60 416
8 61 255
8 62 605
8 63 817
8 64 421
8 65 809
8 66 543
8 67 1011
8 68 550
8 69 731
8 70 558
8 71 669
8 72 458
8 73 256
8 74 574
8 75 398
8 76 208
8 77 748
8 78 330
8 79 417
8 80 1053
8 81 318
8 82 847
8 83 662
8 84 519
8 85 699
8 86 280
8 87 713
8 88 813
8 89 673
8 90 375
8 91 886
8 92 509
8 93 703
8 94 388
8 95 132
8 96 401
8 97 493
8 98 709
8 99 494
8 100 363
9 10 723
9 11 403
9 12 675
9 13 203
9 14 393
9 15 173
9 16 909
9 17 137
9 18 642
9 19 395
9 20 763
9 21 30
9 22 368
9 23 922
9 24 249
9 25 281
9 26 962
9 27 362
9 28 778
9 29 365
9 30 267
9 31 304
9 32 181
9 33 625
9 34 470
9 35 262
9 36 647
9 37 553
9 38 166
9 39 647
9 40 230
9 41 935
9 42 874
9 43 889
9 44 601
9 45 875
9 46 709
9 47 257
9 48 456
9 49 833
9 50 431
9 51 970
9 52 571
9 53 618
9 54 611
9 55 887
9 56 289
9 57 771
9 58 377
9 59 455
9 60 48
9 61 469
9 62 238
9 63 509
9 64 51
9 65 456
9 66 789
9 67 980
9 68 246
9 69 1005
9 70 185
9 71 887
9 72 113
9 73 192
9 74 206
9 75 354
9 76 213
9 77 538
9 78 334
9 79 693
9 80 973
9 81 100
9 82 849
9 83 301
9 84 607
9 85 903
9 86 632
9 87 848
9 88 687
9 89 552
9 90 371
9 91 812
9 92 460
9 93 953
9 94 402
9 95 243
9 96 677
9 97 531
9 98 484
9 99 800
9 100 422
10 11 876
10 12 159
10 13 757
10 14 374
10 15 687
10 16 244
10 17 770
10 18 252
10 19 681
10 20 313
10 21 736
10 22 569
10 23 265
10 24 669
10 25 753
10 26 408
10 27 758
10 28 390
10 29 652
10 30 829
10 31 678
10 32 623
10 33 394
10 34 697
10 35 754
10 36 337
10 37 336
10 38 731
10 39 360
10 40 716
10 41 300
10 42 361
10 43 189
10 44 395
10 45 152
10 46 514
10 47 807
10 48 875
10 49 364
10 50 322
10 51 413
10 52 168
10 53 520
10 54 503
10 55 366
10 56 651
10 57 59
10 58 351
10 59 634
10 60 767
10 61 890
10 62 802
10 63 756
10 64 766
10 65 871
10 66 315
10 67 417
10 68 646
10 69 476
10 70 797
10 71 292
10 72 695
10 73 781
10 74 788
10 75 372
10 76 747
10 77 535
10 78 392
10 79 374
10 80 506
10 81 765
10 82 248
10 83 808
10 84 120
10 85 276
10 86 561
10 87 140
10 88 416
10 89 367
10 90 352
10 91 374
10 92 293
10 93 391
10 94 321
10 95 651
10 96 376
10 97 193
10 98 548
10 99 460
10 100 310
11 12 899
11 13 604
11 14 506
11 15 574
11 16 973
11 17 532
11 18 905
11 19 208
11 20 1036
11 21 374
11 22 743
11 23 978
11 24 227
11 25 143
11 26 943
11 27 766
11 28 1074
11 29 227
11 30 140
11 31 199
11 32 565
11 33 940
11 34 237
11 35 665
11 36 636
11 37 572
11 38 242
11 39 622
11 40 200
11 41 972
11 42 1139
11 43 986
11 44 918
11 45 1008
11 46 587
11 47 653
11 48 855
11 49 1110
11 50 558
11 51 1227
11 52 708
11 53 971
11 54 960
11 55 870
11 56 229
11 57 903
11 58 560
11 59 842
11 60 376
11 61 867
11 62 165
11 63 220
11 64 370
11 65 67
11 66 1057
11 67 962
11 68 249
11 69 1275
11 70 221
11 71 1121
11 72 306
11 73 588
11 74 197
11 75 550
11 76 615
11 77 420
11 78 583
11 79 996
11 80 900
11 81 494
11 82 889
11 83 103
11 84 791
11 85 1124
11 86 993
11 87 1017
11 88 624
11 89 549
11 90 588
11 91 777
11 92 585
11 93 1206
11 94 615
11 95 638
11 96 982
11 97 699
11 98 373
11 99 1114
11 100 656
12 13 666
12 14 397
12 15 603
12 16 399
12 17 694
12 18 94
12 19 722
12 20 170
12 21 693
12 22 449
12 23 420
12 24 677
12 25 765
12 26 568
12 27 639
12 28 242
12 29 688
12 30 829
12 31 699
12 32 542
12 33 236
12 34 754
12 35 652
12 36 456
12 37 425
12 38 719
12 39 478
12 40 718
12 41 457
12 42 250
12 43 333
12 44 239
12 45 269
12 46 635
12 47 710
12 48 750
12 49 235
12 50 348
12 51 329
12 52 229
12 53 363
12 54 346
12 55 524
12 56 670
12 57 213
12 58 340
12 59 498
12 60 721
12 61 763
12 62 798
12 63 815
12 64 723
12 65 906
12 66 181
12 67 577
12 68 654
12 69 383
12 70 782
12 71 222
12 72 671
12 73 695
12 74 779
12 75 353
12 76 655
12 77 617
12 78 344
12 79 215
12 80 664
12 81 696
12 82 408
12 83 818
12 84 125
12 85 231
12 86 404
12 87 201
12 88 539
12 89 457
12 90 320
12 91 523
12 92 326
12 93 308
12 94 290
12 95 554
12 96 216
12 97 209
12 98 617
12 99 309
12 100 257
13 14 502
13 15 73
13 16 974
13 17 76
13 18 608
13 19 589
13 20 711
13 21 231
13 22 251
13 23 991
13 24 444
13 25 484
13 26 1063
13 27 166
13 28 704
13 29 556
13 30 466
13 31 501
13 32 137
13 33 547
13 34 664
13 35 62
13 36 768
13 37 673
13 38 370
13 39 773
13 40 432
13 41 1011
13 42 818
13 43 940
13 44 524
13 45 907
13 46 862
13 47 62
13 48 253
13 49 772
13 50 524
13 51 916
13 52 632
13 53 501
13 54 499
13 55 991
13 56 481
13 57 812
13 58 452
13 59 301
13 60 229
13 61 265
13 62 439
13 63 707
13 64 235
13 65 659
13 66 738
13 67 1080
13 68 437
13 69 938
13 70 384
13 71 854
13 72 313
13 73 32
13 74 407
13 75 428
13 76 16
13 77 704
13 78 377
13 79 620
13 80 1095
13 81 112
13 82 930
13 83 504
13 84 636
13 85 878
13 86 504
13 87 861
13 88 822
13 89 681
13 90 425
13 91 927
13 92 548
13 93 902
13 94 451
13 95 115
13 96 604
13 97 580
13 98 655
13 99 710
13 100 449
14 15 430
14 16 522
14 17 483
14 18 419
14 19 325
14 20 547
14 21 396
14 22 437
14 23 533
14 24 294
14 25 379
14 26 570
14 27 580
14 28 598
14 29 290
14 30 455
14 31 306
14 32 369
14 33 493
14 34 362
14 35 528
14 36 265
14 37 171
14 38 362
14 39 271
14 40 341
14 41 543
14 42 644
14 43 512
14 44 476
14 45 516
14 46 379
14 47 564
14 48 705
14 49 620
14 50 52
14 51 727
14 52 206
14 53 568
14 54 552
14 55 496
14 56 278
14 57 409
14 58 87
14 59 542
14 60 427
14 61 721
14 62 428
14 63 424
14 64 426
14 65 510
14 66 566
14 67 588
14 68 271
14 69 779
14 70 428
14 71 616
14 72 335
14 73 516
14 74 416
14 75 99
14 76 499
14 77 268
14 78 168
14 79 531
14 80 593
14 81 464
14 82 457
14 83 434
14 84 284
14 85 618
14 86 602
14 87 514
14 88 324
14 89 181
14 90 134
14 91 426
14 92 80
14 93 705
14 94 142
14 95 434
14 96 520
14 97 193
14 98 245
14 99 650
14 100 188
15 16 902
15 17 95
15 18 550
15 19 537
15 20 658
15 21 203
15 22 214
15 23 918
15 24 395
15 25 445
15 26 989
15 27 194
15 28 658
15 29 502
15 30 439
15 31 451
15 32 65
15 33 500
15 34 611
15 35 106
15 36 695
15 37 601
15 38 333
15 39 701
15 40 389
15 41 939
15 42 767
15 43 869
15 44 477
15 45 838
15 46 793
15 47 133
15 48 302
15 49 722
15 50 451
15 51 865
15 52 560
15 53 470
15 54 465
15 55 918
15 56 429
15 57 742
15 58 379
15 59 287
15 60 211
15 61 316
15 62 410
15 63 657
15 64 216
15 65 624
15 66 684
15 67 1006
15 68 385
15 69 891
15 70 358
15 71 797
15 72 271
15 73 94
15 74 378
15 75 355
15 76 69
15 77 639
15 78 304
15 79 572
15 80 1022
15 81 114
15 82 857
15 83 471
15 84 566
15 85 819
15 86 477
15 87 795
15 88 751
15 89 609
15 90 352
15 91 855
15 92 475
15 93 849
15 94 379
15 95 75
15 96 556
15 97 508
15 98 591
15 99 669
15 100 378
16 17 977
16 18 493
16 19 765
16 20 527
16 21 916
16 22 806
16 23 21
16 24 797
16 25 873
16 26 196
16 27 993
16 28 606
16 29 746
16 30 959
16 31 791
16 32 837
16 33 635
16 34 758
16 35 979
16 36 342
16 37 402
16 38 880
16 39 359
16 40 848
16 41 63
16 42 539
16 43 77
16 44 638
16 45 165
16 46 470
16 47 1029
16 48 1113
16 49 559
16 50 478
16 51 555
16 52 343
16 53 762
16 54 745
16 55 194
16 56 769
16 57 186
16 58 534
16 59 877
16 60 947
16 61 1128
16 62 936
16 63 807
16 64 945
16 65 952
16 66 521
16 67 198
16 68 777
16 69 620
16 70 945
16 71 445
16 72 857
16 73 996
16 74 929
16 75 558
16 76 967
16 77 570
16 78 598
16 79 607
16 80 318
16 81 966
16 82 90
16 83 926
16 84 353
16 85 412
16 86 803
16 87 253
16 88 384
16 89 423
16 90 552
16 91 259
16 92 448
16 93 535
16 94 523
16 95 876
16 96 611
16 97 394
16 98 605
16 99 675
16 100 527
17 18 644
17 19 531
17 20 753
17 21 162
17 22 307
17 23 992
17 24 385
17 25 417
17 26 1052
17 27 242
17 28 754
17 29 500
17 30 393
17 31 441
17 32 151
17 33 596
17 34 607
17 35 139
17 36 747
17 37 652
17 38 303
17 39 750
17 40 367
17 41 1010
17 42 863
17 43 948
17 44 573
17 45 922
17 46 827
17 47 121
17 48 323
17 49 818
17 50 512
17 51 960
17 52 634
17 53 562
17 54 559
17 55 978
17 56 424
17 57 823
17 58 445
17 59 370
17 60 155
17 61 334
17 62 367
17 63 646
17 64 162
17 65 589
17 66 780
17 67 1069
17 68 381
17 69 987
17 70 311
17 71 891
17 72 250
17 73 56
17 74 335
17 75 421
17 76 90
17 77 663
17 78 380
17 79 668
17 80 1075
17 81 38
17 82 926
17 83 433
17 84 649
17 85 913
17 86 568
17 87 882
17 88 796
17 89 656
17 90 425
17 91 909
17 92 538
17 93 945
17 94 454
17 95 166
17 96 652
17 97 585
17 98 611
17 99 764
17 100 460
18 19 742
18 20 130
18 21 663
18 22 376
18 23 514
18 24 679
18 25 766
18 26 660
18 27 564
18 28 180
18 29 706
18 30 822
18 31 708
18 32 493
18 33 142
18 34 782
18 35 587
18 36 524
18 37 480
18 38 707
18 39 545
18 40 716
18 41 551
18 42 236
18 43 427
18 44 146
18 45 360
18 46 701
18 47 646
18 48 669
18 49 204
18 50 375
18 51 330
18 52 288
18 53 269
18 54 252
18 55 614
18 56 678
18 57 307
18 58 348
18 59 413
18 60 690
18 61 682
18 62 791
18 63 844
18 64 692
18 65 920
18 66 152
18 67 670
18 68 656
18 69 371
18 70 768
18 71 247
18 72 655
18 73 638
18 74 768
18 75 355
18 76 596
18 77 662
18 78 328
18 79 130
18 80 752
18 81 651
18 82 500
18 83 818
18 84 190
18 85 270
18 86 309
18 87 285
18 88 608
18 89 511
18 90 317
18 91 607
18 92 360
18 93 311
18 94 291
18 95 493
18 96 128
18 97 251
18 98 655
18 99 240
18 100 249
19 20 871
19 21 374
19 22 656
19 23 770
19 24 145
19 25 151
19 26 737
19 27 730
19 28 918
19 29 39
19 30 238
19 31 90
19 32 505
19 33 799
19 34 75
19 35 641
19 36 428
19 37 365
19 38 242
19 39 414
19 40 174
19 41 764
19 42 969
19 43 780
19 44 780
19 45 807
19 46 392
19 47 648
19 48 839
19 49 944
19 50 374
19 51 1052
19 52 515
19 53 852
19 54 839
19 55 663
19 56 107
19 57 703
19 58 395
19 59 764
19 60 393
19 61 853
19 62 233
19 63 122
19 64 387
19 65 191
19 66 890
19 67 756
19 68 151
19 69 1104
19 70 276
19 71 940
19 72 282
19 73 584
19 74 248
19 75 391
19 76 596
19 77 217
19 78 441
19 79 846
19 80 702
19 81 495
19 82 681
19 83 187
19 84 606
19 85 939
19 86 880
19 87 821
19 88 419
19 89 342
19 90 432
19 91 571
19 92 397
19 93 1030
19 94 453
19 95 584
19 96 834
19 97 515
19 98 166
19 99 966
19 100 499
20 21 786
20 22 466
20 23 548
20 24 809
20 25 896
20 26 712
20 27 643
20 28 79
20 29 835
20 30 951
20 31 839
20 32 606
20 33 175
20 34 909
20 35 682
20 36 626
20 37 594
20 38 836
20 39 648
20 40 846
20 41 589
20 42 110
20 43 453
20 44 194
20 45 371
20 46 805
20 47 742
20 48 735
20 49 73
20 50 502
20 51 207
20 52 398
20 53 285
20 54 273
20 55 677
20 56 808
20 57 355
20 58 478
20 59 477
20 60 812
20 61 747
20 62 920
20 63 971
20 64 814
20 65 1050
20 66 26
20 67 719
20 68 787
20 69 243
20 70 896
20 71 156
20 72 782
20 73 742
20 74 897
20 75 485
20 76 697
20 77 782
20 78 457
20 79 108
20 80 817
20 81 764
20 82 555
20 83 948
20 84 294
20 85 192
20 86 319
20 87 283
20 88 709
20 89 626
20 90 447
20 91 686
20 92 484
20 93 191
20 94 421
20 95 595
20 96 121
20 97 370
20 98 779
20 99 149
20 100 379
21 22 397
21 23 928
21 24 228
21 25 255
21 26 963
21 27 392
21 28 803
21 29 346
21 30 237
21 31 283
21 32 210
21 33 650
21 34 449
21 35 291
21 36 646
21 37 552
21 38 140
21 39 644
21 40 205
21 41 940
21 42 896
21 43 899
21 44 627
21 45 888
21 46 699
21 47 283
21 48 483
21 49 857
21 50 437
21 51 992
21 52 581
21 53 647
21 54 639
21 55 887
21 56 270
21 57 783
21 58 387
21 59 485
21 60 31
21 61 496
21 62 208
21 63 486
21 64 30
21 65 428
21 66 812
21 67 981
21 68 228
21 69 1028
21 70 155
21 71 907
21 72 92
21 73 218
21 74 176
21 75 365
21 76 241
21 77 527
21 78 350
21 79 718
21 80 970
21 81 124
21 82 853
21 83 273
21 84 622
21 85 922
21 86 661
21 87 863
21 88 682
21 89 550
21 90 384
21 91 810
21 92 467
21 93 974
21 94 416
21 95 273
21 96 702
21 97 543
21 98 472
21 99 826
21 100 438
22 23 825
22 24 533
22 25 603
22 26 930
22 27 190
22 28 454
22 29 618
22 30 620
22 31 584
22 32 187
22 33 297
22 34 723
22 35 216
22 36 680
22 37 594
22 38 503
22 39 691
22 40 545
22 41 853
22 42 571
22 43 758
22 44 275
22 45 710
22 46 816
22 47 276
22 48 307
22 49 524
22 50 433
22 51 668
22 52 485
22 53 255
22 54 251
22 55 865
22 56 556
22 57 628
22 58 357
22 59 108
22 60 413
22 61 321
22 62 588
22 63 778
22 64 418
22 65 783
22 66 493
22 67 944
22 68 517
22 69 688
22 70 544
22 71 615
22 72 438
22 73 283
22 74 558
22 75 339
22 76 236
22 77 695
22 78 270
22 79 371
22 80 988
22 81 328
22 82 780
22 83 641
22 84 453
22 85 643
22 86 265
22 87 650
22 88 751
22 89 613
22 90 313
22 91 821
22 92 446
22 93 655
22 94 324
22 95 140
22 96 355
22 97 427
22 98 659
22 99 458
22 100 297
23 24 806
23 25 880
23 26 177
23 27 1011
23 28 627
23 29 752
23 30 967
23 31 797
23 32 853
23 33 656
23 34 760
23 35 996
23 36 344
23 37 408
23 38 890
23 39 361
23 40 857
23 41 43
23 42 559
23 43 98
23 44 659
23 45 185
23 46 466
23 47 1046
23 48 1132
23 49 580
23 50 490
23 51 574
23 52 358
23 53 783
23 54 766
23 55 181
23 56 777
23 57 207
23 58 548
23 59 896
23 60 959
23 61 1147
23 62 945
23 63 808
23 64 958
23 65 955
23 66 542
23 67 178
23 68 786
23 69 639
23 70 954
23 71 465
23 72 869
23 73 1012
23 74 938
23 75 572
23 76 983
23 77 572
23 78 614
23 79 628
23 80 301
23 81 980
23 82 89
23 83 933
23 84 372
23 85 431
23 86 824
23 87 274
23 88 382
23 89 428
23 90 567
23 91 252
23 92 461
23 93 555
23 94 539
23 95 893
23 96 632
23 97 410
23 98 608
23 99 696
23 100 544
24 25 87
24 26 804
24 27 589
24 28 847
24 29 117
24 30 162
24 31 56
24 32 369
24 33 713
24 34 221
24 35 498
24 36 482
24 37 400
24 38 105
24 39 475
24 40 51
24 41 808
24 42 914
24 43 799
24 44 692
24 45 809
24 46 495
24 47 503
24 48 696
24 49 883
24 50 346
24 51 1003
24 52 500
24 53 749
24 54 737
24 55 728
24 56 43
24 57 703
24 58 337
24 59 638
24 60 249
24 61 709
24 62 139
24 63 262
24 64 243
24 65 253
24 66 832
24 67 823
24 68 23
24 69 1050
24 70 157
24 71 899
24 72 136
24 73 438
24 74 136
24 75 325
24 76 452
24 77 316
24 78 356
24 79 768
24 80 789
24 81 349
24 82 721
24 83 141
24 84 574
24 85 905
24 86 774
24 87 808
24 88 498
24 89 386
24 90 362
24 91 641
24 92 375
24 93 982
24 94 390
24 95 447
24 96 755
24 97 483
24 98 260
24 99 887
24 100 430
25 26 867
25 27 640
25 28 933
25 29 144
25 30 90
25 31 83
25 32 429
25 33 797
25 34 218
25 35 543
25 36 549
25 37 472
25 38 114
25 39 539
25 40 58
25 41 880
25 42 1001
25 43 878
25 44 775
25 45 892
25 46 538
25 47 538
25 48 738
25 49 970
25 50 431
25 51 1090
25 52 585
25 53 828
25 54 817
25 55 792
25 56 104
25 57 786
25 58 424
25 59 705
25 60 266
25 61 750
25 62 82
25 63 240
25 64 259
25 65 180
25 66 919
25 67 887
25 68 110
25 69 1137
25 70 128
25 71 987
25 72 174
25 73 473
25 74 99
25 75 413
25 76 494
25 77 359
25 78 441
25 79 853
25 80 842
25 81 379
25 82 794
25 83 54
25 84 661
25 85 992
25 86 851
25 87 893
25 88 554
25 89 455
25 90 449
25 91 702
25 92 460
25 93 1070
25 94 477
25 95 505
25 96 840
25 97 570
25 98 304
25 99 971
25 100 517
26 27 1108
26 28 791
26 29 728
26 30 958
26 31 784
26 32 926
26 33 801
26 34 711
26 35 1078
26 36 322
26 37 411
26 38 899
26 39 329
26 40 855
26 41 135
26 42 732
26 43 273
26 44 801
26 45 360
26 46 374
26 47 1122
26 48 1232
26 49 750
26 50 539
26 51 751
26 52 444
26 53 925
26 54 908
26 55 76
26 56 769
26 57 357
26 58 610
26 59 1013
26 60 993
26 61 1247
26 62 941
26 63 749
26 64 991
26 65 909
26 66 708
26 67 19
26 68 787
26 69 816
26 70 960
26 71 640
26 72 891
26 73 1080
26 74 940
26 75 634
26 76 1057
26 77 522
26 78 689
26 79 782
26 80 127
26 81 1034
26 82 159
26 83 916
26 84 493
26 85 607
26 86 966
26 87 447
26 88 318
26 89 419
26 90 640
26 91 166
26 92 514
26 93 732
26 94 618
26 95 977
26 96 784
26 97 502
26 98 570
26 99 861
26 100 635
27 28 620
27 29 694
27 30 629
27 31 645
27 32 227
27 33 469
27 34 803
27 35 103
27 36 839
27 37 748
27 38 526
27 39 848
27 40 584
27 41 1038
27 42 744
27 43 947
27 44 449
27 45 901
27 46 957
27 47 143
27 48 125
27 49 695
27 50 589
27 51 839
27 52 664
27 53 391
27 54 394
27 55 1041
27 56 622
27 57 817
27 58 511
27 59 175
27 60 393
27 61 140
27 62 600
27 63 851
27 64 400
27 65 817
27 66 670
27 67 1123
27 68 579
27 69 851
27 70 547
27 71 796
27 72 465
27 73 191
27 74 569
27 75 490
27 76 153
27 77 815
27 78 425
27 79 541
27 80 1157
27 81 279
27 82 963
27 83 664
27 84 641
27 85 827
27 86 382
27 87 840
27 88 904
27 89 762
27 90 473
27 91 989
27 92 607
27 93 828
27 94 492
27 95 151
27 96 526
27 97 607
27 98 771
27 99 610
27 100 473
28 29 881
28 30 982
28 31 880
28 32 611
28 33 157
28 34 961
28 35 670
28 36 697
28 37 659
28 38 864
28 39 718
28 40 880
28 41 668
28 42 129
28 43 531
28 44 180
28 45 449
28 46 875
28 47 730
28 48 702
28 49 79
28 50 556
28 51 219
28 52 464
28 53 240
28 54 231
28 55 756
28 56 849
28 57 434
28 58 523
28 59 447
28 60 826
28 61 712
28 62 950
28 63 1023
28 64 829
28 65 1092
28 66 87
28 67 798
28 68 824
28 69 234
28 70 922
28 71 211
28 72 807
28 73 737
28 74 925
28 75 528
28 76 690
28 77 843
28 78 491
28 79 85
28 80 896
28 81 768
28 82 634
28 83 983
28 84 362
28 85 251
28 86 267
28 87 360
28 88 781
28 89 691
28 90 488
28 91 763
28 92 541
28 93 210
28 94 465
28 95 590
28 96 101
28 97 431
28 98 836
28 99 69
28 100 420
29 30 234
29 31 67
29 32 469
29 33 761
29 34 108
29 35 607
29 36 413
29 37 344
29 38 219
29 39 401
29 40 154
29 41 748
29 42 934
29 43 758
29 44 741
29 45 781
29 46 394
29 47 616
29 48 805
29 49 909
29 50 340
29 51 1017
29 52 485
29 53 813
29 54 800
29 55 653
29 56 75
29 57 677
29 58 358
29 59 725
29 60 366
29 61 819
29 62 224
29 63 160
29 64 361
29 65 220
29 66 855
29 67 747
29 68 119
29 69 1069
29 70 261
29 71 907
29 72 253
29 73 552
29 74 234
29 75 354
29 76 562
29 77 215
29 78 402
29 79 808
29 80 699
29 81 465
29 82 664
29 83 189
29 84 573
29 85 907
29 86 841
29 87 792
29 88 412
29 89 323
29 90 394
29 91 562
29 92 365
29 93 996
29 94 416
29 95 547
29 96 796
29 97 482
29 98 160
29 99 928
29 100 461
30 31 174
30 32 437
30 33 840
30 34 299
30 35 527
30 36 638
30 37 559
30 38 119
30 39 629
30 40 113
30 41 968
30 42 1058
30 43 961
30 44 817
30 45 971
30 46 628
30 47 513
30 48 716
30 49 1025
30 50 506
30 51 1150
30 52 661
30 53 858
30 54 848
30 55 882
30 56 190
30 57 864
30 58 490
30 59 715
30 60 237
30 61 727
30 62 32
30 63 310
30 64 230
30 65 201
30 66 975
30 67 977
30 68 184
30 69 1194
30 70 81
30 71 1051
30 72 182
30 73 449
30 74 62
30 75 475
30 76 477
30 77 450
30 78 494
30 79 900
30 80 933
30 81 354
30 82 882
30 83 55
30 84 731
30 85 1058
30 86 877
30 87 967
30 88 645
30 89 543
30 90 509
30 91 793
30 92 536
30 93 1130
30 94 539
30 95 507
30 96 886
30 97 641
30 98 395
30 99 1016
30 100 575
31 32 424
31 33 751
31 34 166
31 35 555
31 36 465
31 37 389
31 38 153
31 39 455
31 40 87
31 41 796
31 42 941
31 43 797
31 44 730
31 45 814
31 46 459
31 47 559
31 48 752
31 49 913
31 50 358
31 51 1028
31 52 510
31 53 793
31 54 781
31 55 708
31 56 30
31 57 708
31 58 361
31 59 690
31 60 302
31 61 766
31 62 159
31 63 206
31 64 296
31 65 212
31 66 860
31 67 803
31 68 67
31 69 1077
31 70 193
31 71 921
31 72 191
31 73 495
31 74 167
31 75 353
31 76 508
31 77 279
31 78 391
31 79 803
31 80 760
31 81 405
31 82 711
31 83 135
31 84 591
31 85 924
31 86 819
31 87 819
31 88 471
31 89 371
31 90 392
31 91 619
31 92 386
31 93 1007
31 94 417
31 95 502
31 96 790
31 97 499
31 98 224
31 99 923
31 100 460
32 33 455
32 34 577
32 35 158
32 36 634
32 37 541
32 38 323
32 39 641
32 40 371
32 41 874
32 42 716
32 43 804
32 44 431
32 45 774
32 46 738
32 47 196
32 48 346
32 49 672
32 50 388
32 51 813
32 52 495
32 53 438
32 54 432
32 55 854
32 56 399
32 57 677
32 58 315
32 59 278
32 60 226
32 61 361
32 62 405
32 63 627
32 64 231
32 65 610
32 66 632
32 67 942
32 68 356
32 69 842
32 70 359
32 71 741
32 72 258
32 73 159
32 74 374
32 75 291
32 76 131
32 77 590
32 78 239
32 79 526
32 80 960
32 81 158
32 82 792
32 83 462
32 84 502
32 85 762
32 86 451
32 87 732
32 88 693
32 89 550
32 90 287
32 91 792
32 92 411
32 93 797
32 94 314
32 95 78
32 96 510
32 97 443
32 98 544
32 99 627
32 100 313
33 34 849
33 35 513
33 36 644
33 37 588
33 38 721
33 39 663
33 40 742
33 41 694
33 42 275
33 43 569
33 44 23
33 45 499
33 46 815
33 47 573
33 48 560
33 49 227
33 50 458
33 51 372
33 52 407
33 53 127
33 54 111
33 55 753
33 56 720
33 57 450
33 58 410
33 59 302
33 60 673
33 61 572
33 62 808
33 63 910
33 64 676
33 65 964
33 66 201
33 67 812
33 68 692
33 69 391
33 70 776
33 71 331
33 72 662
33 73 579
33 74 781
33 75 409
33 76 532
33 77 754
33 78 360
33 79 73
33 80 891
33 81 611
33 82 641
33 83 845
33 84 319
33 85 364
33 86 167
33 87 419
33 88 728
33 89 617
33 90 368
33 91 741
33 92 450
33 93 359
33 94 352
33 95 433
33 96 57
33 97 359
33 98 738
33 99 176
33 100 305
34 35 716
34 36 416
34 37 368
34 38 316
34 39 399
34 40 248
34 41 750
34 42 1003
34 43 781
34 44 831
34 45 814
34 46 350
34 47 723
34 48 914
34 49 982
34 50 408
34 51 1083
34 52 537
34 53 909
34 54 895
34 55 639
34 56 182
34 57 714
34 58 440
34 59 831
34 60 468
34 61 927
34 62 299
34 63 61
34 64 462
34 65 198
34 66 927
34 67 730
34 68 226
34 69 1137
34 70 346
34 71 968
34 72 357
34 73 660
34 74 317
34 75 440
34 76 670
34 77 190
34 78 495
34 79 892
34 80 663
34 81 571
34 82 671
34 83 245
34 84 634
34 85 964
34 86 939
34 87 837
34 88 393
34 89 341
34 90 481
34 91 545
34 92 427
34 93 1061
34 94 498
34 95 656
34 96 881
34 97 545
34 98 153
34 99 1012
34 100 545
35 36 792
35 37 699
35 38 428
35 39 799
35 40 488
35 41 1019
35 42 788
35 43 940
35 44 491
35 45 902
35 46 896
35 47 60
35 48 197
35 49 740
35 50 544
35 51 885
35 52 640
35 53 457
35 54 456
35 55 1008
35 56 533
35 57 811
35 58 469
35 59 248
35 60 291
35 61 211
35 62 500
35 63 761
35 64 297
35 65 719
35 66 709
35 67 1094
35 68 489
35 69 904
35 70 445
35 71 830
35 72 369
35 73 89
35 74 468
35 75 446
35 76 49
35 77 745
35 78 388
35 79 587
35 80 1117
35 81 175
35 82 940
35 83 564
35 84 633
35 85 856
35 86 455
35 87 850
35 88 851
35 89 709
35 90 437
35 91 949
35 92 566
35 93 872
35 94 461
35 95 102
35 96 571
35 97 586
35 98 697
35 99 670
35 100 452
36 37 95
36 38 577
36 39 22
36 40 534
36 41 336
36 42 693
36 43 370
36 44 635
36 45 418
36 46 178
36 47 829
36 48 964
36 49 689
36 50 249
36 51 751
36 52 237
36 53 749
36 54 732
36 55 246
36 56 448
36 57 332
36 58 327
36 59 777
36 60 676
36 61 980
36 62 620
36 63 465
36 64 673
36 65 611
36 66 635
36 67 341
36 68 465
36 69 814
36 70 638
36 71 630
36 72 570
36 73 781
36 74 618
36 75 349
36 76 765
36 77 228
36 78 414
36 79 655
36 80 328
36 81 726
36 82 254
36 83 599
36 84 335
36 85 614
36 86 789
36 87 462
36 88 83
36 89 97
36 90 368
36 91 164
36 92 233
36 93 729
36 94 355
36 95 696
36 96 650
36 97 286
36 98 264
36 99 762
36 100 388
37 38 490
37 39 100
37 40 451
37 41 408
37 42 672
37 43 415
37 44 576
37 45 446
37 46 230
37 47 735
37 48 874
37 49 661
37 50 160
37 51 740
37 52 196
37 53 684
37 54 668
37 55 335
37 56 369
37 57 347
37 58 238
37 59 695
37 60 583
37 61 889
37 62 539
37 63 424
37 64 580
37 65 555
37 66 606
37 67 430
37 68 381
37 69 800
37 70 553
37 71 620
37 72 479
37 73 686
37 74 535
37 75 258
37 76 671
37 77 198
37 78 326
37 79 608
37 80 423
37 81 631
37 82 322
37 83 525
37 84 300
37 85 610
37 86 723
37 87 472
37 88 157
37 89 32
37 90 281
37 91 258
37 92 150
37 93 718
37 94 273
37 95 603
37 96 601
37 97 230
37 98 216
37 99 721
37 100 311
38 39 572
38 40 67
38 41 895
38 42 944
38 43 875
38 44 698
38 45 878
38 46 600
38 47 423
38 48 623
38 49 909
38 50 411
38 51 1037
38 52 566
38 53 738
38 54 729
38 55 823
38 56 148
38 57 771
38 58 384
38 59 601
38 60 153
38 61 635
38 62 87
38 63 348
38 64 147
38 65 291
38 66 860
38 67 919
38 68 115
38 69 1079
38 70 65
38 71 940
38 72 64
38 73 358
38 74 60
38 75 367
38 76 379
38 77 421
38 78 379
38 79 782
38 80 890
38 81 265
38 82 808
38 83 139
38 84 628
38 85 949
38 86 758
38 87 867
38 88 599
38 89 480
38 90 398
38 91 739
38 92 442
38 93 1017
38 94 429
38 95 396
38 96 768
38 97 540
38 98 365
38 99 897
38 100 463
39 40 526
39 41 351
39 42 715
39 43 390
39 44 653
39 45 439
39 46 157
39 47 835
39 48 973
39 49 710
39 50 259
39 51 774
39 52 257
39 53 767
39 54 750
39 55 253
39 56 440
39 57 354
39 58 337
39 59 790
39 60 674
39 61 989
39 62 611
39 63 447
39 64 671
39 65 596
39 66 657
39 67 348
39 68 458
39 69 836
39 70 632
39 71 652
39 72 567
39 73 785
39 74 611
39 75 358
39 76 770
39 77 210
39 78 424
39 79 675
39 80 326
39 81 728
39 82 271
39 83 589
39 84 356
39 85 636
39 86 806
39 87 484
39 88 64
39 89 94
39 90 379
39 91 167
39 92 245
39 93 751
39 94 368
39 95 704
39 96 670
39 97 304
39 98 249
39 99 783
39 100 402
40 41 859
40 42 951
40 43 849
40 44 720
40 45 858
40 46 542
40 47 487
40 48 685
40 49 919
40 50 393
40 51 1042
40 52 548
40 53 770
40 54 759
40 55 779
40 56 88
40 57 751
40 58 378
40 59 646
40 60 220
40 61 698
40 62 88
40 63 281
40 64 214
40 65 238
40 66 868
40 67 874
40 68 71
40 69 1087
40 70 108
40 71 940
40 72 119
40 73 422
40 74 85
40 75 365
40 76 440
40 77 363
40 78 389
40 79 800
40 80 839
40 81 330
40 82 773
40 83 103
40 84 619
40 85 947
40 86 793
40 87 854
40 88 548
40 89 438
40 90 400
40 91 692
40 92 422
40 93 1022
40 94 429
40 95 447
40 96 786
40 97 528
40 98 306
40 99 917
40 100 467
41 42 602
41 43 141
41 44 695
41 45 228
41 46 444
41 47 1067
41 48 1159
41 49 623
41 50 503
41 51 617
41 52 378
41 53 820
41 54 803
41 55 146
41 56 777
41 57 243
41 58 565
41 59 927
41 60 971
41 61 1174
41 62 947
41 63 797
41 64 969
41 65 947
41 66 583
41 67 135
41 68 788
41 69 682
41 70 959
41 71 508
41 72 877
41 73 1032
41 74 942
41 75 589
41 76 1004
41 77 561
41 78 634
41 79 667
41 80 260
41 81 997
41 82 86
41 83 932
41 84 402
41 85 474
41 86 860
41 87 316
41 88 365
41 89 425
41 90 586
41 91 226
41 92 474
41 93 598
41 94 559
41 95 916
41 96 670
41 97 433
41 98 600
41 99 738
41 100 567
42 43 461
42 44 296
42 45 374
42 46 872
42 47 848
42 48 830
42 49 50
42 50 596
42 51 97
42 52 477
42 53 369
42 54 360
42 55 708
42 56 910
42 57 389
42 58 579
42 59 573
42 60 922
42 61 840
42 62 1027
42 63 1065
42 64 924
42 65 1151
42 66 84
42 67 736
42 68 891
42 69 136
42 70 1004
42 71 99
42 72 890
42 73 850
42 74 1005
42 75 588
42 76 804
42 77 866
42 78 564
42 79 202
42 80 846
42 81 874
42 82 583
42 83 1053
42 84 374
42 85 140
42 86 397
42 87 285
42 88 774
42 89 704
42 90 551
42 91 731
42 92 575
42 93 83
42 94 524
42 95 703
42 96 218
42 97 459
42 98 867
42 99 174
42 100 484
43 44 573
43 45 87
43 46 517
43 47 992
43 48 1065
43 49 483
43 50 465
43 51 477
43 52 318
43 53 696
43 54 680
43 55 264
43 56 774
43 57 130
43 58 512
43 59 822
43 60 930
43 61 1079
43 62 937
43 63 833
43 64 929
43 65 970
43 66 445
43 67 276
43 68 777
43 69 543
43 70 940
43 71 367
43 72 847
43 73 963
43 74 927
43 75 535
43 76 931
43 77 597
43 78 568
43 79 536
43 80 394
43 81 940
43 82 145
43 83 932
43 84 307
43 85 334
43 86 736
43 87 175
43 88 425
43 89 440
43 90 523
43 91 318
43 92 435
43 93 458
43 94 493
43 95 837
43 96 541
43 97 362
43 98 627
43 99 600
43 100 490
44 45 506
44 46 804
44 47 552
44 48 543
44 49 248
44 50 443
44 51 393
44 52 398
44 53 124
44 54 107
44 55 751
44 56 700
44 57 452
44 58 392
44 59 284
44 60 650
44 61 555
44 62 785
44 63 891
44 64 653
44 65 943
44 66 220
44 67 811
44 68 670
44 69 414
44 70 753
44 71 348
44 72 639
44 73 556
44 74 759
44 75 390
44 76 510
44 77 738
44 78 339
44 79 95
44 80 887
44 81 588
44 82 641
44 83 823
44 84 314
44 85 381
44 86 165
44 87 428
44 88 718
44 89 604
44 90 349
44 91 735
44 92 436
44 93 380
44 94 334
44 95 410
44 96 79
44 97 349
44 98 721
44 99 199
44 100 287
45 46 578
45 47 957
45 48 1015
45 49 397
45 50 466
45 51 391
45 52 312
45 53 626
45 54 610
45 55 347
45 56 789
45 57 106
45 58 501
45 59 766
45 60 918
45 61 1029
45 62 945
45 63 870
45 64 918
45 65 998
45 66 362
45 67 363
45 68 787
45 69 456
45 70 943
45 71 280
45 72 844
45 73 933
45 74 932
45 75 523
45 76 897
45 77 638
45 78 545
45 79 460
45 80 480
45 81 917
45 82 224
45 83 947
45 84 272
45 85 247
45 86 666
45 87 90
45 88 482
45 89 474
45 90 505
45 91 392
45 92 436
45 93 371
45 94 473
45 95 800
45 96 466
45 97 345
45 98 661
45 99 517
45 100 462
46 47 924
46 48 1081
46 49 868
46 50 384
46 51 928
46 52 412
46 53 914
46 54 898
46 55 310
46 56 454
46 57 502
46 58 459
46 59 919
46 60 727
46 61 1096
46 62 618
46 63 380
46 64 722
46 65 545
46 66 814
46 67 392
46 68 485
46 69 991
46 70 651
46 71 806
46 72 612
46 73 869
46 74 626
46 75 476
46 76 862
46 77 179
46 78 546
46 79 830
46 80 313
46 81 800
46 82 380
46 83 580
46 84 513
46 85 788
46 86 953
46 87 632
46 88 98
46 89 205
46 90 505
46 91 219
46 92 379
46 93 906
46 94 500
46 95 808
46 96 825
46 97 456
46 98 236
46 99 940
46 100 540
47 48 202
47 49 800
47 50 584
47 51 945
47 52 688
47 53 515
47 54 515
47 55 1050
47 56 541
47 57 864
47 58 511
47 59 304
47 60 276
47 61 214
47 62 487
47 63 765
47 64 283
47 65 710
47 66 769
47 67 1138
47 68 497
47 69 964
47 70 431
47 71 889
47 72 369
47 73 65
47 74 456
47 75 487
47 76 64
47 77 767
47 78 434
47 79 647
47 80 1156
47 81 159
47 82 987
47 83 554
47 84 686
47 85 916
47 86 512
47 87 907
47 88 885
47 89 743
47 90 482
47 91 988
47 92 608
47 93 932
47 94 507
47 95 156
47 96 631
47 97 635
47 98 717
47 99 729
47 100 502
48 49 780
48 50 715
48 51 922
48 52 788
48 53 464
48 54 470
48 55 1165
48 56 731
48 57 935
48 58 637
48 59 258
48 60 478
48 61 15
48 62 690
48 63 958
48 64 485
48 65 911
48 66 761
48 67 1247
48 68 687
48 69 926
48 70 634
48 71 891
48 72 566
48 73 266
48 74 658
48 75 615
48 76 244
48 77 936
48 78 551
48 79 629
48 80 1283
48 81 361
48 82 1085
48 83 756
48 84 760
48 85 924
48 86 445
48 87 951
48 88 1029
48 89 887
48 90 599
48 91 1115
48 92 732
48 93 912
48 94 617
48 95 273
48 96 615
48 97 730
48 98 891
48 99 682
48 100 597
49 50 574
49 51 144
49 52 465
49 53 319
49 54 310
49 55 721
49 56 882
49 57 399
49 58 552
49 59 524
49 60 882
49 61 790
49 62 993
49 63 1044
49 64 884
49 65 1124
49 66 55
49 67 755
49 68 860
49 69 171
49 70 969
49 71 137
49 72 854
49 73 804
49 74 970
49 75 559
49 76 758
49 77 852
49 78 531
49 79 153
49 80 861
49 81 830
49 82 597
49 83 1022
49 84 361
49 85 178
49 86 347
49 87 307
49 88 771
49 89 693
49 90 521
49 91 738
49 92 556
49 93 133
49 94 495
49 95 657
49 96 169
49 97 441
49 98 850
49 99 130
49 100 453
50 51 677
50 52 154
50 53 541
50 54 525
50 55 466
50 56 330
50 57 359
50 58 77
50 59 535
50 60 468
50 61 730
50 62 479
50 63 469
50 64 467
50 65 560
50 66 519
50 67 557
50 68 323
50 69 730
50 70 477
50 71 566
50 72 382
50 73 540
50 74 466
50 75 99
50 76 520
50 77 295
50 78 165
50 79 491
50 80 572
50 81 496
50 82 417
50 83 486
50 84 233
50 85 566
50 86 578
50 87 461
50 88 318
50 89 179
50 90 120
50 91 404
50 92 30
50 93 656
50 94 116
50 95 447
50 96 482
50 97 141
50 98 281
50 99 610
50 100 160
51 52 549
51 53 458
51 54 451
51 55 737
51 56 998
51 57 430
51 58 667
51 59 667
51 60 1019
51 61 932
51 62 1119
51 63 1143
51 64 1021
51 65 1236
51 66 181
51 67 752
51 68 980
51 69 65
51 70 1098
51 71 121
51 72 985
51 73 948
51 74 1097
51 75 677
51 76 902
51 77 937
51 78 657
51 79 298
51 80 871
51 81 972
51 82 612
51 83 1143
51 84 449
51 85 145
51 86 483
51 87 309
51 88 829
51 89 772
51 90 641
51 91 770
51 92 655
51 93 22
51 94 613
51 95 801
51 96 314
51 97 537
51 98 942
51 99 249
51 100 574
52 53 516
52 54 499
52 55 380
52 56 483
52 57 205
52 58 194
52 59 571
52 60 612
52 61 803
52 62 634
52 63 597
52 64 611
52 65 705
52 66 410
52 67 459
52 68 478
52 69 607
52 70 631
52 71 431
52 72 533
52 73 654
52 74 621
52 75 217
52 76 625
52 77 389
52 78 255
52 79 418
52 80 507
52 81 624
52 82 299
52 83 639
52 84 104
52 85 426
52 86 556
52 87 308
52 88 321
52 89 228
52 90 208
52 91 345
52 92 125
52 93 527
52 94 181
52 95 538
52 96 412
52 97 58
52 98 393
52 99 528
52 100 191
53 54 17
53 55 875
53 56 763
53 57 576
53 58 481
53 59 216
53 60 665
53 61 473
53 62 825
53 63 968
53 64 669
53 65 1002
53 66 309
53 67 936
53 68 729
53 69 463
53 70 787
53 71 441
53 72 675
53 73 534
53 74 797
53 75 474
53 76 486
53 77 835
53 78 414
53 79 178
53 80 1011
53 81 584
53 82 765
53 83 871
53 84 437
53 85 478
53 86 41
53 87 545
53 88 831
53 89 711
53 90 435
53 91 857
53 92 539
53 93 450
53 94 427
53 95 395
53 96 166
53 97 463
53 98 812
53 99 219
53 100 381
54 55 857
54 56 750
54 57 559
54 58 466
54 59 219
54 60 658
54 61 481
54 62 816
54 63 955
54 64 662
54 65 991
54 66 297
54 67 919
54 68 717
54 69 457
54 70 778
54 71 429
54 72 666
54 73 532
54 74 787
54 75 459
54 76 484
54 77 820
54 78 400
54 79 165
54 80 993
54 81 580
54 82 748
54 83 861
54 84 419
54 85 466
54 86 58
54 87 530
54 88 814
54 89 695
54 90 420
54 91 839
54 92 523
54 93 442
54 94 411
54 95 392
54 96 153
54 97 446
54 98 797
54 99 215
54 100 365
55 56 693
55 57 322
55 58 539
55 59 951
55 60 918
55 61 1181
55 62 865
55 63 680
55 64 915
55 65 838
55 66 676
55 67 95
55 68 711
55 69 802
55 70 884
55 71 621
55 72 815
55 73 1007
55 74 864
55 75 563
55 76 986
55 77 450
55 78 619
55 79 740
55 80 139
55 81 960
55 82 125
55 83 841
55 84 438
55 85 592
55 86 916
55 87 427
55 88 246
55 89 343
55 90 570
55 91 94
55 92 442
55 93 716
55 94 549
55 95 907
55 96 740
55 97 439
55 98 496
55 99 826
55 100 569
56 57 682
56 58 331
56 59 662
56 60 291
56 61 745
56 62 171
56 63 228
56 64 285
56 65 243
56 66 829
56 67 788
56 68 43
56 69 1047
56 70 197
56 71 891
56 72 177
56 73 477
56 74 173
56 75 322
56 76 488
56 77 274
56 78 360
56 79 772
56 80 750
56 81 389
56 82 691
56 83 158
56 84 562
56 85 895
56 86 789
56 87 792
56 88 460
56 89 353
56 90 361
56 91 605
56 92 358
56 93 977
56 94 386
56 95 477
56 96 759
56 97 471
56 98 218
56 99 892
56 100 429
57 58 396
57 59 693
57 60 814
57 61 949
57 62 838
57 63 771
57 64 813
57 65 895
57 66 354
57 67 365
57 68 680
57 69 495
57 70 836
57 71 310
57 72 737
57 73 836
57 74 826
57 75 418
57 76 803
57 77 543
57 78 444
57 79 425
57 80 462
57 81 817
57 82 199
57 83 840
57 84 177
57 85 287
57 86 617
57 87 130
57 88 404
57 89 377
57 90 402
57 91 341
57 92 329
57 93 409
57 94 371
57 95 708
57 96 428
57 97 240
57 98 563
57 99 504
57 100 363
58 59 460
58 60 418
58 61 652
58 62 460
58 63 501
58 64 417
58 65 571
58 66 498
58 67 627
58 68 313
58 69 715
58 70 449
58 71 562
58 72 344
58 73 470
58 74 443
58 75 23
58 76 447
58 77 355
58 78 87
58 79 452
58 80 648
58 81 432
58 82 481
58 83 478
58 84 243
58 85 568
58 86 515
58 87 483
58 88 395
58 89 256
58 90 47
58 91 480
58 92 97
58 93 646
58 94 58
58 95 370
58 96 440
58 97 157
58 98 331
58 99 572
58 100 105
59 60 497
59 61 270
59 62 684
59 63 886
59 64 502
59 65 885
59 66 503
59 67 1027
59 68 622
59 69 677
59 70 637
59 71 632
59 72 536
59 73 332
59 74 653
59 75 443
59 76 285
59 77 803
59 78 374
59 79 372
59 80 1078
59 81 398
59 82 859
59 83 740
59 84 525
59 85 665
59 86 208
59 87 698
59 88 852
59 89 715
59 90 414
59 91 913
59 92 545
59 93 657
59 94 422
59 95 212
59 96 357
59 97 513
59 98 767
59 99 435
59 100 390
60 61 490
60 62 211
60 63 501
60 64 6
60 65 433
60 66 838
60 67 1012
60 68 250
60 69 1053
60 70 155
60 71 935
60 72 115
60 73 212
60 74 180
60 75 396
60 76 241
60 77 552
60 78 379
60 79 741
60 80 1000
60 81 117
60 82 884
60 83 278
60 84 652
60 85 950
60 86 678
60 87 893
60 88 711
60 89 579
60 90 414
60 91 840
60 92 498
60 93 1001
60 94 446
60 95 284
60 96 726
60 97 573
60 98 497
60 99 848
60 100 467
61 62 702
61 63 972
61 64 497
61 65 923
61 66 772
61 67 1262
61 68 701
61 69 936
61 70 646
61 71 903
61 72 579
61 73 278
61 74 670
61 75 631
61 76 257
61 77 951
61 78 566
61 79 640
61 80 1298
61 81 373
61 82 1100
61 83 768
61 84 774
61 85 936
61 86 454
61 87 964
61 88 1044
61 89 902
61 90 614
61 91 1130
61 92 748
61 93 923
61 94 632
61 95 288
61 96 626
61 97 745
61 98 905
61 99 691
61 100 612
62 63 316
62 64 204
62 65 223
62 66 943
62 67 960
62 68 159
62 69 1163
62 70 57
62 71 1020
62 72 150
62 73 423
62 74 31
62 75 445
62 76 450
62 77 439
62 78 462
62 79 868
62 80 920
62 81 328
62 82 861
62 83 68
62 84 703
62 85 1028
62 86 845
62 87 940
62 88 630
62 89 524
62 90 479
62 91 777
62 92 509
62 93 1099
62 94 508
62 95 476
62 96 854
62 97 613
62 98 383
62 99 984
62 100 544
63 64 495
63 65 168
63 66 989
63 67 768
63 68 271
63 69 1198
63 70 368
63 71 1028
63 72 396
63 73 700
63 74 339
63 75 501
63 76 714
63 77 236
63 78 555
63 79 953
63 80 693
63 81 609
63 82 719
63 83 254
63 84 694
63 85 1023
63 86 998
63 87 895
63 88 434
63 89 395
63 90 542
63 91 585
63 92 489
63 93 1121
63 94 560
63 95 705
63 96 942
63 97 606
63 98 208
63 99 1073
63 100 606
64 65 427
64 66 840
64 67 1009
64 68 245
64 69 1056
64 70 149
64 71 936
64 72 110
64 73 218
64 74 173
64 75 395
64 76 247
64 77 548
64 78 380
64 79 744
64 80 996
64 81 124
64 82 883
64 83 271
64 84 652
64 85 952
64 86 683
64 87 893
64 88 707
64 89 576
64 90 415
64 91 837
64 92 497
64 93 1003
64 94 447
64 95 289
64 96 729
64 97 573
64 98 493
64 99 852
64 100 468
65 66 1070
65 67 928
65 68 273
65 69 1286
65 70 280
65 71 1126
65 72 353
65 73 645
65 74 253
65 75 564
65 76 669
65 77 388
65 78 604
65 79 1016
65 80 859
65 81 550
65 82 866
65 83 155
65 84 793
65 85 1127
65 86 1027
65 87 1012
65 88 591
65 89 530
65 90 604
65 91 744
65 92 585
65 93 1215
65 94 628
65 95 685
65 96 1003
65 97 702
65 98 346
65 99 1135
65 100 672
66 67 714
66 68 809
66 69 219
66 70 920
66 71 132
66 72 806
66 73 769
66 74 921
66 75 507
66 76 724
66 77 797
66 78 481
66 79 132
66 80 816
66 81 790
66 82 553
66 83 971
66 84 306
66 85 169
66 86 341
66 87 272
66 88 718
66 89 638
66 90 469
66 91 689
66 92 501
66 93 164
66 94 442
66 95 622
66 96 146
66 97 386
66 98 795
66 99 155
66 100 401
67 68 806
67 69 818
67 70 979
67 71 643
67 72 910
67 73 1097
67 74 959
67 75 651
67 76 1074
67 77 541
67 78 705
67 79 791
67 80 134
67 81 1052
67 82 170
67 83 936
67 84 505
67 85 610
67 86 977
67 87 451
67 88 337
67 89 438
67 90 657
67 91 185
67 92 532
67 93 733
67 94 634
67 95 993
67 96 793
67 97 517
67 98 589
67 99 868
67 100 650
68 69 1027
68 70 173
68 71 876
68 72 135
68 73 433
68 74 153
68 75 302
68 76 444
68 77 306
68 78 333
68 79 746
68 80 775
68 81 346
68 82 702
68 83 164
68 84 551
68 85 881
68 86 754
68 87 785
68 88 483
68 89 368
68 90 339
68 91 625
68 92 352
68 93 959
68 94 366
68 95 434
68 96 733
68 97 460
68 98 250
68 99 865
68 100 407
69 70 1139
69 71 185
69 72 1025
69 73 971
69 74 1140
69 75 725
69 76 924
69 77 996
69 78 700
69 79 318
69 80 937
69 81 1000
69 82 677
69 83 1189
69 84 505
69 85 210
69 86 482
69 87 375
69 88 893
69 89 832
69 90 687
69 91 836
69 92 709
69 93 86
69 94 660
69 95 824
69 96 334
69 97 592
69 98 999
69 99 244
69 100 620
70 71 1003
70 72 114
70 73 367
70 74 29
70 75 432
70 76 395
70 77 471
70 78 441
70 79 839
70 80 947
70 81 273
70 82 872
70 83 125
70 84 693
70 85 1013
70 86 805
70 87 933
70 88 656
70 89 541
70 90 462
70 91 798
70 92 507
70 93 1079
70 94 493
70 95 427
70 96 824
70 97 605
70 98 415
70 99 953
70 100 526
71 72 891
71 73 884
71 74 1000
71 75 575
71 76 841
71 77 818
71 78 563
71 79 264
71 80 758
71 81 898
71 82 496
71 83 1040
71 84 334
71 85 41
71 86 473
71 87 194
71 88 708
71 89 653
71 90 541
71 91 651
71 92 542
71 93 99
71 94 511
71 95 739
71 96 277
71 97 424
71 98 825
71 99 268
71 100 477
72 73 304
72 74 121
72 75 325
72 76 321
72 77 437
72 78 328
72 79 724
72 80 891
72 81 214
72 82 790
72 83 203
72 84 587
72 85 902
72 86 695
72 87 828
72 88 600
72 89 473
72 90 352
72 91 734
72 92 412
72 93 965
72 94 384
72 95 332
72 96 709
72 97 501
72 98 382
72 99 838
72 100 414
73 74 391
73 75 446
73 76 48
73 77 708
73 78 398
73 79 652
73 80 1109
73 81 94
73 82 949
73 83 489
73 84 661
73 85 908
73 86 536
73 87 888
73 88 833
73 89 692
73 90 445
73 91 942
73 92 565
73 93 933
73 94 472
73 95 146
73 96 636
73 97 602
73 98 658
73 99 742
73 100 473
74 75 426
74 76 418
74 77 446
74 78 440
74 79 843
74 80 924
74 81 297
74 82 855
74 83 98
74 84 686
74 85 1009
74 86 816
74 87 924
74 88 633
74 89 522
74 90 459
74 91 777
74 92 496
74 93 1078
74 94 489
74 95 445
74 96 828
74 97 597
74 98 390
74 99 958
74 100 523
75 76 423
75 77 365
75 78 69
75 79 454
75 80 671
75 81 408
75 82 505
75 83 465
75 84 261
75 85 583
75 86 507
75 87 502
75 88 415
75 89 274
75 90 40
75 91 502
75 92 120
75 93 657
75 94 64
75 95 347
75 96 442
75 97 178
75 98 338
75 99 574
75 100 107
76 77 706
76 78 370
76 79 606
76 80 1091
76 81 126
76 82 923
76 83 514
76 84 626
76 85 866
76 86 488
76 87 850
76 88 821
76 89 679
76 90 419
76 91 924
76 92 543
76 93 888
76 94 444
76 95 102
76 96 589
76 97 572
76 98 658
76 99 694
76 100 440
77 78 433
77 79 784
77 80 484
77 81 633
77 82 482
77 83 403
77 84 492
77 85 809
77 86 870
77 87 670
77 88 204
77 89 167
77 90 402
77 91 356
77 92 304
77 93 915
77 94 408
77 95 664
77 96 775
77 97 412
77 98 56
77 99 901
77 100 454
78 79 412
78 80 732
78 81 372
78 82 552
78 83 492
78 84 274
78 85 575
78 86 445
78 87 514
78 88 483
78 89 343
78 90 48
78 91 564
78 92 181
78 93 638
78 94 74
78 95 287
78 96 399
78 97 205
78 98 403
78 99 531
78 100 88
79 80 879
79 81 683
79 82 623
79 83 903
79 84 320
79 85 300
79 86 212
79 87 375
79 88 739
79 89 638
79 90 414
79 91 737
79 92 479
79 93 286
79 94 393
79 95 506
79 96 16
79 97 377
79 98 773
79 99 120
79 100 347
80 81 1054
80 82 263
80 83 887
80 84 574
80 85 727
80 86 1052
80 87 563
80 88 291
80 89 421
80 90 684
80 91 168
80 92 551
80 93 851
80 94 666
80 95 1018
80 96 879
80 97 565
80 98 538
80 99 966
80 100 690
81 82 912
81 83 395
81 84 645
81 85 919
81 86 592
81 87 881
81 88 772
81 89 633
81 90 416
81 91 889
81 92 523
81 93 955
81 94 446
81 95 189
81 96 667
81 97 577
81 98 580
81 99 782
81 100 455
82 83 847
82 84 336
82 85 466
82 86 806
82 87 302
82 88 293
82 89 341
82 90 504
82 91 173
82 92 389
82 93 591
82 94 479
82 95 837
82 96 624
82 97 355
82 98 519
82 99 704
82 100 490
83 84 715
83 85 1046
83 86 893
83 87 948
83 88 601
83 89 506
83 90 502
83 91 751
83 92 514
83 93 1123
83 94 530
83 95 535
83 96 889
83 97 624
83 98 349
83 99 1020
83 100 569
84 85 333
84 86 478
84 87 241
84 88 419
84 89 332
84 90 237
84 91 421
84 92 208
84 93 427
84 94 205
84 95 531
84 96 317
84 97 91
84 98 494
84 99 427
84 100 189
85 86 511
85 87 164
85 88 690
85 89 642
85 90 551
85 91 626
85 92 541
85 93 124
85 94 520
85 95 763
85 96 313
85 97 425
85 98 819
85 99 309
85 100 488
86 87 584
86 88 871
86 89 749
86 90 469
86 91 897
86 92 576
86 93 476
86 94 462
86 95 402
86 96 203
86 97 503
86 98 846
86 99 237
86 100 417
87 88 534
87 89 503
87 90 478
87 91 462
87 92 433
87 93 289
87 94 446
87 95 750
87 96 382
87 97 327
87 98 687
87 99 428
87 100 427
88 89 142
88 90 438
88 91 152
88 92 306
88 93 807
88 94 429
88 95 758
88 96 734
88 97 368
88 98 253
88 99 846
88 100 465
89 90 300
89 91 260
89 92 173
89 93 750
89 94 295
89 95 615
89 96 631
89 97 261
89 98 187
89 99 752
89 100 335
90 91 516
90 92 134
90 93 621
90 94 32
90 95 336
90 96 401
90 97 161
90 98 377
90 99 533
90 100 68
91 92 383
91 93 749
91 94 498
91 95 850
91 96 735
91 97 402
91 98 404
91 99 832
91 100 524
92 93 633
92 94 122
92 95 467
92 96 471
92 97 117
92 98 295
92 99 597
92 100 161
93 94 593
93 95 786
93 96 302
93 97 515
93 98 920
93 99 245
93 100 554
94 95 359
94 96 382
94 97 131
94 98 387
94 99 513
94 100 47
95 96 490
95 97 483
95 98 620
95 99 598
95 100 349
96 97 370
96 98 763
96 99 132
96 100 335
97 98 409
97 99 491
97 100 134
98 99 891
98 100 434
99 100 467
