50 1225
1 2 808
1 3 368
1 4 255
1 5 222
1 6 958
1 7 82
1 8 736
1 9 552
1 10 632
1 11 942
1 12 891
1 13 864
1 14 341
1 15 1182
1 16 946
1 17 859
1 18 810
1 19 328
1 20 1032
1 21 484
1 22 404
1 23 412
1 24 717
1 25 166
1 26 424
1 27 226
1 28 110
1 29 555
1 30 496
1 31 181
1 32 983
1 33 836
1 34 239
1 35 561
1 36 658
1 37 771
1 38 358
1 39 313
1 40 151
1 41 232
1 42 87
1 43 722
1 44 331
1 45 100
1 46 766
1 47 755
1 48 164
1 49 750
1 50 170
2 3 527
2 4 760
2 5 773
2 6 214
2 7 885
2 8 228
2 9 567
2 10 389
2 11 281
2 12 372
2 13 274
2 14 670
2 15 443
2 16 164
2 17 52
2 18 16
2 19 566
2 20 231
2 21 383
2 22 561
2 23 436
2 24 266
2 25 703
2 26 476
2 27 625
2 28 830
2 29 814
2 30 431
2 31 648
2 32 180
2 33 143
2 34 631
2 35 430
2 36 149
2 37 83
2 38 583
2 39 604
2 40 865
2 41 577
2 42 885
2 43 219
2 44 570
2 45 708
2 46 77
2 47 579
2 48 789
2 49 404
2 50 893
3 4 234
3 5 252
3 6 628
3 7 450
3 8 555
3 9 212
3 10 545
3 11 593
3 12 526
3 13 510
3 14 147
3 15 837
3 16 688
3 17 573
3 18 524
3 19 44
3 20 726
3 21 145
3 22 70
3 23 96
3 24 365
3 25 212
3 26 392
3 27 330
3 28 340
3 29 359
3 30 131
3 31 188
3 32 706
3 33 510
3 34 353
3 35 193
3 36 397
3 37 522
3 38 423
3 39 77
3 40 491
3 41 229
3 42 456
3 43 381
3 44 383
3 45 287
3 46 464
3 47 403
3 48 448
3 49 654
3 50 518
4 5 34
4 6 860
4 7 316
4 8 764
4 9 341
4 10 716
4 11 818
4 12 735
4 13 733
4 14 118
4 15 1062
4 16 918
4 17 807
4 18 758
4 19 193
4 20 960
4 21 380
4 22 224
4 23 324
4 24 592
4 25 122
4 26 525
4 27 373
4 28 165
4 29 300
4 30 355
4 31 180
4 32 940
4 33 744
4 34 396
4 35 400
4 36 624
4 37 749
4 38 507
4 39 157
4 40 406
4 41 300
4 42 326
4 43 613
4 44 469
4 45 241
4 46 699
4 47 540
4 48 403
4 49 833
4 50 425
5 6 880
5 7 281
5 8 766
5 9 372
5 10 710
5 11 841
5 12 762
5 13 757
5 14 148
5 15 1085
5 16 929
5 17 821
5 18 771
5 19 209
5 20 977
5 21 397
5 22 250
5 23 337
5 24 614
5 25 104
5 26 515
5 27 354
5 28 130
5 29 333
5 30 376
5 31 168
5 32 953
5 33 763
5 34 377
5 35 426
5 36 634
5 37 758
5 38 491
5 39 174
5 40 374
5 41 289
5 42 292
5 43 633
5 44 454
5 45 216
5 46 714
5 47 573
5 48 374
5 49 829
5 50 392
6 7 1039
6 8 440
6 9 593
6 10 604
6 11 105
6 12 245
6 13 164
6 14 754
6 15 235
6 16 263
6 17 179
6 18 201
6 19 672
6 20 134
6 21 486
6 22 640
6 23 553
6 24 273
6 25 830
6 26 676
6 27 802
6 28 961
6 29 839
6 30 506
6 31 784
6 32 215
6 33 121
6 34 812
6 35 474
6 36 335
6 37 297
6 38 780
6 39 706
6 40 1036
6 41 738
6 42 1042
6 43 247
6 44 762
6 45 860
6 46 208
6 47 528
6 48 966
6 49 613
6 50 1065
7 8 803
7 9 629
7 10 688
7 11 1024
7 12 974
7 13 946
7 14 413
7 15 1264
7 16 1020
7 17 937
7 18 888
7 19 409
7 20 1111
7 21 567
7 22 484
7 23 495
7 24 800
7 25 244
7 26 481
7 27 283
7 28 153
7 29 613
7 30 579
7 31 264
7 32 1059
7 33 917
7 34 291
7 35 643
7 36 735
7 37 845
7 38 403
7 39 392
7 40 118
7 41 307
7 42 12
7 43 804
7 44 383
7 45 179
7 46 845
7 47 833
7 48 171
7 49 804
7 50 123
8 9 670
8 10 176
8 11 509
8 12 586
8 13 491
8 14 702
8 15 659
8 16 257
8 17 262
8 18 243
8 19 583
8 20 420
8 21 440
8 22 611
8 23 460
8 24 438
8 25 676
8 26 332
8 27 521
8 28 788
8 29 896
8 30 508
8 31 611
8 32 317
8 33 367
8 34 518
8 35 537
8 36 200
8 37 145
8 38 435
8 39 620
8 40 754
8 41 509
8 42 800
8 43 394
8 44 436
8 45 640
8 46 274
8 47 740
8 48 674
8 49 176
8 50 780
9 10 705
9 11 525
9 12 416
9 13 440
9 14 224
9 15 760
9 16 731
9 17 600
9 18 558
9 19 237
9 20 714
9 21 238
9 22 152
9 23 257
9 24 324
9 25 386
9 26 586
9 27 543
9 28 494
9 29 249
9 30 166
9 31 386
9 32 730
9 33 495
9 34 566
9 35 137
9 36 477
9 37 592
9 38 630
9 39 241
9 40 689
9 41 442
9 42 637
9 43 362
9 44 591
9 45 486
9 46 491
9 47 203
9 48 655
9 49 802
9 50 714
10 11 661
10 12 716
10 13 629
10 14 680
10 15 830
10 16 433
10 17 430
10 18 403
10 19 560
10 20 595
10 21 467
10 22 611
10 23 460
10 24 545
10 25 610
10 26 208
10 27 406
10 28 703
10 29 903
10 30 539
10 31 543
10 32 494
10 33 515
10 34 397
10 35 587
10 36 305
10 37 308
10 38 292
10 39 593
10 40 621
10 41 427
10 42 684
10 43 507
10 44 306
10 45 546
10 46 416
10 47 817
10 48 540
10 49 119
10 50 645
11 12 143
11 13 85
11 14 706
11 15 244
11 16 363
11 17 259
11 18 265
11 19 637
11 20 237
11 21 458
11 22 594
11 23 529
11 24 227
11 25 802
11 26 703
11 27 806
11 28 932
11 29 765
11 30 464
11 31 763
11 32 319
11 33 145
11 34 819
11 35 419
11 36 368
11 37 363
11 38 803
11 39 668
11 40 1033
11 41 732
11 42 1028
11 43 220
11 44 780
11 45 846
11 46 245
11 47 436
11 48 967
11 49 685
11 50 1062
12 13 98
12 14 618
12 15 348
12 16 487
12 17 367
12 18 356
12 19 570
12 20 379
12 21 412
12 22 512
12 23 483
12 24 191
12 25 739
12 26 717
12 27 787
12 28 865
12 29 643
12 30 395
12 31 709
12 32 452
12 33 229
12 34 803
12 35 336
12 36 411
12 37 446
12 38 808
12 39 595
12 40 998
12 41 701
12 42 979
12 43 214
12 44 779
12 45 801
12 46 312
12 47 298
12 48 940
12 49 761
12 50 1027
13 14 621
13 15 328
13 16 390
13 17 268
13 18 258
13 19 554
13 20 298
13 21 379
13 22 509
13 23 451
13 24 146
13 25 721
13 26 648
13 27 738
13 28 850
13 29 682
13 30 380
13 31 683
13 32 359
13 33 131
13 34 751
13 35 334
13 36 326
13 37 350
13 38 744
13 39 584
13 40 960
13 41 659
13 42 950
13 43 148
13 44 719
13 45 769
13 46 217
13 47 363
13 48 896
13 49 668
13 50 988
14 15 949
14 16 832
14 17 714
14 18 666
14 19 120
14 20 859
14 21 286
14 22 113
14 23 243
14 24 483
14 25 178
14 26 508
14 27 395
14 28 271
14 29 245
14 30 248
14 31 204
14 32 848
14 33 640
14 34 419
14 35 286
14 36 543
14 37 668
14 38 515
14 39 86
14 40 488
14 41 303
14 42 422
14 43 507
14 44 475
14 45 295
14 46 604
14 47 425
14 48 468
14 49 793
14 50 510
15 16 435
15 17 399
15 18 431
15 19 881
15 20 251
15 21 701
15 22 837
15 23 771
15 24 471
15 25 1045
15 26 912
15 27 1035
15 28 1175
15 29 991
15 30 708
15 31 1004
15 32 370
15 33 353
15 34 1046
15 35 662
15 36 571
15 37 522
15 38 1016
15 39 912
15 40 1267
15 41 967
15 42 1267
15 43 460
15 44 998
15 45 1085
15 46 443
15 47 641
15 48 1198
15 49 824
15 50 1296
16 17 133
16 18 172
16 19 725
16 20 184
16 21 546
16 22 725
16 23 594
16 24 421
16 25 854
16 26 575
16 27 747
16 28 978
16 29 978
16 30 596
16 31 795
16 32 65
16 33 266
16 34 749
16 35 594
16 36 295
16 37 175
16 38 681
16 39 763
16 40 986
16 41 713
16 42 1019
16 43 376
16 44 676
16 45 846
16 46 239
16 47 729
16 48 908
16 49 399
16 50 1014
17 18 49
17 19 613
17 20 179
17 21 428
17 22 604
17 23 483
17 24 287
17 25 753
17 26 527
17 27 677
17 28 880
17 29 849
17 30 472
17 31 698
17 32 134
17 33 138
17 34 683
17 35 465
17 36 201
17 37 122
17 38 634
17 39 650
17 40 917
17 41 629
17 42 937
17 43 242
17 44 621
17 45 759
17 46 111
17 47 596
17 48 842
17 49 434
17 50 945
18 19 564
18 20 225
18 21 379
18 22 556
18 23 434
18 24 253
18 25 703
18 26 485
18 27 631
18 28 831
18 29 806
18 30 425
18 31 648
18 32 182
18 33 127
18 34 637
18 35 421
18 36 154
18 37 98
18 38 592
18 39 601
18 40 870
18 41 581
18 42 889
18 43 206
18 44 577
18 45 710
18 46 67
18 47 566
18 48 795
18 49 420
18 50 898
19 20 768
19 21 187
19 22 85
19 23 131
19 24 410
19 25 169
19 26 395
19 27 310
19 28 296
19 29 351
19 30 175
19 31 151
19 32 746
19 33 554
19 34 334
19 35 235
19 36 432
19 37 557
19 38 415
19 39 37
19 40 456
19 41 211
19 42 415
19 43 425
19 44 374
19 45 251
19 46 505
19 47 435
19 48 417
19 49 673
19 50 482
20 21 580
20 22 746
20 23 642
20 24 390
20 25 917
20 26 706
20 27 856
20 28 1047
20 29 963
20 30 612
20 31 866
20 32 119
20 33 220
20 34 862
20 35 588
20 36 379
20 37 296
20 38 813
20 39 803
20 40 1095
20 41 804
20 42 1112
20 43 356
20 44 801
20 45 932
20 46 267
20 47 662
20 48 1020
20 49 578
20 50 1123
21 22 180
21 23 71
21 24 233
21 25 345
21 26 365
21 27 381
21 28 475
21 29 457
21 30 72
21 31 304
21 32 562
21 33 366
21 34 399
21 35 129
21 36 261
21 37 385
21 38 430
21 39 223
21 40 586
21 41 290
21 42 571
21 43 241
21 44 395
21 45 391
21 46 319
21 47 372
21 48 529
21 49 564
21 50 614
22 23 153
22 24 369
22 25 240
22 26 463
22 27 395
22 28 358
22 29 291
22 30 134
22 31 234
22 32 738
22 33 527
22 34 418
22 35 176
22 36 441
22 37 565
22 38 493
22 39 91
22 40 538
22 41 294
22 42 491
22 43 393
22 44 453
22 45 334
22 46 493
22 47 352
22 48 502
22 49 719
22 50 563
23 24 305
23 25 277
23 26 329
23 27 317
23 28 407
23 29 444
23 30 109
23 31 233
23 32 616
23 33 432
23 34 336
23 35 179
23 36 301
23 37 427
23 38 380
23 39 168
23 40 515
23 41 222
23 42 499
23 43 311
23 44 343
23 45 319
23 46 377
23 47 418
23 48 460
23 49 566
23 50 544
24 25 575
24 26 527
24 27 598
24 28 705
24 29 573
24 30 237
24 31 537
24 32 411
24 33 170
24 34 613
24 35 200
24 36 243
24 37 317
24 38 617
24 39 441
24 40 816
24 41 516
24 42 804
24 43 47
24 44 588
24 45 624
24 46 188
24 47 313
24 48 754
24 49 606
24 50 844
25 26 412
25 27 251
25 28 130
25 29 408
25 30 343
25 31 66
25 32 883
25 33 710
25 34 273
25 35 404
25 36 559
25 37 681
25 38 386
25 39 148
25 40 310
25 41 185
25 42 251
25 43 586
25 44 349
25 45 122
25 46 651
25 47 589
25 48 292
25 49 729
25 50 332
26 27 198
26 28 497
26 29 747
26 30 431
26 31 346
26 32 626
26 33 564
26 34 190
26 35 494
26 36 340
26 37 412
26 38 107
26 39 423
26 40 422
26 41 226
26 42 477
26 43 504
26 44 104
26 45 338
26 46 468
26 47 738
26 48 342
26 49 326
26 50 448
27 28 308
27 29 641
27 30 424
27 31 196
27 32 791
27 33 682
27 34 24
27 35 495
27 36 477
27 37 575
27 38 139
27 39 322
27 40 239
27 41 100
27 42 280
27 43 589
27 44 107
27 45 149
27 46 597
27 47 728
27 48 164
27 49 524
27 50 267
28 29 459
28 30 471
28 31 182
28 32 1009
28 33 840
28 34 326
28 35 529
28 36 684
28 37 803
28 38 446
28 39 270
28 40 256
28 41 280
28 42 164
28 43 717
28 44 415
28 45 159
28 46 779
28 47 696
28 48 275
28 49 823
28 50 270
29 30 391
29 31 447
29 32 980
29 33 744
29 34 665
29 35 384
29 36 714
29 37 834
29 38 760
29 39 326
29 40 707
29 41 549
29 42 624
29 43 612
29 44 720
29 45 531
29 46 739
29 47 364
29 48 700
29 49 1010
29 50 725
30 31 315
30 32 606
30 33 392
30 34 445
30 35 70
30 36 322
30 37 443
30 38 489
30 39 203
30 40 612
30 41 327
30 42 584
30 43 259
30 44 452
30 45 410
30 46 361
30 47 309
30 48 562
30 49 636
30 50 639
31 32 826
31 33 663
31 34 220
31 35 381
31 36 501
31 37 621
31 38 326
31 39 145
31 40 304
31 41 120
31 42 269
31 43 544
31 44 288
31 45 100
31 46 598
31 47 585
31 48 270
31 49 662
31 50 330
32 33 245
32 34 795
32 35 596
32 36 325
32 37 216
32 38 733
32 39 783
32 40 1031
32 41 751
32 42 1059
32 43 369
32 44 725
32 45 883
32 46 244
32 47 711
32 48 954
32 49 465
32 50 1059
33 34 692
33 35 367
33 36 225
33 37 222
33 38 666
33 39 588
33 40 915
33 41 616
33 42 920
33 43 135
33 44 646
33 45 738
33 46 100
33 47 465
33 48 845
33 49 543
33 50 944
34 35 515
34 36 484
34 37 578
34 38 120
34 39 346
34 40 237
34 41 123
34 42 286
34 43 603
34 44 92
34 45 168
34 46 606
34 47 750
34 48 159
34 49 513
34 50 264
35 36 341
35 37 454
35 38 557
35 39 259
35 40 681
35 41 398
35 42 649
35 43 232
35 44 521
35 45 478
35 46 354
35 47 243
35 48 632
35 49 677
35 50 708
36 37 125
36 38 444
36 39 470
36 40 716
36 41 428
36 42 736
36 43 203
36 44 427
36 45 558
36 46 127
36 47 539
36 48 641
36 49 362
36 50 744
37 38 519
37 39 595
37 40 815
37 41 538
37 42 844
37 43 271
37 44 510
37 45 671
37 46 136
37 47 629
37 48 738
37 49 321
37 50 843
38 39 435
38 40 328
38 41 212
38 42 397
38 43 597
38 44 40
38 45 288
38 46 572
38 47 799
38 48 248
38 49 404
38 50 352
39 40 448
39 41 225
39 42 399
39 43 458
39 44 394
39 45 245
39 46 542
39 47 443
39 48 416
39 49 707
39 50 473
40 41 301
40 42 107
40 43 813
40 44 319
40 45 204
40 46 834
40 47 890
40 48 80
40 49 732
40 50 28
41 42 308
41 43 512
41 44 172
41 45 132
41 46 539
41 47 628
41 48 239
41 49 546
41 50 329
42 43 808
42 44 378
42 45 181
42 46 846
42 47 841
42 48 162
42 49 799
42 50 111
43 44 571
43 45 626
43 46 141
43 47 360
43 48 749
43 49 563
43 50 842
44 45 256
44 46 554
44 47 762
44 48 238
44 49 421
44 50 344
45 46 666
45 47 686
45 48 172
45 49 665
45 50 230
46 47 502
46 48 762
46 49 450
46 50 863
47 48 851
47 49 896
47 50 915
48 49 652
48 50 106
49 50 755
