100 4950
1 2 643
1 3 610
1 4 775
1 5 53
1 6 602
1 7 128
1 8 90
1 9 213
1 10 917
1 11 312
1 12 548
1 13 438
1 14 701
1 15 434
1 16 353
1 17 269
1 18 701
1 19 561
1 20 915
1 21 205
1 22 214
1 23 686
1 24 473
1 25 321
1 26 302
1 27 252
1 28 876
1 29 721
1 30 320
1 31 466
1 32 674
1 33 781
1 34 250
1 35 116
1 36 571
1 37 720
1 38 885
1 39 308
1 40 18
1 41 533
1 42 553
1 43 1060
1 44 327
1 45 648
1 46 392
1 47 654
1 48 290
1 49 979
1 50 733
1 51 668
1 52 495
1 53 395
1 54 213
1 55 617
1 56 443
1 57 265
1 58 163
1 59 484
1 60 376
1 61 393
1 62 522
1 63 137
1 64 262
1 65 276
1 66 857
1 67 254
1 68 194
1 69 399
1 70 130
1 71 293
1 72 217
1 73 789
1 74 932
1 75 793
1 76 358
1 77 841
1 78 771
1 79 212
1 80 423
1 81 1014
1 82 868
1 83 904
1 84 822
1 85 604
1 86 485
1 87 599
1 88 832
1 89 181
1 90 1020
1 91 426
1 92 281
1 93 548
1 94 216
1 95 489
1 96 864
1 97 812
1 98 38
1 99 553
1 100 833
2 3 461
2 4 133
2 5 696
2 6 386
2 7 755
2 8 645
2 9 718
2 10 324
2 11 761
2 12 421
2 13 295
2 14 156
2 15 326
2 16 574
2 17 802
2 18 200
2 19 257
2 20 421
2 21 797
2 22 539
2 23 48
2 24 672
2 25 652
2 26 555
2 27 433
2 28 710
2 29 83
2 30 550
2 31 635
2 32 630
2 33 139
2 34 430
2 35 614
2 36 438
2 37 106
2 38 266
2 39 414
2 40 646
2 41 136
2 42 184
2 43 420
2 44 739
2 45 379
2 46 657
2 47 96
2 48 535
2 49 365
2 50 311
2 51 493
2 52 472
2 53 613
2 54 434
2 55 320
2 56 650
2 57 436
2 58 572
2 59 160
2 60 347
2 61 472
2 62 526
2 63 520
2 64 486
2 65 469
2 66 249
2 67 750
2 68 657
2 69 443
2 70 531
2 71 678
2 72 540
2 73 279
2 74 289
2 75 324
2 76 287
2 77 252
2 78 370
2 79 432
2 80 673
2 81 390
2 82 227
2 83 263
2 84 182
2 85 558
2 86 282
2 87 52
2 88 340
2 89 562
2 90 382
2 91 531
2 92 545
2 93 509
2 94 547
2 95 516
2 96 278
2 97 488
2 98 662
2 99 508
2 100 338
3 4 549
3 5 642
3 6 76
3 7 656
3 8 549
3 9 532
3 10 495
3 11 510
3 12 67
3 13 249
3 14 616
3 15 225
3 16 301
3 17 594
3 18 656
3 19 206
3 20 391
3 21 642
3 22 400
3 23 462
3 24 302
3 25 387
3 26 738
3 27 575
3 28 294
3 29 473
3 30 313
3 31 268
3 32 168
3 33 516
3 34 567
3 35 509
3 36 798
3 37 564
3 38 518
3 39 313
3 40 600
3 41 498
3 42 572
3 43 783
3 44 473
3 45 786
3 46 341
3 47 379
3 48 714
3 49 570
3 50 243
3 51 883
3 52 120
3 53 299
3 54 448
3 55 726
3 56 299
3 57 356
3 58 454
3 59 402
3 60 273
3 61 726
3 62 126
3 63 482
3 64 348
3 65 334
3 66 692
3 67 539
3 68 484
3 69 211
3 70 580
3 71 433
3 72 397
3 73 741
3 74 626
3 75 302
3 76 400
3 77 447
3 78 819
3 79 494
3 80 337
3 81 615
3 82 619
3 83 647
3 84 591
3 85 105
3 86 217
3 87 418
3 88 801
3 89 435
3 90 757
3 91 793
3 92 716
3 93 841
3 94 674
3 95 147
3 96 729
3 97 215
3 98 647
3 99 842
3 100 343
4 5 828
4 6 473
4 7 889
4 8 779
4 9 851
4 10 257
4 11 891
4 12 520
4 13 419
4 14 157
4 15 448
4 16 698
4 17 934
4 18 203
4 19 357
4 20 401
4 21 930
4 22 671
4 23 99
4 24 787
4 25 779
4 26 666
4 27 557
4 28 763
4 29 76
4 30 677
4 31 750
4 32 716
4 33 46
4 34 555
4 35 747
4 36 501
4 37 81
4 38 181
4 39 545
4 40 779
4 41 252
4 42 273
4 43 287
4 44 867
4 45 417
4 46 779
4 47 173
4 48 647
4 49 273
4 50 350
4 51 532
4 52 580
4 53 734
4 54 567
4 55 367
4 56 767
4 57 568
4 58 706
4 59 293
4 60 475
4 61 572
4 62 631
4 63 653
4 64 617
4 65 600
4 66 144
4 67 882
4 68 789
4 69 564
4 70 660
4 71 807
4 72 672
4 73 240
4 74 163
4 75 337
4 76 420
4 77 204
4 78 361
4 79 564
4 80 794
4 81 287
4 82 93
4 83 129
4 84 49
4 85 651
4 86 399
4 87 183
4 88 294
4 89 695
4 90 249
4 91 624
4 92 658
4 93 579
4 94 668
4 95 625
4 96 186
4 97 525
4 98 793
4 99 576
4 100 334
5 6 639
5 7 79
5 8 97
5 9 197
5 10 966
5 11 297
5 12 582
5 13 483
5 14 754
5 15 477
5 16 371
5 17 240
5 18 755
5 19 606
5 20 959
5 21 165
5 22 242
5 23 739
5 24 482
5 25 327
5 26 340
5 27 304
5 28 901
5 29 773
5 30 342
5 31 479
5 32 695
5 33 833
5 34 302
5 35 134
5 36 618
5 37 773
5 38 936
5 39 349
5 40 50
5 41 586
5 42 606
5 43 1113
5 44 318
5 45 697
5 46 400
5 47 705
5 48 331
5 49 1028
5 50 777
5 51 714
5 52 525
5 53 408
5 54 264
5 55 668
5 56 453
5 57 307
5 58 189
5 59 536
5 60 420
5 61 438
5 62 548
5 63 184
5 64 296
5 65 312
5 66 910
5 67 235
5 68 195
5 69 432
5 70 182
5 71 293
5 72 245
5 73 842
5 74 984
5 75 837
5 76 410
5 77 891
5 78 822
5 79 265
5 80 430
5 81 1064
5 82 921
5 83 957
5 84 875
5 85 629
5 86 530
5 87 651
5 88 884
5 89 208
5 90 1073
5 91 467
5 92 321
5 93 591
5 94 257
5 95 515
5 96 918
5 97 849
5 98 56
5 99 596
5 100 878
6 7 662
6 8 550
6 9 551
6 10 432
6 11 542
6 12 70
6 13 200
6 14 541
6 15 185
6 16 327
6 17 620
6 18 582
6 19 133
6 20 348
6 21 658
6 22 401
6 23 386
6 24 356
6 25 417
6 26 699
6 27 536
6 28 348
6 29 397
6 30 331
6 31 320
6 32 244
6 33 441
6 34 528
6 35 510
6 36 737
6 37 488
6 38 449
6 39 295
6 40 594
6 41 429
6 42 503
6 43 711
6 44 507
6 45 719
6 46 382
6 47 303
6 48 675
6 49 507
6 50 181
6 51 819
6 52 149
6 53 337
6 54 422
6 55 658
6 56 347
6 57 339
6 58 454
6 59 337
6 60 240
6 61 677
6 62 179
6 63 468
6 64 343
6 65 327
6 66 616
6 67 563
6 68 498
6 69 211
6 70 556
6 71 460
6 72 399
6 73 666
6 74 553
6 75 244
6 76 351
6 77 378
6 78 747
6 79 463
6 80 383
6 81 551
6 82 544
6 83 573
6 84 516
6 85 179
6 86 160
6 87 343
6 88 726
6 89 436
6 90 684
6 91 745
6 92 679
6 93 784
6 94 641
6 95 189
6 96 653
6 97 210
6 98 637
6 99 785
6 100 288
7 8 116
7 9 156
7 10 1013
7 11 248
7 12 600
7 13 523
7 14 823
7 15 512
7 16 367
7 17 174
7 18 826
7 19 644
7 20 994
7 21 89
7 22 262
7 23 797
7 24 460
7 25 306
7 26 419
7 27 380
7 28 898
7 29 830
7 30 345
7 31 464
7 32 689
7 33 891
7 34 377
7 35 154
7 36 698
7 37 838
7 38 987
7 39 384
7 40 116
7 41 652
7 42 677
7 43 1175
7 44 275
7 45 776
7 46 379
7 47 757
7 48 410
7 49 1078
7 50 811
7 51 794
7 52 536
7 53 396
7 54 321
7 55 745
7 56 435
7 57 344
7 58 209
7 59 595
7 60 458
7 61 518
7 62 552
7 63 235
7 64 321
7 65 338
7 66 977
7 67 184
7 68 178
7 69 451
7 70 258
7 71 265
7 72 263
7 73 915
7 74 1042
7 75 874
7 76 468
7 77 938
7 78 899
7 79 331
7 80 406
7 81 1115
7 82 982
7 83 1018
7 84 937
7 85 630
7 86 568
7 87 709
7 88 959
7 89 227
7 90 1136
7 91 546
7 92 401
7 93 671
7 94 337
7 95 520
7 96 987
7 97 868
7 98 136
7 99 676
7 100 916
8 9 127
8 10 897
8 11 225
8 12 491
8 13 407
8 14 721
8 15 396
8 16 274
8 17 196
8 18 728
8 19 528
8 20 878
8 21 155
8 22 149
8 23 685
8 24 387
8 25 233
8 26 380
8 27 300
8 28 803
8 29 718
8 30 245
8 31 382
8 32 598
8 33 779
8 34 296
8 35 39
8 36 632
8 37 731
8 38 872
8 39 268
8 40 72
8 41 549
8 42 579
8 43 1066
8 44 238
8 45 699
8 46 305
8 47 643
8 48 366
8 49 962
8 50 695
8 51 731
8 52 430
8 53 311
8 54 213
8 55 663
8 56 357
8 57 228
8 58 96
8 59 485
8 60 342
8 61 461
8 62 451
8 63 126
8 64 207
8 65 224
8 66 873
8 67 170
8 68 103
8 69 340
8 70 187
8 71 203
8 72 151
8 73 819
8 74 930
8 75 758
8 76 358
8 77 823
8 78 814
8 79 233
8 80 335
8 81 1000
8 82 872
8 83 908
8 84 827
8 85 532
8 86 452
8 87 597
8 88 866
8 89 114
8 90 1027
8 91 501
8 92 359
8 93 617
8 94 292
8 95 419
8 96 885
8 97 758
8 98 126
8 99 622
8 100 800
9 10 938
9 11 100
9 12 484
9 13 449
9 14 813
9 15 430
9 16 232
9 17 83
9 18 824
9 19 560
9 20 895
9 21 110
9 22 180
9 23 754
9 24 307
9 25 157
9 26 508
9 27 420
9 28 754
9 29 785
9 30 220
9 31 314
9 32 544
9 33 845
9 34 415
9 35 129
9 36 754
9 37 812
9 38 924
9 39 310
9 40 194
9 41 638
9 42 678
9 43 1137
9 44 121
9 45 815
9 46 226
9 47 701
9 48 494
9 49 1007
9 50 716
9 51 854
9 52 412
9 53 250
9 54 307
9 55 775
9 56 283
9 57 282
9 58 149
9 59 562
9 60 385
9 61 586
9 62 417
9 63 228
9 64 237
9 65 255
9 66 957
9 67 43
9 68 61
9 69 343
9 70 312
9 71 112
9 72 179
9 73 918
9 74 994
9 75 780
9 76 440
9 77 867
9 78 924
9 79 341
9 80 252
9 81 1048
9 82 944
9 83 980
9 84 901
9 85 491
9 86 487
9 87 668
9 88 968
9 89 157
9 90 1100
9 91 628
9 92 487
9 93 743
9 94 420
9 95 388
9 96 974
9 97 748
9 98 244
9 99 747
9 100 824
10 11 952
10 12 499
10 13 492
10 14 414
10 15 508
10 16 739
10 17 1016
10 18 461
10 19 378
10 20 178
10 21 1034
10 22 763
10 23 277
10 24 787
10 25 829
10 26 876
10 27 741
10 28 614
10 29 247
10 30 731
10 31 751
10 32 638
10 33 215
10 34 737
10 35 860
10 36 751
10 37 335
10 38 80
10 39 633
10 40 916
10 41 461
10 42 506
10 43 322
10 44 921
10 45 673
10 46 806
10 47 270
10 48 854
10 49 75
10 50 252
10 51 789
10 52 576
10 53 760
10 54 704
10 55 621
10 56 777
10 57 669
10 58 809
10 59 451
10 60 557
10 61 797
10 62 611
10 63 782
10 64 703
10 65 685
10 66 358
10 67 960
10 68 878
10 69 604
10 70 822
10 71 867
10 72 763
10 73 490
10 74 187
10 75 196
10 76 566
10 77 77
10 78 615
10 79 719
10 80 811
10 81 120
10 82 245
10 83 247
10 84 256
10 85 598
10 86 451
10 87 344
10 88 537
10 89 794
10 90 312
10 91 856
10 92 864
10 93 826
10 94 858
10 95 619
10 96 405
10 97 373
10 98 943
10 99 825
10 100 160
11 12 472
11 13 476
11 14 869
11 15 452
11 16 216
11 17 96
11 18 885
11 19 575
11 20 891
11 21 178
11 22 231
11 23 793
11 24 244
11 25 125
11 26 605
11 27 505
11 28 700
11 29 821
11 30 222
11 31 261
11 32 492
11 33 881
11 34 499
11 35 219
11 36 839
11 37 860
11 38 946
11 39 347
11 40 294
11 41 695
11 42 742
11 43 1174
11 44 38
11 45 893
11 46 174
11 47 732
11 48 589
11 49 1024
11 50 717
11 51 939
11 52 395
11 53 211
11 54 379
11 55 850
11 56 227
11 57 330
11 58 220
11 59 611
11 60 416
11 61 677
11 62 387
11 63 309
11 64 276
11 65 292
11 66 1007
11 67 63
11 68 133
11 69 348
11 70 405
11 71 85
11 72 229
11 73 980
11 74 1025
11 75 782
11 76 497
11 77 885
11 78 996
11 79 420
11 80 190
11 81 1066
11 82 983
11 83 1018
11 84 941
11 85 451
11 86 507
11 87 709
11 88 1033
11 89 221
11 90 1138
11 91 722
11 92 582
11 93 833
11 94 516
11 95 362
11 96 1027
11 97 725
11 98 344
11 99 837
11 100 826
12 13 184
12 14 572
12 15 159
12 16 257
12 17 551
12 18 610
12 19 164
12 20 418
12 21 592
12 22 341
12 23 428
12 24 288
12 25 347
12 26 670
12 27 507
12 28 361
12 29 444
12 30 264
12 31 251
12 32 216
12 33 492
12 34 499
12 35 451
12 36 737
12 37 526
12 38 512
12 39 247
12 40 539
12 41 443
12 42 516
12 43 769
12 44 437
12 45 729
12 46 312
12 47 346
12 48 646
12 49 574
12 50 250
12 51 823
12 52 78
12 53 266
12 54 381
12 55 669
12 56 278
12 57 290
12 58 395
12 59 345
12 60 205
12 61 660
12 62 114
12 63 418
12 64 286
12 65 271
12 66 660
12 67 495
12 68 433
12 69 150
12 70 513
12 71 391
12 72 339
12 73 698
12 74 612
12 75 314
12 76 334
12 77 443
12 78 770
12 79 427
12 80 313
12 81 618
12 82 597
12 83 627
12 84 565
12 85 138
12 86 158
12 87 374
12 88 758
12 89 376
12 90 741
12 91 726
12 92 649
12 93 777
12 94 606
12 95 119
12 96 696
12 97 267
12 98 584
12 99 779
12 100 358
13 14 428
13 15 32
13 16 279
13 17 529
13 18 458
13 19 123
13 20 477
13 21 542
13 22 271
13 23 320
13 24 380
13 25 360
13 26 499
13 27 336
13 28 543
13 29 346
13 30 258
13 31 344
13 32 396
13 33 405
13 34 329
13 35 369
13 36 553
13 37 400
13 38 475
13 39 141
13 40 434
13 41 275
13 42 345
13 43 698
13 44 449
13 45 552
13 46 361
13 47 255
13 48 475
13 49 559
13 50 295
13 51 641
13 52 200
13 53 318
13 54 236
13 55 493
13 56 356
13 57 178
13 58 317
13 59 175
13 60 65
13 61 478
13 62 256
13 63 300
13 64 212
13 65 193
13 66 545
13 67 474
13 68 388
13 69 148
13 70 369
13 71 391
13 72 271
13 73 551
13 74 549
13 75 355
13 76 151
13 77 419
13 78 606
13 79 270
13 80 378
13 81 599
13 82 509
13 83 543
13 84 469
13 85 313
13 86 48
13 87 242
13 88 610
13 89 302
13 90 663
13 91 545
13 92 479
13 93 593
13 94 445
13 95 237
13 96 572
13 97 401
13 98 469
13 99 594
13 100 395
14 15 460
14 16 698
14 17 896
14 18 48
14 19 410
14 20 547
14 21 877
14 22 639
14 23 173
14 24 808
14 25 769
14 26 543
14 27 461
14 28 865
14 29 185
14 30 670
14 31 772
14 32 784
14 33 199
14 34 460
14 35 696
14 36 346
14 37 79
14 38 338
14 39 526
14 40 708
14 41 174
14 42 151
14 43 382
14 44 850
14 45 259
14 46 784
14 47 249
14 48 527
14 49 429
14 50 462
14 51 375
14 52 618
14 53 742
14 54 509
14 55 211
14 56 783
14 57 538
14 58 663
14 59 261
14 60 469
14 61 437
14 62 673
14 63 595
14 64 593
14 65 579
14 66 159
14 67 849
14 68 752
14 69 575
14 70 576
14 71 789
14 72 640
14 73 125
14 74 302
14 75 465
14 76 372
14 77 356
14 78 218
14 79 491
14 80 803
14 81 440
14 82 215
14 83 244
14 84 176
14 85 711
14 86 425
14 87 198
14 88 185
14 89 656
14 90 340
14 91 483
14 92 539
14 93 426
14 94 560
14 95 659
14 96 163
14 97 640
14 98 712
14 99 423
14 100 471
15 16 250
15 17 509
15 18 490
15 19 132
15 20 482
15 21 527
15 22 255
15 23 349
15 24 348
15 25 333
15 26 515
15 27 352
15 28 520
15 29 374
15 30 231
15 31 312
15 32 367
15 33 432
15 34 344
15 35 357
15 36 582
15 37 431
15 38 495
15 39 128
15 40 428
15 41 308
15 42 377
15 43 724
15 44 424
15 45 583
15 46 331
15 47 281
15 48 491
15 49 577
15 50 299
15 51 671
15 52 168
15 53 287
15 54 239
15 55 525
15 56 324
15 57 169
15 58 304
15 59 207
15 60 58
15 61 500
15 62 224
15 63 296
15 64 195
15 65 177
15 66 575
15 67 453
15 68 370
15 69 117
15 70 374
15 71 366
15 72 255
15 73 584
15 74 574
15 75 361
15 76 174
15 77 437
15 78 639
15 79 279
15 80 347
15 81 618
15 82 536
15 83 570
15 84 497
15 85 284
15 86 57
15 87 273
15 88 643
15 89 288
15 90 690
15 91 567
15 92 494
15 93 619
15 94 456
15 95 204
15 96 603
15 97 391
15 98 466
15 99 621
15 100 403
16 17 294
16 18 722
16 19 364
16 20 675
16 21 343
16 22 148
16 23 599
16 24 138
16 25 90
16 26 574
16 27 432
16 28 531
16 29 625
16 30 39
16 31 118
16 32 324
16 33 682
16 34 424
16 35 238
16 36 743
16 37 677
16 38 737
16 39 180
16 40 339
16 41 532
16 42 591
16 43 974
16 44 182
16 45 773
16 46 85
16 47 531
16 48 553
16 49 811
16 50 501
16 51 841
16 52 182
16 53 52
16 54 282
16 55 722
16 56 106
16 57 190
16 58 191
16 59 437
16 60 229
16 61 610
16 62 185
16 63 260
16 64 137
16 65 141
16 66 823
16 67 238
16 68 190
16 69 136
16 70 376
16 71 133
16 72 144
16 73 818
16 74 822
16 75 566
16 76 346
16 77 673
16 78 854
16 79 335
16 80 109
16 81 854
16 82 787
16 83 821
16 84 747
16 85 262
16 86 302
16 87 521
16 88 874
16 89 174
16 90 941
16 91 668
16 92 550
16 93 757
16 94 491
16 95 156
16 96 849
16 97 516
16 98 392
16 99 760
16 100 610
17 18 908
17 19 637
17 20 966
17 21 90
17 22 263
17 23 837
17 24 339
17 25 207
17 26 571
17 27 496
17 28 795
17 29 868
17 30 290
17 31 355
17 32 586
17 33 928
17 34 491
17 35 207
17 36 828
17 37 896
17 38 1004
17 39 392
17 40 252
17 41 722
17 42 761
17 43 1220
17 44 134
17 45 893
17 46 266
17 47 783
17 48 559
17 49 1086
17 50 789
17 51 927
17 52 476
17 53 299
17 54 390
17 55 855
17 56 321
17 57 366
17 58 233
17 59 646
17 60 466
17 61 657
17 62 474
17 63 309
17 64 319
17 65 337
17 66 1041
17 67 56
17 68 145
17 69 416
17 70 383
17 71 161
17 72 262
17 73 1001
17 74 1076
17 75 854
17 76 524
17 77 947
17 78 1005
17 79 422
17 80 285
17 81 1127
17 82 1027
17 83 1063
17 84 984
17 85 542
17 86 566
17 87 751
17 88 1051
17 89 241
17 90 1183
17 91 694
17 92 550
17 93 813
17 94 484
17 95 447
17 96 1058
17 97 810
17 98 294
17 99 817
17 100 898
18 19 450
18 20 596
18 21 884
18 22 654
18 23 220
18 24 836
18 25 789
18 26 523
18 27 455
18 28 910
18 29 234
18 30 692
18 31 801
18 32 823
18 33 246
18 34 455
18 35 704
18 36 307
18 37 127
18 38 384
18 39 547
18 40 709
18 41 190
18 42 148
18 43 405
18 44 868
18 45 214
18 46 808
18 47 295
18 48 509
18 49 473
18 50 509
18 51 329
18 52 652
18 53 768
18 54 518
18 55 170
18 56 811
18 57 555
18 58 675
18 59 286
18 60 494
18 61 414
18 62 707
18 63 603
18 64 612
18 65 598
18 66 178
18 67 862
18 68 765
18 69 604
18 70 574
18 71 807
18 72 656
18 73 95
18 74 341
18 75 514
18 76 387
18 77 404
18 78 171
18 79 495
18 80 829
18 81 482
18 82 252
18 83 278
18 84 217
18 85 748
18 86 459
18 87 238
18 88 152
18 89 669
18 90 364
18 91 455
18 92 522
18 93 388
18 94 548
18 95 692
18 96 169
18 97 687
18 98 710
18 99 385
18 100 520
19 20 354
19 21 658
19 22 387
19 23 263
19 24 434
19 25 452
19 26 604
19 27 445
19 28 477
19 29 280
19 30 353
19 31 397
19 32 374
19 33 331
19 34 438
19 35 489
19 36 611
19 37 361
19 38 372
19 39 260
19 40 557
19 41 297
19 42 371
19 43 617
19 44 544
19 45 587
19 46 437
19 47 183
19 48 580
19 49 449
19 50 172
19 51 689
19 52 224
19 53 391
19 54 358
19 55 526
19 56 417
19 57 300
19 58 436
19 59 209
19 60 186
19 61 567
19 62 273
19 63 423
19 64 327
19 65 308
19 66 496
19 67 581
19 68 500
19 69 227
19 70 490
19 71 489
19 72 387
19 73 535
19 74 462
19 75 231
19 76 252
19 77 310
19 78 614
19 79 388
19 80 447
19 81 491
19 82 437
19 83 469
19 84 403
19 85 301
19 86 76
19 87 212
19 88 596
19 89 420
19 90 586
19 91 634
19 92 586
19 93 662
19 94 558
19 95 269
19 96 531
19 97 297
19 98 592
19 99 663
19 100 272
20 21 999
20 22 733
20 23 383
20 24 694
20 25 765
20 26 932
20 27 782
20 28 447
20 29 362
20 30 676
20 31 660
20 32 506
20 33 355
20 34 776
20 35 839
20 36 860
20 37 468
20 38 250
20 39 611
20 40 911
20 41 544
20 42 604
20 43 498
20 44 855
20 45 797
20 46 729
20 47 336
20 48 909
20 49 236
20 50 182
20 51 912
20 52 496
20 53 684
20 54 711
20 55 740
20 56 690
20 57 652
20 58 784
20 59 502
20 60 539
20 61 872
20 62 517
20 63 777
20 64 673
20 65 655
20 66 524
20 67 910
20 68 839
20 69 552
20 70 841
20 71 808
20 72 732
20 73 642
20 74 364
20 75 123
20 76 591
20 77 198
20 78 761
20 79 738
20 80 727
20 81 277
20 82 413
20 83 421
20 84 414
20 85 484
20 86 429
20 87 419
20 88 694
20 89 767
20 90 490
20 91 936
20 92 917
20 93 929
20 94 899
20 95 534
20 96 570
20 97 217
20 98 946
20 99 928
20 100 88
21 22 271
21 23 835
21 24 412
21 25 266
21 26 504
21 27 450
21 28 863
21 29 867
21 30 329
21 31 422
21 32 653
21 33 928
21 34 447
21 35 183
21 36 776
21 37 885
21 38 1015
21 39 401
21 40 190
21 41 704
21 42 735
21 43 1217
21 44 212
21 45 849
21 46 334
21 47 788
21 48 494
21 49 1102
21 50 819
21 51 873
21 52 522
21 53 360
21 54 368
21 55 815
21 56 390
21 57 367
21 58 227
21 59 637
21 60 477
21 61 599
21 62 528
21 63 281
21 64 331
21 65 349
21 66 1028
21 67 119
21 68 160
21 69 448
21 70 331
21 71 220
21 72 271
21 73 975
21 74 1078
21 75 883
21 76 511
21 77 962
21 78 967
21 79 389
21 80 357
21 81 1141
21 82 1024
21 83 1060
21 84 979
21 85 602
21 86 584
21 87 748
21 88 1022
21 89 240
21 90 1179
21 91 630
21 92 485
21 93 754
21 94 420
21 95 499
21 96 1041
21 97 857
21 98 221
21 99 758
21 100 926
22 23 573
22 24 282
22 25 156
22 26 430
22 27 298
22 28 662
22 29 604
22 30 110
22 31 266
22 32 461
22 33 665
22 34 290
22 35 109
22 36 624
22 37 634
22 38 745
22 39 130
22 40 202
22 41 465
22 42 511
22 43 957
22 44 218
22 45 669
22 46 210
22 47 521
22 48 409
22 49 831
22 50 551
22 51 723
22 52 282
22 53 197
22 54 154
22 55 623
22 56 249
22 57 102
22 58 53
22 59 384
22 60 206
22 61 476
22 62 308
22 63 113
22 64 60
22 65 78
22 66 780
22 67 211
22 68 118
22 69 191
22 70 229
22 71 158
22 72 3
22 73 749
22 74 813
22 75 614
22 76 266
22 77 691
22 78 766
22 79 203
22 80 241
22 81 870
22 82 764
22 83 799
22 84 721
22 85 390
22 86 312
22 87 488
22 88 801
22 89 35
22 90 920
22 91 531
22 92 406
22 93 628
22 94 345
22 95 275
22 96 798
22 97 608
22 98 252
22 99 632
22 100 657
23 24 690
23 25 680
23 26 603
23 27 480
23 28 696
23 29 35
23 30 578
23 31 653
23 32 631
23 33 94
23 34 477
23 35 653
23 36 480
23 37 104
23 38 217
23 39 446
23 40 689
23 41 185
23 42 229
23 43 383
23 44 768
23 45 414
23 46 680
23 47 83
23 48 583
23 49 316
23 50 289
23 51 529
23 52 485
23 53 636
23 54 476
23 55 357
23 56 670
23 57 471
23 58 609
23 59 202
23 60 376
23 61 520
23 62 537
23 63 561
23 64 519
23 65 502
23 66 232
23 67 784
23 68 692
23 69 465
23 70 576
23 71 708
23 72 574
23 73 289
23 74 245
23 75 293
23 76 329
23 77 206
23 78 391
23 79 476
23 80 695
23 81 342
23 82 190
23 83 225
23 84 148
23 85 563
23 86 301
23 87 87
23 88 348
23 89 598
23 90 346
23 91 578
23 92 593
23 93 552
23 94 595
23 95 529
23 96 267
23 97 467
23 98 706
23 99 551
23 100 302
24 25 155
24 26 711
24 27 570
24 28 456
24 29 712
24 30 177
24 31 37
24 32 249
24 33 765
24 34 562
24 35 357
24 36 878
24 37 778
24 38 799
24 39 310
24 40 457
24 41 649
24 42 713
24 43 1051
24 44 205
24 45 903
24 46 82
24 47 615
24 48 690
24 49 862
24 50 537
24 51 975
24 52 213
24 53 85
24 54 420
24 55 850
24 56 32
24 57 326
24 58 318
24 59 551
24 60 344
24 61 748
24 62 178
24 63 395
24 64 275
24 65 278
24 66 921
24 67 293
24 68 288
24 69 232
24 70 511
24 71 195
24 72 278
24 73 931
24 74 895
24 75 600
24 76 474
24 77 730
24 78 977
24 79 474
24 80 55
24 81 907
24 82 871
24 83 903
24 84 835
24 85 220
24 86 389
24 87 620
24 88 989
24 89 303
24 90 1021
24 91 807
24 92 687
24 93 894
24 94 627
24 95 169
24 96 950
24 97 505
24 98 512
24 99 897
24 100 643
25 26 580
25 27 454
25 28 597
25 29 707
25 30 102
25 31 158
25 32 387
25 33 765
25 34 447
25 35 206
25 36 780
25 37 754
25 38 825
25 39 242
25 40 305
25 41 598
25 42 652
25 43 1058
25 44 92
25 45 821
25 46 72
25 47 615
25 48 560
25 49 901
25 50 592
25 51 879
25 52 271
25 53 94
25 54 310
25 55 773
25 56 128
25 57 237
25 58 176
25 59 508
25 60 304
25 61 632
25 62 266
25 63 263
25 64 179
25 65 191
25 66 900
25 67 153
25 68 132
25 69 225
25 70 376
25 71 46
25 72 153
25 73 885
25 74 908
25 75 657
25 76 404
25 77 763
25 78 912
25 79 360
25 80 102
25 81 943
25 82 869
25 83 904
25 84 829
25 85 336
25 86 388
25 87 599
25 88 940
25 89 166
25 90 1024
25 91 685
25 92 556
25 93 785
25 94 492
25 95 240
25 96 923
25 97 603
25 98 359
25 99 788
25 100 701
26 27 163
26 28 1031
26 29 638
26 30 535
26 31 692
26 32 854
26 33 689
26 34 171
26 35 387
26 36 298
26 37 592
26 38 821
26 39 437
26 40 319
26 41 419
26 42 396
26 43 925
26 44 612
26 45 397
26 46 640
26 47 610
26 48 24
26 49 920
26 50 766
26 51 386
26 52 649
26 53 626
26 54 301
26 55 387
26 56 679
26 57 402
26 58 403
26 59 432
26 60 465
26 61 119
26 62 695
26 63 317
26 64 442
26 65 444
26 66 700
26 67 551
26 68 474
26 69 550
26 70 203
26 71 566
26 72 434
26 73 592
26 74 829
26 75 812
26 76 353
26 77 800
26 78 535
26 79 249
26 80 671
26 81 945
26 82 749
26 83 781
26 84 704
26 85 772
26 86 544
26 87 531
26 88 619
26 89 414
26 90 883
26 91 127
26 92 23
26 93 256
26 94 89
26 95 663
26 96 692
26 97 898
26 98 283
26 99 261
26 100 844
27 28 868
27 29 516
27 30 392
27 31 547
27 32 694
27 33 572
27 34 8
27 35 290
27 36 334
27 37 492
27 38 694
27 39 279
27 40 263
27 41 305
27 42 309
27 43 834
27 44 504
27 45 398
27 46 506
27 47 471
27 48 138
27 49 793
27 50 611
27 51 434
27 52 488
27 53 485
27 54 150
27 55 365
27 56 538
27 57 249
27 58 287
27 59 290
27 60 301
27 61 179
27 62 536
27 63 196
27 64 295
27 65 294
27 66 620
27 67 462
27 68 372
27 69 391
27 70 121
27 71 450
27 72 301
27 73 540
27 74 720
27 75 660
27 76 193
27 77 664
27 78 518
27 79 96
27 80 536
27 81 822
27 82 647
27 83 682
27 84 601
27 85 613
27 86 381
27 87 400
27 88 580
27 89 291
27 90 793
27 91 236
27 92 142
27 93 331
27 94 117
27 95 505
27 96 622
27 97 737
27 98 255
27 99 334
27 100 694
28 29 696
28 30 558
28 31 441
28 32 209
28 33 722
28 34 860
28 35 766
28 36 1086
28 37 801
28 38 669
28 39 599
28 40 864
28 41 774
28 42 848
28 43 935
28 44 661
28 45 1064
28 46 530
28 47 616
28 48 1007
28 49 681
28 50 412
28 51 1166
28 52 387
28 53 504
28 54 736
28 55 1003
28 56 474
28 57 639
28 58 713
28 59 685
28 60 567
28 61 1021
28 62 353
28 63 759
28 64 619
28 65 609
28 66 906
28 67 747
28 68 720
28 69 489
28 70 864
28 71 642
28 72 659
28 73 985
28 74 788
28 75 437
28 76 694
28 77 600
28 78 1080
28 79 785
28 80 510
28 81 723
28 82 812
28 83 831
28 84 796
28 85 272
28 86 507
28 87 675
28 88 1045
28 89 695
28 90 921
28 91 1088
28 92 1009
28 93 1133
28 94 964
28 95 387
28 96 949
28 97 244
28 98 915
28 99 1134
28 100 459
29 30 605
29 31 674
29 32 641
29 33 60
29 34 512
29 35 685
29 36 506
29 37 109
29 38 183
29 39 476
29 40 723
29 41 219
29 42 259
29 43 352
29 44 796
29 45 435
29 46 705
29 47 97
29 48 617
29 49 282
29 50 285
29 51 551
29 52 504
29 53 660
29 54 510
29 55 380
29 56 692
29 57 502
29 58 641
29 59 236
29 60 405
29 61 552
29 62 554
29 63 594
29 64 549
29 65 532
29 66 218
29 67 815
29 68 723
29 69 490
29 70 611
29 71 737
29 72 605
29 73 293
29 74 211
29 75 281
29 76 363
29 77 178
29 78 402
29 79 511
29 80 719
29 81 307
29 82 162
29 83 196
29 84 123
29 85 576
29 86 324
29 87 121
29 88 350
29 89 630
29 90 317
29 91 610
29 92 628
29 93 580
29 94 630
29 95 549
29 96 257
29 97 462
29 98 741
29 99 579
29 100 286
30 31 157
30 32 353
30 33 663
30 34 384
30 35 207
30 36 705
30 37 653
30 38 724
30 39 146
30 40 306
30 41 502
30 42 559
30 43 956
30 44 192
30 45 737
30 46 120
30 47 513
30 48 513
30 49 802
30 50 499
30 51 803
30 52 193
30 53 92
30 54 242
30 55 686
30 56 145
30 57 152
30 58 157
30 59 409
30 60 203
30 61 571
30 62 207
30 63 222
30 64 97
30 65 103
30 66 799
30 67 233
30 68 170
30 69 126
30 70 338
30 71 136
30 72 106
30 73 788
30 74 806
30 75 564
30 76 312
30 77 663
30 78 821
30 79 296
30 80 146
30 81 844
30 82 767
30 83 801
30 84 726
30 85 287
30 86 286
30 87 497
30 88 844
30 89 139
30 90 922
30 91 629
30 92 511
30 93 718
30 94 452
30 95 175
30 96 823
30 97 528
30 98 359
30 99 721
30 100 608
31 32 231
31 33 728
31 34 539
31 35 350
31 36 850
31 37 741
31 38 761
31 39 281
31 40 451
31 41 615
31 42 680
31 43 1014
31 44 222
31 45 872
31 46 89
31 47 577
31 48 671
31 49 826
31 50 501
31 51 947
31 52 176
31 53 71
31 54 397
31 55 818
31 56 33
31 57 301
31 58 307
31 59 516
31 60 311
31 61 725
31 62 142
31 63 379
31 64 252
31 65 253
31 66 884
31 67 305
31 68 287
31 69 197
31 70 495
31 71 202
31 72 262
31 73 895
31 74 858
31 75 564
31 76 443
31 77 693
31 78 944
31 79 451
31 80 72
31 81 870
31 82 834
31 83 866
31 84 798
31 85 192
31 86 352
31 87 583
31 88 954
31 89 291
31 90 983
31 91 784
31 92 669
31 93 869
31 94 610
31 95 132
31 96 914
31 97 475
31 98 505
31 99 872
31 100 607
32 33 682
32 34 686
32 35 561
32 36 949
32 37 733
32 38 672
32 39 416
32 40 660
32 41 660
32 42 733
32 43 940
32 44 453
32 45 945
32 46 320
32 47 548
32 48 830
32 49 712
32 50 392
32 51 1038
32 52 206
32 53 294
32 54 553
32 55 886
32 56 264
32 57 452
32 58 510
32 59 562
32 60 401
32 61 859
32 62 159
32 63 564
32 64 424
32 65 416
32 66 860
32 67 537
32 68 511
32 69 304
32 70 674
32 71 433
32 72 457
32 73 909
32 74 784
32 75 442
32 76 539
32 77 599
32 78 985
32 79 605
32 80 301
32 81 758
32 82 784
32 83 810
32 84 758
32 85 83
32 86 374
32 87 586
32 88 970
32 89 492
32 90 917
32 91 924
32 92 831
32 93 985
32 94 780
32 95 191
32 96 898
32 97 293
32 98 713
32 99 987
32 100 479
33 34 569
33 35 746
33 36 538
33 37 120
33 38 141
33 39 536
33 40 783
33 41 270
33 42 301
33 43 293
33 44 855
33 45 458
33 46 762
33 47 151
33 48 669
33 49 237
33 50 309
33 51 574
33 52 556
33 53 716
33 54 570
33 55 407
33 56 747
33 57 563
33 58 702
33 59 296
33 60 464
33 61 599
33 62 604
33 63 655
33 64 609
33 65 592
33 66 183
33 67 875
33 68 783
33 69 546
33 70 670
33 71 796
33 72 666
33 73 287
33 74 151
33 75 293
33 76 423
33 77 159
33 78 406
33 79 571
33 80 774
33 81 256
33 82 105
33 83 138
33 84 75
33 85 620
33 86 380
33 87 181
33 88 340
33 89 690
33 90 258
33 91 654
33 92 680
33 93 615
33 94 685
33 95 601
33 96 227
33 97 482
33 98 801
33 99 613
33 100 288
34 35 285
34 36 340
34 37 490
34 38 690
34 39 271
34 40 260
34 41 303
34 42 309
34 43 832
34 44 497
34 45 403
34 46 498
34 47 467
34 48 146
34 49 788
34 50 604
34 51 440
34 52 480
34 53 477
34 54 142
34 55 368
34 56 530
34 57 240
34 58 280
34 59 285
34 60 293
34 61 186
34 62 528
34 63 190
34 64 287
34 65 286
34 66 619
34 67 457
34 68 366
34 69 382
34 70 119
34 71 443
34 72 294
34 73 541
34 74 717
34 75 654
34 76 186
34 77 660
34 78 521
34 79 88
34 80 528
34 81 818
34 82 644
34 83 679
34 84 599
34 85 604
34 86 374
34 87 395
34 88 582
34 89 285
34 90 791
34 91 244
34 92 150
34 93 338
34 94 123
34 95 497
34 96 622
34 97 729
34 98 254
34 99 341
34 100 688
35 36 624
35 37 702
35 38 837
35 39 229
35 40 100
35 41 522
35 42 556
35 43 1034
35 44 225
35 45 686
35 46 277
35 47 608
35 48 370
35 49 926
35 50 656
35 51 724
35 52 391
35 53 279
35 54 186
35 55 647
35 56 327
35 57 190
35 58 56
35 59 454
35 60 304
35 61 458
35 62 413
35 63 102
35 64 167
35 65 184
35 66 845
35 67 172
35 68 87
35 69 301
35 70 186
35 71 182
35 72 112
35 73 797
35 74 897
35 75 719
35 76 328
35 77 786
35 78 797
35 79 214
35 80 307
35 81 964
35 82 841
35 83 877
35 84 796
35 85 494
35 86 413
35 87 565
35 88 845
35 89 74
35 90 996
35 91 503
35 92 364
35 93 615
35 94 298
35 95 381
35 96 859
35 97 718
35 98 154
35 99 619
35 100 761
36 37 419
36 38 680
36 39 568
36 40 586
36 41 323
36 42 256
36 43 704
36 44 836
36 45 111
36 46 824
36 47 526
36 48 297
36 49 774
36 50 732
36 51 100
36 52 747
36 53 795
36 54 469
36 55 136
36 56 847
36 57 552
36 58 619
36 59 402
36 60 554
36 61 182
36 62 802
36 63 530
36 64 608
36 65 601
36 66 478
36 67 797
36 68 706
36 69 665
36 70 446
36 71 780
36 72 627
36 73 341
36 74 648
36 75 757
36 76 414
36 77 685
36 78 251
36 79 421
36 80 852
36 81 786
36 82 560
36 83 586
36 84 523
36 85 866
36 86 581
36 87 444
36 88 349
36 89 622
36 90 663
36 91 184
36 92 309
36 93 81
36 94 364
36 95 777
36 96 456
36 97 898
36 98 563
36 99 78
36 100 775
37 38 261
37 39 513
37 40 725
37 41 188
37 42 196
37 43 342
37 44 839
37 45 337
37 46 761
37 47 187
37 48 574
37 49 354
37 50 392
37 51 453
37 52 579
37 53 718
37 54 518
37 55 286
37 56 755
37 57 532
37 58 664
37 59 250
37 60 449
37 61 494
37 62 632
37 63 605
37 64 584
37 65 568
37 66 146
37 67 846
37 68 751
37 69 548
37 70 600
37 71 778
37 72 636
37 73 185
37 74 238
37 75 390
37 76 373
37 77 276
37 78 293
37 79 508
37 80 778
37 81 368
37 82 157
37 83 190
37 84 112
37 85 663
37 86 389
37 87 158
37 88 244
37 89 655
37 90 301
37 91 545
37 92 585
37 93 497
37 94 598
37 95 622
37 96 172
37 97 570
37 98 735
37 99 495
37 100 394
38 39 614
38 40 886
38 41 402
38 42 440
38 43 269
38 44 917
38 45 598
38 46 809
38 47 230
38 48 800
38 49 99
38 50 279
38 51 714
38 52 585
38 53 763
38 54 672
38 55 548
38 56 785
38 57 647
38 58 788
38 59 407
38 60 539
38 61 736
38 62 626
38 63 753
38 64 686
38 65 668
38 66 279
38 67 949
38 68 863
38 69 600
38 70 783
38 71 861
38 72 745
38 73 410
38 74 119
38 75 235
38 76 528
38 77 72
38 78 536
38 79 681
38 80 817
38 81 128
38 82 165
38 83 171
38 84 176
38 85 623
38 86 439
38 87 294
38 88 457
38 89 774
38 90 252
38 91 793
38 92 810
38 93 757
38 94 810
38 95 630
38 96 325
38 97 425
38 98 909
38 99 755
38 100 210
39 40 302
39 41 356
39 42 412
39 43 829
39 44 325
39 45 594
39 46 265
39 47 391
39 48 414
39 49 700
39 50 428
39 51 665
39 52 212
39 53 230
39 54 137
39 55 541
39 56 280
39 57 44
39 58 176
39 59 265
39 60 76
39 61 450
39 62 257
39 63 173
39 64 72
39 65 55
39 66 660
39 67 338
39 68 248
39 69 112
39 70 267
39 71 264
39 72 131
39 73 642
39 74 684
39 75 490
39 76 166
39 77 560
39 78 674
39 79 188
39 80 290
39 81 740
39 82 637
39 83 672
39 84 595
39 85 335
39 86 184
39 87 362
39 88 698
39 89 160
39 90 793
39 91 513
39 92 415
39 93 589
39 94 365
39 95 226
39 96 682
39 97 505
39 98 343
39 99 592
39 100 532
40 41 539
40 42 561
40 43 1065
40 44 309
40 45 660
40 46 376
40 47 655
40 48 307
40 49 978
40 50 728
40 51 683
40 52 484
40 53 379
40 54 214
40 55 629
40 56 427
40 57 259
40 58 150
40 59 487
40 60 371
40 61 409
40 62 510
40 63 134
40 64 252
40 65 267
40 66 863
40 67 236
40 68 176
40 69 389
40 70 142
40 71 275
40 72 205
40 73 798
40 74 935
40 75 789
40 76 360
40 77 841
40 78 782
40 79 217
40 80 406
40 81 1014
40 82 872
40 83 908
40 84 827
40 85 591
40 86 481
40 87 602
40 88 842
40 89 168
40 90 1025
40 91 443
40 92 298
40 93 564
40 94 232
40 95 477
40 96 872
40 97 804
40 98 54
40 99 569
40 100 829
41 42 74
41 43 530
41 44 678
41 45 290
41 46 618
41 47 207
41 48 399
41 49 501
41 50 408
41 51 394
41 52 474
41 53 579
41 54 336
41 55 229
41 56 623
41 57 365
41 58 488
41 59 100
41 60 305
41 61 336
41 62 531
41 63 422
41 64 421
41 65 407
41 66 324
41 67 674
41 68 578
41 69 417
41 70 412
41 71 617
41 72 467
41 73 286
41 74 415
41 75 435
41 76 198
41 77 387
41 78 330
41 79 321
41 80 640
41 81 526
41 82 341
41 83 376
41 84 295
41 85 581
41 86 286
41 87 124
41 88 342
41 89 481
41 90 489
41 91 396
41 92 409
41 93 386
41 94 415
41 95 513
41 96 336
41 97 575
41 98 547
41 99 386
41 100 457
42 43 530
42 44 728
42 45 215
42 46 677
42 47 269
42 48 379
42 49 538
42 50 477
42 51 321
42 52 545
42 53 640
42 54 371
42 55 155
42 56 686
42 57 415
42 58 529
42 59 171
42 60 369
42 61 298
42 62 601
42 63 455
42 64 473
42 65 460
42 66 311
42 67 716
42 68 619
42 69 483
42 70 426
42 71 667
42 72 513
42 73 240
42 74 434
42 75 500
42 76 247
42 77 435
42 78 263
42 79 346
42 80 700
42 81 558
42 82 352
42 83 385
42 84 308
42 85 653
42 86 359
42 87 188
42 88 290
42 89 524
42 90 489
42 91 352
42 92 390
42 93 325
42 94 408
42 95 582
42 96 313
42 97 647
42 98 562
42 99 323
42 100 519
43 44 1148
43 45 598
43 46 1052
43 47 443
43 48 909
43 49 264
43 50 548
43 51 700
43 52 839
43 53 1006
43 54 854
43 55 569
43 56 1034
43 57 854
43 58 992
43 59 580
43 60 757
43 61 818
43 62 883
43 63 940
43 64 902
43 65 884
43 66 227
43 67 1167
43 68 1075
43 69 838
43 70 942
43 71 1089
43 72 958
43 73 366
43 74 157
43 75 505
43 76 707
43 77 341
43 78 484
43 79 848
43 80 1064
43 81 231
43 82 193
43 83 157
43 84 238
43 85 888
43 86 671
43 87 469
43 88 378
43 89 981
43 90 42
43 91 861
43 92 921
43 93 786
43 94 938
43 95 884
43 96 249
43 97 692
43 98 1076
43 99 782
43 100 477
44 45 886
44 46 135
44 47 705
44 48 595
44 49 993
44 50 683
44 51 936
44 52 359
44 53 174
44 54 370
44 55 841
44 56 188
44 57 313
44 58 217
44 59 591
44 60 392
44 61 678
44 62 349
44 63 307
44 64 256
44 65 271
44 66 985
44 67 93
44 68 138
44 69 317
44 70 410
44 71 61
44 72 215
44 73 964
44 74 998
44 75 748
44 76 481
44 77 855
44 78 984
44 79 415
44 80 152
44 81 1035
44 82 958
44 83 993
44 84 917
44 85 412
44 86 479
44 87 686
44 88 1017
44 89 214
44 90 1113
44 91 726
44 92 589
44 93 834
44 94 523
44 95 325
44 96 1007
44 97 687
44 98 361
44 99 838
44 100 792
45 46 857
45 47 473
45 48 391
45 49 688
45 50 686
45 51 116
45 52 751
45 53 824
45 54 515
45 55 60
45 56 874
45 57 586
45 58 673
45 59 384
45 60 565
45 61 278
45 62 807
45 63 586
45 64 643
45 65 634
45 66 375
45 67 857
45 68 762
45 69 680
45 70 518
45 71 828
45 72 672
45 73 233
45 74 553
45 75 703
45 76 429
45 77 612
45 78 140
45 79 474
45 80 883
45 81 696
45 82 465
45 83 488
45 84 432
45 85 864
45 86 571
45 87 397
45 88 238
45 89 673
45 90 558
45 91 292
45 92 404
45 93 190
45 94 451
45 95 786
45 96 349
45 97 860
45 98 644
45 99 186
45 100 716
46 47 610
46 48 620
46 49 880
46 50 562
46 51 923
46 52 233
46 53 46
46 54 358
46 55 806
46 56 56
46 57 272
46 58 240
46 59 523
46 60 314
46 61 685
46 62 216
46 63 323
46 64 216
46 65 223
46 66 907
46 67 216
46 68 205
46 69 215
46 70 438
46 71 114
46 72 206
46 73 903
46 74 899
46 75 626
46 76 431
46 77 744
46 78 940
46 79 410
46 80 31
46 81 923
46 82 867
46 83 900
46 84 828
46 85 277
46 86 381
46 87 604
46 88 960
46 89 227
46 90 1020
46 91 741
46 92 617
46 93 835
46 94 554
46 95 195
46 96 933
46 97 554
46 98 431
46 99 838
46 100 670
47 48 587
47 49 325
47 50 215
47 51 586
47 52 407
47 53 565
47 54 441
47 55 413
47 56 596
47 57 420
47 58 561
47 59 181
47 60 316
47 61 539
47 62 457
47 63 523
47 64 463
47 65 445
47 66 314
47 67 728
47 68 639
47 69 395
47 70 554
47 71 647
47 72 521
47 73 370
47 74 293
47 75 231
47 76 298
47 77 193
47 78 466
47 79 451
47 80 623
47 81 359
47 82 257
47 83 290
47 84 220
47 85 480
47 86 229
47 87 83
47 88 430
47 89 548
47 90 409
47 91 601
47 92 596
47 93 593
47 94 588
47 95 451
47 96 350
47 97 392
47 98 678
47 99 592
47 100 249
48 49 899
48 50 742
48 51 388
48 52 625
48 53 604
48 54 278
48 55 378
48 56 658
48 57 379
48 58 385
48 59 409
48 60 440
48 61 114
48 62 671
48 63 297
48 64 419
48 65 421
48 66 685
48 67 537
48 68 457
48 69 526
48 70 185
48 71 547
48 72 413
48 73 580
48 74 811
48 75 789
48 76 328
48 77 778
48 78 528
48 79 225
48 80 651
48 81 925
48 82 731
48 83 764
48 84 686
48 85 749
48 86 519
48 87 510
48 88 609
48 89 394
48 90 867
48 91 136
48 92 12
48 93 261
48 94 74
48 95 640
48 96 678
48 97 874
48 98 274
48 99 265
48 100 821
49 50 327
49 51 803
49 52 651
49 53 833
49 54 765
49 55 640
49 56 851
49 57 735
49 58 876
49 59 504
49 60 624
49 61 835
49 62 686
49 63 845
49 64 771
49 65 753
49 66 346
49 67 1031
49 68 947
49 69 676
49 70 879
49 71 939
49 72 831
49 73 488
49 74 156
49 75 270
49 76 623
49 77 140
49 78 616
49 79 776
49 80 885
49 81 45
49 82 233
49 83 225
49 84 258
49 85 673
49 86 520
49 87 392
49 88 529
49 89 861
49 90 262
49 91 891
49 92 909
49 93 852
49 94 908
49 95 694
49 96 391
49 97 442
49 98 1003
49 99 849
49 100 233
50 51 797
50 52 329
50 53 516
50 54 530
50 55 626
50 56 529
50 57 469
50 58 601
50 59 344
50 60 356
50 61 717
50 62 360
50 63 595
50 64 490
50 65 472
50 66 493
50 67 732
50 68 659
50 69 373
50 70 662
50 71 633
50 72 550
50 73 577
50 74 393
50 75 64
50 76 417
50 77 207
50 78 680
50 79 560
50 80 564
50 81 372
50 82 402
50 83 425
50 84 384
50 85 346
50 86 247
50 87 289
50 88 635
50 89 584
50 90 527
50 91 783
50 92 749
50 93 793
50 94 726
50 95 370
50 96 536
50 97 178
50 98 764
50 99 793
50 100 108
51 52 839
51 53 893
51 54 569
51 55 172
51 56 945
51 57 651
51 58 719
51 59 482
51 60 646
51 61 276
51 62 894
51 63 630
51 64 706
51 65 700
51 66 482
51 67 896
51 68 806
51 69 760
51 70 545
51 71 880
51 72 727
51 73 334
51 74 665
51 75 817
51 76 507
51 77 728
51 78 219
51 79 521
51 80 950
51 81 810
51 82 577
51 83 599
51 84 546
51 85 955
51 86 666
51 87 508
51 88 325
51 89 722
51 90 661
51 91 262
51 92 399
51 93 134
51 94 457
51 95 870
51 96 451
51 97 969
51 98 658
51 99 129
51 100 831
52 53 188
52 54 350
52 55 693
52 56 200
52 57 251
52 58 336
52 59 374
52 60 195
52 61 652
52 62 56
52 63 372
52 64 234
52 65 222
52 66 718
52 67 420
52 68 364
52 69 101
52 70 476
52 71 315
52 72 280
52 73 743
52 74 683
52 75 393
52 76 335
52 77 517
52 78 805
52 79 400
52 80 235
52 81 695
52 82 662
52 83 693
52 84 627
52 85 124
52 86 192
52 87 422
52 88 803
52 89 317
52 90 809
52 91 717
52 92 626
52 93 781
52 94 578
52 95 44
52 96 750
52 97 335
52 98 533
52 99 782
52 100 437
53 54 335
53 55 772
53 56 53
53 57 243
53 58 235
53 59 482
53 60 274
53 61 663
53 62 175
53 63 310
53 64 190
53 65 194
53 66 863
53 67 247
53 68 218
53 69 170
53 70 426
53 71 140
53 72 193
53 73 863
53 74 853
53 75 580
53 76 396
53 77 698
53 78 903
53 79 388
53 80 60
53 81 877
53 82 822
53 83 855
53 84 783
53 85 242
53 86 336
53 87 560
53 88 920
53 89 220
53 90 974
53 91 721
53 92 602
53 93 810
53 94 541
53 95 152
53 96 890
53 97 513
53 98 434
53 99 813
53 100 624
54 55 471
54 56 388
54 57 100
54 58 159
54 59 274
54 60 182
54 61 328
54 62 393
54 63 86
54 64 145
54 65 144
54 66 660
54 67 347
54 68 250
54 69 249
54 70 134
54 71 312
54 72 158
54 73 611
54 74 722
54 75 588
54 76 147
54 77 628
54 78 617
54 79 54
54 80 387
54 81 800
54 82 661
54 83 697
54 84 616
54 85 472
54 86 284
54 87 388
54 88 661
54 89 157
54 90 815
54 91 387
54 92 278
54 93 477
54 94 228
54 95 362
54 96 673
54 97 630
54 98 238
54 99 480
54 100 627
55 56 821
55 57 536
55 58 630
55 59 324
55 60 509
55 61 269
55 62 750
55 63 546
55 64 594
55 65 584
55 66 342
55 67 816
55 68 720
55 69 624
55 70 487
55 71 781
55 72 625
55 73 211
55 74 511
55 75 644
55 76 376
55 77 558
55 78 153
55 79 433
55 80 831
55 81 651
55 82 423
55 83 449
55 84 387
55 85 805
55 86 511
55 87 337
55 88 232
55 89 629
55 90 528
55 91 297
55 92 391
55 93 217
55 94 431
55 95 728
55 96 322
55 97 799
55 98 617
55 99 214
55 100 658
56 57 295
56 58 286
56 59 525
56 60 317
56 61 716
56 62 173
56 63 363
56 64 243
56 65 246
56 66 899
56 67 273
56 68 260
56 69 208
56 70 479
56 71 171
56 72 246
56 73 905
56 74 879
56 75 592
56 76 444
56 77 718
56 78 949
56 79 441
56 80 38
56 81 896
56 82 853
56 83 885
56 84 816
56 85 226
56 86 368
56 87 597
56 88 963
56 89 271
56 90 1003
56 91 774
56 92 655
56 93 863
56 94 594
56 95 158
56 96 928
56 97 508
56 98 481
56 99 866
56 100 635
57 58 140
57 59 281
57 60 114
57 61 424
57 62 293
57 63 129
57 64 58
57 65 49
57 66 677
57 67 314
57 68 220
57 69 150
57 70 225
57 71 252
57 72 103
57 73 650
57 74 712
57 75 531
57 76 168
57 77 595
57 78 674
57 79 154
57 80 299
57 81 774
57 82 661
57 83 697
57 84 618
57 85 373
57 86 224
57 87 385
57 88 704
57 89 127
57 90 817
57 91 485
57 92 379
57 93 568
57 94 327
57 95 261
57 96 697
57 97 549
57 98 299
57 99 571
57 100 572
58 59 414
58 60 252
58 61 462
58 62 360
58 63 90
58 64 111
58 65 129
58 66 809
58 67 187
58 68 90
58 69 244
58 70 200
58 71 164
58 72 56
58 73 769
58 74 852
58 75 664
58 76 291
58 77 736
58 78 777
58 79 199
58 80 272
58 81 914
58 82 799
58 83 835
58 84 755
58 85 441
58 86 360
58 87 523
58 88 819
58 89 18
58 90 955
58 91 512
58 92 380
58 93 617
58 94 316
58 95 327
58 96 825
58 97 662
58 98 202
58 99 621
58 100 707
59 60 208
59 61 372
59 62 430
59 63 360
59 64 335
59 65 319
59 66 396
59 67 595
59 68 500
59 69 318
59 70 376
59 71 530
59 72 385
59 73 381
59 74 448
59 75 384
59 76 127
59 77 374
59 78 431
59 79 275
59 80 543
59 81 536
59 82 387
59 83 423
59 84 342
59 85 482
59 86 187
59 87 115
59 88 438
59 89 405
59 90 542
59 91 438
59 92 417
59 93 454
59 94 407
59 95 412
59 96 416
59 97 500
59 98 504
59 99 455
59 100 413
60 61 458
60 62 249
60 63 239
60 64 147
60 65 129
60 66 595
60 67 412
60 68 323
60 69 114
60 70 317
60 71 332
60 72 206
60 73 589
60 74 610
60 75 417
60 76 140
60 77 484
60 78 633
60 79 223
60 80 334
60 81 663
60 82 566
60 83 601
60 84 525
60 85 318
60 86 109
60 87 294
60 88 646
60 89 237
60 90 722
60 91 524
60 92 443
60 93 585
60 94 402
60 95 223
60 96 620
60 97 448
60 98 408
60 99 587
60 100 458
61 62 703
61 63 371
61 64 473
61 65 471
61 66 591
61 67 629
61 68 543
61 69 559
61 70 274
61 71 626
61 72 480
61 73 477
61 74 732
61 75 756
61 76 326
61 77 723
61 78 416
61 79 275
61 80 715
61 81 856
61 82 649
61 83 680
61 84 606
61 85 776
61 86 517
61 87 457
61 88 501
61 89 468
61 90 776
61 91 67
61 92 126
61 93 156
61 94 181
61 95 674
61 96 581
61 97 864
61 98 382
61 99 160
61 100 783
62 63 407
62 64 267
62 65 258
62 66 769
62 67 420
62 68 375
62 69 145
62 70 516
62 71 313
62 72 305
62 73 798
62 74 727
62 75 422
62 76 389
62 77 556
62 78 861
62 79 446
62 80 210
62 81 730
62 82 710
62 83 740
62 84 677
62 85 81
62 86 247
62 87 476
62 88 858
62 89 341
62 90 855
62 91 768
62 92 672
62 93 834
62 94 621
62 95 33
62 96 803
62 97 338
62 98 561
62 99 836
62 100 465
63 64 139
63 65 149
63 66 746
63 67 270
63 68 176
63 69 272
63 70 116
63 71 254
63 72 117
63 73 695
63 74 806
63 75 655
63 76 233
63 77 707
63 78 695
63 79 113
63 80 354
63 81 881
63 82 747
63 83 783
63 84 702
63 85 488
63 86 347
63 87 473
63 88 743
63 89 97
63 90 901
63 91 422
63 92 294
63 93 526
63 94 231
63 95 373
63 96 759
63 97 679
63 98 170
63 99 530
63 100 695
64 65 18
64 66 730
64 67 265
64 68 176
64 69 136
64 70 251
64 71 195
64 72 60
64 73 707
64 74 757
64 75 553
64 76 225
64 77 631
64 78 732
64 79 199
64 80 244
64 81 811
64 82 710
64 83 745
64 84 667
64 85 348
64 86 252
64 87 434
64 88 761
64 89 94
64 90 866
64 91 532
64 92 418
64 93 620
64 94 361
64 95 233
64 96 751
64 97 552
64 98 299
64 99 623
64 100 596
65 66 714
65 67 283
65 68 194
65 69 123
65 70 258
65 71 210
65 72 78
65 73 693
65 74 739
65 75 536
65 76 212
65 77 613
65 78 721
65 79 198
65 80 250
65 81 793
65 82 692
65 83 728
65 84 650
65 85 339
65 86 234
65 87 417
65 88 748
65 89 111
65 90 848
65 91 531
65 92 421
65 93 616
65 94 366
65 95 225
65 96 735
65 97 537
65 98 313
65 99 619
65 100 578
66 67 991
66 68 896
66 69 692
66 70 733
66 71 925
66 72 781
66 73 149
66 74 193
66 75 475
66 76 517
66 77 326
66 78 276
66 79 646
66 80 923
66 81 341
66 82 114
66 83 122
66 84 111
66 85 794
66 86 531
66 87 302
66 88 183
66 89 800
66 90 186
66 91 633
66 92 697
66 93 560
66 94 719
66 95 762
66 96 46
66 97 666
66 98 869
66 99 556
66 100 466
67 68 96
67 69 359
67 70 355
67 71 107
67 72 210
67 73 956
67 74 1022
67 75 797
67 76 476
67 77 891
67 78 964
67 79 383
67 80 239
67 81 1072
67 82 975
67 83 1010
67 84 932
67 85 490
67 86 510
67 87 699
67 88 1007
67 89 192
67 90 1131
67 91 671
67 92 530
67 93 786
67 94 463
67 95 392
67 96 1009
67 97 755
67 98 284
67 99 790
67 100 841
68 69 288
68 70 272
68 71 99
68 72 117
68 73 859
68 74 932
68 75 723
68 76 380
68 77 807
68 78 868
68 79 288
68 80 235
68 81 987
68 82 882
68 83 918
68 84 839
68 85 452
68 86 427
68 87 606
68 88 910
68 89 96
68 90 1038
68 91 589
68 92 451
68 93 699
68 94 385
68 95 344
68 96 913
68 97 699
68 98 230
68 99 703
68 100 766
69 70 375
69 71 262
69 72 188
69 73 698
69 74 685
69 75 438
69 76 252
69 77 538
69 78 746
69 79 301
69 80 230
69 81 718
69 82 652
69 83 685
69 84 613
69 85 223
69 86 166
69 87 390
69 88 756
69 89 226
69 90 805
69 91 623
69 92 527
69 93 693
69 94 477
69 95 115
69 96 720
69 97 417
69 98 436
69 99 695
69 100 481
70 71 362
70 72 233
70 73 660
70 74 820
70 75 717
70 76 256
70 77 745
70 78 640
70 79 104
70 80 469
70 81 912
70 82 752
70 83 787
70 84 706
70 85 596
70 86 417
70 87 491
70 88 702
70 89 211
70 90 901
70 91 317
70 92 180
70 93 430
70 94 116
70 95 483
70 96 739
70 97 765
70 98 136
70 99 435
70 100 755
71 72 155
71 73 903
71 74 940
71 75 698
71 76 420
71 77 800
71 78 924
71 79 359
71 80 140
71 81 981
71 82 899
71 83 933
71 84 857
71 85 383
71 86 422
71 87 626
71 88 957
71 89 158
71 90 1054
71 91 676
71 92 542
71 93 781
71 94 477
71 95 286
71 96 946
71 97 648
71 98 330
71 99 784
71 100 742
72 73 751
72 74 814
72 75 613
72 76 268
72 77 691
72 78 769
72 79 207
72 80 237
72 81 870
72 82 765
72 83 800
72 84 722
72 85 387
72 86 312
72 87 489
72 88 804
72 89 37
72 90 921
72 91 535
72 92 410
72 93 632
72 94 348
72 95 272
72 96 800
72 97 606
72 98 255
72 99 636
72 100 656
73 74 340
73 75 573
73 76 483
73 77 444
73 78 128
73 79 586
73 80 924
73 81 488
73 82 255
73 83 270
73 84 234
73 85 836
73 86 550
73 87 324
73 88 60
73 89 763
73 90 326
73 91 509
73 92 593
73 93 422
73 94 625
73 95 784
73 96 117
73 97 755
73 98 796
73 99 418
73 100 573
74 75 353
74 76 574
74 77 188
74 78 468
74 79 722
74 80 909
74 81 148
74 82 88
74 83 70
74 84 126
74 85 731
74 86 519
74 87 333
74 88 376
74 89 840
74 90 134
74 91 783
74 92 822
74 93 728
74 94 831
74 95 727
74 96 236
74 97 544
74 98 952
74 99 725
74 100 329
75 76 468
75 77 164
75 78 683
75 79 614
75 80 628
75 81 315
75 82 375
75 83 394
75 84 364
75 85 403
75 86 307
75 87 312
75 88 630
75 89 647
75 90 487
75 91 821
75 92 796
75 93 822
75 94 776
75 95 434
75 96 520
75 97 193
75 98 823
75 99 821
75 100 43
76 77 489
76 78 509
76 79 153
76 80 456
76 81 657
76 82 514
76 83 550
76 84 469
76 85 456
76 86 192
76 87 241
76 88 536
76 89 283
76 90 668
76 91 393
76 92 334
76 93 446
76 94 308
76 95 363
76 96 533
76 97 546
76 98 380
76 99 448
76 100 504
77 78 565
77 79 642
77 80 751
77 81 180
77 82 218
77 83 232
77 84 216
77 85 552
77 86 380
77 87 268
77 88 496
77 89 721
77 90 322
77 91 783
77 92 788
77 93 758
77 94 781
77 95 561
77 96 373
77 97 356
77 98 867
77 99 757
77 100 143
78 79 583
78 80 964
78 81 616
78 82 383
78 83 398
78 84 360
78 85 908
78 86 615
78 87 405
78 88 106
78 89 775
78 90 446
78 91 433
78 92 540
78 93 326
78 94 584
78 95 843
78 96 240
78 97 858
78 98 771
78 99 322
78 100 688
79 80 440
79 81 809
79 82 656
79 83 692
79 84 611
79 85 524
79 86 318
79 87 390
79 88 632
79 89 201
79 90 808
79 91 333
79 92 226
79 93 425
79 94 179
79 95 414
79 96 655
79 97 670
79 98 229
79 99 428
79 100 652
80 81 929
80 82 880
80 83 913
80 84 842
80 85 264
80 86 394
80 87 621
80 88 981
80 89 259
80 90 1032
80 91 771
80 92 647
80 93 864
80 94 585
80 95 194
80 96 950
80 97 546
80 98 461
80 99 867
80 100 671
81 82 233
81 83 218
81 84 264
81 85 718
81 86 561
81 87 422
81 88 524
81 89 900
81 90 234
81 91 910
81 92 935
81 93 865
81 94 937
81 95 738
81 96 384
81 97 486
81 98 1037
81 99 863
81 100 278
82 83 35
82 84 45
82 85 724
82 86 486
82 87 276
82 88 296
82 89 788
82 90 155
82 91 698
82 92 742
82 93 640
82 94 755
82 95 706
82 96 160
82 97 568
82 98 885
82 99 637
82 100 361
83 84 81
83 85 752
83 86 519
83 87 312
83 88 305
83 89 824
83 90 120
83 91 728
83 92 776
83 93 667
83 94 789
83 95 738
83 96 165
83 97 587
83 98 921
83 99 664
83 100 376
84 85 695
84 86 448
84 87 233
84 88 281
84 89 744
84 90 199
84 91 656
84 92 698
84 93 602
84 94 709
84 95 672
84 96 157
84 97 555
84 98 840
84 99 600
84 100 355
85 86 294
85 87 512
85 88 896
85 89 423
85 90 863
85 91 841
85 92 750
85 93 902
85 94 700
85 95 115
85 96 830
85 97 286
85 98 642
85 99 904
85 100 444
86 87 231
86 88 610
86 89 344
86 90 638
86 91 584
86 92 524
86 93 625
86 94 491
86 95 234
86 96 561
86 97 355
86 98 517
86 99 626
86 100 348
87 88 384
87 89 512
87 90 432
87 91 519
87 92 519
87 93 510
87 94 515
87 95 465
87 96 330
87 97 462
87 98 620
87 99 509
87 100 333
88 89 814
88 90 342
88 91 527
88 92 622
88 93 428
88 94 659
88 95 844
88 96 140
88 97 813
88 98 836
88 99 424
88 100 628
89 90 944
89 91 520
89 92 390
89 93 623
89 94 327
89 95 308
89 96 817
89 97 643
89 98 220
89 99 626
89 100 690
90 91 819
90 92 879
90 93 745
90 94 897
90 95 854
90 96 209
90 97 677
90 98 1036
90 99 741
90 100 462
91 92 145
91 93 129
91 94 210
91 95 738
91 96 618
91 97 931
91 98 410
91 99 135
91 100 847
92 93 271
92 94 66
92 95 640
92 96 691
92 97 879
92 98 264
92 99 276
92 100 828
93 94 333
93 95 807
93 96 537
93 97 954
93 98 535
93 99 5
93 100 843
94 95 589
94 96 717
94 97 846
94 98 201
94 99 338
94 100 811
95 96 794
95 97 362
95 98 528
95 99 809
95 100 477
96 97 710
96 98 875
96 99 533
96 100 512
97 98 848
97 99 955
97 100 215
98 99 539
98 100 863
99 100 842
