100 4950
1 2 528
1 3 523
1 4 365
1 5 118
1 6 654
1 7 188
1 8 406
1 9 322
1 10 542
1 11 482
1 12 272
1 13 536
1 14 392
1 15 76
1 16 491
1 17 486
1 18 55
1 19 627
1 20 396
1 21 455
1 22 422
1 23 30
1 24 256
1 25 259
1 26 358
1 27 291
1 28 722
1 29 324
1 30 191
1 31 212
1 32 590
1 33 677
1 34 223
1 35 584
1 36 366
1 37 347
1 38 285
1 39 526
1 40 520
1 41 232
1 42 651
1 43 565
1 44 575
1 45 493
1 46 579
1 47 360
1 48 576
1 49 425
1 50 385
1 51 431
1 52 453
1 53 563
1 54 210
1 55 362
1 56 254
1 57 630
1 58 237
1 59 321
1 60 593
1 61 451
1 62 536
1 63 579
1 64 582
1 65 523
1 66 412
1 67 564
1 68 457
1 69 321
1 70 162
1 71 151
1 72 475
1 73 346
1 74 392
1 75 369
1 76 574
1 77 309
1 78 311
1 79 656
1 80 152
1 81 369
1 82 285
1 83 412
1 84 179
1 85 544
1 86 362
1 87 253
1 88 396
1 89 418
1 90 629
1 91 385
1 92 217
1 93 555
1 94 176
1 95 445
1 96 602
1 97 175
1 98 193
1 99 374
1 100 488
2 3 459
2 4 610
2 5 640
2 6 898
2 7 346
2 8 367
2 9 603
2 10 1063
2 11 299
2 12 490
2 13 477
2 14 754
2 15 455
2 16 806
2 17 984
2 18 577
2 19 712
2 20 818
2 21 74
2 22 901
2 23 500
2 24 707
2 25 617
2 26 611
2 27 441
2 28 793
2 29 291
2 30 481
2 31 376
2 32 723
2 33 785
2 34 679
2 35 172
2 36 650
2 37 627
2 38 725
2 39 962
2 40 1032
2 41 535
2 42 1156
2 43 1006
2 44 87
2 45 82
2 46 571
2 47 667
2 48 1092
2 49 504
2 50 794
2 51 628
2 52 330
2 53 954
2 54 381
2 55 170
2 56 674
2 57 1147
2 58 659
2 59 586
2 60 93
2 61 975
2 62 1041
2 63 1079
2 64 1101
2 65 903
2 66 897
2 67 1007
2 68 694
2 69 832
2 70 678
2 71 414
2 72 182
2 73 873
2 74 381
2 75 790
2 76 1096
2 77 595
2 78 839
2 79 127
2 80 494
2 81 865
2 82 739
2 83 939
2 84 693
2 85 842
2 86 858
2 87 543
2 88 145
2 89 555
2 90 836
2 91 315
2 92 674
2 93 192
2 94 582
2 95 881
2 96 1087
2 97 463
2 98 513
2 99 669
2 100 943
3 4 825
3 5 628
3 6 480
3 7 395
3 8 132
3 9 318
3 10 896
3 11 159
3 12 269
3 13 18
3 14 453
3 15 463
3 16 451
3 17 774
3 18 534
3 19 258
3 20 551
3 21 444
3 22 938
3 23 516
3 24 510
3 25 388
3 26 296
3 27 674
3 28 334
3 29 570
3 30 634
3 31 556
3 32 282
3 33 330
3 34 502
3 35 336
3 36 335
3 37 822
3 38 808
3 39 674
3 40 844
3 41 698
3 42 936
3 43 715
3 44 546
3 45 377
3 46 111
3 47 849
3 48 905
3 49 133
3 50 906
3 51 876
3 52 133
3 53 624
3 54 324
3 55 445
3 56 772
3 57 958
3 58 755
3 59 784
3 60 550
3 61 832
3 62 836
3 63 858
3 64 926
3 65 574
3 66 683
3 67 719
3 68 320
3 69 679
3 70 672
3 71 379
3 72 276
3 73 806
3 74 695
3 75 891
3 76 928
3 77 781
3 78 761
3 79 528
3 80 379
3 81 676
3 82 533
3 83 865
3 84 690
3 85 1042
3 86 872
3 87 321
3 88 468
3 89 826
3 90 409
3 91 183
3 92 501
3 93 294
3 94 423
3 95 610
3 96 840
3 97 608
3 98 353
3 99 353
3 100 678
4 5 352
4 6 1020
4 7 430
4 8 694
4 9 685
4 10 748
4 11 730
4 12 617
4 13 842
4 14 752
4 15 386
4 16 855
4 17 754
4 18 400
4 19 978
4 20 739
4 21 545
4 22 388
4 23 351
4 24 603
4 25 625
4 26 721
4 27 171
4 28 1074
4 29 320
4 30 194
4 31 275
4 32 948
4 33 1034
4 34 573
4 35 746
4 36 731
4 37 35
4 38 231
4 39 850
4 40 756
4 41 135
4 42 888
4 43 883
4 44 605
4 45 626
4 46 905
4 47 71
4 48 796
4 49 758
4 50 232
4 51 68
4 52 719
4 53 906
4 54 507
4 55 462
4 56 194
4 57 838
4 58 196
4 59 44
4 60 624
4 61 658
4 62 785
4 63 833
4 64 788
4 65 872
4 66 708
4 67 880
4 68 822
4 69 595
4 70 347
4 71 460
4 72 666
4 73 500
4 74 248
4 75 240
4 76 773
4 77 57
4 78 496
4 79 717
4 80 507
4 81 658
4 82 626
4 83 547
4 84 343
4 85 233
4 86 387
4 87 613
4 88 472
4 89 104
4 90 995
4 91 651
4 92 566
4 93 737
4 94 542
4 95 776
4 96 876
4 97 219
4 98 550
4 99 740
4 100 803
5 6 691
5 7 306
5 8 518
5 9 387
5 10 450
5 11 599
5 12 365
5 13 640
5 14 415
5 15 194
5 16 520
5 17 419
5 18 94
5 19 703
5 20 388
5 21 566
5 22 310
5 23 141
5 24 257
5 25 310
5 26 425
5 27 336
5 28 795
5 29 409
5 30 229
5 31 294
5 32 660
5 33 747
5 34 230
5 35 702
5 36 422
5 37 325
5 38 200
5 39 498
5 40 439
5 41 240
5 42 573
5 43 532
5 44 681
5 45 609
5 46 674
5 47 324
5 48 490
5 49 520
5 50 301
5 51 421
5 52 568
5 53 554
5 54 326
5 55 471
5 56 187
5 57 541
5 58 175
5 59 312
5 60 700
5 61 357
5 62 461
5 63 507
5 64 491
5 65 523
5 66 361
5 67 530
5 68 515
5 69 253
5 70 44
5 71 268
5 72 594
5 73 233
5 74 451
5 75 282
5 76 481
5 77 295
5 78 203
5 79 768
5 80 249
5 81 312
5 82 276
5 83 299
5 84 62
5 85 485
5 86 246
5 87 332
5 88 503
5 89 429
5 90 679
5 91 501
5 92 224
5 93 674
5 94 233
5 95 424
5 96 541
5 97 226
5 98 280
5 99 425
5 100 453
6 7 667
6 8 532
6 9 344
6 10 676
6 11 621
6 12 445
6 13 468
6 14 279
6 15 648
6 16 174
6 17 536
6 18 621
6 19 252
6 20 343
6 21 859
6 22 936
6 23 671
6 24 439
6 25 395
6 26 316
6 27 926
6 28 261
6 29 889
6 30 839
6 31 816
6 32 203
6 33 210
6 34 463
6 35 808
6 36 293
6 37 1000
6 38 889
6 39 361
6 40 612
6 41 887
6 42 639
6 43 381
6 44 983
6 45 819
6 46 391
6 47 1008
6 48 657
6 49 394
6 50 986
6 51 1086
6 52 579
6 53 264
6 54 583
6 55 819
6 56 879
6 57 696
6 58 866
6 59 975
6 60 991
6 61 660
6 62 584
6 63 579
6 64 687
6 65 242
6 66 477
6 67 388
6 68 214
6 69 555
6 70 719
6 71 600
6 72 725
6 73 732
6 74 999
6 75 965
6 76 699
6 77 963
6 78 692
6 79 990
6 80 526
6 81 507
6 82 430
6 83 764
6 84 732
6 85 1177
6 86 864
6 87 421
6 88 852
6 89 1067
6 90 73
6 91 582
6 92 468
6 93 764
6 94 477
6 95 358
6 96 530
6 97 818
6 98 483
6 99 282
6 100 401
7 8 264
7 9 326
7 10 716
7 11 314
7 12 223
7 13 412
7 14 454
7 15 112
7 16 532
7 17 641
7 18 233
7 19 567
7 20 497
7 21 276
7 22 599
7 23 165
7 24 372
7 25 306
7 26 351
7 27 285
7 28 663
7 29 221
7 30 239
7 31 165
7 32 548
7 33 631
7 34 341
7 35 396
7 36 378
7 37 427
7 38 441
7 39 640
7 40 687
7 41 303
7 42 812
7 43 683
7 44 403
7 45 305
7 46 478
7 47 455
7 48 746
7 49 337
7 50 531
7 51 481
7 52 295
7 53 650
7 54 86
7 55 191
7 56 397
7 57 801
7 58 380
7 59 389
7 60 420
7 61 629
7 62 697
7 63 736
7 64 755
7 65 602
7 66 557
7 67 683
7 68 453
7 69 486
7 70 348
7 71 76
7 72 289
7 73 534
7 74 335
7 75 519
7 76 749
7 77 386
7 78 497
7 79 473
7 80 165
7 81 522
7 82 404
7 83 600
7 84 365
7 85 649
7 86 544
7 87 250
7 88 228
7 89 437
7 90 624
7 91 225
7 92 336
7 93 369
7 94 250
7 95 557
7 96 749
7 97 213
7 98 197
7 99 394
7 100 613
8 9 277
8 10 834
8 11 107
8 12 188
8 13 150
8 14 430
8 15 341
8 16 459
8 17 724
8 18 426
8 19 353
8 20 516
8 21 336
8 22 828
8 23 395
8 24 445
8 25 327
8 26 271
8 27 542
8 28 441
8 29 439
8 30 503
8 31 423
8 32 357
8 33 424
8 34 429
8 35 288
8 36 313
8 37 692
8 38 688
8 39 652
8 40 788
8 41 568
8 42 892
8 43 695
8 44 453
8 45 287
8 46 229
8 47 719
8 48 849
8 49 137
8 50 784
8 51 743
8 52 62
8 53 621
8 54 199
8 55 322
8 56 649
8 57 904
8 58 632
8 59 653
8 60 461
8 61 761
8 62 785
8 63 813
8 64 867
8 65 569
8 66 631
8 67 698
8 68 336
8 69 606
8 70 562
8 71 257
8 72 194
8 73 714
8 74 565
8 75 770
8 76 867
8 77 651
8 78 670
8 79 459
8 80 276
8 81 615
8 82 472
8 83 776
8 84 581
8 85 913
8 86 764
8 87 249
8 88 349
8 89 694
8 90 469
8 91 56
8 92 426
8 93 245
8 94 337
8 95 579
8 96 805
8 97 477
8 98 260
8 99 333
8 100 646
9 10 578
9 11 385
9 12 114
9 13 321
9 14 154
9 15 306
9 16 209
9 17 456
9 18 301
9 19 317
9 20 239
9 21 550
9 22 678
9 23 333
9 24 197
9 25 82
9 26 38
9 27 582
9 28 408
9 29 547
9 30 499
9 31 471
9 32 273
9 33 359
9 34 197
9 35 561
9 36 52
9 37 669
9 38 587
9 39 374
9 40 526
9 41 550
9 42 620
9 43 418
9 44 681
9 45 532
9 46 317
9 47 682
9 48 586
9 49 185
9 50 688
9 51 749
9 52 340
9 53 351
9 54 246
9 55 493
9 56 566
9 57 640
9 58 551
9 59 641
9 60 693
9 61 517
9 62 518
9 63 542
9 64 607
9 65 300
9 66 365
9 67 421
9 68 136
9 69 366
9 70 424
9 71 256
9 72 456
9 73 512
9 74 655
9 75 669
9 76 610
9 77 630
9 78 467
9 79 714
9 80 182
9 81 358
9 82 216
9 83 565
9 84 441
9 85 863
9 86 606
9 87 77
9 88 529
9 89 726
9 90 310
9 91 307
9 92 198
9 93 519
9 94 153
9 95 301
9 96 529
9 97 477
9 98 138
9 99 69
9 100 369
10 11 937
10 12 645
10 13 899
10 14 466
10 15 609
10 16 533
10 17 140
10 18 488
10 19 834
10 20 365
10 21 992
10 22 430
10 23 572
10 24 389
10 25 510
10 26 604
10 27 781
10 28 898
10 29 859
10 30 677
10 31 743
10 32 773
10 33 839
10 34 406
10 35 1086
10 36 570
10 37 714
10 38 521
10 39 318
10 40 64
10 41 673
10 42 146
10 43 311
10 44 1116
10 45 1016
10 46 886
10 47 693
10 48 51
10 49 763
10 50 570
10 51 812
10 52 896
10 53 419
10 54 695
10 55 902
10 56 554
10 57 91
10 58 554
10 59 719
10 60 1134
10 61 93
10 62 97
10 63 127
10 64 40
10 65 433
10 66 219
10 67 304
10 68 627
10 69 232
10 70 428
10 71 652
10 72 974
10 73 248
10 74 898
10 75 549
10 76 33
10 77 699
10 78 256
10 79 1190
10 80 581
10 81 220
10 82 364
10 83 212
10 84 423
10 85 769
10 86 385
10 87 585
10 88 937
10 89 845
10 90 711
10 91 843
10 92 408
10 93 1050
10 94 502
10 95 325
10 96 192
10 97 676
10 98 580
10 99 556
10 100 275
11 12 293
11 13 177
11 14 537
11 15 411
11 16 561
11 17 830
11 18 509
11 19 416
11 20 624
11 21 288
11 22 905
11 23 466
11 24 549
11 25 433
11 26 378
11 27 567
11 28 494
11 29 443
11 30 547
11 31 455
11 32 433
11 33 488
11 34 531
11 35 187
11 36 419
11 37 732
11 38 754
11 39 759
11 40 893
11 41 613
11 42 999
11 43 803
11 44 386
11 45 217
11 46 271
11 47 764
11 48 954
11 49 231
11 50 846
11 51 772
11 52 45
11 53 727
11 54 272
11 55 306
11 56 711
11 57 1009
11 58 694
11 59 692
11 60 390
11 61 862
11 62 891
11 63 920
11 64 971
11 65 675
11 66 737
11 67 806
11 68 435
11 69 708
11 70 643
11 71 330
11 72 116
11 73 806
11 74 567
11 75 834
11 76 970
11 77 693
11 78 764
11 79 372
11 80 367
11 81 719
11 82 577
11 83 869
11 84 661
11 85 957
11 86 844
11 87 355
11 88 322
11 89 714
11 90 554
11 91 98
11 92 528
11 93 143
11 94 437
11 95 687
11 96 912
11 97 522
11 98 359
11 99 439
11 100 754
12 13 279
12 14 264
12 15 232
12 16 322
12 17 536
12 18 271
12 19 360
12 20 337
12 21 436
12 22 673
12 23 274
12 24 256
12 25 140
12 26 130
12 27 496
12 28 457
12 29 444
12 30 425
12 31 380
12 32 332
12 33 417
12 34 240
12 35 458
12 36 163
12 37 606
12 38 556
12 39 478
12 40 599
12 41 483
12 42 706
12 43 522
12 44 567
12 45 421
12 46 308
12 47 625
12 48 661
12 49 154
12 50 656
12 51 678
12 52 250
12 53 464
12 54 138
12 55 380
12 56 526
12 57 716
12 58 509
12 59 574
12 60 579
12 61 574
12 62 598
12 63 627
12 64 678
12 65 412
12 66 444
12 67 525
12 68 230
12 69 418
12 70 408
12 71 163
12 72 350
12 73 537
12 74 558
12 75 639
12 76 678
12 77 566
12 78 492
12 79 603
12 80 119
12 81 426
12 82 284
12 83 596
12 84 426
12 85 813
12 86 605
12 87 61
12 88 416
12 89 645
12 90 400
12 91 204
12 92 238
12 93 418
12 94 154
12 95 401
12 96 622
12 97 401
12 98 85
12 99 182
12 100 466
13 14 452
13 15 478
13 16 446
13 17 776
13 18 546
13 19 242
13 20 551
13 21 462
13 22 950
13 23 530
13 24 515
13 25 393
13 26 297
13 27 692
13 28 316
13 29 588
13 30 650
13 31 573
13 32 269
13 33 314
13 34 508
13 35 352
13 36 335
13 37 838
13 38 821
13 39 671
13 40 847
13 41 714
13 42 936
13 43 712
13 44 564
13 45 395
13 46 94
13 47 864
13 48 907
13 49 136
13 50 920
13 51 893
13 52 152
13 53 619
13 54 339
13 55 464
13 56 786
13 57 960
13 58 769
13 59 801
13 60 568
13 61 837
13 62 838
13 63 858
13 64 928
13 65 569
13 66 685
13 67 716
13 68 315
13 69 684
13 70 684
13 71 394
13 72 294
13 73 814
13 74 714
13 75 905
13 76 931
13 77 798
13 78 769
13 79 544
13 80 391
13 81 679
13 82 537
13 83 872
13 84 702
13 85 1058
13 86 883
13 87 329
13 88 487
13 89 844
13 90 396
13 91 201
13 92 507
13 93 310
13 94 431
13 95 610
13 96 839
13 97 624
13 98 363
13 99 353
13 100 678
14 15 403
14 16 105
14 17 332
14 18 352
14 19 369
14 20 102
14 21 698
14 22 661
14 23 413
14 24 160
14 25 148
14 26 160
14 27 678
14 28 441
14 29 669
14 30 582
14 31 579
14 32 310
14 33 384
14 34 185
14 35 715
14 36 119
14 37 730
14 38 610
14 39 222
14 40 407
14 41 623
14 42 485
14 43 265
14 44 829
14 45 685
14 46 425
14 47 735
14 48 465
14 49 322
14 50 707
14 51 820
14 52 492
14 53 200
14 54 384
14 55 634
14 56 602
14 57 515
14 58 590
14 59 709
14 60 842
14 61 424
14 62 392
14 63 408
14 64 489
14 65 150
14 66 247
14 67 269
14 68 160
14 69 292
14 70 440
14 71 378
14 72 611
14 73 464
14 74 766
14 75 686
14 76 496
14 77 695
14 78 422
14 79 867
14 80 292
14 81 259
14 82 153
14 83 504
14 84 453
14 85 899
14 86 588
14 87 211
14 88 671
14 89 810
14 90 279
14 91 461
14 92 190
14 93 673
14 94 220
14 95 157
14 96 386
14 97 564
14 98 256
14 99 100
14 100 225
15 16 495
15 17 543
15 18 121
15 19 592
15 20 426
15 21 383
15 22 494
15 23 55
15 24 290
15 25 259
15 26 339
15 27 278
15 28 689
15 29 275
15 30 194
15 31 175
15 32 562
15 33 648
15 34 257
15 35 508
15 36 355
15 37 374
15 38 346
15 39 563
15 40 583
15 41 251
15 42 712
15 43 605
15 44 506
15 45 418
15 46 529
15 47 394
15 48 641
15 49 377
15 50 443
15 51 447
15 52 384
15 53 588
15 54 142
15 55 293
15 56 308
15 57 695
15 58 291
15 59 341
15 60 524
15 61 520
15 62 597
15 63 638
15 64 649
15 65 544
15 66 464
15 67 604
15 68 442
15 69 383
15 70 237
15 71 84
15 72 399
15 73 422
15 74 362
15 75 428
15 76 642
15 77 334
15 78 385
15 79 583
15 80 123
15 81 424
15 82 322
15 83 487
15 84 254
15 85 585
15 86 436
15 87 230
15 88 328
15 89 420
15 90 616
15 91 315
15 92 251
15 93 479
15 94 183
15 95 481
15 96 656
15 97 171
15 98 167
15 99 366
15 100 531
16 17 393
16 18 454
16 19 308
16 20 177
16 21 757
16 22 763
16 23 511
16 24 265
16 25 236
16 26 195
16 27 773
16 28 365
16 29 752
16 30 680
16 31 669
16 32 246
16 33 306
16 34 290
16 35 747
16 36 158
16 37 833
16 38 715
16 39 241
16 40 470
16 41 724
16 42 524
16 43 276
16 44 887
16 45 733
16 46 397
16 47 839
16 48 522
16 49 332
16 50 812
16 51 922
16 52 516
16 53 174
16 54 455
16 55 702
16 56 707
16 57 568
16 58 695
16 59 811
16 60 898
16 61 504
16 62 448
16 63 454
16 64 550
16 65 126
16 66 320
16 67 281
16 68 130
16 69 386
16 70 546
16 71 459
16 72 649
16 73 562
16 74 855
16 75 791
16 76 559
16 77 797
16 78 521
16 79 913
16 80 377
16 81 343
16 82 256
16 83 597
16 84 559
16 85 1005
16 86 691
16 87 282
16 88 738
16 89 908
16 90 183
16 91 499
16 92 295
16 93 703
16 94 316
16 95 207
16 96 418
16 97 661
16 98 337
16 99 140
16 100 265
17 18 430
17 19 696
17 20 230
17 21 917
17 22 494
17 23 516
17 24 283
17 25 397
17 26 478
17 27 755
17 28 758
17 29 810
17 30 648
17 31 697
17 32 635
17 33 699
17 34 307
17 35 989
17 36 442
17 37 722
17 38 541
17 39 182
17 40 77
17 41 658
17 42 172
17 43 183
17 44 1045
17 45 930
17 46 756
17 47 708
17 48 132
17 49 641
17 50 610
17 51 821
17 52 786
17 53 282
17 54 606
17 55 832
17 56 563
17 57 184
17 58 559
17 59 719
17 60 1062
17 61 143
17 62 62
17 63 94
17 64 157
17 65 293
17 66 92
17 67 177
17 68 492
17 69 167
17 70 410
17 71 570
17 72 878
17 73 282
17 74 868
17 75 588
17 76 166
17 77 700
17 78 267
17 79 1109
17 80 491
17 81 119
17 82 253
17 83 278
17 84 411
17 85 816
17 86 435
17 87 475
17 88 869
17 89 842
17 90 571
17 91 739
17 92 311
17 93 951
17 94 405
17 95 185
17 96 122
17 97 642
17 98 481
17 99 426
17 100 135
18 19 615
18 20 347
18 21 505
18 22 404
18 23 86
18 24 208
18 25 230
18 26 339
18 27 342
18 28 708
18 29 380
18 30 238
18 31 268
18 32 574
18 33 661
18 34 175
18 35 623
18 36 341
18 37 379
18 38 287
18 39 473
18 40 465
18 41 272
18 42 596
18 43 512
18 44 627
18 45 538
18 46 580
18 47 386
18 48 522
18 49 426
18 50 388
18 51 468
18 52 477
18 53 515
18 54 238
18 55 414
18 56 265
18 57 576
18 58 249
18 59 356
18 60 645
18 61 398
18 62 481
18 63 524
18 64 528
18 65 477
18 66 357
18 67 511
18 68 433
18 69 266
18 70 137
18 71 182
18 72 513
18 73 303
18 74 446
18 75 370
18 76 521
18 77 343
18 78 264
18 79 705
18 80 154
18 81 313
18 82 235
18 83 368
18 84 156
18 85 562
18 86 338
18 87 241
18 88 448
18 89 461
18 90 602
18 91 411
18 92 169
18 93 593
18 94 148
18 95 393
18 96 547
18 97 225
18 98 187
18 99 346
18 100 434
19 20 469
19 21 689
19 22 994
19 23 632
19 24 498
19 25 397
19 26 279
19 27 851
19 28 96
19 29 775
19 30 785
19 31 731
19 32 62
19 33 72
19 34 506
19 35 594
19 36 292
19 37 967
19 38 902
19 39 549
19 40 773
19 41 843
19 42 833
19 43 582
19 44 800
19 45 630
19 46 151
19 47 984
19 48 828
19 49 232
19 50 1003
19 51 1037
19 52 382
19 53 470
19 54 481
19 55 672
19 56 878
19 57 875
19 58 862
19 59 934
19 60 805
19 61 793
19 62 754
19 63 762
19 64 854
19 65 430
19 66 616
19 67 587
19 68 211
19 69 656
19 70 741
19 71 520
19 72 531
19 73 818
19 74 897
19 75 985
19 76 862
19 77 926
19 78 774
19 79 786
19 80 475
19 81 628
19 82 506
19 83 865
19 84 758
19 85 1171
19 86 922
19 87 374
19 88 701
19 89 1002
19 90 179
19 91 409
19 92 509
19 93 552
19 94 469
19 95 512
19 96 726
19 97 760
19 98 434
19 99 297
19 100 573
20 21 758
20 22 596
20 23 422
20 24 139
20 25 201
20 26 255
20 27 687
20 28 536
20 29 700
20 30 585
20 31 600
20 32 409
20 33 478
20 34 172
20 35 796
20 36 216
20 37 713
20 38 571
20 39 143
20 40 305
20 41 617
20 42 384
20 43 187
20 44 889
20 45 754
20 46 527
20 47 712
20 48 362
20 49 419
20 50 662
20 51 808
20 52 579
20 53 167
20 54 439
20 55 686
20 56 571
20 57 413
20 58 561
20 59 697
20 60 904
20 61 327
20 62 290
20 63 307
20 64 387
20 65 134
20 66 147
20 67 188
20 68 262
20 69 211
20 70 404
20 71 420
20 72 688
20 73 389
20 74 785
20 75 641
20 76 394
20 77 681
20 78 350
20 79 937
20 80 332
20 81 166
20 82 113
20 83 421
20 84 415
20 85 862
20 86 525
20 87 278
20 88 723
20 89 807
20 90 361
20 91 541
20 92 178
20 93 755
20 94 247
20 95 63
20 96 289
20 97 571
20 98 306
20 99 199
20 100 130
21 22 828
21 23 427
21 24 642
21 25 558
21 26 562
21 27 374
21 28 774
21 29 224
21 30 409
21 31 303
21 32 694
21 33 761
21 34 613
21 35 210
21 36 599
21 37 560
21 38 652
21 39 902
21 40 963
21 41 464
21 42 1088
21 43 946
21 44 131
21 45 90
21 46 554
21 47 599
21 48 1022
21 49 470
21 50 723
21 51 567
21 52 311
21 53 898
21 54 318
21 55 96
21 56 601
21 57 1077
21 58 586
21 59 519
21 60 145
21 61 904
21 62 973
21 63 1012
21 64 1031
21 65 848
21 66 831
21 67 947
21 68 650
21 69 763
21 70 604
21 71 346
21 72 176
21 73 800
21 74 325
21 75 718
21 76 1025
21 77 527
21 78 766
21 79 201
21 80 430
21 81 797
21 82 675
21 83 865
21 84 619
21 85 778
21 86 784
21 87 486
21 88 73
21 89 496
21 90 800
21 91 281
21 92 608
21 93 216
21 94 517
21 95 820
21 96 1022
21 97 390
21 98 451
21 99 618
21 100 880
22 23 438
22 24 505
22 25 596
22 26 716
22 27 496
22 28 1082
22 29 627
22 30 423
22 31 525
22 32 945
22 33 1029
22 34 490
22 35 991
22 36 703
22 37 353
22 38 179
22 39 650
22 40 462
22 41 380
22 42 576
22 43 667
22 44 924
22 45 887
22 46 979
22 47 318
22 48 481
22 49 827
22 50 162
22 51 436
22 52 876
22 53 736
22 54 633
22 55 732
22 56 231
22 57 509
22 58 245
22 59 377
22 60 943
22 61 359
22 62 499
22 63 545
22 64 463
22 65 723
22 66 494
22 67 662
22 68 792
22 69 389
22 70 266
22 71 574
22 72 887
22 73 216
22 74 608
22 75 148
22 76 444
22 77 358
22 78 247
22 79 1025
22 80 558
22 81 448
22 82 507
22 83 221
22 84 248
22 85 343
22 86 72
22 87 633
22 88 757
22 89 493
22 90 940
22 91 808
22 92 487
22 93 967
22 94 530
22 95 602
22 96 602
22 97 438
22 98 588
22 99 701
22 100 597
23 24 283
23 25 276
23 26 369
23 27 266
23 28 728
23 29 293
23 30 169
23 31 182
23 32 598
23 33 685
23 34 250
23 35 561
23 36 380
23 37 336
23 38 292
23 39 554
23 40 551
23 41 217
23 42 682
23 43 594
23 44 546
23 45 467
23 46 577
23 47 352
23 48 606
23 49 424
23 50 390
23 51 416
23 52 440
23 53 588
23 54 197
23 55 333
23 56 256
23 57 660
23 58 239
23 59 307
23 60 564
23 61 481
23 62 567
23 63 610
23 64 612
23 65 547
23 66 442
23 67 593
23 68 470
23 69 352
23 70 183
23 71 138
23 72 453
23 73 373
23 74 364
23 75 375
23 76 604
23 77 297
23 78 338
23 79 628
23 80 157
23 81 399
23 82 312
23 83 438
23 84 200
23 85 539
23 86 380
23 87 262
23 88 367
23 89 397
23 90 643
23 91 370
23 92 243
23 93 533
23 94 194
23 95 472
23 96 633
23 97 151
23 98 199
23 99 389
23 100 517
24 25 122
24 26 230
24 27 548
24 28 581
24 29 566
24 30 446
24 31 462
24 32 445
24 33 526
24 34 33
24 35 706
24 36 207
24 37 579
24 38 450
24 39 273
24 40 343
24 41 479
24 42 455
24 43 314
24 44 772
24 45 649
24 46 515
24 47 581
24 48 405
24 49 379
24 50 546
24 51 672
24 52 507
24 53 306
24 54 326
24 55 563
24 56 444
24 57 460
24 58 432
24 59 561
24 60 788
24 61 321
24 62 343
24 63 376
24 64 422
24 65 269
24 66 192
24 67 314
24 68 290
24 69 168
24 70 280
24 71 296
24 72 594
24 73 320
24 74 647
24 75 525
24 76 422
24 77 545
24 78 275
24 79 829
24 80 212
24 81 170
24 82 32
24 83 369
24 84 293
24 85 740
24 86 432
24 87 195
24 88 600
24 89 669
24 90 436
24 91 457
24 92 39
24 93 667
24 94 124
24 95 190
24 96 380
24 97 431
24 98 198
24 99 200
24 100 241
25 26 119
25 27 536
25 28 487
25 29 521
25 30 445
25 31 433
25 32 351
25 33 436
25 34 116
25 35 598
25 36 111
25 37 606
25 38 511
25 39 344
25 40 462
25 41 491
25 42 566
25 43 388
25 44 689
25 45 553
25 46 397
25 47 616
25 48 523
25 49 257
25 50 612
25 51 690
25 52 389
25 53 344
25 54 240
25 55 489
25 56 494
25 57 578
25 58 479
25 59 580
25 60 703
25 61 444
25 62 458
25 63 487
25 64 541
25 65 296
25 66 304
25 67 390
25 68 204
25 69 290
25 70 345
25 71 230
25 72 488
25 73 430
25 74 620
25 75 592
25 76 543
25 77 568
25 78 385
25 79 735
25 80 144
25 81 290
25 82 146
25 83 484
25 84 362
25 85 791
25 86 525
25 87 78
25 88 526
25 89 673
25 90 372
25 91 345
25 92 117
25 93 557
25 94 82
25 95 264
25 96 482
25 97 425
25 98 109
25 99 116
25 100 328
26 27 614
26 28 370
26 29 573
26 30 533
26 31 501
26 32 234
26 33 321
26 34 232
26 35 559
26 36 41
26 37 705
26 38 625
26 39 383
26 40 549
26 41 586
26 42 639
26 43 426
26 44 691
26 45 538
26 46 285
26 47 719
26 48 609
26 49 164
26 50 726
26 51 784
26 52 332
26 53 350
26 54 268
26 55 511
26 56 604
26 57 662
26 58 589
26 59 676
26 60 703
26 61 546
26 62 540
26 63 561
26 64 631
26 65 298
26 66 388
26 67 429
26 68 103
26 69 397
26 70 462
26 71 284
26 72 457
26 73 547
26 74 683
26 75 707
26 76 635
26 77 666
26 78 502
26 79 719
26 80 215
26 81 384
26 82 246
26 83 599
26 84 479
26 85 900
26 86 644
26 87 108
26 88 546
26 89 759
26 90 277
26 91 307
26 92 234
26 93 516
26 94 191
26 95 315
26 96 544
26 97 510
26 98 171
26 99 61
26 100 383
27 28 947
27 29 150
27 30 106
27 31 120
27 32 828
27 33 912
27 34 515
27 35 574
27 36 633
27 37 185
27 38 316
27 39 815
27 40 774
27 41 117
27 42 908
27 43 854
27 44 443
27 45 455
27 46 762
27 47 225
27 48 823
27 49 622
27 50 363
27 51 205
27 52 560
27 53 854
27 54 370
27 55 291
27 56 265
27 57 872
27 58 255
27 59 144
27 60 462
27 61 687
27 62 797
27 63 844
27 64 822
27 65 814
27 66 692
27 67 852
27 68 718
27 69 588
27 70 352
27 71 333
27 72 497
27 73 543
27 74 119
27 75 364
27 76 809
27 77 155
27 78 525
27 79 553
27 80 400
27 81 644
27 82 576
27 83 602
27 84 358
27 85 404
27 86 472
27 87 506
27 88 301
27 89 152
27 90 892
27 91 495
27 92 509
27 93 566
27 94 458
27 95 735
27 96 876
27 97 116
27 98 443
27 99 645
27 100 775
28 29 870
28 30 881
28 31 828
28 32 136
28 33 58
28 34 592
28 35 665
28 36 378
28 37 1063
28 38 995
28 39 598
28 40 835
28 41 940
28 42 883
28 43 627
28 44 881
28 45 711
28 46 222
28 47 1080
28 48 887
28 49 327
28 50 1096
28 51 1134
28 52 464
28 53 511
28 54 577
28 55 763
28 56 972
28 57 932
28 58 957
28 59 1031
28 60 885
28 61 864
28 62 813
28 63 816
28 64 915
28 65 477
28 66 683
28 67 633
28 68 291
28 69 733
28 70 832
28 71 617
28 72 611
28 73 900
28 74 992
28 75 1077
28 76 924
28 77 1023
28 78 856
28 79 859
28 80 571
28 81 700
28 82 586
28 83 944
28 84 849
28 85 1266
28 86 1010
28 87 469
28 88 790
28 89 1098
28 90 198
28 91 498
28 92 595
28 93 624
28 94 562
28 95 572
28 96 775
28 97 857
28 98 529
28 99 381
28 100 629
29 30 204
29 31 115
29 32 762
29 33 842
29 34 533
29 35 428
29 36 599
29 37 336
29 38 447
29 39 839
29 40 842
29 41 249
29 42 974
29 43 880
29 44 298
29 45 307
29 46 668
29 47 375
29 48 896
29 49 543
29 50 507
29 51 345
29 52 445
29 53 861
29 54 306
29 55 146
29 56 395
29 57 948
29 58 381
29 59 295
29 60 318
29 61 766
29 62 859
29 63 903
29 64 899
29 65 815
29 66 735
29 67 880
29 68 674
29 69 645
29 70 438
29 71 293
29 72 359
29 73 638
29 74 125
29 75 504
29 76 890
29 77 304
29 78 612
29 79 405
29 80 377
29 81 693
29 82 597
29 83 701
29 84 449
29 85 553
29 86 593
29 87 471
29 88 152
29 89 278
29 90 844
29 91 386
29 92 527
29 93 423
29 94 454
29 95 756
29 96 926
29 97 193
29 98 415
29 99 615
29 100 806
30 31 106
30 32 756
30 33 842
30 34 413
30 35 590
30 36 547
30 37 188
30 38 244
30 39 711
30 40 668
30 41 65
30 42 803
30 43 748
30 44 500
30 45 477
30 46 711
30 47 216
30 48 718
30 49 563
30 50 315
30 51 252
30 52 532
30 53 753
30 54 313
30 55 315
30 56 193
30 57 768
30 58 178
30 59 151
30 60 520
30 61 583
30 62 691
30 63 737
30 64 718
30 65 714
30 66 585
30 67 747
30 68 635
30 69 481
30 70 248
30 71 265
30 72 498
30 73 444
30 74 221
30 75 309
30 76 706
30 77 147
30 78 423
30 79 602
30 80 317
30 81 537
30 82 473
30 83 504
30 84 255
30 85 410
30 86 388
30 87 424
30 88 336
30 89 228
30 90 809
30 91 463
30 92 407
30 93 574
30 94 364
30 95 631
30 96 769
30 97 25
30 98 361
30 99 557
30 100 670
31 32 710
31 33 794
31 34 429
31 35 485
31 36 522
31 37 279
31 38 349
31 39 735
31 40 727
31 41 166
31 42 860
31 43 775
31 44 400
31 45 371
31 46 642
31 47 312
31 48 781
31 49 502
31 50 421
31 51 320
31 52 445
31 53 764
31 54 250
31 55 209
31 56 298
31 57 833
31 58 282
31 59 238
31 60 420
31 61 650
31 62 746
31 63 790
31 64 784
31 65 720
31 66 625
31 67 775
31 68 605
31 69 531
31 70 324
31 71 217
31 72 396
31 73 523
31 74 187
31 75 415
31 76 774
31 77 240
31 78 496
31 79 499
31 80 292
31 81 581
31 82 493
31 83 587
31 84 335
31 85 503
31 86 486
31 87 394
31 88 231
31 89 272
31 90 778
31 91 378
31 92 423
31 93 470
31 94 359
31 95 653
31 96 815
31 97 87
31 98 333
31 99 536
31 100 699
32 33 87
32 34 455
32 35 617
32 36 241
32 37 934
32 38 860
32 39 487
32 40 712
32 41 813
32 42 771
32 43 520
32 44 810
32 45 642
32 46 188
32 47 950
32 48 766
32 49 225
32 50 961
32 51 1009
32 52 395
32 53 409
32 54 461
32 55 669
32 56 839
32 57 813
32 58 823
32 59 904
32 60 817
32 61 734
32 62 692
32 63 700
32 64 793
32 65 368
32 66 556
32 67 525
32 68 155
32 69 599
32 70 696
32 71 495
32 72 544
32 73 764
32 74 882
32 75 942
32 76 801
32 77 895
32 78 720
32 79 805
32 80 441
32 81 569
32 82 451
32 83 810
32 84 713
32 85 1134
32 86 873
32 87 337
32 88 699
32 89 977
32 90 130
32 91 412
32 92 458
32 93 574
32 94 426
32 95 450
32 96 664
32 97 732
32 98 399
32 99 244
32 100 511
33 34 539
33 35 666
33 36 326
33 37 1021
33 38 947
33 39 540
33 40 776
33 41 899
33 42 825
33 43 569
33 44 872
33 45 703
33 46 222
33 47 1037
33 48 828
33 49 300
33 50 1048
33 51 1095
33 52 455
33 53 454
33 54 544
33 55 743
33 56 926
33 57 873
33 58 910
33 59 990
33 60 878
33 61 806
33 62 754
33 63 757
33 64 856
33 65 418
33 66 624
33 67 575
33 68 236
33 69 676
33 70 782
33 71 580
33 72 603
33 73 844
33 74 963
33 75 1029
33 76 866
33 77 981
33 78 801
33 79 859
33 80 528
33 81 642
33 82 530
33 83 888
33 84 799
33 85 1221
33 86 956
33 87 424
33 88 772
33 89 1062
33 90 142
33 91 481
33 92 542
33 93 624
33 94 513
33 95 514
33 96 717
33 97 818
33 98 486
33 99 327
33 100 570
34 35 684
34 36 214
34 37 549
34 38 425
34 39 305
34 40 363
34 41 447
34 42 479
34 43 347
34 44 743
34 45 623
34 46 513
34 47 552
34 48 424
34 49 373
34 50 523
34 51 641
34 52 490
34 53 339
34 54 299
34 55 533
34 56 417
34 57 480
34 58 405
34 59 530
34 60 759
34 61 333
34 62 366
34 63 401
34 64 440
34 65 301
34 66 218
34 67 346
34 68 302
34 69 178
34 70 256
34 71 267
34 72 572
34 73 315
34 74 614
34 75 503
34 76 439
34 77 515
34 78 270
34 79 803
34 80 184
34 81 190
34 82 64
34 83 368
34 84 270
34 85 714
34 86 417
34 87 182
34 88 570
34 89 637
34 90 455
34 91 437
34 92 6
34 93 646
34 94 98
34 95 223
34 96 408
34 97 398
34 98 175
34 99 211
34 100 273
35 36 600
35 37 757
35 38 824
35 39 935
35 40 1047
35 41 651
35 42 1161
35 43 979
35 44 247
35 45 121
35 46 444
35 47 794
35 48 1108
35 49 419
35 50 904
35 51 773
35 52 231
35 53 909
35 54 392
35 55 283
35 56 776
35 57 1164
35 58 759
35 59 715
35 60 243
35 61 1005
35 62 1050
35 63 1082
35 64 1122
35 65 857
35 66 898
35 67 982
35 68 622
35 69 854
35 70 745
35 71 442
35 72 112
35 73 927
35 74 535
35 75 897
35 76 1119
35 77 721
35 78 888
35 79 195
35 80 504
35 81 874
35 82 736
35 83 992
35 84 761
35 85 979
35 86 939
35 87 519
35 88 277
35 89 704
35 90 740
35 91 254
35 92 680
35 93 43
35 94 585
35 95 859
35 96 1080
35 97 568
35 98 508
35 99 620
35 100 925
36 37 714
36 38 623
36 39 342
36 40 514
36 41 597
36 42 600
36 43 384
36 44 729
36 45 577
36 46 316
36 47 725
36 48 574
36 49 203
36 50 723
36 51 796
36 52 374
36 53 309
36 54 298
36 55 544
36 56 605
36 57 626
36 58 590
36 59 687
36 60 741
36 61 516
36 62 503
36 63 523
36 64 596
36 65 257
36 66 352
36 67 388
36 68 92
36 69 370
36 70 457
36 71 308
36 72 498
36 73 527
36 74 707
36 75 704
36 76 601
36 77 676
36 78 482
36 79 759
36 80 232
36 81 353
36 82 219
36 83 576
36 84 473
36 85 903
36 86 631
36 87 128
36 88 580
36 89 774
36 90 263
36 91 348
36 92 217
36 93 557
36 94 192
36 95 275
36 96 504
36 97 526
36 98 189
36 99 20
36 100 343
37 38 195
37 39 822
37 40 723
37 41 124
37 42 854
37 43 854
37 44 626
37 45 639
37 46 899
37 47 41
37 48 762
37 49 749
37 50 199
37 51 99
37 52 720
37 53 880
37 54 501
37 55 474
37 56 160
37 57 804
37 58 163
37 59 41
37 60 645
37 61 624
37 62 752
37 63 800
37 64 754
37 65 847
37 66 678
37 67 851
37 68 805
37 69 564
37 70 317
37 71 451
37 72 674
37 73 465
37 74 274
37 75 206
37 76 738
37 77 40
37 78 462
37 79 737
37 80 493
37 81 627
37 82 601
37 83 512
37 84 313
37 85 224
37 86 352
37 87 598
37 88 486
37 89 139
37 90 977
37 91 651
37 92 543
37 93 746
37 94 523
37 95 749
37 96 844
37 97 214
37 98 536
37 99 722
37 100 774
38 39 661
38 40 534
38 41 200
38 42 663
38 43 688
38 44 745
38 45 715
38 46 864
38 47 171
38 48 570
38 49 710
38 50 101
38 51 291
38 52 730
38 53 731
38 54 489
38 55 557
38 56 52
38 57 610
38 58 66
38 59 209
38 60 764
38 61 433
38 62 565
38 63 614
38 64 560
38 65 705
38 66 509
38 67 685
38 68 715
38 69 394
38 70 169
38 71 431
38 72 725
38 73 273
38 74 431
38 75 83
38 76 544
38 77 189
38 78 275
38 79 847
38 80 436
38 81 458
38 82 464
38 83 316
38 84 156
38 85 291
38 86 159
38 87 528
38 88 580
38 89 332
38 90 879
38 91 660
38 92 420
38 93 803
38 94 433
38 95 596
38 96 661
38 97 261
38 98 473
38 99 625
38 100 610
39 40 254
39 41 735
39 42 284
39 43 44
39 44 1033
39 45 897
39 46 634
39 47 815
39 48 296
39 49 544
39 50 743
39 51 919
39 52 714
39 53 100
39 54 583
39 55 829
39 56 670
39 57 335
39 58 663
39 59 810
39 60 1047
39 61 320
39 62 224
39 63 218
39 64 326
39 65 122
39 66 156
39 67 46
39 68 362
39 69 268
39 70 505
39 71 563
39 72 829
39 73 433
39 74 918
39 75 721
39 76 339
39 77 793
39 78 405
39 79 1080
39 80 475
39 81 204
39 82 241
39 83 445
39 84 512
39 85 948
39 86 584
39 87 420
39 88 866
39 89 926
39 90 404
39 91 680
39 92 312
39 93 893
39 94 389
39 95 83
39 96 177
39 97 699
39 98 450
39 99 322
39 100 53
40 41 670
40 42 134
40 43 248
40 44 1089
40 45 982
40 46 830
40 47 704
40 48 61
40 49 711
40 50 592
40 51 821
40 52 850
40 53 354
40 54 659
40 55 876
40 56 562
40 57 116
40 58 560
40 59 724
40 60 1106
40 61 103
40 62 38
40 63 82
40 64 82
40 65 369
40 66 161
40 67 242
40 68 567
40 69 200
40 70 423
40 71 619
40 72 935
40 73 263
40 74 890
40 75 571
40 76 89
40 77 704
40 78 260
40 79 1158
40 80 544
40 81 173
40 82 315
40 83 241
40 84 420
40 85 795
40 86 410
40 87 538
40 88 911
40 89 849
40 90 648
40 91 800
40 92 367
40 93 1009
40 94 461
40 95 262
40 96 141
40 97 665
40 98 538
40 99 499
40 100 211
41 42 805
41 43 771
41 44 548
41 45 536
41 46 774
41 47 151
41 48 717
41 49 625
41 50 258
41 51 199
41 52 598
41 53 785
41 54 376
41 55 372
41 56 148
41 57 764
41 58 137
41 59 90
41 60 568
41 61 580
41 62 696
41 63 743
41 64 713
41 65 748
41 66 602
41 67 769
41 68 687
41 69 492
41 70 248
41 71 326
41 72 561
41 73 431
41 74 235
41 75 255
41 76 700
41 77 84
41 78 416
41 79 654
41 80 371
41 81 552
41 82 504
41 83 487
41 84 250
41 85 345
41 86 354
41 87 478
41 88 391
41 89 190
41 90 860
41 91 529
41 92 441
41 93 636
41 94 409
41 95 659
41 96 780
41 97 90
41 98 415
41 99 606
41 100 692
42 43 258
42 44 1216
42 45 1103
42 46 909
42 47 835
42 48 95
42 49 803
42 50 716
42 51 953
42 52 955
42 53 375
42 54 778
42 55 1003
42 56 693
42 57 80
42 58 693
42 59 857
42 60 1233
42 61 230
42 62 115
42 63 79
42 64 114
42 65 406
42 66 262
42 67 251
42 68 638
42 69 329
42 70 557
42 71 742
42 72 1050
42 73 390
42 74 1024
42 75 695
42 76 134
42 77 837
42 78 392
42 79 1281
42 80 663
42 81 291
42 82 424
42 83 358
42 84 554
42 85 915
42 86 531
42 87 644
42 88 1039
42 89 982
42 90 688
42 91 910
42 92 483
42 93 1122
42 94 578
42 95 328
42 96 109
42 97 799
42 98 653
42 99 583
42 100 262
43 44 1077
43 45 941
43 46 672
43 47 846
43 48 282
43 49 586
43 50 768
43 51 952
43 52 757
43 53 117
43 54 627
43 55 872
43 56 701
43 57 316
43 58 693
43 59 844
43 60 1091
43 61 326
43 62 214
43 63 199
43 64 313
43 65 152
43 66 179
43 67 6
43 68 400
43 69 294
43 70 537
43 71 606
43 72 873
43 73 451
43 74 958
43 75 746
43 76 328
43 77 826
43 78 426
43 79 1124
43 80 519
43 81 229
43 82 282
43 83 457
43 84 542
43 85 974
43 86 603
43 87 464
43 88 909
43 89 961
43 90 430
43 91 724
43 92 353
43 93 937
43 94 432
43 95 126
43 96 149
43 97 737
43 98 494
43 99 365
43 100 79
44 45 169
44 46 658
44 47 667
44 48 1147
44 49 590
44 50 805
44 51 613
44 52 417
44 53 1030
44 54 450
44 55 213
44 56 693
44 57 1202
44 58 679
44 59 586
44 60 19
44 61 1026
44 62 1101
44 63 1140
44 64 1155
44 65 979
44 66 960
44 67 1078
44 68 777
44 69 889
44 70 717
44 71 476
44 72 270
44 73 915
44 74 362
44 75 803
44 76 1149
44 77 598
44 78 883
44 79 115
44 80 560
44 81 925
44 82 805
44 83 980
44 84 730
44 85 831
44 86 886
44 87 618
44 88 179
44 89 537
44 90 922
44 91 400
44 92 738
44 93 274
44 94 648
44 95 951
44 96 1152
44 97 486
44 98 583
44 99 748
44 100 1011
45 46 489
45 47 676
45 48 1042
45 49 424
45 50 792
45 51 652
45 52 248
45 53 884
45 54 324
45 55 164
45 56 666
45 57 1098
45 58 650
45 59 597
45 60 174
45 61 931
45 62 989
45 63 1025
45 64 1054
45 65 833
45 66 842
45 67 943
45 68 617
45 69 784
45 70 650
45 71 364
45 72 100
45 73 840
45 74 414
45 75 785
45 76 1049
45 77 604
45 78 803
45 79 182
45 80 439
45 81 812
45 82 681
45 83 905
45 84 665
45 85 859
45 86 838
45 87 477
45 88 156
45 89 583
45 90 756
45 91 236
45 92 619
45 93 125
45 94 525
45 95 818
45 96 1029
45 97 456
45 98 452
45 99 597
45 100 881
46 47 922
46 48 888
46 49 154
46 50 964
46 51 959
46 52 243
46 53 571
46 54 398
46 55 551
46 56 833
46 57 940
46 58 816
46 59 863
46 60 662
46 61 832
46 62 817
46 63 833
46 64 912
46 65 523
46 66 668
46 67 676
46 68 271
46 69 683
46 70 716
46 71 448
46 72 388
46 73 827
46 74 793
46 75 947
46 76 917
46 77 858
46 78 782
46 79 638
46 80 427
46 81 669
46 82 532
46 83 882
46 84 734
46 85 1114
46 86 910
46 87 346
46 88 575
46 89 915
46 90 318
46 91 285
46 92 514
46 93 403
46 94 450
46 95 580
46 96 807
46 97 686
46 98 393
46 99 330
46 100 647
47 48 741
47 49 771
47 50 160
47 51 120
47 52 749
47 53 877
47 54 525
47 55 512
47 56 146
47 57 782
47 58 152
47 59 80
47 60 686
47 61 604
47 62 735
47 63 783
47 64 732
47 65 847
47 66 669
47 67 843
47 68 817
47 69 554
47 70 310
47 71 474
47 72 709
47 73 444
47 74 315
47 75 170
47 76 716
47 77 72
47 78 445
47 79 778
47 80 509
47 81 618
47 82 601
47 83 487
47 84 304
47 85 193
47 86 322
47 87 613
47 88 525
47 89 175
47 90 988
47 91 680
47 92 546
47 93 782
47 94 533
47 95 745
47 96 829
47 97 242
47 98 551
47 99 732
47 100 767
48 49 771
48 50 620
48 51 860
48 52 911
48 53 395
48 54 719
48 55 934
48 56 601
48 57 55
48 58 601
48 59 766
48 60 1165
48 61 137
48 62 73
48 63 86
48 64 30
48 65 415
48 66 221
48 67 276
48 68 624
48 69 259
48 70 470
48 71 678
48 72 996
48 73 297
48 74 940
48 75 600
48 76 48
48 77 746
48 78 301
48 79 1218
48 80 605
48 81 234
48 82 376
48 83 262
48 84 466
48 85 820
48 86 436
48 87 599
48 88 969
48 89 892
48 90 697
48 91 862
48 92 428
48 93 1070
48 94 522
48 95 315
48 96 150
48 97 716
48 98 600
48 99 558
48 100 258
49 50 810
49 51 814
49 52 187
49 53 501
49 54 253
49 55 443
49 56 679
49 57 825
49 58 662
49 59 715
49 60 598
49 61 701
49 62 703
49 63 725
49 64 792
49 65 450
49 66 550
49 67 590
49 68 204
49 69 548
49 70 562
49 71 298
49 72 331
49 73 682
49 74 665
49 75 793
49 76 795
49 77 709
49 78 637
49 79 596
49 80 273
49 81 543
49 82 401
49 83 739
49 84 580
49 85 962
49 86 758
49 87 196
49 88 473
49 89 774
49 90 332
49 91 189
49 92 372
49 93 375
49 94 300
49 95 479
49 96 708
49 97 538
49 98 239
49 99 222
49 100 547
50 51 275
50 52 824
50 53 819
50 54 584
50 55 630
50 56 134
50 57 655
50 58 151
50 59 229
50 60 824
50 61 489
50 62 626
50 63 674
50 64 606
50 65 796
50 66 589
50 67 764
50 68 816
50 69 474
50 70 268
50 71 527
50 72 809
50 73 330
50 74 467
50 75 22
50 76 589
50 77 213
50 78 344
50 79 912
50 80 536
50 81 539
50 82 559
50 83 358
50 84 253
50 85 206
50 86 185
50 87 629
50 88 649
50 89 335
50 90 978
50 91 754
50 92 519
50 93 886
50 94 534
50 95 683
50 96 726
50 97 336
50 98 574
50 99 726
50 100 692
51 52 764
51 53 975
51 54 562
51 55 491
51 56 259
51 57 901
51 58 262
51 59 111
51 60 632
51 61 723
51 62 851
51 63 899
51 64 851
51 65 941
51 66 777
51 67 949
51 68 886
51 69 663
51 70 415
51 71 517
51 72 701
51 73 563
51 74 251
51 75 287
51 76 835
51 77 126
51 78 561
51 79 728
51 80 569
51 81 726
51 82 695
51 83 607
51 84 411
51 85 218
51 86 443
51 87 676
51 88 496
51 89 78
51 90 1059
51 91 698
51 92 635
51 93 768
51 94 608
51 95 845
51 96 943
51 97 277
51 98 613
51 99 805
51 100 872
52 53 681
52 54 243
52 55 315
52 56 689
52 57 967
52 58 672
52 59 680
52 60 423
52 61 822
52 62 848
52 63 876
52 64 929
52 65 630
52 66 694
52 67 760
52 68 391
52 69 667
52 70 613
52 71 302
52 72 149
52 73 770
52 74 570
52 75 811
52 76 929
52 77 679
52 78 727
52 79 411
52 80 331
52 81 677
52 82 534
52 83 833
52 84 630
52 85 943
52 86 814
52 87 312
52 88 336
52 89 710
52 90 513
52 91 70
52 92 487
52 93 187
52 94 397
52 95 642
52 96 867
52 97 507
52 98 319
52 99 394
52 100 709
53 54 583
53 55 833
53 56 735
53 57 432
53 58 725
53 59 864
53 60 1043
53 61 418
53 62 324
53 63 315
53 64 425
53 65 51
53 66 244
53 67 123
53 68 304
53 69 348
53 70 568
53 71 574
53 72 807
53 73 521
53 74 950
53 75 796
53 76 439
53 77 848
53 78 489
53 79 1066
53 80 486
53 81 287
53 82 280
53 83 538
53 84 577
53 85 1021
53 86 668
53 87 412
53 88 870
53 89 975
53 90 313
53 91 657
53 92 346
53 93 866
53 94 406
53 95 135
53 96 266
53 97 738
53 98 453
53 99 289
53 100 148
54 55 250
54 56 450
54 57 775
54 58 433
54 59 464
54 60 464
54 61 613
54 62 665
54 63 701
54 64 732
54 65 534
54 66 518
54 67 628
54 68 369
54 69 462
54 70 371
54 71 58
54 72 280
54 73 539
54 74 421
54 75 571
54 76 728
54 77 460
54 78 498
54 79 503
54 80 115
54 81 488
54 82 358
54 83 603
54 84 388
54 85 718
54 86 572
54 87 174
54 88 286
54 89 521
54 90 538
54 91 174
54 92 295
54 93 358
54 94 201
54 95 501
54 96 706
54 97 287
54 98 132
54 99 315
54 100 561
55 56 506
55 57 988
55 58 491
55 59 432
55 60 231
55 61 813
55 62 887
55 63 927
55 64 942
55 65 784
55 66 749
55 67 873
55 68 605
55 69 675
55 70 509
55 71 266
55 72 214
55 73 705
55 74 264
55 75 624
55 76 935
55 77 439
55 78 672
55 79 297
55 80 353
55 81 713
55 82 596
55 83 770
55 84 523
55 85 695
55 86 688
55 87 423
55 88 37
55 89 424
55 90 765
55 91 266
55 92 527
55 93 276
55 94 440
55 95 746
55 96 941
55 97 295
55 98 380
55 99 562
55 100 804
56 57 644
56 58 17
56 59 166
56 60 712
56 61 464
56 62 591
56 63 640
56 64 594
56 65 706
56 66 523
56 67 697
56 68 698
56 69 408
56 70 167
56 71 393
56 72 678
56 73 305
56 74 381
56 75 122
56 76 579
56 77 146
56 78 301
56 79 796
56 80 407
56 81 472
56 82 461
56 83 355
56 84 158
56 85 298
56 86 207
56 87 504
56 88 529
56 89 292
56 90 865
56 91 619
56 92 412
56 93 756
56 94 413
56 95 602
56 96 684
56 97 211
56 98 445
56 99 609
56 100 622
57 58 645
57 59 809
57 60 1219
57 61 184
57 62 122
57 63 117
57 64 50
57 65 457
57 66 275
57 67 310
57 68 674
57 69 314
57 70 519
57 71 734
57 72 1051
57 73 338
57 74 989
57 75 635
57 76 66
57 77 790
57 78 347
57 79 1273
57 80 660
57 81 290
57 82 432
57 83 297
57 84 514
57 85 851
57 86 469
57 87 655
57 88 1023
57 89 936
57 90 739
57 91 917
57 92 483
57 93 1126
57 94 578
57 95 363
57 96 172
57 97 767
57 98 655
57 99 610
57 100 303
58 59 164
58 60 698
58 61 463
58 62 589
58 63 637
58 64 594
58 65 696
58 66 516
58 67 690
58 68 683
58 69 402
58 70 158
58 71 375
58 72 661
58 73 307
58 74 371
58 75 139
58 76 580
58 77 144
58 78 300
58 79 781
58 80 390
58 81 465
58 82 450
58 83 358
58 84 151
58 85 312
58 86 217
58 87 488
58 88 514
58 89 290
58 90 851
58 91 602
58 92 399
58 93 739
58 94 398
58 95 593
58 96 680
58 97 195
58 98 429
58 99 595
58 100 614
59 60 606
59 61 628
59 62 752
59 63 800
59 64 759
59 65 830
59 66 670
59 67 841
59 68 777
59 69 557
59 70 309
59 71 416
59 72 633
59 73 471
59 74 238
59 75 233
59 76 744
59 77 19
59 78 464
59 79 697
59 80 462
59 81 620
59 82 584
59 83 521
59 84 307
59 85 265
59 86 368
59 87 568
59 88 445
59 89 126
59 90 950
59 91 612
59 92 524
59 93 705
59 94 498
59 95 735
59 96 841
59 97 177
59 98 505
59 99 695
59 100 764
60 61 1044
60 62 1117
60 63 1156
60 64 1173
60 65 992
60 66 976
60 67 1093
60 68 787
60 69 906
60 70 736
60 71 492
60 72 274
60 73 934
60 74 381
60 75 823
60 76 1166
60 77 617
60 78 902
60 79 97
60 80 576
60 81 942
60 82 820
60 83 999
60 84 749
60 85 850
60 86 906
60 87 631
60 88 197
60 89 555
60 90 930
60 91 408
60 92 754
60 93 272
60 94 663
60 95 966
60 96 1167
60 97 506
60 98 597
60 99 760
60 100 1026
61 62 139
61 63 186
61 64 134
61 65 421
61 66 184
61 67 320
61 68 583
61 69 155
61 70 334
61 71 566
61 72 892
61 73 161
61 74 805
61 75 468
61 76 123
61 77 608
61 78 163
61 79 1102
61 80 500
61 81 165
61 82 300
61 83 139
61 84 329
61 85 692
61 86 307
61 87 514
61 88 847
61 89 754
61 90 687
61 91 766
61 92 335
61 93 970
61 94 425
61 95 302
61 96 242
61 97 583
61 98 503
61 99 504
61 100 269
62 63 48
62 64 102
62 65 342
62 66 154
62 67 208
62 68 551
62 69 214
62 70 447
62 71 627
62 72 938
62 73 296
62 74 912
62 75 605
62 76 115
62 77 733
62 78 290
62 79 1167
62 80 549
62 81 176
62 82 314
62 83 278
62 84 446
62 85 830
62 86 446
62 87 536
62 88 923
62 89 877
62 90 623
62 91 800
62 92 370
62 93 1011
62 94 465
62 95 242
62 96 103
62 97 687
62 98 541
62 99 487
62 100 184
63 64 117
63 65 340
63 66 183
63 67 193
63 68 564
63 69 258
63 70 495
63 71 665
63 72 971
63 73 344
63 74 958
63 75 653
63 76 135
63 77 781
63 78 338
63 79 1204
63 80 585
63 81 214
63 82 345
63 83 323
63 84 494
63 85 878
63 86 493
63 87 565
63 88 963
63 89 925
63 90 622
63 91 831
63 92 405
63 93 1043
63 94 499
63 95 252
63 96 64
63 97 732
63 98 574
63 99 506
63 100 188
64 65 445
64 66 243
64 67 306
64 68 649
64 69 269
64 70 469
64 71 689
64 72 1010
64 73 288
64 74 939
64 75 586
64 76 20
64 77 739
64 78 297
64 79 1228
64 80 618
64 81 252
64 82 395
64 83 248
64 84 464
64 85 804
64 86 421
64 87 617
64 88 977
64 89 885
64 90 725
64 91 878
64 92 443
64 93 1085
64 94 537
64 95 342
64 96 180
64 97 717
64 98 615
64 99 581
64 100 287
65 66 240
65 67 157
65 68 254
65 69 333
65 70 539
65 71 526
65 72 755
65 73 510
65 74 907
65 75 774
65 76 457
65 77 814
65 78 475
65 79 1015
65 80 438
65 81 277
65 82 246
65 83 533
65 84 550
65 85 997
65 86 653
65 87 361
65 88 821
65 89 938
65 90 282
65 91 605
65 92 307
65 93 814
65 94 361
65 95 122
65 96 298
65 97 698
65 98 405
65 99 237
65 100 158
66 67 175
66 68 408
66 69 115
66 70 361
66 71 484
66 72 787
66 73 278
66 74 801
66 75 567
66 76 249
66 77 652
66 78 249
66 79 1021
66 80 403
66 81 50
66 82 161
66 83 294
66 84 365
66 85 795
66 86 428
66 87 382
66 88 785
66 89 790
66 90 503
66 91 648
66 92 223
66 93 859
66 94 316
66 95 119
66 96 192
66 97 576
66 98 391
66 99 338
66 100 103
67 68 405
67 69 291
67 70 534
67 71 607
67 72 875
67 73 446
67 74 957
67 75 742
67 76 322
67 77 824
67 78 422
67 79 1126
67 80 519
67 81 226
67 82 282
67 83 451
67 84 539
67 85 970
67 86 598
67 87 466
67 88 910
67 89 959
67 90 436
67 91 727
67 92 353
67 93 940
67 94 433
67 95 126
67 96 142
67 97 735
67 98 495
67 99 368
67 100 77
68 69 444
68 70 549
68 71 387
68 72 529
68 73 609
68 74 786
68 75 796
68 76 656
68 77 766
68 78 565
68 79 794
68 80 318
68 81 417
68 82 295
68 83 655
68 84 564
68 85 995
68 86 720
68 87 211
68 88 640
68 89 862
68 90 174
68 91 381
68 92 305
68 93 578
68 94 285
68 95 311
68 96 535
68 97 613
68 98 274
68 99 91
68 100 376
69 70 248
69 71 420
69 72 741
69 73 177
69 74 701
69 75 452
69 76 265
69 77 539
69 78 141
69 79 959
69 80 349
69 81 64
69 82 151
69 83 212
69 84 251
69 85 680
69 86 320
69 87 360
69 88 711
69 89 679
69 90 568
69 91 612
69 92 180
69 93 817
69 94 270
69 95 213
69 96 287
69 97 475
69 98 349
69 99 360
69 100 217
70 71 313
70 72 637
70 73 199
70 74 470
70 75 247
70 76 457
70 77 291
70 78 174
70 79 806
70 80 292
70 81 310
70 82 295
70 83 263
70 84 18
70 85 460
70 86 201
70 87 372
70 88 540
70 89 431
70 90 710
70 91 545
70 92 251
70 93 717
70 94 271
70 95 435
70 96 533
70 97 249
70 98 323
70 99 458
70 100 457
71 72 331
71 73 485
71 74 399
71 75 513
71 76 685
71 77 410
71 78 445
71 79 539
71 80 88
71 81 451
71 82 329
71 83 550
71 84 330
71 85 666
71 86 514
71 87 179
71 88 303
71 89 482
71 90 560
71 91 233
71 92 261
71 93 410
71 94 173
71 95 480
71 96 675
71 97 240
71 98 122
71 99 322
71 100 537
72 73 816
72 74 478
72 75 800
72 76 1007
72 77 636
72 78 776
72 79 265
72 80 392
72 81 762
72 82 625
72 83 881
72 84 653
72 85 898
72 86 833
72 87 410
72 88 221
72 89 637
72 90 661
72 91 150
72 92 568
72 93 80
72 94 473
72 95 751
72 96 970
72 97 474
72 98 396
72 99 518
72 100 817
73 74 662
73 75 308
73 76 273
73 77 451
73 78 45
73 79 1001
73 80 439
73 81 233
73 82 314
73 83 65
73 84 189
73 85 534
73 86 153
73 87 485
73 88 737
73 89 597
73 90 743
73 91 707
73 92 313
73 93 896
73 94 383
73 95 389
73 96 396
73 97 447
73 98 455
73 99 521
73 100 380
74 75 470
74 76 927
74 77 254
74 78 643
74 79 477
74 80 478
74 81 755
74 82 677
74 83 721
74 84 476
74 85 469
74 86 588
74 87 578
74 88 260
74 89 175
74 90 958
74 91 512
74 92 607
74 93 536
74 94 546
74 95 837
74 96 988
74 97 225
74 98 519
74 99 721
74 100 881
75 76 569
75 77 216
75 78 322
75 79 909
75 80 520
75 81 517
75 82 537
75 83 338
75 84 233
75 85 228
75 86 165
75 87 611
75 88 645
75 89 345
75 90 957
75 91 741
75 92 498
75 93 878
75 94 515
75 95 661
75 96 705
75 97 329
75 98 556
75 99 706
75 100 669
76 77 725
76 78 284
76 79 1223
76 80 615
76 81 253
76 82 396
76 83 231
76 84 451
76 85 785
76 86 403
76 87 618
76 88 969
76 89 871
76 90 736
76 91 876
76 92 442
76 93 1083
76 94 535
76 95 351
76 96 199
76 97 706
76 98 613
76 99 586
76 100 298
77 78 445
77 79 708
77 80 453
77 81 602
77 82 568
77 83 501
77 84 288
77 85 264
77 86 349
77 87 559
77 88 453
77 89 146
77 90 939
77 91 611
77 92 509
77 93 709
77 94 485
77 95 719
77 96 822
77 97 173
77 98 496
77 99 684
77 100 747
78 79 967
78 80 396
78 81 201
78 82 271
78 83 105
78 84 167
78 85 550
78 86 179
78 87 440
78 88 705
78 89 590
78 90 702
78 91 665
78 92 268
78 93 856
78 94 338
78 95 355
78 96 385
78 97 424
78 98 411
78 99 476
78 100 352
79 80 618
79 81 990
79 82 862
79 83 1066
79 84 820
79 85 945
79 86 983
79 87 659
79 88 268
79 89 652
79 90 925
79 91 413
79 92 798
79 93 235
79 94 705
79 95 1000
79 96 1210
79 97 586
79 98 633
79 99 779
79 100 1063
80 81 373
80 82 244
80 83 501
80 84 310
80 85 696
80 86 492
80 87 106
80 88 390
80 89 543
80 90 492
80 91 269
80 92 179
80 93 469
80 94 87
80 95 392
80 96 592
80 97 295
80 98 43
80 99 244
80 100 451
81 82 143
81 83 257
81 84 314
81 85 744
81 86 381
81 87 365
81 88 749
81 89 740
81 90 527
81 91 627
81 92 194
81 93 836
81 94 288
81 95 155
81 96 233
81 97 530
81 98 365
81 99 340
81 100 152
82 83 359
82 84 307
82 85 755
82 86 435
82 87 222
82 88 633
82 89 694
82 90 432
82 91 486
82 92 70
82 93 698
82 94 157
82 95 159
82 96 348
82 97 460
82 98 229
82 99 209
82 100 209
83 84 252
83 85 557
83 86 173
83 87 543
83 88 802
83 89 647
83 90 780
83 91 771
83 92 367
83 93 961
83 94 442
83 95 411
83 96 381
83 97 509
83 98 516
83 99 568
83 100 392
84 85 448
84 86 183
84 87 389
84 88 553
84 89 431
84 90 725
84 91 563
84 92 265
84 93 734
84 94 289
84 95 443
84 96 533
84 97 258
84 98 341
84 99 474
84 100 463
85 86 385
85 87 797
85 88 705
85 89 296
85 90 1163
85 91 874
85 92 709
85 93 970
85 94 710
85 95 886
85 96 931
85 97 436
85 98 737
85 99 907
85 100 897
86 87 564
86 88 715
86 89 491
86 90 867
86 91 747
86 92 414
86 93 913
86 94 460
86 95 533
86 96 547
86 97 400
86 98 520
86 99 629
86 100 531
87 88 460
87 89 650
87 90 386
87 91 266
87 92 180
87 93 479
87 94 104
87 95 341
87 96 561
87 97 402
87 98 63
87 99 143
87 100 406
88 89 427
88 90 798
88 91 292
88 92 564
88 93 276
88 94 477
88 95 783
88 96 977
88 97 318
88 98 417
88 99 598
88 100 841
89 90 1036
89 91 646
89 92 630
89 93 701
89 94 592
89 95 849
89 96 964
89 97 248
89 98 587
89 99 785
89 100 882
90 91 521
90 92 460
90 93 697
90 94 455
90 95 387
90 96 579
90 97 788
90 98 449
90 99 256
90 100 438
91 92 434
91 93 213
91 94 342
91 95 605
91 96 826
91 97 438
91 98 263
91 99 368
91 100 671
92 93 642
92 94 94
92 95 229
92 96 413
92 97 392
92 98 171
92 99 214
92 100 279
93 94 548
93 95 818
93 96 1040
93 97 551
93 98 470
93 99 577
93 100 884
94 95 306
94 96 505
94 97 345
94 98 78
94 99 198
94 100 363
95 96 229
95 97 618
95 98 368
95 99 257
95 100 68
96 97 762
96 98 577
96 99 486
96 100 161
97 98 339
97 99 536
97 100 659
98 99 202
98 100 429
99 100 325
