100 4950
1 2 908
1 3 462
1 4 800
1 5 958
1 6 168
1 7 981
1 8 635
1 9 426
1 10 558
1 11 431
1 12 862
1 13 402
1 14 862
1 15 857
1 16 496
1 17 698
1 18 130
1 19 738
1 20 195
1 21 379
1 22 830
1 23 461
1 24 544
1 25 639
1 26 541
1 27 676
1 28 216
1 29 458
1 30 188
1 31 988
1 32 359
1 33 915
1 34 466
1 35 902
1 36 959
1 37 874
1 38 861
1 39 839
1 40 709
1 41 969
1 42 698
1 43 929
1 44 1052
1 45 453
1 46 909
1 47 598
1 48 1014
1 49 469
1 50 275
1 51 834
1 52 940
1 53 846
1 54 252
1 55 195
1 56 754
1 57 202
1 58 464
1 59 719
1 60 426
1 61 179
1 62 720
1 63 702
1 64 600
1 65 918
1 66 96
1 67 438
1 68 841
1 69 584
1 70 807
1 71 334
1 72 563
1 73 489
1 74 788
1 75 349
1 76 548
1 77 841
1 78 705
1 79 963
1 80 1144
1 81 628
1 82 1041
1 83 797
1 84 548
1 85 921
1 86 211
1 87 975
1 88 442
1 89 1011
1 90 533
1 91 454
1 92 649
1 93 826
1 94 894
1 95 613
1 96 384
1 97 147
1 98 971
1 99 983
1 100 583
2 3 668
2 4 808
2 5 774
2 6 795
2 7 80
2 8 488
2 9 483
2 10 628
2 11 572
2 12 79
2 13 702
2 14 480
2 15 889
2 16 452
2 17 329
2 18 885
2 19 595
2 20 832
2 21 652
2 22 304
2 23 514
2 24 858
2 25 890
2 26 715
2 27 439
2 28 737
2 29 550
2 30 719
2 31 156
2 32 597
2 33 167
2 34 587
2 35 935
2 36 816
2 37 408
2 38 315
2 39 69
2 40 203
2 41 61
2 42 571
2 43 73
2 44 390
2 45 644
2 46 354
2 47 664
2 48 188
2 49 615
2 50 943
2 51 511
2 52 64
2 53 126
2 54 1021
2 55 712
2 56 506
2 57 1014
2 58 518
2 59 485
2 60 486
2 61 770
2 62 205
2 63 664
2 64 615
2 65 759
2 66 852
2 67 843
2 68 437
2 69 326
2 70 183
2 71 858
2 72 609
2 73 947
2 74 878
2 75 601
2 76 511
2 77 487
2 78 280
2 79 692
2 80 357
2 81 680
2 82 198
2 83 110
2 84 359
2 85 342
2 86 820
2 87 529
2 88 619
2 89 495
2 90 774
2 91 498
2 92 336
2 93 805
2 94 754
2 95 479
2 96 714
2 97 786
2 98 702
2 99 962
2 100 643
3 4 358
3 5 498
3 6 293
3 7 748
3 8 219
3 9 311
3 10 713
3 11 541
3 12 662
3 13 62
3 14 427
3 15 429
3 16 242
3 17 353
3 18 356
3 19 279
3 20 280
3 21 562
3 22 459
3 23 179
3 24 208
3 25 276
3 26 99
3 27 274
3 28 470
3 29 551
3 30 362
3 31 679
3 32 474
3 33 596
3 34 85
3 35 480
3 36 503
3 37 461
3 38 483
3 39 611
3 40 478
3 41 724
3 42 243
3 43 653
3 44 657
3 45 629
3 46 515
3 47 137
3 48 694
3 49 54
3 50 323
3 51 392
3 52 723
3 53 559
3 54 421
3 55 354
3 56 314
3 57 441
3 58 171
3 59 764
3 60 387
3 61 285
3 62 465
3 63 241
3 64 140
3 65 458
3 66 366
3 67 175
3 68 419
3 69 393
3 70 664
3 71 216
3 72 705
3 73 279
3 74 370
3 75 192
3 76 159
3 77 405
3 78 392
3 79 502
3 80 779
3 81 169
3 82 724
3 83 574
3 84 392
3 85 531
3 86 261
3 87 534
3 88 63
3 89 581
3 90 133
3 91 211
3 92 589
3 93 379
3 94 434
3 95 662
3 96 81
3 97 452
3 98 509
3 99 553
3 100 744
4 5 192
4 6 637
4 7 878
4 8 351
4 9 632
4 10 1046
4 11 879
4 12 837
4 13 406
4 14 360
4 15 84
4 16 527
4 17 493
4 18 679
4 19 213
4 20 607
4 21 910
4 22 511
4 23 486
4 24 286
4 25 217
4 26 263
4 27 383
4 28 828
4 29 884
4 30 719
4 31 747
4 32 819
4 33 673
4 34 403
4 35 136
4 36 171
4 37 434
4 38 513
4 39 775
4 40 676
4 41 849
4 42 244
4 43 763
4 44 602
4 45 971
4 46 504
4 47 229
4 48 746
4 49 380
4 50 588
4 51 317
4 52 872
4 53 682
4 54 682
4 55 712
4 56 302
4 57 722
4 58 477
4 59 1059
4 60 711
4 61 634
4 62 647
4 63 158
4 64 260
4 65 156
4 66 704
4 67 381
4 68 390
4 69 648
4 70 879
4 71 484
4 72 1035
4 73 400
4 74 81
4 75 543
4 76 391
4 77 344
4 78 548
4 79 254
4 80 752
4 81 196
4 82 773
4 83 751
4 84 668
4 85 523
4 86 589
4 87 402
4 88 406
4 89 467
4 90 268
4 91 520
4 92 863
4 93 28
4 94 134
4 95 969
4 96 422
4 97 809
4 98 255
4 99 198
4 100 1076
5 6 791
5 7 833
5 8 404
5 9 719
5 10 1126
5 11 968
5 12 819
5 13 556
5 14 293
5 15 207
5 16 605
5 17 503
5 18 844
5 19 250
5 20 769
5 21 1012
5 22 470
5 23 581
5 24 473
5 25 409
5 26 419
5 27 411
5 28 955
5 29 968
5 30 853
5 31 679
5 32 920
5 33 618
5 34 519
5 35 223
5 36 47
5 37 367
5 38 459
5 39 756
5 40 686
5 41 803
5 42 296
5 43 716
5 44 487
5 45 1064
5 46 429
5 47 360
5 48 670
5 49 504
5 50 767
5 51 266
5 52 838
5 53 651
5 54 864
5 55 845
5 56 301
5 57 901
5 58 573
5 59 1105
5 60 796
5 61 784
5 62 652
5 63 258
5 64 368
5 65 40
5 66 862
5 67 560
5 68 337
5 69 694
5 70 881
5 71 660
5 72 1112
5 73 590
5 74 260
5 75 663
5 76 474
5 77 288
5 78 555
5 79 94
5 80 636
5 81 330
5 82 693
5 83 741
5 84 723
5 85 446
5 86 751
5 87 278
5 88 532
5 89 340
5 90 441
5 91 611
5 92 903
5 93 163
5 94 65
5 95 1028
5 96 574
5 97 946
5 98 88
5 99 206
5 100 1154
6 7 872
6 8 473
6 9 315
6 10 574
6 11 414
6 12 760
6 13 235
6 14 698
6 15 698
6 16 355
6 17 551
6 18 90
6 19 570
6 20 61
6 21 392
6 22 680
6 23 310
6 24 395
6 25 490
6 26 375
6 27 516
6 28 243
6 29 437
6 30 140
6 31 857
6 32 334
6 33 780
6 34 301
6 35 744
6 36 792
6 37 715
6 38 710
6 39 727
6 40 591
6 41 856
6 42 530
6 43 806
6 44 899
6 45 470
6 46 755
6 47 430
6 48 880
6 49 302
6 50 196
6 51 669
6 52 835
6 53 718
6 54 240
6 55 140
6 56 589
6 57 221
6 58 311
6 59 697
6 60 343
6 61 25
6 62 596
6 63 534
6 64 432
6 65 750
6 66 73
6 67 292
6 68 680
6 69 469
6 70 721
6 71 200
6 72 573
6 73 365
6 74 630
6 75 201
6 76 387
6 77 678
6 78 565
6 79 795
6 80 999
6 81 460
6 82 909
6 83 685
6 84 441
6 85 768
6 86 67
6 87 811
6 88 275
6 89 849
6 90 372
6 91 310
6 92 583
6 93 662
6 94 727
6 95 587
6 96 217
6 97 194
6 98 803
6 99 824
6 100 603
7 8 565
7 9 559
7 10 670
7 11 630
7 12 123
7 13 782
7 14 541
7 15 958
7 16 532
7 17 407
7 18 962
7 19 667
7 20 910
7 21 710
7 22 369
7 23 594
7 24 937
7 25 967
7 26 794
7 27 515
7 28 805
7 29 607
7 30 793
7 31 173
7 32 662
7 33 216
7 34 667
7 35 1003
7 36 876
7 37 466
7 38 374
7 39 144
7 40 282
7 41 29
7 42 644
7 43 117
7 44 417
7 45 695
7 46 406
7 47 741
7 48 199
7 49 695
7 50 1022
7 51 574
7 52 47
7 53 198
7 54 1100
7 55 785
7 56 576
7 57 1092
7 58 598
7 59 510
7 60 556
7 61 847
7 62 285
7 63 737
7 64 692
7 65 821
7 66 927
7 67 923
7 68 499
7 69 402
7 70 216
7 71 939
7 72 650
7 73 1027
7 74 950
7 75 680
7 76 591
7 77 549
7 78 359
7 79 748
7 80 354
7 81 756
7 82 196
7 83 186
7 84 434
7 85 391
7 86 899
7 87 578
7 88 699
7 89 537
7 90 853
7 91 578
7 92 385
7 93 874
7 94 818
7 95 520
7 96 794
7 97 856
7 98 758
7 99 1026
7 100 681
8 9 317
8 10 721
8 11 564
8 12 502
8 13 275
8 14 226
8 15 435
8 16 201
8 17 158
8 18 551
8 19 156
8 20 478
8 21 612
8 22 242
8 23 190
8 24 377
8 25 401
8 26 233
8 27 56
8 28 577
8 29 564
8 30 489
8 31 472
8 32 520
8 33 389
8 34 172
8 35 487
8 36 428
8 37 245
8 38 264
8 39 443
8 40 329
8 41 539
8 42 112
8 43 459
8 44 438
8 45 661
8 46 296
8 47 175
8 48 484
8 49 181
8 50 541
8 51 202
8 52 549
8 53 368
8 54 637
8 55 480
8 56 124
8 57 652
8 58 184
8 59 712
8 60 392
8 61 457
8 62 304
8 63 193
8 64 127
8 65 371
8 66 546
8 67 384
8 68 207
8 69 299
8 70 532
8 71 435
8 72 708
8 73 478
8 74 407
8 75 294
8 76 87
8 77 206
8 78 210
8 79 368
8 80 559
8 81 192
8 82 513
8 83 413
8 84 323
8 85 311
8 86 460
8 87 340
8 88 203
8 89 376
8 90 293
8 91 215
8 92 513
8 93 358
8 94 354
8 95 628
8 96 293
8 97 583
8 98 378
8 99 537
8 100 750
9 10 414
9 11 249
9 12 445
9 13 306
9 14 519
9 15 713
9 16 116
9 17 302
9 18 404
9 19 469
9 20 359
9 21 295
9 22 433
9 23 145
9 24 515
9 25 587
9 26 404
9 27 329
9 28 288
9 29 252
9 30 240
9 31 563
9 32 203
9 33 493
9 34 236
9 35 765
9 36 739
9 37 504
9 38 466
9 39 415
9 40 283
9 41 545
9 42 422
9 43 502
9 44 656
9 45 345
9 46 521
9 47 405
9 48 590
9 49 266
9 50 484
9 51 508
9 52 521
9 53 420
9 54 550
9 55 232
9 56 437
9 57 536
9 58 154
9 59 454
9 60 79
9 61 289
9 62 294
9 63 481
9 64 371
9 65 684
9 66 368
9 67 452
9 68 484
9 69 158
9 70 408
9 71 424
9 72 403
9 73 558
9 74 664
9 75 145
9 76 246
9 77 504
9 78 293
9 79 686
9 80 729
9 81 437
9 82 616
9 83 373
9 84 126
9 85 528
9 86 350
9 87 631
9 88 248
9 89 649
9 90 445
9 91 111
9 92 291
9 93 646
9 94 665
9 95 351
9 96 307
9 97 319
9 98 696
9 99 829
9 100 444
10 11 172
10 12 553
10 13 692
10 14 892
10 15 1127
10 16 523
10 17 653
10 18 631
10 19 877
10 20 635
10 21 183
10 22 758
10 23 559
10 24 905
10 25 986
10 26 811
10 27 720
10 28 346
10 29 162
10 30 433
10 31 772
10 32 247
10 33 737
10 34 647
10 35 1180
10 36 1149
10 37 856
10 38 789
10 39 572
10 40 518
10 41 675
10 42 831
10 43 688
10 44 955
10 45 105
10 46 848
10 47 819
10 48 806
10 49 675
10 50 770
10 51 892
10 52 622
10 53 651
10 54 791
10 55 434
10 56 831
10 57 751
10 58 569
10 59 201
10 60 335
10 61 553
10 62 551
10 63 894
10 64 786
10 65 1092
10 66 575
10 67 821
10 68 851
10 69 447
10 70 453
10 71 758
10 72 19
10 73 918
10 74 1077
10 75 523
10 76 658
10 77 882
10 78 617
10 79 1082
10 80 973
10 81 852
10 82 822
10 83 545
10 84 410
10 85 848
10 86 638
10 87 995
10 88 653
10 89 996
10 90 844
10 91 526
10 92 295
10 93 1061
10 94 1075
10 95 150
10 96 686
10 97 414
10 98 1093
10 99 1243
10 100 30
11 12 507
11 13 519
11 14 752
11 15 958
11 16 363
11 17 518
11 18 482
11 19 718
11 20 475
11 21 79
11 22 636
11 23 393
11 24 732
11 25 814
11 26 639
11 27 570
11 28 215
11 29 28
11 30 277
11 31 697
11 32 80
11 33 647
11 34 477
11 35 1011
11 36 989
11 37 725
11 38 669
11 39 507
11 40 417
11 41 628
11 42 671
11 43 619
11 44 848
11 45 97
11 46 727
11 47 650
11 48 729
11 49 504
11 50 611
11 51 747
11 52 584
11 53 562
11 54 643
11 55 275
11 56 680
11 57 609
11 58 402
11 59 289
11 60 171
11 61 392
11 62 446
11 63 729
11 64 619
11 65 933
11 66 427
11 67 650
11 68 713
11 69 318
11 70 424
11 71 591
11 72 166
11 73 748
11 74 906
11 75 350
11 76 495
11 77 740
11 78 491
11 79 931
11 80 889
11 81 683
11 82 750
11 83 472
11 84 276
11 85 730
11 86 476
11 87 860
11 88 481
11 89 869
11 90 672
11 91 360
11 92 250
11 93 894
11 94 914
11 95 182
11 96 514
11 97 283
11 98 941
11 99 1076
11 100 203
12 13 690
12 14 527
12 15 919
12 16 433
12 17 346
12 18 850
12 19 624
12 20 802
12 21 587
12 22 350
12 23 497
12 24 861
12 25 900
12 26 719
12 27 458
12 28 682
12 29 483
12 30 674
12 31 234
12 32 538
12 33 233
12 34 579
12 35 968
12 36 859
12 37 458
12 38 366
12 39 62
12 40 184
12 41 122
12 42 594
12 43 149
12 44 463
12 45 573
12 46 412
12 47 675
12 48 267
12 49 608
12 50 919
12 51 553
12 52 78
12 53 171
12 54 993
12 55 667
12 56 538
12 57 982
12 58 502
12 59 406
12 60 436
12 61 735
12 62 200
12 63 686
12 64 626
12 65 800
12 66 813
12 67 835
12 68 482
12 69 292
12 70 104
12 71 841
12 72 533
12 73 942
12 74 902
12 75 574
12 76 511
12 77 530
12 78 292
12 79 741
12 80 436
12 81 694
12 82 277
12 83 89
12 84 319
12 85 401
12 86 791
12 87 587
12 88 609
12 89 558
12 90 777
12 91 477
12 92 263
12 93 836
12 94 794
12 95 403
12 96 700
12 97 735
12 98 751
12 99 1000
12 100 566
13 14 488
13 15 473
13 16 260
13 17 398
13 18 294
13 19 341
13 20 218
13 21 532
13 22 511
13 23 194
13 24 213
13 25 295
13 26 143
13 27 328
13 28 427
13 29 532
13 30 315
13 31 724
13 32 447
13 33 642
13 34 116
13 35 522
13 36 558
13 37 519
13 38 536
13 39 642
13 40 506
13 41 760
13 42 305
13 43 693
13 44 714
13 45 602
13 46 571
13 47 196
13 48 741
13 49 95
13 50 266
13 51 454
13 52 755
13 53 599
13 54 362
13 55 309
13 56 375
13 57 380
13 58 188
13 59 759
13 60 376
13 61 229
13 62 497
13 63 300
13 64 202
13 65 515
13 66 306
13 67 148
13 68 478
13 69 410
13 70 683
13 71 163
13 72 685
13 73 256
13 74 409
13 75 169
13 76 205
13 77 466
13 78 432
13 79 562
13 80 832
13 81 225
13 82 771
13 83 604
13 84 403
13 85 586
13 86 200
13 87 596
13 88 83
13 89 641
13 90 156
13 91 220
13 92 594
13 93 430
13 94 491
13 95 653
13 96 19
13 97 403
13 98 570
13 99 599
13 100 723
14 15 430
14 16 405
14 17 239
14 18 774
14 19 180
14 20 700
14 21 810
14 22 177
14 23 411
14 24 527
14 25 513
14 26 403
14 27 192
14 28 795
14 29 746
14 30 712
14 31 393
14 32 721
14 33 326
14 34 397
14 35 471
14 36 335
14 37 76
14 38 166
14 39 464
14 40 409
14 41 511
14 42 193
14 43 423
14 44 252
14 45 848
14 46 145
14 47 327
14 48 388
14 49 400
14 50 750
14 51 44
14 52 544
14 53 357
14 54 848
14 55 703
14 56 112
14 57 868
14 58 406
14 59 841
14 60 585
14 61 683
14 62 373
14 63 260
14 64 295
14 65 279
14 66 772
14 67 569
14 68 45
14 69 445
14 70 595
14 71 640
14 72 876
14 73 645
14 74 440
14 75 519
14 76 313
14 77 22
14 78 283
14 79 214
14 80 397
14 81 320
14 82 414
14 83 452
14 84 482
14 85 163
14 86 682
14 87 114
14 88 425
14 89 153
14 90 455
14 91 430
14 92 639
14 93 348
14 94 278
14 95 776
14 96 507
14 97 806
14 98 225
14 99 486
14 100 918
15 16 610
15 17 577
15 18 733
15 19 295
15 20 662
15 21 987
15 22 589
15 23 567
15 24 323
15 25 238
15 26 331
15 27 467
15 28 899
15 29 964
15 30 789
15 31 822
15 32 897
15 33 749
15 34 482
15 35 52
15 36 170
15 37 506
15 38 589
15 39 857
15 40 760
15 41 928
15 42 328
15 43 841
15 44 663
15 45 1050
15 46 575
15 47 308
15 48 819
15 49 456
15 50 629
15 51 390
15 52 953
15 53 762
15 54 719
15 55 782
15 56 382
15 57 763
15 58 558
15 59 1143
15 60 792
15 61 697
15 62 731
15 63 242
15 64 342
15 65 184
15 66 762
15 67 426
15 68 464
15 69 733
15 70 963
15 71 532
15 72 1116
15 73 424
15 74 73
15 75 619
15 76 475
15 77 416
15 78 632
15 79 290
15 80 814
15 81 275
15 82 845
15 83 834
15 84 752
15 85 594
15 86 646
15 87 457
15 88 481
15 89 522
15 90 325
15 91 601
15 92 947
15 93 83
15 94 170
15 95 1052
15 96 487
15 97 876
15 98 288
15 99 126
15 100 1157
16 17 203
16 18 445
16 19 354
16 20 384
16 21 411
16 22 336
16 23 65
16 24 451
16 25 510
16 26 322
16 27 214
16 28 392
16 29 363
16 30 322
16 31 502
16 32 320
16 33 424
16 34 158
16 35 663
16 36 626
16 37 395
16 38 368
16 39 389
16 40 251
16 41 512
16 42 308
16 43 454
16 44 560
16 45 460
16 46 420
16 47 308
16 48 524
16 49 190
16 50 490
16 51 392
16 52 501
16 53 364
16 54 571
16 55 313
16 56 320
16 57 569
16 58 71
16 59 536
16 60 191
16 61 333
16 62 247
16 63 372
16 64 268
16 65 570
16 66 421
16 67 408
16 68 372
16 69 151
16 70 424
16 71 408
16 72 510
16 73 516
16 74 567
16 75 154
16 76 136
16 77 389
16 78 210
16 79 569
16 80 647
16 81 338
16 82 553
16 83 348
16 84 151
16 85 429
16 86 371
16 87 518
16 88 182
16 89 540
16 90 372
16 91 46
16 92 350
16 93 540
16 94 552
16 95 442
16 96 268
16 97 412
16 98 579
16 99 723
16 100 552
17 18 637
17 19 282
17 20 571
17 21 582
17 22 132
17 23 240
17 24 532
17 25 560
17 26 388
17 27 111
17 28 590
17 29 510
17 30 526
17 31 326
17 32 496
17 33 243
17 34 282
17 35 626
17 36 537
17 37 206
17 38 165
17 39 285
17 40 185
17 41 381
17 42 249
17 43 303
17 44 357
17 45 614
17 46 219
17 47 334
17 48 343
17 49 304
17 50 659
17 51 245
17 52 391
17 53 210
17 54 748
17 55 517
17 56 204
17 57 754
17 58 239
17 59 605
17 60 358
17 61 530
17 62 154
17 63 341
17 64 285
17 65 477
17 66 620
17 67 527
17 68 197
17 69 206
17 70 387
17 71 561
17 72 637
17 73 627
17 74 557
17 75 351
17 76 194
17 77 231
17 78 55
17 79 442
17 80 448
17 81 351
17 82 372
17 83 258
17 84 244
17 85 227
17 86 555
17 87 342
17 88 316
17 89 351
17 90 447
17 91 243
17 92 403
17 93 495
17 94 466
17 95 536
17 96 413
17 97 614
17 98 452
17 99 666
17 100 679
18 19 636
18 20 76
18 21 448
18 22 765
18 23 397
18 24 416
18 25 510
18 26 425
18 27 597
18 28 287
18 29 506
18 30 205
18 31 947
18 32 403
18 33 869
18 34 378
18 35 776
18 36 842
18 37 795
18 38 795
18 39 817
18 40 682
18 41 946
18 42 599
18 43 896
18 44 982
18 45 526
18 46 838
18 47 489
18 48 970
18 49 374
18 50 151
18 51 743
18 52 925
18 53 808
18 54 161
18 55 208
18 56 663
18 57 134
18 58 398
18 59 769
18 60 428
18 61 115
18 62 686
18 63 592
18 64 497
18 65 804
18 66 57
18 67 310
18 68 758
18 69 559
18 70 808
18 71 205
18 72 633
18 73 359
18 74 662
18 75 290
18 76 467
18 77 753
18 78 654
18 79 856
18 80 1086
18 81 516
18 82 998
18 83 776
18 84 530
18 85 852
18 86 94
18 87 885
18 88 349
18 89 927
18 90 411
18 91 399
18 92 667
18 93 706
18 94 779
18 95 659
18 96 275
18 97 225
18 98 864
18 99 858
18 100 659
19 20 559
19 21 762
19 22 303
19 23 332
19 24 348
19 25 334
19 26 232
19 27 174
19 28 711
19 29 718
19 30 614
19 31 542
19 32 670
19 33 465
19 34 278
19 35 344
19 36 272
19 37 243
19 38 309
19 39 562
19 40 466
19 41 638
19 42 46
19 43 552
19 44 433
19 45 814
19 46 312
19 47 156
19 48 545
19 49 270
19 50 590
19 51 136
19 52 659
19 53 469
19 54 689
19 55 605
19 56 91
19 57 715
19 58 324
19 59 866
19 60 546
19 61 559
19 62 436
19 63 80
19 64 139
19 65 215
19 66 643
19 67 398
19 68 196
19 69 453
19 70 669
19 71 479
19 72 863
19 73 467
19 74 283
19 75 420
19 76 224
19 77 159
19 78 337
19 79 228
19 80 575
19 81 142
19 82 573
19 83 538
19 84 478
19 85 331
19 86 541
19 87 267
19 88 298
19 89 323
19 90 279
19 91 361
19 92 666
19 93 213
19 94 198
19 95 784
19 96 360
19 97 708
19 98 237
19 99 386
19 100 905
20 21 454
20 22 697
20 23 332
20 24 351
20 25 445
20 26 350
20 27 525
20 28 304
20 29 497
20 30 202
20 31 886
20 32 395
20 33 807
20 34 305
20 35 707
20 36 767
20 37 723
20 38 726
20 39 766
20 40 628
20 41 893
20 42 523
20 43 839
20 44 912
20 45 532
20 46 767
20 47 412
20 48 907
20 49 299
20 50 136
20 51 668
20 52 875
20 53 749
20 54 191
20 55 201
20 56 588
20 57 184
20 58 332
20 59 756
20 60 396
20 61 83
20 62 630
20 63 516
20 64 420
20 65 728
20 66 100
20 67 245
20 68 685
20 69 509
20 70 768
20 71 146
20 72 635
20 73 309
20 74 593
20 75 231
20 76 395
20 77 678
20 78 591
20 79 780
20 80 1018
20 81 440
20 82 936
20 83 724
20 84 484
20 85 781
20 86 18
20 87 810
20 88 275
20 89 852
20 90 338
20 91 338
20 92 636
20 93 632
20 94 704
20 95 646
20 96 199
20 97 251
20 98 788
20 99 788
20 100 664
21 22 704
21 23 431
21 24 741
21 25 827
21 26 661
21 27 624
21 28 164
21 29 104
21 30 252
21 31 775
21 32 92
21 33 722
21 34 506
21 35 1039
21 36 1030
21 37 788
21 38 737
21 39 586
21 40 493
21 41 708
21 42 715
21 43 697
21 44 919
21 45 77
21 46 795
21 47 680
21 48 807
21 49 531
21 50 587
21 51 802
21 52 664
21 53 639
21 54 608
21 55 253
21 56 732
21 57 569
21 58 440
21 59 343
21 60 225
21 61 373
21 62 520
21 63 766
21 64 654
21 65 976
21 66 391
21 67 652
21 68 774
21 69 388
21 70 503
21 71 582
21 72 185
21 73 744
21 74 932
21 75 369
21 76 537
21 77 797
21 78 558
21 79 981
21 80 965
21 81 714
21 82 828
21 83 550
21 84 344
21 85 799
21 86 457
21 87 920
21 88 506
21 89 933
21 90 687
21 91 400
21 92 329
21 93 928
21 94 956
21 95 244
21 96 524
21 97 233
21 98 991
21 99 1108
21 100 211
22 23 370
22 24 613
22 25 624
22 26 472
22 27 186
22 28 721
22 29 625
22 30 659
22 31 240
22 32 621
22 33 161
22 34 399
22 35 634
22 36 511
22 37 110
22 38 33
22 39 288
22 40 248
22 41 339
22 42 289
22 43 252
22 44 224
22 45 729
22 46 91
22 47 406
22 48 246
22 49 415
22 50 776
22 51 206
22 52 369
22 53 180
22 54 869
22 55 650
22 56 211
22 57 878
22 58 368
22 59 682
22 60 483
22 61 660
22 62 212
22 63 379
22 64 361
22 65 454
22 66 750
22 67 627
22 68 133
22 69 317
22 70 421
22 71 674
22 72 740
22 73 720
22 74 586
22 75 482
22 76 306
22 77 182
22 78 145
22 79 391
22 80 322
22 81 413
22 82 275
22 83 278
22 84 360
22 85 95
22 86 681
22 87 248
22 88 432
22 89 238
22 90 532
22 91 376
22 92 485
22 93 505
22 94 450
22 95 629
22 96 527
22 97 747
22 98 401
22 99 658
22 100 781
23 24 388
23 25 451
23 26 264
23 27 219
23 28 386
23 29 397
23 30 301
23 31 554
23 32 339
23 33 474
23 34 96
23 35 620
23 36 599
23 37 414
23 38 401
23 39 452
23 40 314
23 41 574
23 42 285
23 43 512
23 44 591
23 45 487
23 46 448
23 47 260
23 48 575
23 49 128
23 50 430
23 51 392
23 52 564
23 53 420
23 54 514
23 55 292
23 56 315
23 57 516
23 58 9
23 59 590
23 60 224
23 61 289
23 62 308
23 63 336
23 64 226
23 65 544
23 66 380
23 67 342
23 68 385
23 69 216
23 70 489
23 71 344
23 72 548
23 73 450
23 74 519
23 75 112
23 76 107
23 77 393
23 78 259
23 79 555
23 80 689
23 81 292
23 82 604
23 83 412
23 84 213
23 85 460
23 86 317
23 87 526
23 88 118
23 89 555
23 90 311
23 91 34
23 92 410
23 93 501
23 94 525
23 95 491
23 96 203
23 97 395
23 98 565
23 99 684
23 100 589
24 25 94
24 26 143
24 27 431
24 28 623
24 29 745
24 30 509
24 31 849
24 32 659
24 33 766
24 34 292
24 35 362
24 36 457
24 37 582
24 38 630
24 39 806
24 40 678
24 41 912
24 42 337
24 43 835
24 44 778
24 45 813
24 46 647
24 47 207
24 48 859
24 49 261
24 50 305
24 51 484
24 52 917
24 53 742
24 54 397
24 55 504
24 56 423
24 57 440
24 58 380
24 59 970
24 60 588
24 61 401
24 62 661
24 63 271
24 64 252
24 65 434
24 66 452
24 67 106
24 68 536
24 69 601
24 70 870
24 71 211
24 72 898
24 73 121
24 74 250
24 75 383
24 76 349
24 77 505
24 78 578
24 79 515
24 80 915
24 81 207
24 82 888
24 83 771
24 84 601
24 85 666
24 86 336
24 87 612
24 88 270
24 89 671
24 90 84
24 91 419
24 92 797
24 93 314
24 94 410
24 95 865
24 96 218
24 97 586
24 98 519
24 99 446
24 100 935
25 26 188
25 27 452
25 28 714
25 29 825
25 30 601
25 31 864
25 32 742
25 33 783
25 34 355
25 35 273
25 36 387
25 37 577
25 38 637
25 39 843
25 40 721
25 41 940
25 42 336
25 43 860
25 44 766
25 45 897
25 46 645
25 47 226
25 48 870
25 49 323
25 50 394
25 51 468
25 52 951
25 53 769
25 54 482
25 55 595
25 56 420
25 57 528
25 58 443
25 59 1040
25 60 663
25 61 494
25 62 700
25 63 253
25 64 275
25 65 373
25 66 546
25 67 200
25 68 530
25 69 656
25 70 919
25 71 305
25 72 979
25 73 186
25 74 165
25 75 463
25 76 394
25 77 493
25 78 611
25 79 464
25 80 910
25 81 211
25 82 899
25 83 811
25 84 662
25 85 664
25 86 430
25 87 585
25 88 339
25 89 647
25 90 142
25 91 485
25 92 861
25 93 245
25 94 349
25 95 938
25 96 303
25 97 679
25 98 466
25 99 356
25 100 1017
26 27 289
26 28 567
26 29 649
26 30 457
26 31 706
26 32 573
26 33 623
26 34 168
26 35 381
26 36 417
26 37 451
26 38 491
26 39 664
26 40 538
26 41 768
26 42 209
26 43 691
26 44 648
26 45 727
26 46 513
26 47 75
26 48 717
26 49 138
26 50 360
26 51 362
26 52 774
26 53 598
26 54 459
26 55 450
26 56 292
26 57 489
26 58 255
26 59 854
26 60 481
26 61 371
26 62 519
26 63 171
26 64 112
26 65 378
26 66 444
26 67 166
26 68 405
26 69 468
26 70 733
26 71 249
26 72 802
26 73 247
26 74 271
26 75 291
26 76 208
26 77 380
26 78 435
26 79 436
26 80 781
26 81 93
26 82 746
26 83 630
26 84 474
26 85 530
26 86 332
26 87 499
26 88 157
26 89 553
26 90 59
26 91 298
26 92 673
26 93 287
26 94 354
26 95 754
26 96 159
26 97 546
26 98 442
26 99 456
26 100 841
27 28 602
27 29 566
27 30 521
27 31 417
27 32 533
27 33 334
27 34 220
27 35 517
27 36 440
27 37 198
27 38 209
27 39 397
27 40 293
27 41 488
27 42 138
27 43 407
27 44 387
27 45 667
27 46 243
27 47 228
27 48 428
27 49 233
27 50 594
27 51 178
27 52 501
27 53 316
27 54 689
27 55 512
27 56 111
27 57 702
27 58 214
27 59 695
27 60 400
27 61 499
27 62 264
27 63 229
27 64 180
27 65 381
27 66 589
27 67 440
27 68 165
27 69 283
27 70 496
27 71 490
27 72 705
27 73 534
27 74 445
27 75 329
27 76 129
27 77 175
27 78 166
27 79 362
27 80 504
27 81 241
27 82 457
27 83 370
27 84 313
27 85 258
27 86 508
27 87 306
27 88 252
27 89 336
27 90 348
27 91 238
27 92 494
27 93 386
27 94 367
27 95 617
27 96 345
27 97 614
27 98 373
27 99 561
27 100 747
28 29 243
28 30 113
28 31 839
28 32 150
28 33 775
28 34 436
28 35 949
28 36 966
28 37 788
28 38 754
28 39 668
28 40 552
28 41 797
28 42 666
28 43 770
28 44 945
28 45 240
28 46 809
28 47 602
28 48 868
28 49 453
28 50 432
28 51 778
28 52 761
28 53 697
28 54 445
28 55 118
28 56 701
28 57 405
28 58 393
28 59 502
28 60 254
28 61 229
28 62 571
28 63 699
28 64 587
28 65 916
28 66 230
28 67 525
28 68 765
28 69 430
28 70 614
28 71 442
28 72 349
28 73 607
28 74 837
28 75 291
28 76 492
28 77 778
28 78 582
28 79 938
28 80 1014
28 81 636
28 82 893
28 83 628
28 84 388
28 85 817
28 86 310
28 87 909
28 88 425
28 89 933
28 90 582
28 91 364
28 92 448
28 93 849
28 94 894
28 95 397
28 96 415
28 97 68
28 98 948
28 99 1024
28 100 373
29 30 301
29 31 678
29 32 103
29 33 629
29 34 484
29 35 1017
29 36 990
29 37 716
29 38 657
29 39 486
29 40 400
29 41 605
29 42 672
29 43 598
29 44 834
29 45 104
29 46 716
29 47 656
29 48 710
29 49 512
29 50 634
29 51 742
29 52 560
29 53 544
29 54 668
29 55 299
29 56 677
29 57 635
29 58 406
29 59 263
29 60 173
29 61 414
29 62 430
29 63 733
29 64 624
29 65 934
29 66 452
29 67 666
29 68 706
29 69 307
29 70 398
29 71 610
29 72 153
29 73 765
29 74 914
29 75 363
29 76 497
29 77 734
29 78 480
29 79 929
29 80 871
29 81 689
29 82 730
29 83 451
29 84 265
29 85 718
29 86 497
29 87 852
29 88 491
29 89 859
29 90 683
29 91 364
29 92 224
29 93 899
29 94 916
29 95 155
29 96 528
29 97 310
29 98 939
29 99 1081
29 100 192
30 31 804
30 32 197
30 33 733
30 34 335
30 35 838
30 36 862
30 37 714
30 38 691
30 39 650
30 40 522
30 41 781
30 42 570
30 43 742
30 44 883
30 45 330
30 46 743
30 47 496
30 48 830
30 49 349
30 50 336
30 51 691
30 52 752
30 53 661
30 54 367
30 55 9
30 56 612
30 57 336
30 58 306
30 59 563
30 60 239
30 61 121
30 62 534
30 63 595
30 64 484
30 65 814
30 66 153
30 67 412
30 68 686
30 69 396
30 70 621
30 71 333
30 72 433
30 73 497
30 74 725
30 75 195
30 76 401
30 77 694
30 78 527
30 79 842
30 80 965
30 81 529
30 82 857
30 83 609
30 84 360
30 85 752
30 86 205
30 87 827
30 88 320
30 89 856
30 90 470
30 91 286
30 92 469
30 93 741
30 94 791
30 95 453
30 96 302
30 97 94
30 98 851
30 99 914
30 100 462
31 32 710
31 33 83
31 34 608
31 35 864
31 36 724
31 37 316
31 38 233
31 39 200
31 40 287
31 41 145
31 42 529
31 43 86
31 44 244
31 45 777
31 46 250
31 47 643
31 48 33
31 49 630
31 50 982
31 51 432
31 52 199
31 53 143
31 54 1069
31 55 795
31 56 451
31 57 1070
31 58 555
31 59 639
31 60 585
31 61 834
31 62 269
31 63 619
31 64 596
31 65 671
31 66 921
31 67 852
31 68 357
31 69 410
31 70 338
31 71 887
31 72 753
31 73 950
31 74 823
31 75 657
31 76 520
31 77 405
31 78 295
31 79 590
31 80 202
31 81 652
31 82 53
31 83 228
31 84 451
31 85 233
31 86 871
31 87 413
31 88 641
31 89 368
31 90 766
31 91 548
31 92 477
31 93 739
31 94 671
31 95 625
31 96 739
31 97 880
31 98 599
31 99 878
31 100 789
32 33 652
32 34 415
32 35 949
32 36 938
32 37 701
32 38 654
32 39 529
32 40 423
32 41 655
32 42 623
32 43 636
32 44 840
32 45 155
32 46 712
32 47 589
32 48 740
32 49 440
32 50 531
32 51 711
32 52 617
32 53 570
32 54 565
32 55 195
32 56 641
32 57 532
32 58 347
32 59 366
32 60 138
32 61 312
32 62 447
32 63 674
32 64 562
32 65 883
32 66 349
32 67 574
32 68 685
32 69 309
32 70 465
32 71 512
32 72 243
32 73 670
32 74 842
32 75 281
32 76 445
32 77 707
32 78 476
32 79 889
32 80 894
32 81 623
32 82 763
32 83 491
32 84 266
32 85 717
32 86 395
32 87 832
32 88 416
32 89 847
32 90 602
32 91 308
32 92 297
32 93 836
32 94 864
32 95 257
32 96 441
32 97 214
32 98 899
32 99 1017
32 100 278
33 34 526
33 35 793
33 36 661
33 37 250
33 38 160
33 39 182
33 40 229
33 41 186
33 42 449
33 43 99
33 44 231
33 45 731
33 46 190
33 47 561
33 48 100
33 49 548
33 50 901
33 51 362
33 52 226
33 53 85
33 54 988
33 55 724
33 56 373
33 57 991
33 58 475
33 59 622
33 60 521
33 61 757
33 62 205
33 63 540
33 64 514
33 65 606
33 66 845
33 67 769
33 68 286
33 69 345
33 70 328
33 71 804
33 72 717
33 73 867
33 74 747
33 75 579
33 76 437
33 77 336
33 78 215
33 79 532
33 80 242
33 81 571
33 82 129
33 83 195
33 84 388
33 85 176
33 86 792
33 87 363
33 88 559
33 89 328
33 90 683
33 91 470
33 92 444
33 93 666
33 94 604
33 95 593
33 96 657
33 97 812
33 98 542
33 99 812
33 100 756
34 35 534
34 36 531
34 37 417
34 38 425
34 39 529
34 40 394
34 41 645
34 42 235
34 43 576
34 44 608
34 45 568
34 46 464
34 47 174
34 48 625
34 49 31
34 50 377
34 51 368
34 52 641
34 53 482
34 54 470
34 55 327
34 56 288
34 57 481
34 58 88
34 59 686
34 60 314
34 61 286
34 62 383
34 63 264
34 64 151
34 65 480
34 66 375
34 67 256
34 68 380
34 69 308
34 70 579
34 71 278
34 72 637
34 73 362
34 74 429
34 75 144
34 76 92
34 77 376
34 78 316
34 79 507
34 80 721
34 81 207
34 82 655
34 83 491
34 84 309
34 85 478
34 86 288
34 87 509
34 88 33
34 89 548
34 90 214
34 91 129
34 92 506
34 93 421
34 94 458
34 95 586
34 96 131
34 97 430
34 98 516
34 99 602
34 100 677
35 36 179
35 37 547
35 38 632
35 39 905
35 40 810
35 41 974
35 42 379
35 43 886
35 44 697
35 45 1102
35 46 616
35 47 360
35 48 860
35 49 508
35 50 667
35 51 431
35 52 1000
35 53 809
35 54 755
35 55 831
35 56 430
35 57 801
35 58 611
35 59 1196
35 60 845
35 61 745
35 62 781
35 63 294
35 64 394
35 65 208
35 66 807
35 67 467
35 68 507
35 69 785
35 70 1013
35 71 573
35 72 1169
35 73 456
35 74 114
35 75 670
35 76 527
35 77 458
35 78 682
35 79 313
35 80 847
35 81 327
35 82 885
35 83 883
35 84 804
35 85 634
35 86 691
35 87 488
35 88 533
35 89 553
35 90 372
35 91 654
35 92 1000
35 93 131
35 94 199
35 95 1105
35 96 536
35 97 925
35 98 309
35 99 83
35 100 1210
36 37 410
36 38 502
36 39 796
36 40 721
36 41 846
36 42 318
36 43 759
36 44 534
36 45 1085
36 46 474
36 47 365
36 48 715
36 49 513
36 50 757
36 51 305
36 52 880
36 53 691
36 54 853
36 55 853
36 56 333
36 57 892
36 58 590
36 59 1136
36 60 817
36 61 787
36 62 688
36 63 267
36 64 379
36 65 59
36 66 862
36 67 550
36 68 378
36 69 723
36 70 918
36 71 652
36 72 1136
36 73 571
36 74 230
36 75 675
36 76 493
36 77 329
36 78 590
36 79 141
36 80 683
36 81 333
36 82 739
36 83 780
36 84 750
36 85 491
36 86 749
36 87 325
36 88 541
36 89 387
36 90 433
36 91 630
36 92 934
36 93 142
36 94 74
36 95 1055
36 96 575
36 97 954
36 98 135
36 99 159
36 100 1178
37 38 93
37 39 396
37 40 355
37 41 436
37 42 245
37 43 348
37 44 197
37 45 820
37 46 70
37 47 377
37 48 312
37 49 426
37 50 785
37 51 117
37 52 471
37 53 287
37 54 881
37 55 705
37 56 159
37 57 897
37 58 410
37 59 790
37 60 563
37 61 697
37 62 319
37 63 323
37 64 339
37 65 355
37 66 788
37 67 614
37 68 47
37 69 410
37 70 532
37 71 677
37 72 839
37 73 697
37 74 513
37 75 526
37 76 328
37 77 90
37 78 239
37 79 284
37 80 333
37 81 375
37 82 338
37 83 388
37 84 450
37 85 89
37 86 705
37 87 140
37 88 448
37 89 145
37 90 506
37 91 428
37 92 590
37 93 424
37 94 354
37 95 732
37 96 537
37 97 806
37 98 294
37 99 562
37 100 881
38 39 304
38 40 276
38 41 344
38 42 300
38 43 257
38 44 192
38 45 762
38 46 59
38 47 423
38 48 235
38 49 441
38 50 802
38 51 201
38 52 378
38 53 194
38 54 896
38 55 682
38 56 219
38 57 906
38 58 398
38 59 710
38 60 516
38 61 690
38 62 241
38 63 387
38 64 379
38 65 446
38 66 781
38 67 648
38 68 125
38 69 350
38 70 442
38 71 698
38 72 771
38 73 739
38 74 590
38 75 513
38 76 333
38 77 175
38 78 178
38 79 377
38 80 296
38 81 427
38 82 263
38 83 298
38 84 393
38 85 62
38 86 709
38 87 224
38 88 458
38 89 209
38 90 550
38 91 407
38 92 513
38 93 506
38 94 444
38 95 659
38 96 553
38 97 780
38 98 387
38 99 652
38 100 812
39 40 138
39 41 130
39 42 533
39 43 115
39 44 413
39 45 581
39 46 352
39 47 617
39 48 233
39 49 557
39 50 879
39 51 490
39 52 112
39 53 110
39 54 956
39 55 643
39 56 475
39 57 948
39 58 456
39 59 442
39 60 417
39 61 702
39 62 146
39 63 626
39 64 568
39 65 738
39 66 783
39 67 785
39 68 420
39 69 258
39 70 146
39 71 797
39 72 553
39 73 891
39 74 841
39 75 535
39 76 457
39 77 468
39 78 232
39 79 679
39 80 402
39 81 636
39 82 249
39 83 41
39 84 291
39 85 343
39 86 754
39 87 527
39 88 560
39 89 501
39 90 722
39 91 434
39 92 277
39 93 774
39 94 731
39 95 424
39 96 653
39 97 717
39 98 689
39 99 937
39 100 588
40 41 264
40 42 431
40 43 220
40 44 437
40 45 503
40 46 334
40 47 497
40 48 317
40 49 424
40 50 740
40 51 423
40 52 250
40 53 146
40 54 818
40 55 514
40 56 389
40 57 811
40 58 319
40 59 434
40 60 297
40 61 567
40 62 36
40 63 521
40 64 449
40 65 662
40 66 649
40 67 651
40 68 363
40 69 125
40 70 203
40 71 659
40 72 499
40 73 757
40 74 736
40 75 397
40 76 329
40 77 406
40 78 131
40 79 620
40 80 472
40 81 519
40 82 341
40 83 97
40 84 164
40 85 332
40 86 616
40 87 495
40 88 425
40 89 486
40 90 594
40 91 296
40 92 236
40 93 679
40 94 652
40 95 383
40 96 516
40 97 595
40 98 631
40 99 852
40 100 539
41 42 616
41 43 87
41 44 389
41 45 696
41 46 376
41 47 715
41 48 173
41 49 672
41 50 1003
41 51 545
41 52 58
41 53 171
41 54 1082
41 55 773
41 56 547
41 57 1076
41 58 577
41 59 521
41 60 546
41 61 831
41 62 265
41 63 709
41 64 666
41 65 791
41 66 913
41 67 900
41 68 470
41 69 387
41 70 222
41 71 918
41 72 655
41 73 1003
41 74 921
41 75 662
41 76 567
41 77 519
41 78 334
41 79 718
41 80 333
41 81 730
41 82 173
41 83 171
41 84 421
41 85 362
41 86 881
41 87 548
41 88 677
41 89 508
41 90 828
41 91 559
41 92 386
41 93 845
41 94 788
41 95 525
41 96 772
41 97 847
41 98 728
41 99 996
41 100 688
42 43 532
42 44 441
42 45 768
42 46 311
42 47 134
42 48 534
42 49 228
42 50 561
42 51 153
42 52 634
42 53 446
42 54 659
42 55 561
42 56 85
42 57 683
42 58 277
42 59 824
42 60 500
42 61 518
42 62 402
42 63 92
42 64 104
42 65 261
42 66 604
42 67 375
42 68 198
42 69 411
42 70 634
42 71 450
42 72 818
42 73 452
42 74 308
42 75 375
42 76 178
42 77 171
42 78 304
42 79 272
42 80 578
42 81 130
42 82 563
42 83 507
42 84 435
42 85 330
42 86 504
42 87 293
42 88 256
42 89 344
42 90 262
42 91 315
42 92 625
42 93 248
42 94 243
42 95 740
42 96 325
42 97 664
42 98 282
42 99 426
42 100 860
43 44 317
43 45 696
43 46 290
43 47 635
43 48 119
43 49 602
43 50 943
43 51 457
43 52 127
43 53 94
43 54 1026
43 55 734
43 56 461
43 57 1023
43 58 515
43 59 553
43 60 516
43 61 782
43 62 210
43 63 624
43 64 586
43 65 703
43 66 867
43 67 828
43 68 382
43 69 345
43 70 252
43 71 853
43 72 668
43 73 930
43 74 835
43 75 608
43 76 494
43 77 432
43 78 261
43 79 631
43 80 289
43 81 648
43 82 133
43 83 147
43 84 384
43 85 276
43 86 826
43 87 463
43 88 609
43 89 426
43 90 751
43 91 501
43 92 393
43 93 758
43 94 700
43 95 540
43 96 706
43 97 815
43 98 641
43 99 909
43 100 704
44 45 938
44 46 144
44 47 574
44 48 220
44 49 620
44 50 980
44 51 297
44 52 441
44 53 310
44 54 1076
44 55 874
44 56 355
44 57 1089
44 58 588
44 59 851
44 60 703
44 61 880
44 62 405
44 63 513
44 64 536
44 65 490
44 66 970
44 67 812
44 68 243
44 69 531
44 70 559
44 71 873
44 72 937
44 73 894
44 74 684
44 75 703
44 76 516
44 77 274
44 78 364
44 79 393
44 80 150
44 81 570
44 82 232
44 83 424
44 84 575
44 85 131
44 86 895
44 87 209
44 88 640
44 89 147
44 90 703
44 91 599
44 92 667
44 93 586
44 94 497
44 95 817
44 96 731
44 97 971
44 98 400
44 99 693
44 100 976
45 46 821
45 47 742
45 48 809
45 49 594
45 50 665
45 51 844
45 52 648
45 53 646
45 54 685
45 55 331
45 56 777
45 57 645
45 58 496
45 59 282
45 60 268
45 61 451
45 62 534
45 63 824
45 64 713
45 65 1029
45 66 469
45 67 726
45 68 810
45 69 411
45 70 482
45 71 658
45 72 110
45 73 820
45 74 996
45 75 436
45 76 591
45 77 836
45 78 584
45 79 1028
45 80 972
45 81 775
45 82 829
45 83 549
45 84 370
45 85 823
45 86 535
45 87 956
45 88 571
45 89 964
45 90 757
45 91 455
45 92 310
45 93 988
45 94 1010
45 95 196
45 96 595
45 97 308
45 98 1038
45 99 1170
45 100 133
46 47 441
46 48 244
46 49 476
46 50 837
46 51 187
46 52 416
46 53 241
46 54 932
46 55 733
46 56 226
46 57 946
46 58 445
46 59 766
46 60 574
46 61 736
46 62 299
46 63 392
46 64 400
46 65 420
46 66 827
46 67 674
46 68 116
46 69 409
46 70 494
46 71 731
46 72 830
46 73 760
46 74 583
46 75 560
46 76 372
46 77 160
46 78 236
46 79 342
46 80 268
46 81 441
46 82 269
46 83 350
46 84 451
46 85 19
46 86 751
46 87 175
46 88 496
46 89 152
46 90 570
46 91 457
46 92 571
46 93 493
46 94 421
46 95 717
46 96 589
46 97 832
46 98 351
46 99 628
46 100 871
47 48 652
47 49 151
47 50 434
47 51 286
47 52 725
47 53 543
47 54 533
47 55 488
47 56 218
47 57 561
47 58 250
47 59 844
47 60 484
47 61 423
47 62 475
47 63 103
47 64 48
47 65 320
47 66 502
47 67 242
47 68 331
47 69 443
47 70 697
47 71 322
47 72 808
47 73 319
47 74 259
47 75 314
47 76 177
47 77 305
47 78 384
47 79 368
47 80 709
47 81 33
47 82 682
47 83 585
47 84 455
47 85 459
47 86 394
47 87 423
47 88 178
47 89 477
47 90 129
47 91 294
47 92 655
47 93 248
47 94 297
47 95 749
47 96 214
47 97 588
47 98 375
47 99 428
47 100 849
48 49 646
48 50 1001
48 51 429
48 52 229
48 53 171
48 54 1089
48 55 822
48 56 454
48 57 1091
48 58 576
48 59 672
48 60 614
48 61 857
48 62 297
48 63 622
48 64 606
48 65 663
48 66 945
48 67 866
48 68 355
48 69 438
48 70 371
48 71 904
48 72 786
48 73 962
48 74 823
48 75 679
48 76 536
48 77 402
48 78 316
48 79 580
48 80 169
48 81 660
48 82 29
48 83 261
48 84 480
48 85 225
48 86 893
48 87 399
48 88 659
48 89 351
48 90 776
48 91 570
48 92 510
48 93 736
48 94 665
48 95 658
48 96 756
48 97 908
48 98 588
48 99 871
48 100 822
49 50 361
49 51 369
49 52 670
49 53 508
49 54 456
49 55 340
49 56 289
49 57 470
49 58 120
49 59 717
49 60 344
49 61 289
49 62 411
49 63 246
49 64 135
49 65 464
49 66 375
49 67 228
49 68 387
49 69 340
49 70 610
49 71 258
49 72 665
49 73 333
49 74 402
49 75 163
49 76 110
49 77 379
49 78 340
49 79 497
49 80 737
49 81 184
49 82 676
49 83 520
49 84 340
49 85 492
49 86 281
49 87 511
49 88 28
49 89 553
49 90 182
49 91 161
49 92 538
49 93 399
49 94 442
49 95 616
49 96 112
49 97 442
49 98 506
49 99 578
49 100 705
50 51 713
50 52 990
50 53 850
50 54 99
50 55 336
50 56 637
50 57 135
50 58 428
50 59 892
50 60 528
50 61 219
50 62 738
50 63 531
50 64 456
50 65 727
50 66 206
50 67 207
50 68 743
50 69 627
50 70 892
50 71 111
50 72 770
50 73 222
50 74 556
50 75 345
50 76 469
50 77 728
50 78 687
50 79 794
50 80 1098
50 81 454
50 82 1030
50 83 838
50 84 606
50 85 853
50 86 138
50 87 854
50 88 344
50 89 903
50 90 326
50 91 444
50 92 768
50 93 615
50 94 702
50 95 782
50 96 249
50 97 373
50 98 801
50 99 750
50 100 798
51 52 575
51 53 386
51 54 811
51 55 682
51 56 80
51 57 833
51 58 385
51 59 851
51 60 577
51 61 655
51 62 389
51 63 215
51 64 257
51 65 247
51 66 743
51 67 528
51 68 75
51 69 448
51 70 616
51 71 602
51 72 877
51 73 602
51 74 396
51 75 496
51 76 289
51 77 26
51 78 294
51 79 196
51 80 442
51 81 277
51 82 455
51 83 475
51 84 482
51 85 206
51 86 650
51 87 142
51 88 394
51 89 191
51 90 413
51 91 414
51 92 648
51 93 307
51 94 243
51 95 781
51 96 473
51 97 785
51 98 207
51 99 451
51 100 919
52 53 190
52 54 1066
52 55 745
52 56 570
52 57 1056
52 58 569
52 59 464
52 60 515
52 61 810
52 62 258
52 63 727
52 64 676
52 65 823
52 66 889
52 67 898
52 68 501
52 69 366
52 70 169
52 71 909
52 72 603
52 73 1003
52 74 942
52 75 646
52 76 568
52 77 551
52 78 340
52 79 755
52 80 391
52 81 742
52 82 230
52 83 152
52 84 395
52 85 402
52 86 864
52 87 590
52 88 673
52 89 553
52 90 833
52 91 546
52 92 338
52 93 869
52 94 819
52 95 472
52 96 766
52 97 814
52 98 765
52 99 1026
52 100 634
53 54 934
53 55 653
53 56 380
53 57 933
53 58 422
53 59 540
53 60 442
53 61 694
53 62 126
53 63 538
53 64 495
53 65 634
53 66 780
53 67 734
53 68 313
53 69 267
53 70 254
53 71 759
53 72 632
53 73 836
53 74 752
53 75 518
53 76 400
53 77 362
53 78 167
53 79 571
53 80 327
53 81 558
53 82 196
53 83 114
53 84 309
53 85 232
53 86 735
53 87 416
53 88 515
53 89 390
53 90 658
53 91 410
53 92 359
53 93 679
53 94 629
53 95 509
53 96 612
53 97 737
53 98 581
53 99 836
53 100 670
54 55 369
54 56 735
54 57 56
54 58 513
54 59 931
54 60 583
54 61 265
54 62 818
54 63 630
54 64 555
54 65 824
54 66 217
54 67 304
54 68 840
54 69 700
54 70 958
54 71 210
54 72 793
54 73 301
54 74 646
54 75 420
54 76 562
54 77 826
54 78 773
54 79 893
54 80 1191
54 81 553
54 82 1118
54 83 914
54 84 675
54 85 948
54 86 201
54 87 952
54 88 437
54 89 1001
54 90 424
54 91 524
54 92 823
54 93 710
54 94 799
54 95 821
54 96 344
54 97 380
54 98 899
54 99 839
54 100 818
55 56 603
55 57 340
55 58 297
55 59 561
55 60 232
55 61 119
55 62 526
55 63 587
55 64 476
55 65 805
55 66 157
55 67 408
55 68 677
55 69 388
55 70 614
55 71 330
55 72 433
55 73 494
55 74 719
55 75 186
55 76 393
55 77 685
55 78 518
55 79 833
55 80 957
55 81 521
55 82 848
55 83 601
55 84 352
55 85 743
55 86 204
55 87 818
55 88 312
55 89 847
55 90 463
55 91 277
55 92 463
55 93 734
55 94 783
55 95 451
55 96 296
55 97 103
55 98 843
55 99 907
55 100 463
56 57 756
56 58 308
56 59 804
56 60 509
56 61 575
56 62 357
56 63 168
56 64 183
56 65 274
56 66 663
56 67 458
56 68 113
56 69 393
56 70 589
56 71 527
56 72 817
56 73 538
56 74 374
56 75 417
56 76 210
56 77 90
56 78 258
56 79 251
56 80 493
56 81 215
56 82 482
56 83 454
56 84 424
56 85 245
56 86 570
56 87 221
56 88 314
56 89 266
56 90 347
56 91 338
56 92 601
56 93 299
56 94 262
56 95 728
56 96 394
56 97 707
56 98 261
56 99 464
56 100 859
57 58 515
57 59 898
57 60 562
57 61 247
57 62 814
57 63 661
57 64 579
57 65 861
57 66 183
57 67 342
57 68 857
57 69 690
57 70 942
57 71 241
57 72 754
57 73 350
57 74 690
57 75 415
57 76 573
57 77 846
57 78 775
57 79 925
57 80 1200
57 81 583
57 82 1120
57 83 906
57 84 662
57 85 960
57 86 198
57 87 975
57 88 449
57 89 1022
57 90 460
57 91 522
57 92 801
57 93 750
57 94 836
57 95 789
57 96 361
57 97 337
57 98 932
57 99 885
57 100 778
58 59 599
58 60 234
58 61 291
58 62 312
58 63 327
58 64 217
58 65 536
58 66 382
58 67 336
58 68 380
58 69 223
58 70 495
58 71 340
58 72 558
58 73 444
58 74 510
58 75 115
58 76 99
58 77 387
58 78 260
58 79 548
58 80 688
58 81 283
58 82 605
58 83 416
58 84 221
58 85 457
58 86 317
58 87 520
58 88 111
58 89 550
58 90 302
58 91 43
58 92 418
58 93 492
58 94 516
58 95 500
58 96 197
58 97 400
58 98 557
58 99 674
58 100 599
59 60 383
59 61 674
59 62 470
59 63 901
59 64 804
59 65 1076
59 66 716
59 67 902
59 68 796
59 69 413
59 70 302
59 71 859
59 72 184
59 73 1006
59 74 1103
59 75 592
59 76 669
59 77 836
59 78 557
59 79 1047
59 80 842
59 81 874
59 82 683
59 83 426
59 84 391
59 85 762
59 86 754
59 87 930
59 88 701
59 89 918
59 90 898
59 91 556
59 92 202
59 93 1069
59 94 1063
59 95 110
59 96 758
59 97 571
59 98 1058
59 99 1250
59 100 197
60 61 318
60 62 317
60 63 560
60 64 451
60 65 761
60 66 384
60 67 518
60 68 548
60 69 176
60 70 382
60 71 480
60 72 323
60 73 623
60 74 743
60 75 208
60 76 324
60 77 572
60 78 338
60 79 759
60 80 762
60 81 517
60 82 638
60 83 376
60 84 133
60 85 579
60 86 390
60 87 695
60 88 324
60 89 709
60 90 520
60 91 191
60 92 240
60 93 725
60 94 743
60 95 277
60 96 375
60 97 300
60 98 770
60 99 908
60 100 364
61 62 572
61 63 526
61 64 422
61 65 744
61 66 90
61 67 299
61 68 663
61 69 444
61 70 695
61 71 213
61 72 552
61 73 378
61 74 630
61 75 179
61 76 370
61 77 662
61 78 543
61 79 785
61 80 978
61 81 454
61 82 886
61 83 661
61 84 415
61 85 748
61 86 84
61 87 796
61 88 262
61 89 833
61 90 372
61 91 288
61 92 558
61 93 658
61 94 720
61 95 563
61 96 212
61 97 185
61 98 793
61 99 823
61 100 583
62 63 493
62 64 427
62 65 629
62 66 657
62 67 639
62 68 328
62 69 141
62 70 232
62 71 653
62 72 533
62 73 744
62 74 709
62 75 399
62 76 311
62 77 370
62 78 99
62 79 585
62 80 447
62 81 496
62 82 323
62 83 110
62 84 183
62 85 297
62 86 617
62 87 459
62 88 414
62 89 450
62 90 577
62 91 294
62 92 272
62 93 649
62 94 619
62 95 418
62 96 508
62 97 611
62 98 596
62 99 820
62 100 573
63 64 113
63 65 218
63 66 606
63 67 331
63 68 276
63 69 490
63 70 724
63 71 420
63 72 882
63 73 392
63 74 216
63 75 408
63 76 236
63 77 239
63 78 395
63 79 265
63 80 656
63 81 77
63 82 651
63 83 599
63 84 510
63 85 411
63 86 498
63 87 340
63 88 274
63 89 399
63 90 210
63 91 369
63 92 705
63 93 167
63 94 195
63 95 812
63 96 318
63 97 688
63 98 272
63 99 350
63 100 924
64 65 329
64 66 505
64 67 275
64 68 294
64 69 399
64 70 650
64 71 345
64 72 775
64 73 360
64 74 299
64 75 295
64 76 134
64 77 273
64 78 336
64 79 363
64 80 668
64 81 71
64 82 636
64 83 536
64 84 413
64 85 418
64 86 402
64 87 397
64 88 163
64 89 447
64 90 170
64 91 260
64 92 612
64 93 274
64 94 307
64 95 711
64 96 221
64 97 578
64 98 371
64 99 457
64 100 816
65 66 821
65 67 520
65 68 321
65 69 664
65 70 859
65 71 620
65 72 1079
65 73 552
65 74 230
65 75 624
65 76 438
65 77 271
65 78 530
65 79 105
65 80 639
65 81 290
65 82 687
65 83 721
65 84 692
65 85 438
65 86 710
65 87 281
65 88 493
65 89 344
65 90 400
65 91 575
65 92 875
65 93 129
65 94 24
65 95 997
65 96 533
65 97 907
65 98 103
65 99 207
65 100 1121
66 67 346
66 68 753
66 69 525
66 70 766
66 71 245
66 72 577
66 73 406
66 74 692
66 75 268
66 76 460
66 77 751
66 78 632
66 79 868
66 80 1068
66 81 531
66 82 973
66 83 741
66 84 493
66 85 839
66 86 116
66 87 885
66 88 349
66 89 923
66 90 437
66 91 377
66 92 620
66 93 729
66 94 797
66 95 606
66 96 288
66 97 168
66 98 876
66 99 888
66 100 602
67 68 569
67 69 559
67 70 832
67 71 106
67 72 816
67 73 108
67 74 354
67 75 310
67 76 334
67 77 546
67 78 567
67 79 591
67 80 942
67 81 256
67 82 896
67 83 748
67 84 552
67 85 691
67 86 230
67 87 665
67 88 226
67 89 719
67 90 122
67 91 369
67 92 742
67 93 408
67 94 495
67 95 795
67 96 145
67 97 485
67 98 596
67 99 550
67 100 852
68 69 404
68 70 549
68 71 634
68 72 835
68 73 651
68 74 468
68 75 495
68 76 292
68 77 49
68 78 239
68 79 260
68 80 380
68 81 328
68 82 382
68 83 407
68 84 442
68 85 135
68 86 667
68 87 146
68 88 410
68 89 170
68 90 460
68 91 401
68 92 595
68 93 381
68 94 318
68 95 733
68 96 496
68 97 779
68 98 270
68 99 526
68 100 877
69 70 273
69 71 553
69 72 430
69 73 667
69 74 698
69 75 281
69 76 266
69 77 436
69 78 172
69 79 641
69 80 586
69 81 471
69 82 463
69 83 216
69 84 43
69 85 412
69 86 499
69 87 548
69 88 334
69 89 552
69 90 520
69 91 190
69 92 214
69 93 657
69 94 650
69 95 334
69 96 418
69 97 470
69 98 652
69 99 837
69 100 473
70 71 824
70 72 433
70 73 940
70 74 939
70 75 548
70 76 525
70 77 595
70 78 332
70 79 809
70 80 540
70 81 721
70 82 381
70 83 143
70 84 286
70 85 486
70 86 759
70 87 666
70 88 606
70 89 644
70 90 788
70 91 463
70 92 174
70 93 882
70 94 851
70 95 303
70 96 691
70 97 672
70 98 820
70 99 1053
70 100 465
71 72 755
71 73 165
71 74 460
71 75 279
71 76 368
71 77 618
71 78 593
71 79 684
71 80 994
71 81 343
71 82 934
71 83 757
71 84 538
71 85 747
71 86 134
71 87 743
71 88 245
71 89 793
71 90 219
71 91 364
71 92 715
71 93 512
71 94 595
71 95 749
71 96 147
71 97 395
71 98 691
71 99 656
71 100 788
72 73 914
72 74 1067
72 75 516
72 76 646
72 77 866
72 78 599
72 79 1068
72 80 954
72 81 841
72 82 802
72 83 525
72 84 394
72 85 830
72 86 636
72 87 978
72 88 644
72 89 978
72 90 836
72 91 515
72 92 275
72 93 1049
72 94 1062
72 95 130
72 96 680
72 97 418
72 98 1078
72 99 1232
72 100 42
73 74 352
73 75 415
73 76 436
73 77 622
73 78 669
73 79 635
73 80 1028
73 81 324
73 82 992
73 83 854
73 84 660
73 85 778
73 86 299
73 87 733
73 88 334
73 89 790
73 90 190
73 91 477
73 92 849
73 93 428
73 94 527
73 95 898
73 96 252
73 97 560
73 98 639
73 99 540
73 100 948
74 75 562
74 76 434
74 77 423
74 78 611
74 79 332
74 80 833
74 81 229
74 82 851
74 83 815
74 84 713
74 85 602
74 86 576
74 87 484
74 88 426
74 89 549
74 90 258
74 91 553
74 92 911
74 93 102
74 94 210
74 95 1009
74 96 423
74 97 811
74 98 332
74 99 196
74 100 1107
75 76 206
75 77 500
75 78 364
75 79 648
75 80 799
75 81 348
75 82 708
75 83 494
75 84 261
75 85 572
75 86 218
75 87 633
75 88 137
75 89 665
75 90 321
75 91 109
75 92 437
75 93 563
75 94 603
75 95 485
75 96 167
75 97 290
75 98 657
75 99 741
75 100 554
76 77 294
76 78 233
76 79 448
76 80 629
76 81 205
76 82 566
76 83 422
76 84 279
76 85 386
76 86 378
76 87 427
76 88 125
76 89 462
76 90 265
76 91 136
76 92 478
76 93 404
76 94 419
76 95 577
76 96 221
76 97 496
76 98 457
76 99 586
76 100 687
77 78 278
77 79 214
77 80 417
77 81 298
77 82 429
77 83 454
77 84 472
77 85 179
77 86 660
77 87 133
77 88 404
77 89 175
77 90 433
77 91 413
77 92 633
77 93 333
77 94 268
77 95 768
77 96 485
77 97 788
77 98 225
77 99 476
77 100 909
78 79 491
78 80 438
78 81 403
78 82 345
78 83 203
78 84 215
78 85 240
78 86 576
78 87 379
78 88 349
78 89 380
78 90 494
78 91 255
78 92 355
78 93 550
78 94 520
78 95 494
78 96 446
78 97 612
78 98 501
78 99 721
78 100 641
79 80 541
79 81 342
79 82 602
79 83 667
79 84 674
79 85 358
79 86 762
79 87 184
79 88 525
79 89 245
79 90 469
79 91 582
79 92 845
79 93 229
79 94 122
79 95 976
79 96 581
79 97 937
79 98 10
79 99 300
79 100 1110
80 81 709
80 82 160
80 83 428
80 84 629
80 85 250
80 86 1003
80 87 358
80 88 754
80 89 296
80 90 838
80 91 690
80 92 678
80 93 736
80 94 647
80 95 827
80 96 849
80 97 1049
80 98 548
80 99 842
80 100 990
81 82 689
81 83 605
81 84 484
81 85 460
81 86 422
81 87 410
81 88 211
81 89 466
81 90 137
81 91 326
81 92 683
81 93 214
81 94 266
81 95 780
81 96 243
81 97 621
81 98 349
81 99 394
81 100 882
82 83 279
82 84 505
82 85 250
82 86 922
82 87 420
82 88 688
82 89 369
82 90 806
82 91 599
82 92 527
82 93 763
82 94 690
82 95 674
82 96 786
82 97 934
82 98 610
82 99 895
82 100 838
83 84 249
83 85 343
83 86 713
83 87 523
83 88 522
83 89 501
83 90 687
83 91 394
83 92 250
83 93 751
83 94 713
83 95 399
83 96 614
83 97 676
83 98 678
83 99 918
83 100 563
84 85 455
84 86 474
84 87 587
84 88 331
84 89 593
84 90 523
84 91 183
84 92 199
84 93 678
84 94 676
84 95 305
84 96 408
84 97 430
84 98 685
84 99 859
84 100 436
85 86 765
85 87 187
85 88 511
85 89 158
85 90 588
85 91 468
85 92 568
85 93 512
85 94 439
85 95 715
85 96 604
85 97 841
85 98 367
85 99 646
85 100 871
86 87 792
86 88 257
86 89 835
86 90 321
86 91 324
86 92 630
86 93 615
86 94 686
86 95 644
86 96 181
86 97 261
86 98 769
86 99 772
86 100 667
87 88 536
87 89 65
87 90 547
87 91 545
87 92 731
87 93 383
87 94 289
87 95 872
87 96 615
87 97 921
87 98 192
87 99 484
87 100 1020
88 89 577
88 90 196
88 91 148
88 92 527
88 93 426
88 94 470
88 95 599
88 96 97
88 97 414
88 98 534
88 99 604
88 100 684
89 90 603
89 91 571
89 92 723
89 93 448
89 94 354
89 95 868
89 96 660
89 97 949
89 98 252
89 99 546
89 100 1020
90 91 343
90 92 721
90 93 295
90 94 376
90 95 796
90 96 167
90 97 554
90 98 474
90 99 451
90 100 875
91 92 378
91 93 534
91 94 556
91 95 457
91 96 227
91 97 378
91 98 592
91 99 717
91 100 556
92 93 871
92 94 861
92 95 149
92 96 597
92 97 509
92 98 855
92 99 1051
92 100 312
93 94 108
93 95 980
93 96 446
93 97 832
93 98 229
93 99 182
93 100 1090
94 95 982
94 96 509
94 97 884
94 98 121
94 99 208
94 100 1104
95 96 652
95 97 465
95 98 986
95 99 1162
95 100 163
96 97 388
96 98 589
96 99 613
96 100 717
97 98 946
97 99 1002
97 100 440
98 99 294
98 100 1120
99 100 1273
