100 4950
1 2 381
1 3 246
1 4 680
1 5 820
1 6 246
1 7 594
1 8 253
1 9 128
1 10 102
1 11 490
1 12 679
1 13 295
1 14 512
1 15 325
1 16 125
1 17 503
1 18 366
1 19 305
1 20 697
1 21 449
1 22 270
1 23 107
1 24 77
1 25 496
1 26 608
1 27 570
1 28 764
1 29 590
1 30 933
1 31 419
1 32 747
1 33 637
1 34 238
1 35 319
1 36 409
1 37 604
1 38 253
1 39 280
1 40 774
1 41 523
1 42 193
1 43 203
1 44 105
1 45 457
1 46 573
1 47 327
1 48 524
1 49 379
1 50 497
1 51 784
1 52 484
1 53 748
1 54 107
1 55 389
1 56 90
1 57 536
1 58 455
1 59 242
1 60 637
1 61 720
1 62 688
1 63 717
1 64 456
1 65 481
1 66 160
1 67 157
1 68 433
1 69 203
1 70 758
1 71 170
1 72 772
1 73 487
1 74 578
1 75 637
1 76 516
1 77 587
1 78 736
1 79 496
1 80 559
1 81 186
1 82 307
1 83 736
1 84 725
1 85 293
1 86 192
1 87 615
1 88 237
1 89 209
1 90 644
1 91 691
1 92 63
1 93 215
1 94 137
1 95 710
1 96 355
1 97 328
1 98 380
1 99 535
1 100 612
2 3 627
2 4 663
2 5 1131
2 6 537
2 7 795
2 8 633
2 9 354
2 10 281
2 11 871
2 12 906
2 13 623
2 14 836
2 15 650
2 16 449
2 17 836
2 18 691
2 19 175
2 20 1002
2 21 804
2 22 204
2 23 398
2 24 438
2 25 550
2 26 732
2 27 623
2 28 1029
2 29 919
2 30 1226
2 31 714
2 32 837
2 33 1007
2 34 254
2 35 680
2 36 320
2 37 579
2 38 234
2 39 102
2 40 891
2 41 893
2 42 212
2 43 181
2 44 323
2 45 761
2 46 686
2 47 199
2 48 753
2 49 761
2 50 821
2 51 1092
2 52 860
2 53 1077
2 54 431
2 55 258
2 56 422
2 57 440
2 58 565
2 59 153
2 60 757
2 61 1015
2 62 597
2 63 906
2 64 282
2 65 795
2 66 225
2 67 231
2 68 805
2 69 521
2 70 868
2 71 425
2 72 892
2 73 783
2 74 656
2 75 713
2 76 830
2 77 789
2 78 722
2 79 340
2 80 941
2 81 454
2 82 410
2 83 743
2 84 950
2 85 88
2 86 500
2 87 521
2 88 508
2 89 179
2 90 822
2 91 608
2 92 320
2 93 213
2 94 260
2 95 670
2 96 51
2 97 72
2 98 230
2 99 560
2 100 537
3 4 767
3 5 632
3 6 231
3 7 538
3 8 69
3 9 304
3 10 349
3 11 247
3 12 584
3 13 185
3 14 336
3 15 201
3 16 241
3 17 317
3 18 225
3 19 545
3 20 524
3 21 237
3 22 506
3 23 253
3 24 211
3 25 575
3 26 613
3 27 632
3 28 625
3 29 398
3 30 756
3 31 303
3 32 755
3 33 396
3 34 442
3 35 186
3 36 584
3 37 706
3 38 484
3 39 526
3 40 759
3 41 324
3 42 426
3 43 450
3 44 316
3 45 320
3 46 592
3 47 541
3 48 456
3 49 136
3 50 323
3 51 600
3 52 271
3 53 546
3 54 246
3 55 586
3 56 217
3 57 687
3 58 508
3 59 488
3 60 640
3 61 555
3 62 814
3 63 652
3 64 652
3 65 323
3 66 402
3 67 397
3 68 193
3 69 244
3 70 750
3 71 312
3 72 755
3 73 351
3 74 623
3 75 671
3 76 353
3 77 531
3 78 813
3 79 678
3 80 320
3 81 302
3 82 425
3 83 800
3 84 627
3 85 539
3 86 257
3 87 751
3 88 256
3 89 450
3 90 598
3 91 811
3 92 310
3 93 441
3 94 371
3 95 805
3 96 602
3 97 569
3 98 585
3 99 623
3 100 740
4 5 831
4 6 535
4 7 404
4 8 827
4 9 552
4 10 674
4 11 957
4 12 504
4 13 603
4 14 674
4 15 606
4 16 806
4 17 697
4 18 616
4 19 783
4 20 723
4 21 745
4 22 782
4 23 580
4 24 752
4 25 192
4 26 251
4 27 141
4 28 652
4 29 736
4 30 863
4 31 560
4 32 240
4 33 942
4 34 489
4 35 939
4 36 345
4 37 84
4 38 796
4 39 656
4 40 313
4 41 1085
4 42 576
4 43 671
4 44 584
4 45 593
4 46 229
4 47 475
4 48 443
4 49 870
4 50 669
4 51 796
4 52 1027
4 53 841
4 54 787
4 55 406
4 56 614
4 57 228
4 58 260
4 59 694
4 60 249
4 61 710
4 62 132
4 63 435
4 64 386
4 65 632
4 66 617
4 67 610
4 68 818
4 69 879
4 70 289
4 71 846
4 72 318
4 73 587
4 74 170
4 75 165
4 76 646
4 77 404
4 78 59
4 79 334
4 80 1027
4 81 865
4 82 373
4 83 84
4 84 524
4 85 648
4 86 872
4 87 164
4 88 511
4 89 605
4 90 375
4 91 115
4 92 679
4 93 546
4 94 598
4 95 43
4 96 699
4 97 606
4 98 433
4 99 147
4 100 139
5 6 598
5 7 430
5 8 687
5 9 785
5 10 909
5 11 563
5 12 329
5 13 526
5 14 308
5 15 496
5 16 866
5 17 319
5 18 454
5 19 1118
5 20 130
5 21 396
5 22 1087
5 23 751
5 24 823
5 25 725
5 26 580
5 27 712
5 28 190
5 29 235
5 30 129
5 31 417
5 32 640
5 33 359
5 34 881
5 35 773
5 36 915
5 37 834
5 38 1073
5 39 1049
5 40 583
5 41 733
5 42 924
5 43 995
5 44 824
5 45 372
5 46 608
5 47 964
5 48 417
5 49 584
5 50 323
5 51 39
5 52 682
5 53 103
5 54 866
5 55 958
5 56 740
5 57 927
5 58 657
5 59 1037
5 60 583
5 61 125
5 62 951
5 63 415
5 64 1002
5 65 341
5 66 926
5 67 918
5 68 467
5 69 877
5 70 596
5 71 939
5 72 576
5 73 347
5 74 671
5 75 667
5 76 306
5 77 431
5 78 836
5 79 990
5 80 580
5 81 932
5 82 746
5 83 798
5 84 320
5 85 1056
5 86 890
5 87 935
5 88 624
5 89 961
5 90 458
5 91 938
5 92 877
5 93 918
5 94 886
5 95 874
5 96 1129
5 97 1060
5 98 975
5 99 761
5 100 909
6 7 353
6 8 293
6 9 186
6 10 318
6 11 440
6 12 432
6 13 95
6 14 298
6 15 118
6 16 339
6 17 300
6 18 156
6 19 523
6 20 470
6 21 284
6 22 495
6 23 156
6 24 283
6 25 344
6 26 394
6 27 401
6 28 521
6 29 382
6 30 701
6 31 182
6 32 538
6 33 499
6 34 296
6 35 409
6 36 391
6 37 477
6 38 486
6 39 451
6 40 552
6 41 551
6 42 327
6 43 397
6 44 226
6 45 226
6 46 368
6 47 390
6 48 279
6 49 341
6 50 284
6 51 559
6 52 494
6 53 540
6 54 329
6 55 410
6 56 156
6 57 472
6 58 277
6 59 439
6 60 423
6 61 488
6 62 587
6 63 475
6 64 470
6 65 258
6 66 328
6 67 319
6 68 320
6 69 392
6 70 539
6 71 404
6 72 549
6 73 252
6 74 393
6 75 445
6 76 293
6 77 346
6 78 581
6 79 484
6 80 513
6 81 411
6 82 214
6 83 569
6 84 479
6 85 458
6 86 393
6 87 529
6 88 34
6 89 363
6 90 406
6 91 584
6 92 292
6 93 324
6 94 288
6 95 573
6 96 531
6 97 467
6 98 419
6 99 392
6 100 515
7 8 608
7 9 501
7 10 649
7 11 647
7 12 117
7 13 354
7 14 306
7 15 337
7 16 692
7 17 334
7 18 320
7 19 836
7 20 319
7 21 410
7 22 816
7 23 492
7 24 636
7 25 303
7 26 153
7 27 282
7 28 263
7 29 348
7 30 478
7 31 241
7 32 254
7 33 570
7 34 544
7 35 724
7 36 522
7 37 404
7 38 813
7 39 736
7 40 231
7 41 805
7 42 613
7 43 705
7 44 545
7 45 247
7 46 178
7 47 603
7 48 82
7 49 589
7 50 306
7 51 393
7 52 744
7 53 437
7 54 682
7 55 576
7 56 504
7 57 507
7 58 247
7 59 743
7 60 163
7 61 307
7 62 521
7 63 122
7 64 606
7 65 275
7 66 633
7 67 624
7 68 501
7 69 741
7 70 229
7 71 757
7 72 226
7 73 227
7 74 240
7 75 241
7 76 275
7 77 6
7 78 416
7 79 583
7 80 705
7 81 764
7 82 385
7 83 381
7 84 156
7 85 737
7 86 744
7 87 507
7 88 356
7 89 652
7 90 61
7 91 508
7 92 630
7 93 597
7 94 596
7 95 447
7 96 808
7 97 723
7 98 598
7 99 334
7 100 480
8 9 336
8 10 352
8 11 242
8 12 653
8 13 254
8 14 398
8 15 271
8 16 212
8 17 377
8 18 294
8 19 533
8 20 584
8 21 291
8 22 494
8 23 287
8 24 198
8 25 634
8 26 680
8 27 695
8 28 690
8 29 455
8 30 812
8 31 373
8 32 823
8 33 423
8 34 471
8 35 117
8 36 625
8 37 764
8 38 468
8 39 531
8 40 828
8 41 279
8 42 444
8 43 453
8 44 339
8 45 388
8 46 659
8 47 569
8 48 525
8 49 137
8 50 385
8 51 657
8 52 233
8 53 596
8 54 223
8 55 620
8 56 249
8 57 734
8 58 570
8 59 488
8 60 708
8 61 616
8 62 868
8 63 721
8 64 687
8 65 389
8 66 414
8 67 410
8 68 230
8 69 194
8 70 818
8 71 278
8 72 824
8 73 419
8 74 687
8 75 737
8 76 417
8 77 601
8 78 874
8 79 718
8 80 308
8 81 262
8 82 476
8 83 863
8 84 696
8 85 545
8 86 211
8 87 802
8 88 315
8 89 462
8 90 668
8 91 866
8 92 313
8 93 462
8 94 387
8 95 864
8 96 604
8 97 581
8 98 617
8 99 681
8 100 793
9 10 147
9 11 550
9 12 598
9 13 269
9 14 483
9 15 297
9 16 253
9 17 482
9 18 338
9 19 341
9 20 656
9 21 451
9 22 316
9 23 50
9 24 202
9 25 370
9 26 494
9 27 445
9 28 701
9 29 567
9 30 887
9 31 368
9 32 630
9 33 659
9 34 137
9 35 424
9 36 292
9 37 476
9 38 312
9 39 265
9 40 662
9 41 615
9 42 142
9 43 212
9 44 43
9 45 413
9 46 456
9 47 237
9 48 440
9 49 440
9 50 469
9 51 746
9 52 569
9 53 725
9 54 235
9 55 284
9 56 87
9 57 413
9 58 334
9 59 253
9 60 523
9 61 674
9 62 562
9 63 623
9 64 351
9 65 445
9 66 141
9 67 133
9 68 462
9 69 330
9 70 645
9 71 294
9 72 661
9 73 438
9 74 456
9 75 516
9 76 480
9 77 495
9 78 608
9 79 383
9 80 624
9 81 312
9 82 179
9 83 610
9 84 644
9 85 272
9 86 320
9 87 489
9 88 162
9 89 177
9 90 545
9 91 563
9 92 135
9 93 145
9 94 102
9 95 582
9 96 345
9 97 286
9 98 281
9 99 408
9 100 485
10 11 591
10 12 743
10 13 383
10 14 602
10 15 413
10 16 181
10 17 596
10 18 455
10 19 208
10 20 784
10 21 548
10 22 177
10 23 163
10 24 158
10 25 502
10 26 639
10 27 579
10 28 840
10 29 683
10 30 1018
10 31 499
10 32 773
10 33 739
10 34 192
10 35 404
10 36 366
10 37 592
10 38 167
10 39 179
10 40 808
10 41 614
10 42 118
10 43 101
10 44 104
10 45 541
10 46 600
10 47 261
10 48 586
10 49 481
10 50 587
10 51 872
10 52 579
10 53 842
10 54 160
10 55 332
10 56 169
10 57 501
10 58 476
10 59 139
10 60 668
10 61 804
10 62 662
10 63 771
10 64 396
10 65 568
10 66 75
10 67 77
10 68 535
10 69 260
10 70 790
10 71 186
10 72 807
10 73 569
10 74 595
10 75 655
10 76 603
10 77 642
10 78 732
10 79 444
10 80 660
10 81 212
10 82 312
10 83 738
10 84 789
10 85 193
10 86 243
10 87 585
10 88 301
10 89 119
10 90 693
10 91 666
10 92 39
10 93 148
10 94 76
10 95 698
10 96 253
10 97 233
10 98 318
10 99 534
10 100 587
11 12 649
11 13 356
11 14 355
11 15 351
11 16 451
11 17 326
11 18 344
11 19 775
11 20 496
11 21 238
11 22 735
11 23 499
11 24 440
11 25 773
11 26 761
11 27 817
11 28 631
11 29 366
11 30 692
11 31 413
11 32 894
11 33 224
11 34 687
11 35 257
11 36 821
11 37 909
11 38 710
11 39 770
11 40 879
11 41 174
11 42 674
11 43 692
11 44 563
11 45 399
11 46 754
11 47 787
11 48 568
11 49 111
11 50 350
11 51 543
11 52 119
11 53 460
11 54 464
11 55 828
11 56 464
11 57 912
11 58 698
11 59 729
11 60 785
11 61 534
11 62 1024
11 63 737
11 64 893
11 65 375
11 66 648
11 67 644
11 68 146
11 69 416
11 70 876
11 71 512
11 72 873
11 73 421
11 74 797
11 75 835
11 76 385
11 77 641
11 78 996
11 79 916
11 80 74
11 81 492
11 82 652
11 83 975
11 84 682
11 85 783
11 86 437
11 87 968
11 88 472
11 89 696
11 90 708
11 91 1019
11 92 552
11 93 688
11 94 618
11 95 998
11 96 844
11 97 816
11 98 829
11 99 822
11 100 954
12 13 410
12 14 293
12 15 387
12 16 766
12 17 322
12 18 359
12 19 937
12 20 236
12 21 412
12 22 914
12 23 582
12 24 712
12 25 421
12 26 255
12 27 394
12 28 149
12 29 306
12 30 363
12 31 281
12 32 315
12 33 533
12 34 654
12 35 766
12 36 640
12 37 514
12 38 910
12 39 843
12 40 266
12 41 817
12 42 718
12 43 806
12 44 642
12 45 267
12 46 289
12 47 717
12 48 157
12 49 610
12 50 298
12 51 296
12 52 756
12 53 356
12 54 758
12 55 692
12 56 588
12 57 623
12 58 365
12 59 846
12 60 255
12 61 214
12 62 628
12 63 98
12 64 723
12 65 278
12 66 734
12 67 725
12 68 507
12 69 806
12 70 275
12 71 834
12 72 260
12 73 237
12 74 350
12 75 339
12 76 263
12 77 122
12 78 507
12 79 701
12 80 698
12 81 838
12 82 497
12 83 469
12 84 46
12 85 844
12 86 812
12 87 619
12 88 443
12 89 757
12 90 129
12 91 613
12 92 721
12 93 703
12 94 696
12 95 546
12 96 916
12 97 834
12 98 714
12 99 449
12 100 592
13 14 218
13 15 29
13 16 361
13 17 214
13 18 71
13 19 592
13 20 402
13 21 189
13 22 560
13 23 228
13 24 310
13 25 416
13 26 430
13 27 464
13 28 474
13 29 300
13 30 637
13 31 131
13 32 572
13 33 404
13 34 388
13 35 372
13 36 486
13 37 552
13 38 547
13 39 533
13 40 573
13 41 483
13 42 411
13 43 472
13 44 303
13 45 163
13 46 413
13 47 484
13 48 272
13 49 266
13 50 203
13 51 488
13 52 424
13 53 459
13 54 356
13 55 506
13 56 214
13 57 562
13 58 343
13 59 514
13 60 457
13 61 425
13 62 667
13 63 470
13 64 566
13 65 185
13 66 406
13 67 398
13 68 228
13 69 396
13 70 565
13 71 432
13 72 570
13 73 193
13 74 449
13 75 494
13 76 220
13 77 347
13 78 645
13 79 578
13 80 428
13 81 432
13 82 307
13 83 628
13 84 455
13 85 541
13 86 402
13 87 613
13 88 129
13 89 445
13 90 413
13 91 662
13 92 351
13 93 412
13 94 367
13 95 644
13 96 613
13 97 554
13 98 514
13 99 465
13 100 598
14 15 189
14 16 561
14 17 29
14 18 147
14 19 811
14 20 190
14 21 121
14 22 779
14 23 446
14 24 516
14 25 517
14 26 443
14 27 535
14 28 294
14 29 84
14 30 424
14 31 133
14 32 560
14 33 268
14 34 592
14 35 500
14 36 657
14 37 648
14 38 765
14 39 749
14 40 534
14 41 525
14 42 625
14 43 690
14 44 520
14 45 88
14 46 449
14 47 682
14 48 238
14 49 326
14 50 14
14 51 272
14 52 465
14 53 241
14 54 560
14 55 690
14 56 433
14 57 701
14 58 440
14 59 732
14 60 461
14 61 219
14 62 770
14 63 383
14 64 743
14 65 46
14 66 623
14 67 615
14 68 216
14 69 579
14 70 535
14 71 633
14 72 528
14 73 87
14 74 504
14 75 527
14 76 31
14 77 302
14 78 700
14 79 743
14 80 406
14 81 629
14 82 478
14 83 671
14 84 327
14 85 756
14 86 590
14 87 733
14 88 328
14 89 661
14 90 364
14 91 760
14 92 569
14 93 623
14 94 584
14 95 718
14 96 829
14 97 765
14 98 703
14 99 562
14 100 711
15 16 388
15 17 185
15 18 42
15 19 622
15 20 372
15 21 167
15 22 590
15 23 257
15 24 338
15 25 422
15 26 422
15 27 465
15 28 446
15 29 271
15 30 607
15 31 105
15 32 562
15 33 383
15 34 413
15 35 387
15 36 505
15 37 558
15 38 577
15 39 561
15 40 560
15 41 487
15 42 439
15 43 501
15 44 332
15 45 134
15 46 408
15 47 509
15 48 255
15 49 268
15 50 174
15 51 459
15 52 427
15 53 430
15 54 384
15 55 527
15 56 244
15 57 575
15 58 347
15 59 543
15 60 448
15 61 395
15 62 675
15 63 451
15 64 586
15 65 155
15 66 434
15 67 427
15 68 216
15 69 421
15 70 553
15 71 459
15 72 556
15 73 165
15 74 447
15 75 489
15 76 190
15 77 330
15 78 645
15 79 596
15 80 422
15 81 459
15 82 324
15 83 626
15 84 431
15 85 569
15 86 428
15 87 623
15 88 151
15 89 473
15 90 397
15 91 669
15 92 381
15 93 439
15 94 395
15 95 647
15 96 641
15 97 581
15 98 536
15 99 471
15 100 607
16 17 546
16 18 426
16 19 327
16 20 751
16 21 475
16 22 286
16 23 227
16 24 57
16 25 620
16 26 721
16 27 693
16 28 835
16 29 631
16 30 986
16 31 492
16 32 863
16 33 633
16 34 357
16 35 231
16 36 530
16 37 730
16 38 259
16 39 349
16 40 885
16 41 444
16 42 296
16 43 270
16 44 229
16 45 522
16 46 689
16 47 438
16 48 617
16 49 350
16 50 546
16 51 832
16 52 417
16 53 784
16 54 21
16 55 505
16 56 199
16 57 660
16 58 575
16 59 297
16 60 751
16 61 778
16 62 814
16 63 815
16 64 571
16 65 538
16 66 255
16 67 256
16 68 433
16 69 81
16 70 871
16 71 72
16 72 883
16 73 554
16 74 699
16 75 756
16 76 571
16 77 686
16 78 861
16 79 615
16 80 513
16 81 71
16 82 432
16 83 860
16 84 812
16 85 365
16 86 67
16 87 740
16 88 340
16 89 300
16 90 746
16 91 816
16 92 150
16 93 324
16 94 245
16 95 835
16 96 412
16 97 410
16 98 494
16 99 660
16 100 737
17 18 144
17 19 805
17 20 207
17 21 94
17 22 772
17 23 443
17 24 503
17 25 536
17 26 468
17 27 557
17 28 319
17 29 86
17 30 439
17 31 146
17 32 588
17 33 245
17 34 595
17 35 476
17 36 668
17 37 668
17 38 757
17 39 747
17 40 562
17 41 496
17 42 624
17 43 686
17 44 518
17 45 105
17 46 473
17 47 687
17 48 264
17 49 300
17 50 28
17 51 285
17 52 437
17 53 245
17 54 546
17 55 698
17 56 427
17 57 717
17 58 458
17 59 728
17 60 487
17 61 238
17 62 790
17 63 412
17 64 752
17 65 64
17 66 620
17 67 612
17 68 188
17 69 561
17 70 563
17 71 619
17 72 557
17 73 111
17 74 527
17 75 552
17 76 60
17 77 329
17 78 724
17 79 755
17 80 377
17 81 613
17 82 487
17 83 696
17 84 356
17 85 755
17 86 573
17 87 751
17 88 331
17 89 659
17 90 393
17 91 781
17 92 562
17 93 624
17 94 581
17 95 740
17 96 827
17 97 766
17 98 710
17 99 582
17 100 730
18 19 664
18 20 331
18 21 138
18 22 632
18 23 299
18 24 377
18 25 437
18 26 418
18 27 474
18 28 409
18 29 229
18 30 566
18 31 79
18 32 555
18 33 353
18 34 452
18 35 408
18 36 536
18 37 573
18 38 619
18 39 603
18 40 548
18 41 490
18 42 480
18 43 543
18 44 374
18 45 97
18 46 409
18 47 546
18 48 238
18 49 272
18 50 132
18 51 417
18 52 429
18 53 388
18 54 422
18 55 562
18 56 286
18 57 600
18 58 360
18 59 585
18 60 443
18 61 355
18 62 692
18 63 429
18 64 619
18 65 114
18 66 476
18 67 468
18 68 202
18 69 454
18 70 542
18 71 497
18 72 544
18 73 129
18 74 453
18 75 491
18 76 149
18 77 314
18 78 652
18 79 626
18 80 412
18 81 496
18 82 355
18 83 631
18 84 402
18 85 611
18 86 463
18 87 644
18 88 188
18 89 515
18 90 381
18 91 685
18 92 423
18 93 479
18 94 437
18 95 658
18 96 683
18 97 622
18 98 572
18 99 485
18 100 626
19 20 992
19 21 755
19 22 40
19 23 368
19 24 336
19 25 639
19 26 803
19 27 717
19 28 1042
19 29 891
19 30 1225
19 31 705
19 32 925
19 33 940
19 34 307
19 35 555
19 36 440
19 37 698
19 38 71
19 39 127
19 40 970
19 41 768
19 42 225
19 43 131
19 44 298
19 45 748
19 46 760
19 47 309
19 48 779
19 49 669
19 50 796
19 51 1080
19 52 743
19 53 1050
19 54 312
19 55 384
19 56 377
19 57 574
19 58 634
19 59 94
19 60 831
19 61 1011
19 62 737
19 63 955
19 64 428
19 65 776
19 66 203
19 67 212
19 68 736
19 69 385
19 70 949
19 71 282
19 72 970
19 73 775
19 74 742
19 75 802
19 76 811
19 77 829
19 78 843
19 79 486
19 80 840
19 81 309
19 82 466
19 83 858
19 84 983
19 85 139
19 86 363
19 87 659
19 88 502
19 89 188
19 90 874
19 91 746
19 92 243
19 93 249
19 94 240
19 95 797
19 96 124
19 97 191
19 98 359
19 99 661
19 100 670
20 21 295
20 22 961
20 23 624
20 24 705
20 25 603
20 26 472
20 27 597
20 28 143
20 29 133
20 30 235
20 31 288
20 32 551
20 33 327
20 34 751
20 35 680
20 36 787
20 37 718
20 38 949
20 39 921
20 40 502
20 41 670
20 42 795
20 43 867
20 44 696
20 45 244
20 46 495
20 47 834
20 48 294
20 49 496
20 50 204
20 51 90
20 52 615
20 53 120
20 54 749
20 55 829
20 56 615
20 57 803
20 58 533
20 59 909
20 60 479
20 61 37
20 62 838
20 63 332
20 64 873
20 65 216
20 66 798
20 67 789
20 68 379
20 69 768
20 70 512
20 71 823
20 72 496
20 73 218
20 74 557
20 75 560
20 76 181
20 77 319
20 78 734
20 79 863
20 80 528
20 81 819
20 82 617
20 83 698
20 84 244
20 85 927
20 86 780
20 87 817
20 88 495
20 89 832
20 90 357
20 91 825
20 92 753
20 93 789
20 94 758
20 95 766
20 96 1000
20 97 930
20 98 845
20 99 642
20 100 792
21 22 720
21 23 406
21 24 437
21 25 572
21 26 532
21 27 604
21 28 413
21 29 163
21 30 521
21 31 186
21 32 660
21 33 216
21 34 576
21 35 385
21 36 672
21 37 707
21 38 702
21 39 710
21 40 641
21 41 404
21 42 593
21 43 643
21 44 481
21 45 163
21 46 530
21 47 673
21 48 333
21 49 205
21 50 113
21 51 365
21 52 344
21 53 308
21 54 478
21 55 695
21 56 384
21 57 738
21 58 494
21 59 685
21 60 554
21 61 328
21 62 827
21 63 499
21 64 753
21 65 136
21 66 582
21 67 575
21 68 95
21 69 481
21 70 639
21 71 548
21 72 636
21 73 183
21 74 579
21 75 611
21 76 149
21 77 405
21 78 778
21 79 763
21 80 295
21 81 539
21 82 491
21 83 754
21 84 448
21 85 720
21 86 495
21 87 781
21 88 318
21 89 625
21 90 471
21 91 820
21 92 512
21 93 597
21 94 545
21 95 788
21 96 790
21 97 738
21 98 703
21 99 620
21 100 762
22 23 339
22 24 296
22 25 631
22 26 790
22 27 710
22 28 1016
22 29 859
22 30 1195
22 31 676
22 32 915
22 33 902
22 34 298
22 35 514
22 36 443
22 37 698
22 38 32
22 39 136
22 40 957
22 41 727
22 42 213
22 43 115
22 44 273
22 45 718
22 46 747
22 47 313
22 48 757
22 49 630
22 50 764
22 51 1049
22 52 703
22 53 1017
22 54 272
22 55 390
22 56 346
22 57 579
22 58 621
22 59 88
22 60 818
22 61 982
22 62 743
22 63 936
22 64 439
22 65 745
22 66 184
22 67 193
22 68 698
22 69 345
22 70 937
22 71 242
22 72 957
22 73 746
22 74 733
22 75 793
22 76 780
22 77 809
22 78 842
22 79 496
22 80 799
22 81 269
22 82 453
22 83 855
22 84 960
22 85 151
22 86 322
22 87 665
22 88 476
22 89 179
22 90 856
22 91 751
22 92 209
22 93 239
22 94 219
22 95 799
22 96 154
22 97 206
22 98 367
22 99 656
22 100 674
23 24 171
23 25 393
23 26 500
23 27 465
23 28 677
23 29 528
23 30 856
23 31 337
23 32 640
23 33 611
23 34 188
23 35 379
23 36 338
23 37 507
23 38 330
23 39 305
23 40 667
23 41 566
23 42 186
23 43 244
23 44 75
23 45 380
23 46 465
23 47 288
23 48 425
23 49 389
23 50 431
23 51 713
23 52 519
23 53 687
23 54 210
23 55 333
23 56 38
23 57 454
23 58 349
23 59 286
23 60 530
23 61 643
23 62 599
23 63 615
23 64 400
23 65 409
23 66 177
23 67 170
23 68 412
23 69 299
23 70 651
23 71 277
23 72 665
23 73 407
23 74 472
23 75 530
23 76 444
23 77 485
23 78 635
23 79 431
23 80 573
23 81 292
23 82 208
23 83 633
23 84 628
23 85 314
23 86 292
23 87 528
23 88 138
23 89 218
23 90 540
23 91 599
23 92 139
23 93 194
23 94 139
23 95 612
23 96 385
23 97 332
23 98 332
23 99 434
23 100 522
24 25 565
24 26 664
24 27 637
24 28 785
24 29 589
24 30 940
24 31 440
24 32 806
24 33 608
24 34 315
24 35 246
24 36 486
24 37 677
24 38 273
24 39 336
24 40 828
24 41 456
24 42 265
24 43 257
24 44 183
24 45 473
24 46 632
24 47 403
24 48 561
24 49 333
24 50 501
24 51 788
24 52 421
24 53 744
24 54 46
24 55 466
24 56 142
24 57 613
24 58 519
24 59 290
24 60 694
24 61 731
24 62 764
24 63 759
24 64 533
24 65 490
24 66 228
24 67 227
24 68 404
24 69 128
24 70 813
24 71 122
24 72 826
24 73 504
24 74 642
24 75 700
24 76 524
24 77 629
24 78 807
24 79 574
24 80 507
24 81 127
24 82 379
24 83 805
24 84 758
24 85 351
24 86 120
24 87 691
24 88 283
24 89 276
24 90 689
24 91 766
24 92 121
24 93 289
24 94 210
24 95 783
24 96 406
24 97 391
24 98 457
24 99 606
24 100 688
25 26 190
25 27 78
25 28 567
25 29 588
25 30 781
25 31 392
25 32 287
25 33 778
25 34 333
25 35 746
25 36 239
25 37 136
25 38 640
25 39 519
25 40 341
25 41 894
25 42 419
25 43 516
25 44 405
25 45 430
25 46 144
25 47 351
25 48 309
25 49 681
25 50 509
25 51 686
25 52 837
25 53 714
25 54 602
25 55 301
25 56 424
25 57 203
25 58 77
25 59 546
25 60 211
25 61 599
25 62 255
25 63 385
25 64 314
25 65 472
25 66 454
25 67 446
25 68 638
25 69 691
25 70 318
25 71 664
25 72 342
25 73 432
25 74 105
25 75 163
25 76 492
25 77 300
25 78 243
25 79 283
25 80 844
25 81 682
25 82 191
25 83 240
25 84 454
25 85 514
25 86 685
25 87 216
25 88 319
25 89 452
25 90 304
25 91 248
25 92 502
25 93 392
25 94 429
25 95 229
25 96 576
25 97 483
25 98 327
25 99 48
25 100 194
26 27 142
26 28 404
26 29 495
26 30 617
26 31 348
26 32 143
26 33 711
26 34 497
26 35 798
26 36 429
26 37 260
26 38 793
26 39 689
26 40 168
26 41 908
26 42 577
26 43 674
26 44 536
26 45 370
26 46 45
26 47 533
26 48 204
26 49 689
26 50 440
26 51 545
26 52 848
26 53 591
26 54 708
26 55 489
26 56 522
26 57 382
26 58 169
26 59 709
26 60 29
26 61 459
26 62 372
26 63 200
26 64 504
26 65 405
26 66 606
26 67 597
26 68 616
26 69 782
26 70 150
26 71 778
26 72 167
26 73 357
26 74 97
26 75 88
26 76 413
26 77 154
26 78 263
26 79 471
26 80 826
26 81 790
26 82 337
26 83 230
26 84 280
26 85 687
26 86 781
26 87 367
26 88 384
26 89 614
26 90 127
26 91 358
26 92 630
26 93 554
26 94 575
26 95 294
26 96 753
26 97 662
26 98 514
26 99 204
26 100 339
27 28 542
27 29 600
27 30 757
27 31 419
27 32 213
27 33 802
27 34 411
27 35 809
27 36 307
27 37 121
27 38 719
27 39 596
27 40 272
27 41 947
27 42 497
27 43 595
27 44 482
27 45 452
27 46 104
27 47 425
27 48 309
27 49 731
27 50 529
27 51 675
27 52 889
27 53 713
27 54 676
27 55 370
27 56 495
27 57 241
27 58 124
27 59 624
27 60 155
27 61 588
27 62 240
27 63 342
27 64 375
27 65 492
27 66 533
27 67 525
27 68 677
27 69 763
27 70 248
27 71 739
27 72 274
27 73 448
27 74 44
27 75 90
27 76 508
27 77 281
27 78 180
27 79 336
27 80 886
27 81 756
27 82 268
27 83 169
27 84 421
27 85 590
27 86 757
27 87 225
27 88 380
27 89 531
27 90 268
27 91 228
27 92 578
27 93 470
27 94 507
27 95 184
27 96 651
27 97 558
27 98 396
27 99 67
27 100 198
28 29 265
28 30 215
28 31 345
28 32 450
28 33 471
28 34 774
28 35 794
28 36 778
28 37 663
28 38 1008
28 39 957
28 40 392
28 41 805
28 42 831
28 43 913
28 44 744
28 45 312
28 46 437
28 47 846
28 48 278
28 49 619
28 50 305
28 51 164
28 52 747
28 53 245
28 54 831
28 55 828
28 56 676
28 57 770
28 58 507
28 59 954
28 60 403
28 61 107
28 62 776
28 63 225
28 64 863
28 65 302
28 66 842
28 67 833
28 68 504
28 69 863
28 70 406
28 71 906
28 72 385
28 73 281
28 74 499
28 75 487
28 76 273
28 77 266
28 78 653
28 79 844
28 80 668
28 81 906
28 82 624
28 83 613
28 84 131
28 85 961
28 86 872
28 87 768
28 88 540
28 89 870
28 90 278
28 91 762
28 92 814
28 93 820
28 94 803
28 95 693
28 96 1034
28 97 956
28 98 848
28 99 597
28 100 741
29 30 358
29 31 215
29 32 600
29 33 226
29 34 676
29 35 547
29 36 739
29 37 716
29 38 844
29 39 832
29 40 565
29 41 540
29 42 708
29 43 772
29 44 603
29 45 168
29 46 507
29 47 766
29 48 293
29 49 363
29 50 98
29 51 202
29 52 483
29 53 159
29 54 631
29 55 773
29 56 514
29 57 778
29 58 512
29 59 814
29 60 510
29 61 169
29 62 838
29 63 403
29 64 824
29 65 127
29 66 705
29 67 698
29 68 245
29 69 642
29 70 570
29 71 704
29 72 559
29 73 158
29 74 565
29 75 582
29 76 98
29 77 346
29 78 757
29 79 823
29 80 404
29 81 697
29 82 560
29 83 726
29 84 331
29 85 840
29 86 655
29 87 805
29 88 412
29 89 744
29 90 401
29 91 827
29 92 649
29 93 707
29 94 666
29 95 780
29 96 912
29 97 849
29 98 786
29 99 632
29 100 782
30 31 519
30 32 649
30 33 484
30 34 973
30 35 901
30 36 989
30 37 877
30 38 1183
30 39 1149
30 40 583
30 41 861
30 42 1023
30 43 1099
30 44 928
30 45 477
30 46 652
30 47 1050
30 48 486
30 49 713
30 50 439
30 51 155
30 52 811
30 53 231
30 54 985
30 55 1037
30 56 849
30 57 985
30 58 720
30 59 1141
30 60 614
30 61 213
30 62 989
30 63 429
30 64 1075
30 65 452
30 66 1028
30 67 1020
30 68 595
30 69 1000
30 70 601
30 71 1058
30 72 577
30 73 449
30 74 713
30 75 698
30 76 417
30 77 481
30 78 859
30 79 1057
30 80 706
30 81 1053
30 82 829
30 83 818
30 84 338
30 85 1154
30 86 1013
30 87 983
30 88 725
30 89 1061
30 90 490
30 91 974
30 92 988
30 93 1015
30 94 989
30 95 903
30 96 1228
30 97 1154
30 98 1056
30 99 812
30 100 956
31 32 481
31 33 386
31 34 466
31 35 488
31 36 524
31 37 526
31 38 666
31 39 632
31 40 471
31 41 565
31 42 506
31 43 580
31 44 408
31 45 47
31 46 344
31 47 553
31 48 159
31 49 349
31 50 122
31 51 378
31 52 504
31 53 366
31 54 486
31 55 558
31 56 332
31 57 570
31 58 314
31 59 621
31 60 371
31 61 305
31 62 647
31 63 349
31 64 609
31 65 87
31 66 510
31 67 501
31 68 267
31 69 526
31 70 466
31 71 562
31 72 466
31 73 69
31 74 393
31 75 425
31 76 118
31 77 235
31 78 592
31 79 609
31 80 477
31 81 563
31 82 345
31 83 568
31 84 325
31 85 638
31 86 533
31 87 605
31 88 207
31 89 544
31 90 303
31 91 638
31 92 471
31 93 501
31 94 470
31 95 603
31 96 712
31 97 643
31 98 571
31 99 439
31 100 585
32 33 824
32 34 617
32 35 941
32 36 520
32 37 292
32 38 921
32 39 806
32 40 73
32 41 1046
32 42 702
32 43 799
32 44 670
32 45 497
32 46 174
32 47 638
32 48 326
32 49 827
32 50 560
32 51 609
32 52 985
32 53 671
32 54 849
32 55 583
32 56 664
32 57 439
32 58 296
32 59 831
32 60 115
32 61 529
32 62 372
32 63 225
32 64 585
32 65 527
32 66 734
32 67 725
32 68 748
32 69 925
32 70 50
32 71 918
32 72 78
32 73 479
32 74 183
32 75 124
32 76 529
32 77 258
32 78 217
32 79 541
32 80 956
32 81 931
32 82 463
32 83 174
32 84 319
32 85 801
32 86 923
32 87 397
32 88 527
32 89 737
32 90 199
32 91 355
32 92 766
32 93 676
32 94 705
32 95 272
32 96 864
32 97 771
32 98 610
32 99 278
32 100 369
33 34 788
33 35 472
33 36 888
33 37 911
33 38 881
33 39 910
33 40 792
33 41 382
33 42 797
33 43 839
33 44 685
33 45 349
33 46 717
33 47 886
33 48 507
33 49 290
33 50 273
33 51 347
33 52 338
33 53 256
33 54 641
33 55 910
33 56 585
33 57 951
33 58 700
33 59 879
33 60 729
33 61 364
33 62 1033
33 63 630
33 64 969
33 65 309
33 66 782
33 67 776
33 68 204
33 69 615
33 70 795
33 71 701
33 72 785
33 73 355
33 74 772
33 75 796
33 76 298
33 77 567
33 78 969
33 79 979
33 80 223
33 81 686
33 82 707
33 83 940
33 84 555
33 85 921
33 86 634
33 87 991
33 88 534
33 89 827
33 90 626
33 91 1024
33 92 701
33 93 804
33 94 746
33 95 985
33 96 989
33 97 943
33 98 918
33 99 825
33 100 971
34 35 553
34 36 174
34 37 406
34 38 308
34 39 193
34 40 663
34 41 750
34 42 87
34 43 184
34 44 135
34 45 513
34 46 453
34 47 100
34 48 499
34 49 577
34 50 578
34 51 841
34 52 705
34 53 832
34 54 336
34 55 151
34 56 224
34 57 309
34 58 327
34 59 213
34 60 524
34 61 763
34 62 470
34 63 659
34 64 218
34 65 549
34 66 127
34 67 121
34 68 595
34 69 438
34 70 642
34 71 376
34 72 663
34 73 534
34 74 434
34 75 495
34 76 583
34 77 538
34 78 548
34 79 258
34 80 761
34 81 400
34 82 162
34 83 559
34 84 697
34 85 192
34 86 423
34 87 392
34 88 263
34 89 119
34 90 576
34 91 475
34 92 209
34 93 59
34 94 115
34 95 510
34 96 263
34 97 181
34 98 145
34 99 358
34 100 395
35 36 717
35 37 873
35 38 485
35 39 578
35 40 946
35 41 213
35 42 511
35 43 499
35 44 418
35 45 499
35 46 776
35 47 646
35 48 642
35 49 190
35 50 488
35 51 746
35 52 191
35 53 677
35 54 249
35 55 705
35 56 341
35 57 834
35 58 685
35 59 528
35 60 826
35 61 713
35 62 973
35 63 837
35 64 772
35 65 496
35 66 475
35 67 473
35 68 306
35 69 172
35 70 936
35 71 275
35 72 942
35 73 530
35 74 803
35 75 853
35 76 522
35 77 718
35 78 988
35 79 808
35 80 304
35 81 250
35 82 580
35 83 978
35 84 808
35 85 594
35 86 194
35 87 905
35 88 428
35 89 522
35 90 785
35 91 972
35 92 368
35 93 534
35 94 455
35 95 974
35 96 644
35 97 637
35 98 698
35 99 792
35 100 898
36 37 260
36 38 460
36 39 313
36 40 579
36 41 904
36 42 252
36 43 338
36 44 303
36 45 571
36 46 383
36 47 131
36 48 503
36 49 715
36 50 646
36 51 876
36 52 855
36 53 885
36 54 510
36 55 63
36 56 376
36 57 137
36 58 276
36 59 355
36 60 451
36 61 791
36 62 301
36 63 619
36 64 86
36 65 612
36 66 296
36 67 291
36 68 711
36 69 611
36 70 555
36 71 551
36 72 581
36 73 584
36 74 343
36 75 397
36 76 641
36 77 518
36 78 404
36 79 94
36 80 896
36 81 575
36 82 181
36 83 424
36 84 678
36 85 303
36 86 597
36 87 223
36 88 357
36 89 273
36 90 536
36 91 308
36 92 384
36 93 221
36 94 290
36 95 357
36 96 354
36 97 261
36 98 90
36 99 242
36 100 230
37 38 712
37 39 572
37 40 362
37 41 1028
37 42 493
37 43 587
37 44 505
37 45 563
37 46 226
37 47 391
37 48 428
37 49 816
37 50 640
37 51 797
37 52 971
37 53 833
37 54 711
37 55 322
37 56 541
37 57 150
37 58 213
37 59 610
37 60 267
37 61 710
37 62 121
37 63 458
37 64 306
37 65 604
37 66 534
37 67 527
37 68 774
37 69 805
37 70 337
37 71 767
37 72 366
37 73 561
37 74 164
37 75 188
37 76 622
37 77 403
37 78 144
37 79 255
37 80 980
37 81 787
37 82 298
37 83 164
37 84 540
37 85 563
37 86 796
37 87 108
37 88 450
37 89 521
37 90 387
37 91 112
37 92 599
37 93 463
37 94 516
37 95 106
37 96 615
37 97 522
37 98 349
37 99 87
37 100 80
38 39 161
38 40 962
38 41 698
38 42 221
38 43 125
38 44 268
38 45 707
38 46 752
38 47 332
38 48 752
38 49 605
38 50 750
38 51 1036
38 52 674
38 53 1002
38 54 245
38 55 410
38 56 334
38 57 597
38 58 626
38 59 107
38 60 822
38 61 970
38 62 761
38 63 935
38 64 461
38 65 732
38 66 187
38 67 196
38 68 677
38 69 315
38 70 942
38 71 211
38 72 961
38 73 735
38 74 740
38 75 800
38 76 768
38 77 807
38 78 855
38 79 517
38 80 773
38 81 238
38 82 458
38 83 868
38 84 956
38 85 176
38 86 292
38 87 683
38 88 468
38 89 190
38 90 855
38 91 769
38 92 195
38 93 250
38 94 219
38 95 814
38 96 185
38 97 232
38 98 387
38 99 667
38 100 691
39 40 854
39 41 791
39 42 126
39 43 79
39 44 229
39 45 677
39 46 645
39 47 181
39 48 686
39 49 659
39 50 734
39 51 1011
39 52 757
39 53 991
39 54 329
39 55 257
39 56 326
39 57 446
39 58 520
39 59 58
39 60 716
39 61 937
39 62 610
39 63 852
39 64 303
39 65 710
39 66 128
39 67 135
39 68 707
39 69 422
39 70 833
39 71 329
39 72 855
39 73 702
39 74 623
39 75 682
39 76 745
39 77 730
39 78 716
39 79 360
39 80 839
39 81 358
39 82 355
39 83 732
39 84 887
39 85 17
39 86 402
39 87 532
39 88 425
39 89 88
39 90 769
39 91 618
39 92 218
39 93 139
39 94 166
39 95 670
39 96 80
39 97 72
39 98 232
39 99 538
39 100 542
40 41 1036
40 42 745
40 43 842
40 44 704
40 45 479
40 46 210
40 47 692
40 48 312
40 49 820
40 50 535
40 51 554
40 52 975
40 53 621
40 54 872
40 55 641
40 56 687
40 57 506
40 58 336
40 59 876
40 60 139
40 61 478
40 62 445
40 63 170
40 64 647
40 65 506
40 66 774
40 67 766
40 68 732
40 69 943
40 70 24
40 71 944
40 72 6
40 73 458
40 74 235
40 75 182
40 76 503
40 77 237
40 78 290
40 79 606
40 80 937
40 81 955
40 82 504
40 83 247
40 84 263
40 85 851
40 86 943
40 87 468
40 88 545
40 89 781
40 90 170
40 91 429
40 92 798
40 93 721
40 94 743
40 95 345
40 96 915
40 97 823
40 98 667
40 99 339
40 100 440
41 42 716
41 43 711
41 44 616
41 45 559
41 46 895
41 47 846
41 48 724
41 49 218
41 50 518
41 51 715
41 52 60
41 53 630
41 54 462
41 55 899
41 56 528
41 57 1010
41 58 825
41 59 741
41 60 933
41 61 708
41 62 1137
41 63 902
41 64 966
41 65 539
41 66 683
41 67 681
41 68 309
41 69 383
41 70 1031
41 71 486
41 72 1031
41 73 584
41 74 933
41 75 976
41 76 554
41 77 799
41 78 1128
41 79 997
41 80 160
41 81 461
41 82 749
41 83 1112
41 84 852
41 85 806
41 86 406
41 87 1075
41 88 578
41 89 731
41 90 867
41 91 1134
41 92 577
41 93 737
41 94 660
41 95 1124
41 96 857
41 97 848
41 98 895
41 99 943
41 100 1064
42 43 97
42 44 112
42 45 552
42 46 535
42 47 142
42 48 561
42 49 562
42 50 610
42 51 885
42 52 676
42 53 867
42 54 275
42 55 215
42 56 213
42 57 390
42 58 409
42 59 131
42 60 605
42 61 810
42 62 552
42 63 731
42 64 278
42 65 585
42 66 44
42 67 41
42 68 597
42 69 377
42 70 724
42 71 304
42 72 745
42 73 576
42 74 519
42 75 580
42 76 620
42 77 607
42 78 636
42 79 326
42 80 746
42 81 330
42 82 240
42 83 647
42 84 763
42 85 131
42 86 360
42 87 474
42 88 299
42 89 38
42 90 649
42 91 558
42 92 146
42 93 31
42 94 56
42 95 597
42 96 205
42 97 145
42 98 199
42 99 445
42 100 479
43 44 171
43 45 623
43 46 632
43 47 213
43 48 649
43 49 583
43 50 675
43 51 956
43 52 678
43 53 931
43 54 250
43 55 290
43 56 259
43 57 475
43 58 506
43 59 42
43 60 702
43 61 885
43 62 639
43 63 824
43 64 346
43 65 653
43 66 72
43 67 81
43 68 635
43 69 344
43 70 822
43 71 254
43 72 842
43 73 649
43 74 617
43 75 678
43 76 689
43 77 698
43 78 730
43 79 400
43 80 761
43 81 282
43 82 337
43 83 742
43 84 852
43 85 95
43 86 324
43 87 561
43 88 374
43 89 65
43 90 743
43 91 646
43 92 140
43 93 125
43 94 110
43 95 689
43 96 151
43 97 142
43 98 269
43 99 542
43 100 568
44 45 452
44 46 497
44 47 229
44 48 484
44 49 452
44 50 506
44 51 785
44 52 573
44 53 762
44 54 209
44 55 286
44 56 101
44 57 431
44 58 374
44 59 213
44 60 565
44 61 714
44 62 585
44 63 667
44 64 353
44 65 483
44 66 102
44 67 94
44 68 484
44 69 308
44 70 686
44 71 261
44 72 703
44 73 478
44 74 495
44 75 555
44 76 518
44 77 539
44 78 641
44 79 391
44 80 636
44 81 282
44 82 214
44 83 644
44 84 688
44 85 238
44 86 296
44 87 510
44 88 203
44 89 143
44 90 589
44 91 588
44 92 96
44 93 124
44 94 63
44 95 611
44 96 310
44 97 258
44 98 279
44 99 441
44 100 509
45 46 371
45 47 600
45 48 170
45 49 346
45 50 78
45 51 333
45 52 498
45 53 319
45 54 518
45 55 605
45 56 372
45 57 613
45 58 353
45 59 665
45 60 391
45 61 263
45 62 684
45 63 345
45 64 656
45 65 42
45 66 554
45 67 546
45 68 253
45 69 552
45 70 477
45 71 594
45 72 474
45 73 31
45 74 423
45 75 451
45 76 70
45 77 242
45 78 621
45 79 655
45 80 459
45 81 593
45 82 392
45 83 595
45 84 309
45 85 684
45 86 560
45 87 645
45 88 253
45 89 589
45 90 309
45 91 675
45 92 511
45 93 547
45 94 514
45 95 636
45 96 757
45 97 689
45 98 618
45 99 477
45 100 624
46 47 487
46 48 214
46 49 676
46 50 444
46 51 572
46 52 835
46 53 612
46 54 674
46 55 443
46 56 489
46 57 340
46 58 126
46 59 666
46 60 70
46 61 485
46 62 342
46 63 242
46 64 459
46 65 408
46 66 564
46 67 556
46 68 610
46 69 752
46 70 190
46 71 743
46 72 209
46 73 362
46 74 62
46 75 81
46 76 420
46 77 177
46 78 251
46 79 427
46 80 820
46 81 757
46 82 294
46 83 224
46 84 317
46 85 642
46 86 750
46 87 330
46 88 355
46 89 571
46 90 164
46 91 329
46 92 592
46 93 511
46 94 534
46 95 273
46 96 708
46 97 617
46 98 468
46 99 163
46 100 303
47 48 568
47 49 677
47 50 669
47 51 924
47 52 803
47 53 920
47 54 417
47 55 77
47 56 323
47 57 265
47 58 367
47 59 226
47 60 557
47 61 843
47 62 429
47 63 711
47 64 136
47 65 639
47 66 186
47 67 184
47 68 694
47 69 519
47 70 669
47 71 446
47 72 693
47 73 619
47 74 457
47 75 514
47 76 671
47 77 598
47 78 535
47 79 187
47 80 861
47 81 473
47 82 221
47 83 553
47 84 759
47 85 172
47 86 503
47 87 351
47 88 357
47 89 152
47 90 627
47 91 437
47 92 287
47 93 114
47 94 193
47 95 488
47 96 226
47 97 133
47 98 57
47 99 363
47 100 361
48 49 508
48 50 235
48 51 378
48 52 663
48 53 405
48 54 608
48 55 551
48 56 433
48 57 509
48 58 239
48 59 689
48 60 223
48 61 292
48 62 549
48 63 198
48 64 589
48 65 201
48 66 577
48 67 568
48 68 422
48 69 663
48 70 307
48 71 683
48 72 307
48 73 153
48 74 272
48 75 290
48 76 208
48 77 76
48 78 464
48 79 573
48 80 629
48 81 689
48 82 347
48 83 434
48 84 203
48 85 689
48 86 667
48 87 523
48 88 287
48 89 600
48 90 143
48 91 537
48 92 564
48 93 548
48 94 539
48 95 486
48 96 761
48 97 680
48 98 570
48 99 348
48 100 499
49 50 317
49 51 558
49 52 158
49 53 487
49 54 360
49 55 719
49 56 354
49 57 810
49 58 609
49 59 620
49 60 715
49 61 531
49 62 929
49 63 691
49 64 785
49 65 332
49 66 537
49 67 533
49 68 117
49 69 325
49 70 814
49 71 415
49 72 815
49 73 373
49 74 715
49 75 758
49 76 352
49 77 584
49 78 911
49 79 809
49 80 184
49 81 398
49 82 549
49 83 894
49 84 649
49 85 673
49 86 345
49 87 870
49 88 371
49 89 585
49 90 651
49 91 924
49 92 442
49 93 577
49 94 507
49 95 910
49 96 734
49 97 705
49 98 720
49 99 730
49 100 857
50 51 287
50 52 458
50 53 256
50 54 545
50 55 677
50 56 418
50 57 691
50 58 431
50 59 717
50 60 458
50 61 232
50 62 762
50 63 387
50 64 730
50 65 36
50 66 608
50 67 600
50 68 208
50 69 565
50 70 535
50 71 619
50 72 530
50 73 82
50 74 499
50 75 523
50 76 35
50 77 302
50 78 695
50 79 731
50 80 403
50 81 615
50 82 465
50 83 667
50 84 334
50 85 742
50 86 576
50 87 724
50 88 314
50 89 646
50 90 365
50 91 753
50 92 554
50 93 609
50 94 569
50 95 712
50 96 814
50 97 751
50 98 690
50 99 555
50 100 703
51 52 662
51 53 93
51 54 832
51 55 918
51 56 703
51 57 888
51 58 618
51 59 998
51 60 549
51 61 87
51 62 915
51 63 385
51 64 962
51 65 304
51 66 887
51 67 879
51 68 440
51 69 845
51 70 566
51 71 905
51 72 547
51 73 308
51 74 634
51 75 632
51 76 268
51 77 394
51 78 803
51 79 951
51 80 564
51 81 899
51 82 707
51 83 765
51 84 291
51 85 1017
51 86 858
51 87 898
51 88 585
51 89 922
51 90 424
51 91 902
51 92 840
51 93 879
51 94 848
51 95 839
51 96 1090
51 97 1020
51 98 935
51 99 723
51 100 872
52 53 580
52 54 433
52 55 853
52 56 481
52 57 958
52 58 767
52 59 710
52 60 873
52 61 652
52 62 1082
52 63 841
52 64 920
52 65 479
52 66 645
52 67 642
52 68 249
52 69 363
52 70 971
52 71 466
52 72 970
52 73 523
52 74 874
52 75 917
52 76 494
52 77 738
52 78 1069
52 79 948
52 80 127
52 81 442
52 82 696
52 83 1052
52 84 792
52 85 772
52 86 386
52 87 1021
52 88 523
52 89 693
52 90 806
52 91 1078
52 92 541
52 93 696
52 94 620
52 95 1066
52 96 827
52 97 811
52 98 850
52 99 886
52 100 1009
53 54 785
53 55 922
53 56 673
53 57 911
53 58 641
53 59 973
53 60 599
53 61 144
53 62 953
53 63 451
53 64 971
53 65 282
53 66 865
53 67 857
53 68 371
53 69 789
53 70 632
53 71 856
53 72 615
53 73 302
53 74 674
53 75 679
53 76 249
53 77 437
53 78 853
53 79 965
53 80 476
53 81 848
53 82 709
53 83 817
53 84 361
53 85 998
53 86 803
53 87 929
53 88 569
53 89 902
53 90 477
53 91 941
53 92 808
53 93 864
53 94 825
53 95 884
53 96 1071
53 97 1007
53 98 937
53 99 754
53 100 905
54 55 485
54 56 185
54 57 640
54 58 560
54 59 279
54 60 737
54 61 776
54 62 794
54 63 805
54 64 550
54 65 535
54 66 235
54 67 235
54 68 440
54 69 102
54 70 857
54 71 76
54 72 870
54 73 549
54 74 683
54 75 741
54 76 569
54 77 675
54 78 843
54 79 594
54 80 527
54 81 82
54 82 414
54 83 843
54 84 804
54 85 345
54 86 87
54 87 720
54 88 328
54 89 280
54 90 735
54 91 797
54 92 129
54 93 303
54 94 224
54 95 817
54 96 394
54 97 390
54 98 473
54 99 642
54 100 718
55 56 371
55 57 189
55 58 331
55 59 303
55 60 511
55 61 835
55 62 352
55 63 676
55 64 67
55 65 645
55 66 259
55 67 255
55 68 725
55 69 587
55 70 617
55 71 519
55 72 643
55 73 620
55 74 405
55 75 460
55 76 676
55 77 571
55 78 465
55 79 111
55 80 902
55 81 544
55 82 213
55 83 485
55 84 732
55 85 246
55 86 571
55 87 274
55 88 376
55 89 228
55 90 592
55 91 361
55 92 355
55 93 184
55 94 260
55 95 416
55 96 293
55 97 201
55 98 27
55 99 305
55 100 285
56 57 492
56 58 376
56 59 301
56 60 552
56 61 636
56 62 635
56 63 627
56 64 438
56 65 399
56 66 198
56 67 191
56 68 383
56 69 267
56 70 672
56 71 256
56 72 685
56 73 401
56 74 500
56 75 557
56 76 434
56 77 497
56 78 667
56 79 469
56 80 538
56 81 267
56 82 243
56 83 664
56 84 635
56 85 336
56 86 262
56 87 565
56 88 147
56 89 242
56 90 554
56 91 635
56 92 138
56 93 224
56 94 161
56 95 646
56 96 406
56 97 359
56 98 368
56 99 467
56 100 559
57 58 270
57 59 491
57 60 396
57 61 801
57 62 164
57 63 582
57 64 159
57 65 655
57 66 434
57 67 428
57 68 790
57 69 740
57 70 481
57 71 685
57 72 509
57 73 619
57 74 285
57 75 325
57 76 680
57 77 504
57 78 285
57 79 105
57 80 986
57 81 709
57 82 261
57 83 312
57 84 656
57 85 435
57 86 727
57 87 85
57 88 440
57 89 410
57 90 504
57 91 172
57 92 517
57 93 358
57 94 425
57 95 230
57 96 479
57 97 389
57 98 215
57 99 177
57 100 97
58 59 540
58 60 196
58 61 531
58 62 333
58 63 345
58 64 358
58 65 394
58 66 439
58 67 430
58 68 562
58 69 643
58 70 316
58 71 626
58 72 335
58 73 355
58 74 123
58 75 181
58 76 416
58 77 243
58 78 304
58 79 337
58 80 769
58 81 641
58 82 168
58 83 293
58 84 402
58 85 518
58 86 639
58 87 293
58 88 256
58 89 445
58 90 261
58 91 325
58 92 470
58 93 385
58 94 408
58 95 300
58 96 585
58 97 495
58 98 355
58 99 125
58 100 271
59 60 736
59 61 927
59 62 655
59 63 862
59 64 354
59 65 695
59 66 112
59 67 121
59 68 674
59 69 368
59 70 855
59 71 272
59 72 876
59 73 691
59 74 648
59 75 708
59 76 731
59 77 737
59 78 754
59 79 410
59 80 796
59 81 301
59 82 371
59 83 768
59 84 891
59 85 75
59 86 347
59 87 577
59 88 416
59 89 94
59 90 780
59 91 663
59 92 178
59 93 155
59 94 151
59 95 711
59 96 116
59 97 130
59 98 280
59 99 569
59 100 586
60 61 464
60 62 374
60 63 190
60 64 524
60 65 424
60 66 635
60 67 626
60 68 639
60 69 812
60 70 121
60 71 807
60 72 139
60 73 376
60 74 111
60 75 84
60 76 430
60 77 164
60 78 254
60 79 489
60 80 848
60 81 820
60 82 365
60 83 218
60 84 275
60 85 713
60 86 810
60 87 375
60 88 413
60 89 642
60 90 125
60 91 360
60 92 659
60 93 582
60 94 603
60 95 290
60 96 779
60 97 688
60 98 537
60 99 220
60 100 347
61 62 828
61 63 307
61 64 877
61 65 240
61 66 815
61 67 807
61 68 414
61 69 798
61 70 488
61 71 850
61 72 471
61 73 236
61 74 547
61 75 546
61 76 206
61 77 307
61 78 718
61 79 865
61 80 566
61 81 847
61 82 624
61 83 681
61 84 216
61 85 942
61 86 809
61 87 810
61 88 512
61 89 848
61 90 339
61 91 815
61 92 775
61 93 803
61 94 776
61 95 753
61 96 1015
61 97 943
61 98 853
61 99 636
61 100 785
62 63 564
62 64 314
62 65 725
62 66 596
62 67 590
62 68 892
62 69 892
62 70 421
62 71 843
62 72 450
62 73 683
62 74 280
62 75 291
62 76 744
62 77 520
62 78 166
62 79 256
62 80 1096
62 81 866
62 82 393
62 83 206
62 84 650
62 85 598
62 86 881
62 87 78
62 88 558
62 89 574
62 90 498
62 91 17
62 92 674
62 93 521
62 94 585
62 95 104
62 96 639
62 97 550
62 98 377
62 99 207
62 100 76
63 64 698
63 65 363
63 66 752
63 67 743
63 68 593
63 69 862
63 70 181
63 71 880
63 72 163
63 73 318
63 74 298
63 75 273
63 76 352
63 77 129
63 78 430
63 79 669
63 80 790
63 81 886
63 82 497
63 83 389
63 84 94
63 85 852
63 86 865
63 87 566
63 88 479
63 89 770
63 90 83
63 91 548
63 92 753
63 93 713
63 94 717
63 95 474
63 96 922
63 97 835
63 98 700
63 99 404
63 100 538
64 65 697
64 66 322
64 67 319
64 68 788
64 69 653
64 70 623
64 71 582
64 72 649
64 73 669
64 74 414
64 75 464
64 76 726
64 77 601
64 78 444
64 79 58
64 80 968
64 81 608
64 82 265
64 83 469
64 84 761
64 85 289
64 86 637
64 87 238
64 88 436
64 89 287
64 90 616
64 91 325
64 92 421
64 93 248
64 94 326
64 95 390
64 96 325
64 97 238
64 98 78
64 99 308
64 100 255
65 66 585
65 67 577
65 68 230
65 69 561
65 70 505
65 71 610
65 72 500
65 73 48
65 74 462
65 75 488
65 76 35
65 77 270
65 78 659
65 79 697
65 80 431
65 81 607
65 82 432
65 83 632
65 84 316
65 85 717
65 86 571
65 87 687
65 88 287
65 89 622
65 90 335
65 91 716
65 92 536
65 93 582
65 94 546
65 95 676
65 96 790
65 97 725
65 98 658
65 99 518
65 100 666
66 67 9
66 68 580
66 69 336
66 70 755
66 71 260
66 72 774
66 73 580
66 74 553
66 75 613
66 76 620
66 77 626
66 78 676
66 79 371
66 80 719
66 81 286
66 82 270
66 83 685
66 84 780
66 85 138
66 86 318
66 87 518
66 88 303
66 89 48
66 90 672
66 91 601
66 92 107
66 93 75
66 94 39
66 95 638
66 96 208
66 97 167
66 98 243
66 99 483
66 100 522
67 68 574
67 69 336
67 70 746
67 71 263
67 72 765
67 73 571
67 74 544
67 75 605
67 76 612
67 77 617
67 78 669
67 79 367
67 80 715
67 81 289
67 82 262
67 83 678
67 84 771
67 85 145
67 86 319
67 87 512
67 88 295
67 89 52
67 90 663
67 91 596
67 92 106
67 93 71
67 94 31
67 95 631
67 96 215
67 97 171
67 98 240
67 99 475
67 100 516
68 69 424
68 70 730
68 71 503
68 72 727
68 73 276
68 74 655
68 75 692
68 76 244
68 77 495
68 78 855
68 79 804
68 80 210
68 81 490
68 82 534
68 83 833
68 84 543
68 85 718
68 86 441
68 87 840
68 88 354
68 89 626
68 90 562
68 91 885
68 92 496
68 93 606
68 94 545
68 95 860
68 96 785
68 97 743
68 98 730
68 99 686
68 100 823
69 70 930
69 71 103
69 72 940
69 73 584
69 74 766
69 75 823
69 76 593
69 77 734
69 78 934
69 79 696
69 80 471
69 81 78
69 82 506
69 83 931
69 84 851
69 85 439
69 86 22
69 87 818
69 88 398
69 89 380
69 90 797
69 91 894
69 92 231
69 93 405
69 94 326
69 95 910
69 96 481
69 97 487
69 98 575
69 99 733
69 100 816
70 71 928
70 72 29
70 73 457
70 74 212
70 75 158
70 76 503
70 77 234
70 78 268
70 79 581
70 80 935
70 81 940
70 82 484
70 83 224
70 84 275
70 85 829
70 86 929
70 87 443
70 88 532
70 89 761
70 90 170
70 91 405
70 92 781
70 93 700
70 94 724
70 95 321
70 96 893
70 97 801
70 98 644
70 99 315
70 100 415
71 72 942
71 73 625
71 74 749
71 75 808
71 76 644
71 77 750
71 78 902
71 79 630
71 80 570
71 81 28
71 82 474
71 83 904
71 84 880
71 85 346
71 86 80
71 87 767
71 88 401
71 89 298
71 90 809
71 91 847
71 92 169
71 93 334
71 94 261
71 95 873
71 96 382
71 97 397
71 98 503
71 99 702
71 100 768
72 73 452
72 74 237
72 75 185
72 76 497
72 77 232
72 78 296
72 79 609
72 80 931
72 81 953
72 82 504
72 83 253
72 84 256
72 85 851
72 86 940
72 87 472
72 88 543
72 89 781
72 90 165
72 91 434
72 92 797
72 93 721
72 94 742
72 95 350
72 96 916
72 97 824
72 98 669
72 99 341
72 100 444
73 74 417
73 75 441
73 76 60
73 77 222
73 78 613
73 79 666
73 80 478
73 81 625
73 82 407
73 83 585
73 84 278
73 85 708
73 86 592
73 87 648
73 88 277
73 89 613
73 90 287
73 91 673
73 92 539
73 93 570
73 94 540
73 95 631
73 96 781
73 97 712
73 98 635
73 99 476
73 100 626
74 75 60
74 76 476
74 77 239
74 78 199
74 79 377
74 80 865
74 81 764
74 82 283
74 83 178
74 84 377
74 85 619
74 86 762
74 87 269
74 88 375
74 89 554
74 90 224
74 91 267
74 92 591
74 93 493
74 94 525
74 95 214
74 96 682
74 97 589
74 98 432
74 99 108
74 100 242
75 76 498
75 77 242
75 78 175
75 79 423
75 80 902
75 81 823
75 82 344
75 83 144
75 84 360
75 85 678
75 86 819
75 87 296
75 88 429
75 89 614
75 90 209
75 91 276
75 92 651
75 93 554
75 94 585
75 95 207
75 96 740
75 97 647
75 98 486
75 99 156
75 100 268
76 77 271
76 78 671
76 79 725
76 80 437
76 81 640
76 82 463
76 83 642
76 84 298
76 85 752
76 86 604
76 87 709
76 88 321
76 89 656
76 90 333
76 91 734
76 92 572
76 93 616
76 94 581
76 95 690
76 96 825
76 97 759
76 98 689
76 99 537
76 100 687
77 78 417
77 79 579
77 80 700
77 81 757
77 82 379
77 83 382
77 84 161
77 85 731
77 86 737
77 87 505
77 88 350
77 89 646
77 90 67
77 91 507
77 92 624
77 93 590
77 94 590
77 95 447
77 96 802
77 97 717
77 98 593
77 99 332
77 100 479
78 79 390
78 80 1064
78 81 921
78 82 429
78 83 43
78 84 522
78 85 707
78 86 927
78 87 215
78 88 559
78 89 665
78 90 379
78 91 149
78 92 736
78 93 606
78 94 656
78 95 61
78 96 758
78 97 666
78 98 492
78 99 200
78 100 192
79 80 990
79 81 656
79 82 271
79 83 417
79 84 736
79 85 347
79 86 681
79 87 181
79 88 450
79 89 339
79 90 588
79 91 267
79 92 466
79 93 296
79 94 371
79 95 334
79 96 383
79 97 296
79 98 130
79 99 269
79 100 199
80 81 549
80 82 726
80 83 1043
80 84 730
80 85 853
80 86 493
80 87 1041
80 88 546
80 89 767
80 90 766
80 91 1091
80 92 621
80 93 761
80 94 690
80 95 1069
80 96 912
80 97 887
80 98 903
80 99 893
80 100 1026
81 82 492
81 83 922
81 84 884
81 85 374
81 86 56
81 87 790
81 88 410
81 89 326
81 90 817
81 91 869
81 92 191
81 93 360
81 94 285
81 95 893
81 96 411
81 97 425
81 98 530
81 99 721
81 100 790
82 83 430
82 84 540
82 85 354
82 86 498
82 87 326
82 88 180
82 89 277
82 90 414
82 91 393
82 92 310
82 93 218
82 94 241
82 95 403
82 96 424
82 97 337
82 98 228
82 99 228
82 100 318
83 84 482
83 85 725
83 86 925
83 87 248
83 88 549
83 89 677
83 90 341
83 91 189
83 92 740
83 93 617
83 94 663
83 95 101
83 96 778
83 97 685
83 98 513
83 99 203
83 100 223
84 85 889
84 86 857
84 87 647
84 88 490
84 89 802
84 90 153
84 91 636
84 92 767
84 93 748
84 94 742
84 95 564
84 96 961
84 97 877
84 98 754
84 99 480
84 100 619
85 86 418
85 87 520
85 88 431
85 89 95
85 90 769
85 91 607
85 92 232
85 93 141
85 94 175
85 95 661
85 96 73
85 97 55
85 98 220
85 99 531
85 100 532
86 87 807
86 88 397
86 89 361
86 90 799
86 91 883
86 92 215
86 93 388
86 94 311
86 95 902
86 96 460
86 97 467
86 98 559
86 99 726
86 100 805
87 88 498
87 89 496
87 90 494
87 91 87
87 92 598
87 93 443
87 94 508
87 95 155
87 96 562
87 97 473
87 98 300
87 99 175
87 100 28
88 89 336
88 90 407
88 91 555
88 92 277
88 93 295
88 94 264
88 95 548
88 96 504
88 97 437
88 98 384
88 99 366
88 100 485
89 90 688
89 91 581
89 92 154
89 93 60
89 94 80
89 95 624
89 96 168
89 97 119
89 98 209
89 99 477
89 100 502
90 91 484
90 92 677
90 93 630
90 94 637
90 95 416
90 96 838
90 97 751
90 98 616
90 99 327
90 100 466
91 92 678
91 93 527
91 94 589
91 95 87
91 96 649
91 97 560
91 98 387
91 99 199
91 100 79
92 93 173
92 94 95
92 95 705
92 96 292
92 97 270
92 98 343
92 99 537
92 100 599
93 94 79
93 95 566
93 96 214
93 97 142
93 98 170
93 99 416
93 100 448
94 95 621
94 96 246
94 97 198
94 98 248
94 99 460
94 100 510
95 96 709
95 97 617
95 98 442
95 99 182
95 100 134
96 97 93
96 98 266
96 99 590
96 100 576
97 98 174
97 99 497
97 100 486
98 99 332
98 100 311
99 100 150
