100 4950
1 2 171
1 3 335
1 4 485
1 5 903
1 6 143
1 7 569
1 8 844
1 9 530
1 10 818
1 11 326
1 12 455
1 13 568
1 14 373
1 15 847
1 16 796
1 17 816
1 18 784
1 19 551
1 20 228
1 21 742
1 22 960
1 23 861
1 24 536
1 25 393
1 26 965
1 27 579
1 28 560
1 29 844
1 30 595
1 31 1035
1 32 805
1 33 210
1 34 1110
1 35 200
1 36 142
1 37 846
1 38 741
1 39 296
1 40 204
1 41 897
1 42 551
1 43 456
1 44 487
1 45 91
1 46 856
1 47 433
1 48 797
1 49 681
1 50 179
1 51 597
1 52 905
1 53 141
1 54 776
1 55 646
1 56 911
1 57 309
1 58 575
1 59 651
1 60 580
1 61 517
1 62 619
1 63 582
1 64 709
1 65 828
1 66 658
1 67 779
1 68 813
1 69 373
1 70 630
1 71 453
1 72 978
1 73 634
1 74 366
1 75 323
1 76 405
1 77 215
1 78 752
1 79 852
1 80 656
1 81 169
1 82 542
1 83 996
1 84 477
1 85 716
1 86 591
1 87 670
1 88 939
1 89 405
1 90 600
1 91 954
1 92 790
1 93 838
1 94 343
1 95 1053
1 96 643
1 97 150
1 98 31
1 99 491
1 100 909
2 3 507
2 4 564
2 5 1010
2 6 295
2 7 694
2 8 866
2 9 616
2 10 881
2 11 312
2 12 560
2 13 710
2 14 444
2 15 943
2 16 830
2 17 985
2 18 937
2 19 611
2 20 367
2 21 881
2 22 1094
2 23 926
2 24 662
2 25 513
2 26 1087
2 27 683
2 28 689
2 29 959
2 30 760
2 31 1161
2 32 919
2 33 215
2 34 1257
2 35 359
2 36 280
2 37 929
2 38 831
2 39 467
2 40 59
2 41 1045
2 42 672
2 43 605
2 44 596
2 45 263
2 46 1013
2 47 603
2 48 949
2 49 757
2 50 348
2 51 711
2 52 1064
2 53 244
2 54 917
2 55 815
2 56 1067
2 57 343
2 58 651
2 59 816
2 60 614
2 61 688
2 62 724
2 63 710
2 64 817
2 65 857
2 66 827
2 67 908
2 68 977
2 69 466
2 70 796
2 71 541
2 72 1114
2 73 796
2 74 507
2 75 351
2 76 429
2 77 370
2 78 916
2 79 1023
2 80 691
2 81 61
2 82 712
2 83 1109
2 84 643
2 85 887
2 86 761
2 87 831
2 88 1093
2 89 489
2 90 736
2 91 1050
2 92 821
2 93 878
2 94 513
2 95 1202
2 96 763
2 97 255
2 98 194
2 99 660
2 100 1013
3 4 489
3 5 763
3 6 247
3 7 426
3 8 896
3 9 504
3 10 791
3 11 540
3 12 408
3 13 371
3 14 439
3 15 739
3 16 831
3 17 492
3 18 517
3 19 578
3 20 243
3 21 525
3 22 741
3 23 825
3 24 399
3 25 331
3 26 779
3 27 498
3 28 409
3 29 689
3 30 300
3 31 836
3 32 658
3 33 457
3 34 847
3 35 194
3 36 275
3 37 772
3 38 660
3 39 56
3 40 534
3 41 639
3 42 423
3 43 259
3 44 418
3 45 243
3 46 574
3 47 118
3 48 533
3 49 645
3 50 165
3 51 480
3 52 612
3 53 333
3 54 551
3 55 322
3 56 628
3 57 469
3 58 560
3 59 348
3 60 650
3 61 192
3 62 523
3 63 431
3 64 589
3 65 868
3 66 338
3 67 591
3 68 504
3 69 391
3 70 320
3 71 447
3 72 752
3 73 340
3 74 248
3 75 485
3 76 540
3 77 196
3 78 447
3 79 521
3 80 710
3 81 496
3 82 220
3 83 832
3 84 183
3 85 384
3 86 268
3 87 381
3 88 662
3 89 430
3 90 416
3 91 834
3 92 831
3 93 856
3 94 50
3 95 790
3 96 503
3 97 328
3 98 314
3 99 178
3 100 774
4 5 455
4 6 556
4 7 221
4 8 406
4 9 54
4 10 334
4 11 309
4 12 93
4 13 301
4 14 120
4 15 381
4 16 343
4 17 702
4 18 529
4 19 88
4 20 292
4 21 416
4 22 587
4 23 377
4 24 207
4 25 159
4 26 552
4 27 143
4 28 231
4 29 416
4 30 768
4 31 630
4 32 376
4 33 354
4 34 786
4 35 562
4 36 352
4 37 365
4 38 267
4 39 439
4 40 538
4 41 598
4 42 195
4 43 296
4 44 110
4 45 460
4 46 614
4 47 596
4 48 533
4 49 196
4 50 418
4 51 195
4 52 676
4 53 345
4 54 454
4 55 582
4 56 657
4 57 232
4 58 90
4 59 524
4 60 171
4 61 519
4 62 182
4 63 238
4 64 270
4 65 379
4 66 768
4 67 402
4 68 649
4 69 115
4 70 529
4 71 42
4 72 613
4 73 493
4 74 244
4 75 232
4 76 191
4 77 339
4 78 592
4 79 773
4 80 221
4 81 507
4 82 520
4 83 559
4 84 436
4 85 767
4 86 547
4 87 504
4 88 668
4 89 79
4 90 291
4 91 487
4 92 342
4 93 373
4 94 444
4 95 738
4 96 250
4 97 335
4 98 500
4 99 477
4 100 455
5 6 932
5 7 345
5 8 494
5 9 400
5 10 288
5 11 761
5 12 451
5 13 392
5 14 572
5 15 94
5 16 437
5 17 641
5 18 396
5 19 443
5 20 678
5 21 280
5 22 231
5 23 270
5 24 377
5 25 510
5 26 136
5 27 327
5 28 359
5 29 77
5 30 939
5 31 207
5 32 104
5 33 807
5 34 440
5 35 913
5 36 761
5 37 171
5 38 198
5 39 736
5 40 989
5 41 355
5 42 357
5 43 504
5 44 417
5 45 852
5 46 444
5 47 822
5 48 384
5 49 297
5 50 781
5 51 307
5 52 492
5 53 774
5 54 283
5 55 632
5 56 449
5 57 687
5 58 380
5 59 547
5 60 504
5 61 666
5 62 286
5 63 336
5 64 194
5 65 458
5 66 890
5 67 194
5 68 556
5 69 543
5 70 576
5 71 470
5 72 259
5 73 524
5 74 555
5 75 687
5 76 636
5 77 707
5 78 536
5 79 721
5 80 467
5 81 957
5 82 646
5 83 106
5 84 606
5 85 840
5 86 636
5 87 499
5 88 432
5 89 523
5 90 347
5 91 86
5 92 451
5 93 404
5 94 712
5 95 416
5 96 266
5 97 763
5 98 910
5 99 639
5 100 18
6 7 587
6 8 942
6 9 592
6 10 889
6 11 457
6 12 504
6 13 562
6 14 459
6 15 888
6 16 888
6 17 740
6 18 749
6 19 633
6 20 266
6 21 733
6 22 953
6 23 930
6 24 554
6 25 431
6 26 974
6 27 622
6 28 574
6 29 865
6 30 466
6 31 1039
6 32 829
6 33 344
6 34 1081
6 35 64
6 36 210
6 37 900
6 38 790
6 39 230
6 40 339
6 41 869
6 42 574
6 43 444
6 44 530
6 45 98
6 46 813
6 47 319
6 48 764
6 49 745
6 50 150
6 51 627
6 52 855
6 53 245
6 54 764
6 55 570
6 56 868
6 57 423
6 58 643
6 59 592
6 60 678
6 61 439
6 62 658
6 63 597
6 64 742
6 65 922
6 66 538
6 67 784
6 68 750
6 69 440
6 70 566
6 71 518
6 72 968
6 73 581
6 74 377
6 75 439
6 76 517
6 77 227
6 78 693
6 79 765
6 80 751
6 81 308
6 82 468
6 83 1016
6 84 420
6 85 605
6 86 516
6 87 621
6 88 900
6 89 478
6 90 602
6 91 992
6 92 884
6 93 925
6 94 274
6 95 1023
6 96 665
6 97 249
6 98 112
6 99 423
6 100 940
7 8 543
7 9 184
7 10 389
7 11 502
7 12 154
7 13 94
7 14 299
7 15 313
7 16 473
7 17 493
7 18 308
7 19 281
7 20 341
7 21 201
7 22 400
7 23 415
7 24 32
7 25 181
7 26 396
7 27 108
7 28 19
7 29 279
7 30 647
7 31 467
7 32 242
7 33 511
7 34 582
7 35 567
7 36 427
7 37 349
7 38 240
7 39 394
7 40 684
7 41 382
7 42 26
7 43 167
7 44 119
7 45 510
7 46 393
7 47 502
7 48 312
7 49 257
7 50 436
7 51 61
7 52 455
7 53 450
7 54 240
7 55 397
7 56 436
7 57 413
7 58 221
7 59 325
7 60 374
7 61 373
7 62 110
7 63 17
7 64 163
7 65 508
7 66 623
7 67 214
7 68 432
7 69 246
7 70 339
7 71 204
7 72 423
7 73 294
7 74 210
7 75 420
7 76 402
7 77 364
7 78 379
7 79 568
7 80 395
7 81 647
7 82 363
7 83 430
7 84 296
7 85 601
7 86 375
7 87 296
7 88 449
7 89 246
7 90 71
7 91 411
7 92 478
7 93 480
7 94 375
7 95 530
7 96 79
7 97 439
7 98 573
7 99 336
7 100 355
8 9 395
8 10 207
8 11 554
8 12 490
8 13 638
8 14 483
8 15 404
8 16 70
8 17 1023
8 18 798
8 19 318
8 20 689
8 21 661
8 22 720
8 23 226
8 24 551
8 25 564
8 26 631
8 27 436
8 28 562
8 29 520
8 30 1167
8 31 698
8 32 499
8 33 657
8 34 933
8 35 957
8 36 731
8 37 322
8 38 352
8 39 846
8 40 821
8 41 810
8 42 528
8 43 680
8 44 487
8 45 843
8 46 872
8 47 1000
8 48 793
8 49 289
8 50 816
8 51 485
8 52 931
8 53 706
8 54 688
8 55 941
8 56 896
8 57 537
8 58 340
8 59 867
8 60 264
8 61 905
8 62 437
8 63 552
8 64 446
8 65 37
8 66 1157
8 67 596
8 68 951
8 69 513
8 70 883
8 71 448
8 72 748
8 73 837
8 74 648
8 75 525
8 76 442
8 77 739
8 78 907
8 79 1102
8 80 191
8 81 804
8 82 900
8 83 583
8 84 823
8 85 1143
8 86 917
8 87 833
8 88 891
8 89 473
8 90 605
8 91 452
8 92 65
8 93 89
8 94 849
8 95 904
8 96 509
8 97 699
8 98 866
8 99 865
8 100 480
9 10 297
9 11 363
9 12 96
9 13 272
9 14 173
9 15 327
9 16 328
9 17 675
9 18 490
9 19 97
9 20 326
9 21 371
9 22 535
9 23 337
9 24 177
9 25 174
9 26 498
9 27 92
9 28 197
9 29 361
9 30 772
9 31 575
9 32 321
9 33 408
9 34 736
9 35 593
9 36 393
9 37 317
9 38 215
9 39 457
9 40 591
9 41 551
9 42 160
9 43 288
9 44 93
9 45 499
9 46 574
9 47 605
9 48 492
9 49 153
9 50 450
9 51 148
9 52 636
9 53 391
9 54 408
9 55 565
9 56 615
9 57 287
9 58 55
9 59 501
9 60 190
9 61 514
9 62 129
9 63 199
9 64 216
9 65 365
9 66 765
9 67 351
9 68 617
9 69 157
9 70 510
9 71 77
9 72 561
9 73 470
9 74 256
9 75 287
9 76 244
9 77 369
9 78 563
9 79 748
9 80 222
9 81 560
9 82 511
9 83 504
9 84 430
9 85 758
9 86 534
9 87 477
9 88 624
9 89 127
9 90 255
9 91 434
9 92 330
9 93 351
9 94 457
9 95 689
9 96 201
9 97 381
9 98 543
9 99 472
9 100 401
10 11 586
10 12 390
10 13 479
10 14 445
10 15 197
10 16 150
10 17 840
10 18 606
10 19 270
10 20 623
10 21 468
10 22 513
10 23 45
10 24 406
10 25 468
10 26 424
10 27 295
10 28 408
10 29 314
10 30 1035
10 31 494
10 32 295
10 33 666
10 34 726
10 35 891
10 36 686
10 37 116
10 38 161
10 39 748
10 40 846
10 41 607
10 42 381
10 43 547
10 44 373
10 45 795
10 46 675
10 47 882
10 48 599
10 49 146
10 50 747
10 51 328
10 52 732
10 53 677
10 54 491
10 55 777
10 56 696
10 57 537
10 58 245
10 59 698
10 60 281
10 61 762
10 62 279
10 63 393
10 64 258
10 65 170
10 66 1012
10 67 397
10 68 763
10 69 449
10 70 718
10 71 371
10 72 541
10 73 669
10 74 544
10 75 530
10 76 457
10 77 667
10 78 725
10 79 920
10 80 217
10 81 821
10 82 752
10 83 382
10 84 684
10 85 986
10 86 761
10 87 659
10 88 688
10 89 414
10 90 439
10 91 256
10 92 164
10 93 118
10 94 741
10 95 697
10 96 336
10 97 668
10 98 834
10 99 725
10 100 274
11 12 348
11 13 555
11 14 203
11 15 682
11 16 521
11 17 920
11 18 797
11 19 326
11 20 301
11 21 704
11 22 892
11 23 632
11 24 477
11 25 343
11 26 861
11 27 449
11 28 505
11 29 725
11 30 840
11 31 939
11 32 685
11 33 116
11 34 1084
11 35 498
11 36 274
11 37 651
11 38 567
11 39 484
11 40 267
11 41 884
11 42 476
11 43 489
11 44 384
11 45 365
11 46 881
11 47 658
11 48 805
11 49 479
11 50 390
11 51 495
11 52 941
11 53 220
11 54 743
11 55 767
11 56 930
11 57 91
11 58 382
11 59 735
11 60 309
11 61 663
11 62 490
11 63 520
11 64 579
11 65 546
11 66 876
11 67 705
11 68 886
11 69 258
11 70 728
11 71 304
11 72 917
11 73 708
11 74 390
11 75 82
11 76 129
11 77 344
11 78 824
11 79 978
11 80 384
11 81 250
11 82 677
11 83 866
11 84 591
11 85 906
11 86 719
11 87 732
11 88 947
11 89 256
11 90 564
11 91 786
11 92 511
11 93 570
11 94 516
11 95 1033
11 96 551
11 97 221
11 98 355
11 99 624
11 100 761
12 13 219
12 14 144
12 15 392
12 16 424
12 17 615
12 18 456
12 19 178
12 20 239
12 21 356
12 22 548
12 23 429
12 24 130
12 25 78
12 26 529
12 27 124
12 28 158
12 29 399
12 30 678
12 31 604
12 32 359
12 33 365
12 34 735
12 35 501
12 36 314
12 37 396
12 38 287
12 39 361
12 40 543
12 41 536
12 42 127
12 43 203
12 44 37
12 45 414
12 46 541
12 47 510
12 48 462
12 49 244
12 50 358
12 51 153
12 52 602
12 53 323
12 54 394
12 55 490
12 56 587
12 57 260
12 58 152
12 59 434
12 60 264
12 61 426
12 62 165
12 63 171
12 64 257
12 65 460
12 66 676
12 67 360
12 68 565
12 69 96
12 70 438
12 71 58
12 72 572
12 73 404
12 74 159
12 75 266
12 76 251
12 77 278
12 78 507
12 79 684
12 80 311
12 81 508
12 82 427
12 83 549
12 84 343
12 85 674
12 86 454
12 87 417
12 88 602
12 89 92
12 90 218
12 91 498
12 92 425
12 93 448
12 94 360
12 95 684
12 96 207
12 97 312
12 98 465
12 99 385
12 100 456
13 14 357
13 15 380
13 16 567
13 17 403
13 18 242
13 19 370
13 20 343
13 21 173
13 22 392
13 23 502
13 24 95
13 25 213
13 26 413
13 27 203
13 28 77
13 29 318
13 30 564
13 31 476
13 32 288
13 33 546
13 34 548
13 35 534
13 36 432
13 37 428
13 38 324
13 39 350
13 40 707
13 41 338
13 42 113
13 43 118
13 44 192
13 45 498
13 46 326
13 47 431
13 48 250
13 49 350
13 50 415
13 51 154
13 52 386
13 53 466
13 54 208
13 55 302
13 56 375
13 57 464
13 58 313
13 59 231
13 60 462
13 61 288
13 62 202
13 63 86
13 64 235
13 65 603
13 66 533
13 67 223
13 68 347
13 69 297
13 70 245
13 71 276
13 72 410
13 73 200
13 74 203
13 75 473
13 76 469
13 77 354
13 78 291
13 79 476
13 80 488
13 81 669
13 82 275
13 83 462
13 84 217
13 85 508
13 86 282
13 87 204
13 88 394
13 89 308
13 90 46
13 91 468
13 92 573
13 93 573
13 94 321
13 95 493
13 96 147
13 97 455
13 98 567
13 99 254
13 100 405
14 15 500
14 16 429
14 17 739
14 18 598
14 19 178
14 20 209
14 21 501
14 22 690
14 23 489
14 24 274
14 25 154
14 26 663
14 27 250
14 28 302
14 29 529
14 30 734
14 31 740
14 32 488
14 33 235
14 34 880
14 35 474
14 36 249
14 37 485
14 38 387
14 39 384
14 40 418
14 41 681
14 42 272
14 43 310
14 44 180
14 45 361
14 46 682
14 47 555
14 48 604
14 49 314
14 50 335
14 51 292
14 52 743
14 53 232
14 54 539
14 55 599
14 56 730
14 57 118
14 58 207
14 59 555
14 60 221
14 61 513
14 62 292
14 63 316
14 64 383
14 65 462
14 66 750
14 67 501
14 68 697
14 69 62
14 70 554
14 71 103
14 72 714
14 73 526
14 74 224
14 75 121
14 76 117
14 77 260
14 78 637
14 79 804
14 80 292
14 81 387
14 82 521
14 83 675
14 84 433
14 85 764
14 86 556
14 87 545
14 88 746
14 89 52
14 90 362
14 91 607
14 92 425
14 93 467
14 94 401
14 95 829
14 96 348
14 97 223
14 98 391
14 99 472
14 100 574
15 16 345
15 17 683
15 18 439
15 19 358
15 20 627
15 21 308
15 22 316
15 23 185
15 24 342
15 25 459
15 26 229
15 27 268
15 28 330
15 29 121
15 30 942
15 31 301
15 32 115
15 33 735
15 34 529
15 35 875
15 36 706
15 37 83
15 38 114
15 39 707
15 40 919
15 41 421
15 42 319
15 43 480
15 44 360
15 45 803
15 46 499
15 47 810
15 48 429
15 49 208
15 50 738
15 51 263
15 52 552
15 53 713
15 54 322
15 55 650
15 56 512
15 57 612
15 58 300
15 59 566
15 60 413
15 61 665
15 62 230
15 63 308
15 64 149
15 65 367
15 66 902
15 67 225
15 68 601
15 69 479
15 70 592
15 71 402
15 72 344
15 73 540
15 74 514
15 75 610
15 76 554
15 77 661
15 78 571
15 79 763
15 80 373
15 81 888
15 82 649
15 83 198
15 84 597
15 85 861
15 86 646
15 87 521
15 88 500
15 89 454
15 90 334
15 91 107
15 92 358
15 93 315
15 94 688
15 95 500
15 96 237
15 97 702
15 98 857
15 99 634
15 100 85
16 17 953
16 18 729
16 19 257
16 20 631
16 21 592
16 22 659
16 23 179
16 24 481
16 25 499
16 26 574
16 27 366
16 28 491
16 29 458
16 30 1099
16 31 644
16 32 435
16 33 618
16 34 874
16 35 900
16 36 678
16 37 266
16 38 285
16 39 782
16 40 787
16 41 744
16 42 457
16 43 611
16 44 420
16 45 790
16 46 803
16 47 934
16 48 724
16 49 218
16 50 758
16 51 414
16 52 863
16 53 656
16 54 619
16 55 870
16 56 829
16 57 493
16 58 273
16 59 796
16 60 217
16 61 836
16 62 366
16 63 482
16 64 377
16 65 36
16 66 1088
16 67 529
16 68 881
16 69 453
16 70 812
16 71 385
16 72 688
16 73 766
16 74 583
16 75 482
16 76 401
16 77 679
16 78 837
16 79 1031
16 80 140
16 81 768
16 82 830
16 83 532
16 84 754
16 85 1073
16 86 847
16 87 762
16 88 824
16 89 414
16 90 534
16 91 404
16 92 14
16 93 54
16 94 784
16 95 842
16 96 439
16 97 648
16 98 817
16 99 796
16 100 424
17 18 245
17 19 773
17 20 642
17 21 375
17 22 474
17 23 850
17 24 498
17 25 585
17 26 568
17 27 600
17 28 478
17 29 571
17 30 432
17 31 580
17 32 567
17 33 878
17 34 455
17 35 683
17 36 716
17 37 756
17 38 679
17 39 521
17 40 1002
17 41 317
17 42 515
17 43 431
17 44 592
17 45 726
17 46 212
17 47 444
17 48 257
17 49 734
17 50 637
17 51 545
17 52 198
17 53 768
17 54 361
17 55 170
17 56 241
17 57 830
17 58 714
17 59 184
17 60 865
17 61 301
17 62 590
17 63 480
17 64 581
17 65 986
17 66 342
17 67 457
17 68 86
17 69 676
17 70 193
17 71 674
17 72 465
17 73 213
17 74 529
17 75 842
17 76 856
17 77 621
17 78 115
17 79 80
17 80 888
17 81 962
17 82 274
17 83 647
17 84 343
17 85 256
17 86 225
17 87 198
17 88 278
17 89 697
17 90 424
17 91 727
17 92 960
17 93 949
17 94 474
17 95 406
17 96 514
17 97 759
17 98 800
17 99 324
17 100 660
18 19 583
18 20 570
18 21 137
18 22 253
18 23 612
18 24 326
18 25 455
18 26 332
18 27 402
18 28 299
18 29 325
18 30 591
18 31 360
18 32 323
18 33 785
18 34 331
18 35 707
18 36 657
18 37 515
18 38 447
18 39 520
18 40 940
18 41 122
18 42 334
18 43 331
18 44 425
18 45 704
18 46 84
18 47 526
18 48 17
18 49 515
18 50 614
18 51 344
18 52 146
18 53 697
18 54 116
18 55 266
18 56 133
18 57 706
18 58 518
18 59 190
18 60 675
18 61 352
18 62 381
18 63 291
18 64 351
18 65 760
18 66 523
18 67 214
18 68 161
18 69 539
18 70 224
18 71 511
18 72 254
18 73 184
18 74 433
18 75 715
18 76 708
18 77 569
18 78 143
18 79 325
18 80 683
18 81 901
18 82 323
18 83 409
18 84 333
18 85 459
18 86 292
18 87 144
18 88 155
18 89 548
18 90 238
18 91 482
18 92 738
18 93 719
18 94 478
18 95 273
18 96 300
18 97 686
18 98 777
18 99 345
18 100 415
19 20 373
19 21 460
19 22 607
19 23 314
19 24 274
19 25 248
19 26 556
19 27 181
19 28 295
19 29 419
19 30 856
19 31 634
19 32 381
19 33 396
19 34 814
19 35 644
19 36 425
19 37 325
19 38 245
19 39 527
19 40 578
19 41 638
19 42 257
19 43 380
19 44 187
19 45 536
19 46 667
19 47 685
19 48 585
19 49 153
19 50 501
19 51 239
19 52 729
19 53 410
19 54 496
19 55 661
19 56 706
19 57 268
19 58 69
19 59 598
19 60 92
19 61 605
19 62 209
19 63 295
19 64 280
19 65 292
19 66 855
19 67 430
19 68 714
19 69 196
19 70 607
19 71 131
19 72 634
19 73 567
19 74 333
19 75 263
19 76 197
19 77 422
19 78 660
19 79 846
19 80 132
19 81 552
19 82 604
19 83 550
19 84 521
19 85 851
19 86 629
19 87 574
19 88 712
19 89 156
19 90 352
19 91 460
19 92 255
19 93 291
19 94 533
19 95 770
19 96 288
19 97 401
19 98 569
19 99 563
19 100 440
20 21 516
20 22 732
20 23 664
20 24 308
20 25 169
20 26 737
20 27 360
20 28 332
20 29 617
20 30 543
20 31 807
20 32 579
20 33 237
20 34 890
20 35 270
20 36 88
20 37 635
20 38 526
20 39 186
20 40 370
20 41 678
20 42 323
20 43 238
20 44 267
20 45 176
20 46 647
20 47 361
20 48 582
20 49 479
20 50 127
20 51 371
20 52 701
20 53 128
20 54 552
20 55 480
20 56 701
20 57 226
20 58 378
20 59 463
20 60 430
20 61 366
20 62 397
20 63 354
20 64 485
20 65 666
20 66 574
20 67 551
20 68 623
20 69 177
20 70 449
20 71 252
20 72 752
20 73 440
20 74 140
20 75 242
20 76 299
20 77 51
20 78 560
20 79 692
20 80 498
20 81 331
20 82 383
20 83 769
20 84 301
20 85 605
20 86 428
20 87 472
20 88 726
20 89 217
20 90 373
20 91 733
20 92 628
20 93 664
20 94 215
20 95 834
20 96 416
20 97 118
20 98 232
20 99 329
20 100 685
21 22 220
21 23 476
21 24 228
21 25 374
21 26 257
21 27 279
21 28 200
21 29 204
21 30 664
21 31 310
21 32 193
21 33 709
21 34 381
21 35 700
21 36 605
21 37 381
21 38 309
21 39 513
21 40 876
21 41 181
21 42 228
21 43 289
21 44 320
21 45 672
21 46 213
21 47 563
21 48 132
21 49 380
21 50 587
21 51 222
21 52 274
21 53 637
21 54 38
21 55 352
21 56 246
21 57 615
21 58 391
21 59 266
21 60 549
21 61 397
21 62 252
21 63 184
21 64 214
21 65 623
21 66 610
21 67 86
21 68 295
21 69 447
21 70 296
21 71 405
21 72 236
21 73 245
21 74 376
21 75 621
21 76 603
21 77 528
21 78 263
21 79 455
21 80 551
21 81 838
21 82 374
21 83 320
21 84 350
21 85 560
21 86 359
21 87 219
21 88 253
21 89 448
21 90 145
21 91 366
21 92 601
21 93 581
21 94 479
21 95 328
21 96 171
21 97 625
21 98 740
21 99 376
21 100 297
22 23 500
22 24 431
22 25 581
22 26 107
22 27 444
22 28 405
22 29 202
22 30 844
22 31 107
22 32 232
22 33 911
22 34 215
22 35 919
22 36 821
22 37 399
22 38 387
22 39 731
22 40 1085
22 41 156
22 42 424
22 43 509
22 44 511
22 45 891
22 46 261
22 47 768
22 48 236
22 49 484
22 50 807
22 51 397
22 52 292
22 53 849
22 54 190
22 55 520
22 56 245
22 57 807
22 58 537
22 59 441
22 60 684
22 61 595
22 62 405
22 63 384
22 64 326
22 65 683
22 66 776
22 67 188
22 68 388
22 69 644
22 70 475
22 71 587
22 72 28
22 73 430
22 74 593
22 75 811
22 76 779
22 77 746
22 78 391
22 79 547
22 80 664
22 81 1048
22 82 569
22 83 186
22 84 561
22 85 709
22 86 543
22 87 393
22 88 218
22 89 637
22 90 359
22 91 302
22 92 672
22 93 631
22 94 696
22 95 184
22 96 341
22 97 838
22 98 959
22 99 581
22 100 249
23 24 435
23 25 506
23 26 406
23 27 327
23 28 434
23 29 306
23 30 1063
23 31 472
23 32 293
23 33 711
23 34 711
23 35 930
23 36 729
23 37 101
23 38 178
23 39 783
23 40 891
23 41 605
23 42 409
23 43 577
23 44 409
23 45 836
23 46 678
23 47 913
23 48 604
23 49 184
23 50 787
23 51 354
23 52 733
23 53 720
23 54 496
23 55 796
23 56 695
23 57 582
23 58 287
23 59 715
23 60 327
23 61 788
23 62 306
23 63 418
23 64 273
23 65 192
23 66 1036
23 67 400
23 68 772
23 69 491
23 70 737
23 71 412
23 72 528
23 73 687
23 74 580
23 75 576
23 76 503
23 77 706
23 78 736
23 79 931
23 80 261
23 81 866
23 82 777
23 83 357
23 84 712
23 85 1006
23 86 783
23 87 674
23 88 685
23 89 456
23 90 460
23 91 226
23 92 193
23 93 137
23 94 775
23 95 685
23 96 356
23 97 711
23 98 877
23 99 752
23 100 255
24 25 149
24 26 429
24 27 115
24 28 28
24 29 311
24 30 629
24 31 500
24 32 274
24 33 482
24 34 609
24 35 536
24 36 395
24 37 373
24 38 263
24 39 365
24 40 653
24 41 407
24 42 25
24 43 143
24 44 99
24 45 478
24 46 411
24 47 479
24 48 331
24 49 269
24 50 403
24 51 82
24 52 472
24 53 418
24 54 266
24 55 392
24 56 456
24 57 387
24 58 220
24 59 324
24 60 367
24 61 357
24 62 128
24 63 47
24 64 192
24 65 517
24 66 609
24 67 245
24 68 442
24 69 219
24 70 335
24 71 185
24 72 453
24 73 293
24 74 177
24 75 394
24 76 382
24 77 331
24 78 386
24 79 571
24 80 395
24 81 616
24 82 350
24 83 463
24 84 278
24 85 591
24 86 366
24 87 299
24 88 471
24 89 223
24 90 87
24 91 441
24 92 486
24 93 491
24 94 348
24 95 557
24 96 110
24 97 407
24 98 540
24 99 319
24 100 386
25 26 575
25 27 192
25 28 176
25 29 451
25 30 609
25 31 648
25 32 412
25 33 334
25 34 755
25 35 424
25 36 251
25 37 470
25 38 359
25 39 283
25 40 503
25 41 549
25 42 159
25 43 155
25 44 99
25 45 344
25 46 538
25 47 436
25 48 463
25 49 322
25 50 283
25 51 203
25 52 597
25 53 270
25 54 412
25 55 446
25 56 588
25 57 252
25 58 229
25 59 400
25 60 327
25 61 367
25 62 228
25 63 196
25 64 316
25 65 536
25 66 613
25 67 395
25 68 544
25 69 91
25 70 399
25 71 117
25 72 603
25 73 371
25 74 84
25 75 262
25 76 272
25 77 204
25 78 484
25 79 649
25 80 381
25 81 466
25 82 372
25 83 603
25 84 285
25 85 618
25 86 405
25 87 392
25 88 607
25 89 117
25 90 229
25 91 564
25 92 500
25 93 525
25 94 285
25 95 702
25 96 251
25 97 258
25 98 400
25 99 325
25 100 516
26 27 413
26 28 405
26 29 137
26 30 914
26 31 78
26 32 177
26 33 894
26 34 305
26 35 947
26 36 824
26 37 308
26 38 320
26 39 763
26 40 1073
26 41 256
26 42 415
26 43 532
26 44 492
26 45 904
26 46 357
26 47 820
26 48 317
26 49 419
26 50 825
26 51 376
26 52 394
26 53 845
26 54 240
26 55 593
26 56 349
26 57 781
26 58 489
26 59 510
26 60 626
26 61 653
26 62 372
26 63 382
26 64 282
26 65 595
26 66 853
26 67 190
26 68 481
26 69 625
26 70 543
26 71 560
26 72 130
26 73 494
26 74 603
26 75 783
26 76 741
26 77 758
26 78 475
26 79 643
26 80 596
26 81 1038
26 82 628
26 83 80
26 84 607
26 85 792
26 86 609
26 87 461
26 88 324
26 89 612
26 90 372
26 91 197
26 92 587
26 93 541
26 94 732
26 95 285
26 96 324
26 97 834
26 98 968
26 99 633
26 100 151
27 28 126
27 29 278
27 30 742
27 31 490
27 32 238
27 33 482
27 34 644
27 35 614
27 36 438
27 37 279
27 38 167
27 39 458
27 40 663
27 41 459
27 42 91
27 43 253
27 44 92
27 45 536
27 46 486
27 47 587
27 48 404
27 49 154
27 50 474
27 51 58
27 52 548
27 53 447
27 54 316
27 55 505
27 56 525
27 57 368
27 58 115
27 59 434
27 60 272
27 61 472
27 62 41
27 63 120
27 64 134
27 65 402
27 66 724
27 67 259
27 68 537
27 69 216
27 70 447
27 71 146
27 72 470
27 73 403
27 74 256
27 75 370
27 76 334
27 77 395
27 78 486
27 79 676
27 80 287
27 81 630
27 82 465
27 83 427
27 84 392
27 85 706
27 86 481
27 87 404
27 88 532
27 89 199
27 90 176
27 91 374
27 92 371
27 93 376
27 94 447
27 95 596
27 96 109
27 97 436
27 98 589
27 99 433
27 100 331
28 29 291
28 30 628
28 31 475
28 32 255
28 33 509
28 34 581
28 35 553
28 36 419
28 37 368
28 38 259
28 39 378
28 40 680
28 41 379
28 42 37
28 43 149
28 44 125
28 45 499
28 46 384
28 47 483
28 48 304
28 49 275
28 50 423
28 51 80
28 52 446
28 53 444
28 54 238
28 55 379
28 56 429
28 57 415
28 58 237
28 59 308
28 60 387
28 61 354
28 62 129
28 63 23
28 64 181
28 65 527
28 66 603
28 67 220
28 68 419
28 69 247
28 70 321
28 71 211
28 72 426
28 73 277
28 74 198
28 75 422
28 76 409
28 77 353
28 78 365
28 79 552
28 80 411
28 81 643
28 82 344
28 83 442
28 84 277
28 85 582
28 86 356
28 87 280
28 88 443
28 89 251
28 90 60
28 91 427
28 92 497
28 93 499
28 94 358
28 95 529
28 96 94
28 97 433
28 98 563
28 99 317
28 100 369
29 30 862
29 31 215
29 32 40
29 33 761
29 34 417
29 35 844
29 36 702
29 37 205
29 38 186
29 39 665
29 40 942
29 41 299
29 42 294
29 43 432
29 44 362
29 45 789
29 46 380
29 47 746
29 48 314
29 49 285
29 50 714
29 51 248
29 52 432
29 53 719
29 54 210
29 55 555
29 56 391
29 57 646
29 58 351
29 59 470
29 60 490
29 61 589
29 62 237
29 63 268
29 64 145
29 65 483
29 66 813
29 67 117
29 68 487
29 69 494
29 70 499
29 71 425
29 72 231
29 73 447
29 74 489
29 75 647
29 76 603
29 77 643
29 78 463
29 79 650
29 80 464
29 81 908
29 82 568
29 83 152
29 84 530
29 85 764
29 86 559
29 87 423
29 88 378
29 89 477
29 90 273
29 91 161
29 92 470
29 93 433
29 94 639
29 95 384
29 96 201
29 97 708
29 98 850
29 99 562
29 100 93
30 31 951
30 32 840
30 33 751
30 34 879
30 35 401
30 36 569
30 37 992
30 38 887
30 39 357
30 40 800
30 41 704
30 42 654
30 43 489
30 44 679
30 45 511
30 46 609
30 47 182
30 48 609
30 49 896
30 50 454
30 51 708
30 52 619
30 53 627
30 54 674
30 55 325
30 56 653
30 57 770
30 58 826
30 59 404
30 60 936
30 61 276
30 62 756
30 63 645
30 64 800
30 65 1136
30 66 99
30 67 747
30 68 492
30 69 681
30 70 371
30 71 726
30 72 846
30 73 420
30 74 524
30 75 786
30 76 839
30 77 496
30 78 463
30 79 411
30 80 989
30 81 765
30 82 293
30 83 983
30 84 351
30 85 192
30 86 305
30 87 453
30 88 692
30 89 718
30 90 609
30 91 1021
30 92 1101
30 93 1116
30 94 333
30 95 826
30 96 712
30 97 624
30 98 568
30 99 311
30 100 954
31 32 255
31 33 969
31 34 252
31 35 1009
31 36 895
31 37 377
31 38 396
31 39 822
31 40 1147
31 41 262
31 42 488
31 43 594
31 44 567
31 45 972
31 46 367
31 47 869
31 48 343
31 49 496
31 50 890
31 51 451
31 52 393
31 53 918
31 54 286
31 55 626
31 56 346
31 57 858
31 58 567
31 59 547
31 60 703
31 61 698
31 62 449
31 63 453
31 64 359
31 65 663
31 66 884
31 67 256
31 68 495
31 69 701
31 70 580
31 71 636
31 72 114
31 73 534
31 74 670
31 75 860
31 76 819
31 77 825
31 78 498
31 79 651
31 80 672
31 81 1112
31 82 672
31 83 118
31 84 659
31 85 816
31 86 648
31 87 498
31 88 316
31 89 688
31 90 437
31 91 252
31 92 657
31 93 608
31 94 789
31 95 245
31 96 398
31 97 906
31 98 1037
31 99 681
31 100 219
32 33 721
32 34 446
32 35 809
32 36 663
32 37 193
32 38 155
32 39 632
32 40 901
32 41 312
32 42 256
32 43 399
32 44 322
32 45 751
32 46 385
32 47 719
32 48 314
32 49 251
32 50 678
32 51 209
32 52 440
32 53 679
32 54 206
32 55 540
32 56 401
32 57 606
32 58 313
32 59 455
32 60 454
32 61 565
32 62 196
32 63 232
32 64 105
32 65 461
32 66 795
32 67 109
32 68 485
32 69 453
32 70 482
32 71 385
32 72 261
32 73 430
32 74 452
32 75 607
32 76 564
32 77 606
32 78 456
32 79 647
32 80 432
32 81 867
32 82 546
32 83 191
32 84 503
32 85 750
32 86 540
32 87 409
32 88 392
32 89 437
32 90 242
32 91 181
32 92 446
32 93 413
32 94 608
32 95 410
32 96 163
32 97 668
32 98 811
32 99 536
32 100 117
33 34 1090
33 35 389
33 36 182
33 37 717
33 38 622
33 39 403
33 40 183
33 41 883
33 42 487
33 43 460
33 44 402
33 45 257
33 46 866
33 47 572
33 48 795
33 49 544
33 50 297
33 51 518
33 52 923
33 53 123
33 54 747
33 55 717
33 56 918
33 57 128
33 58 439
33 59 697
33 60 401
33 61 602
33 62 524
33 63 528
33 64 616
33 65 646
33 66 796
33 67 723
33 68 854
33 69 268
33 70 685
33 71 336
33 72 934
33 73 672
33 74 356
33 75 136
33 76 216
33 77 268
33 78 792
33 79 929
33 80 478
33 81 155
33 82 620
33 83 909
33 84 538
33 85 835
33 86 665
33 87 701
33 88 939
33 89 284
33 90 563
33 91 842
33 92 610
33 93 664
33 94 441
33 95 1036
33 96 572
33 97 128
33 98 239
33 99 566
33 100 809
34 35 1038
34 36 978
34 37 611
34 38 602
34 39 851
34 40 1255
34 41 213
34 42 607
34 43 654
34 44 699
34 45 1033
34 46 278
34 47 845
34 48 316
34 49 697
34 50 944
34 51 592
34 52 260
34 53 1014
34 54 343
34 55 565
34 56 227
34 57 996
34 58 744
34 59 506
34 60 895
34 61 673
34 62 608
34 63 564
34 64 535
34 65 896
34 66 795
34 67 385
34 68 386
34 69 828
34 70 539
34 71 781
34 72 186
34 73 508
34 74 750
34 75 1001
34 76 977
34 77 894
34 78 421
34 79 507
34 80 878
34 81 1217
34 82 643
34 83 369
34 84 664
34 85 712
34 86 605
34 87 467
34 88 190
34 89 827
34 90 526
34 91 500
34 92 886
34 93 844
34 94 809
34 95 57
34 96 536
34 97 1003
34 98 1105
34 99 672
34 100 456
35 36 234
35 37 893
35 38 782
35 39 188
35 40 401
35 41 828
35 42 557
35 43 415
35 44 524
35 45 132
35 46 767
35 47 256
35 48 722
35 49 745
35 50 143
35 51 612
35 52 806
35 53 279
35 54 729
35 55 514
35 56 821
35 57 454
35 58 646
35 59 543
35 60 696
35 61 385
35 62 647
35 63 577
35 64 727
35 65 935
35 66 473
35 67 757
35 68 698
35 69 447
35 70 515
35 71 522
35 72 933
35 73 533
35 74 361
35 75 470
35 76 544
35 77 223
35 78 642
35 79 705
35 80 766
35 81 368
35 82 414
35 83 993
35 84 374
35 85 541
35 86 461
35 87 574
35 88 854
35 89 487
35 90 575
35 91 977
35 92 897
35 93 934
35 94 228
35 95 980
35 96 646
35 97 281
35 98 170
35 99 372
35 100 922
36 37 708
36 38 601
36 39 222
36 40 287
36 41 766
36 42 409
36 43 325
36 44 346
36 45 112
36 46 733
36 47 390
36 48 669
36 49 546
36 50 116
36 51 455
36 52 785
36 53 58
36 54 641
36 55 550
36 56 787
36 57 220
36 58 441
36 59 541
36 60 467
36 61 429
36 62 477
36 63 441
36 64 567
36 65 711
36 66 613
36 67 639
36 68 702
36 69 237
36 70 524
36 71 317
36 72 841
36 73 520
36 74 229
36 75 236
36 76 310
36 77 94
36 78 640
36 79 761
36 80 540
36 81 247
36 82 449
36 83 854
36 84 372
36 85 655
36 86 496
36 87 553
36 88 812
36 89 272
36 90 462
36 91 813
36 92 674
36 93 716
36 94 261
36 95 922
36 96 501
36 97 54
36 98 150
36 99 396
36 100 767
37 38 112
37 39 735
37 40 900
37 41 503
37 42 349
37 43 516
37 44 370
37 45 811
37 46 578
37 47 851
37 48 506
37 49 173
37 50 753
37 51 291
37 52 633
37 53 708
37 54 398
37 55 712
37 56 594
37 57 590
37 58 277
37 59 630
37 60 363
37 61 716
37 62 249
37 63 348
37 64 192
37 65 286
37 66 959
37 67 301
37 68 676
37 69 474
37 70 653
37 71 394
37 72 427
37 73 602
37 74 535
37 75 586
37 76 522
37 77 674
37 78 643
37 79 837
37 80 313
37 81 871
37 82 702
37 83 266
37 84 643
37 85 923
37 86 704
37 87 587
37 88 583
37 89 443
37 90 383
37 91 146
37 92 280
37 93 233
37 94 721
37 95 583
37 96 280
37 97 698
37 98 859
37 99 682
37 100 158
38 39 623
38 40 806
38 41 460
38 42 238
38 43 406
38 44 259
38 45 702
38 46 519
38 47 742
38 48 441
38 49 99
38 50 642
38 51 181
38 52 578
38 53 604
38 54 335
38 55 618
38 56 544
38 57 498
38 58 185
38 59 538
38 60 307
38 61 611
38 62 137
38 63 241
38 64 97
38 65 315
38 66 858
38 67 243
38 68 603
38 69 369
38 70 559
38 71 291
38 72 416
38 73 509
38 74 423
38 75 496
38 76 440
38 77 563
38 78 564
38 79 759
38 80 277
38 81 775
38 82 599
38 83 305
38 84 537
38 85 828
38 86 605
38 87 498
38 88 539
38 89 342
38 90 282
38 91 219
38 92 295
38 93 271
38 94 610
38 95 565
38 96 178
38 97 594
38 98 752
38 99 576
38 100 195
39 40 491
39 41 640
39 42 388
39 43 233
39 44 374
39 45 205
39 46 582
39 47 175
39 48 535
39 49 602
39 50 119
39 51 445
39 52 625
39 53 280
39 54 541
39 55 350
39 56 638
39 57 412
39 58 513
39 59 364
39 60 597
39 61 221
39 62 486
39 63 401
39 64 557
39 65 818
39 66 392
39 67 573
39 68 524
39 69 338
39 70 339
39 71 397
39 72 745
39 73 351
39 74 203
39 75 428
39 76 483
39 77 139
39 78 465
39 79 556
39 80 659
39 81 452
39 82 246
39 83 811
39 84 190
39 85 433
39 86 295
39 87 390
39 88 669
39 89 377
39 90 393
39 91 805
39 92 782
39 93 808
39 94 46
39 95 793
39 96 473
39 97 274
39 98 279
39 99 197
39 100 747
40 41 1045
40 42 661
40 43 608
40 44 580
40 45 293
40 46 1018
40 47 636
40 48 951
40 49 727
40 50 371
40 51 696
40 52 1071
40 53 242
40 54 913
40 55 834
40 56 1071
40 57 310
40 58 623
40 59 829
40 60 574
40 61 709
40 62 705
40 63 700
40 64 798
40 65 813
40 66 862
40 67 898
40 68 990
40 69 447
40 70 811
40 71 519
40 72 1107
40 73 808
40 74 507
40 75 315
40 76 390
40 77 381
40 78 928
40 79 1044
40 80 650
40 81 39
40 82 732
40 83 1090
40 84 659
40 85 918
40 86 780
40 87 841
40 88 1095
40 89 466
40 90 730
40 91 1025
40 92 778
40 93 836
40 94 535
40 95 1200
40 96 749
40 97 253
40 98 231
40 99 679
40 100 992
41 42 409
41 43 441
41 44 502
41 45 820
41 46 104
41 47 647
41 48 105
41 49 544
41 50 731
41 51 403
41 52 138
41 53 803
41 54 143
41 55 380
41 56 94
41 57 794
41 58 569
41 59 309
41 60 725
41 61 473
41 62 429
41 63 365
41 64 374
41 65 773
41 66 630
41 67 217
41 68 233
41 69 626
41 70 343
41 71 586
41 72 148
41 73 305
41 74 538
41 75 801
41 76 784
41 77 681
41 78 242
41 79 390
41 80 721
41 81 1006
41 82 445
41 83 337
41 84 455
41 85 558
41 86 411
41 87 265
41 88 80
41 89 629
41 90 321
41 91 436
41 92 755
41 93 725
41 94 599
41 95 156
41 96 350
41 97 792
41 98 892
41 99 467
41 100 374
42 43 168
42 44 92
42 45 495
42 46 419
42 47 504
42 48 338
42 49 244
42 50 423
42 51 57
42 52 481
42 53 429
42 54 266
42 55 414
42 56 463
42 57 388
42 58 199
42 59 345
42 60 350
42 61 382
42 62 102
42 63 44
42 64 169
42 65 493
42 66 634
42 67 236
42 68 457
42 69 221
42 70 357
42 71 178
42 72 447
42 73 313
42 74 197
42 75 393
42 76 376
42 77 349
42 78 402
42 79 590
42 80 374
42 81 625
42 82 374
42 83 446
42 84 303
42 85 615
42 86 389
42 87 318
42 88 476
42 89 220
42 90 96
42 91 419
42 92 462
42 93 467
42 94 372
42 95 556
42 96 92
42 97 418
42 98 555
42 99 344
42 100 366
43 44 194
43 45 382
43 46 409
43 47 336
43 48 343
43 49 406
43 50 297
43 51 225
43 52 464
43 53 366
43 54 322
43 55 291
43 56 462
43 57 399
43 58 340
43 59 246
43 60 467
43 61 225
43 62 271
43 63 171
43 64 330
43 65 648
43 66 477
43 67 341
43 68 397
43 69 247
43 70 244
43 71 259
43 72 526
43 73 218
43 74 103
43 75 411
43 76 427
43 77 241
43 78 335
43 79 494
43 80 510
43 81 569
43 82 224
43 83 578
43 84 142
43 85 471
43 86 252
43 87 243
43 88 487
43 89 272
43 90 160
43 91 575
43 92 615
43 93 627
43 94 209
43 95 597
43 96 243
43 97 355
43 98 453
43 99 184
43 100 515
44 45 443
44 46 510
44 47 515
44 48 430
44 49 227
44 50 382
44 51 116
44 52 571
44 53 357
44 54 359
44 55 474
44 56 555
44 57 297
44 58 146
44 59 414
44 60 277
44 61 420
44 62 131
44 63 136
44 64 222
44 65 456
44 66 672
44 67 322
44 68 539
44 69 133
44 70 421
44 71 86
44 72 535
44 73 383
44 74 171
44 75 302
44 76 283
44 77 303
44 78 482
44 79 663
44 80 315
44 81 545
44 82 418
44 83 513
44 84 337
44 85 665
44 86 442
44 87 394
44 88 568
44 89 128
44 90 186
44 91 466
44 92 422
44 93 439
44 94 369
44 95 648
44 96 170
44 97 346
44 98 496
44 99 379
44 100 422
45 46 774
45 47 343
45 48 718
45 49 653
45 50 90
45 51 545
45 52 821
45 53 148
45 54 705
45 55 555
45 56 829
45 57 326
45 58 549
45 59 564
45 60 579
45 61 426
45 62 573
45 63 523
45 64 660
45 65 823
45 66 570
45 67 716
45 68 725
45 69 345
45 70 542
45 71 424
45 72 908
45 73 548
45 74 301
45 75 341
45 76 418
45 77 146
45 78 665
45 79 761
45 80 653
45 81 256
45 82 452
45 83 941
45 84 389
45 85 625
45 86 501
45 87 585
45 88 858
45 89 382
45 90 534
45 91 909
45 92 786
45 93 827
45 94 252
45 95 976
45 96 588
45 97 151
45 98 74
45 99 402
45 100 860
46 47 567
46 48 82
46 49 593
46 50 683
46 51 427
46 52 62
46 53 775
46 54 184
46 55 289
46 56 55
46 57 790
46 58 600
46 59 228
46 60 758
46 61 395
46 62 462
46 63 376
46 64 426
46 65 834
46 66 531
46 67 278
46 68 128
46 69 624
46 70 261
46 71 596
46 72 253
46 73 233
46 74 512
46 75 799
46 76 793
46 77 643
46 78 145
46 79 286
46 80 764
46 81 978
46 82 366
46 83 437
46 84 392
46 85 456
46 86 327
46 87 192
46 88 88
46 89 633
46 90 323
46 91 528
46 92 813
46 93 790
46 94 539
46 95 222
46 96 381
46 97 765
46 98 847
46 99 397
46 100 463
47 48 543
47 49 739
47 50 276
47 51 561
47 52 595
47 53 448
47 54 582
47 55 286
47 56 619
47 57 588
47 58 661
47 59 339
47 60 761
47 61 174
47 62 607
47 63 504
47 64 663
47 65 970
47 66 226
47 67 639
47 68 475
47 69 504
47 70 306
47 71 554
47 72 775
47 73 342
47 74 351
47 75 604
47 76 658
47 77 314
47 78 427
47 79 455
47 80 818
47 81 599
47 82 202
47 83 881
47 84 216
47 85 285
47 86 241
47 87 382
47 88 656
47 89 541
47 90 478
47 91 899
47 92 935
47 93 955
47 94 154
47 95 789
47 96 574
47 97 444
47 98 408
47 99 187
47 100 836
48 49 512
48 50 628
48 51 345
48 52 144
48 53 708
48 54 108
48 55 284
48 56 125
48 57 714
48 58 518
48 59 208
48 60 676
48 61 369
48 62 380
48 63 295
48 64 347
48 65 756
48 66 540
48 67 205
48 68 172
48 69 546
48 70 242
48 71 516
48 72 237
48 73 201
48 74 444
48 75 722
48 76 713
48 77 582
48 78 158
48 79 337
48 80 682
48 81 912
48 82 341
48 83 393
48 84 350
48 85 475
48 86 310
48 87 161
48 88 144
48 89 554
48 90 243
48 91 469
48 92 734
48 93 713
48 94 494
48 95 258
48 96 299
48 97 698
48 98 791
48 99 362
48 100 402
49 50 602
49 51 196
49 52 654
49 53 541
49 54 410
49 55 653
49 56 623
49 57 417
49 58 106
49 59 578
49 60 207
49 61 626
49 62 148
49 63 264
49 64 169
49 65 253
49 66 878
49 67 326
49 68 664
49 69 309
49 70 595
49 71 229
49 72 512
49 73 548
49 74 398
49 75 413
49 76 350
49 77 522
49 78 618
49 79 813
49 80 180
49 81 699
49 82 619
49 83 404
49 84 546
49 85 858
49 86 632
49 87 544
49 88 622
49 89 276
49 90 316
49 91 307
49 92 225
49 93 223
49 94 596
49 95 659
49 96 220
49 97 531
49 98 696
49 99 588
49 100 292
50 51 476
50 52 730
50 53 173
50 54 619
50 55 467
50 56 738
50 57 331
50 58 503
50 59 473
50 60 556
50 61 339
50 62 508
50 63 446
50 64 591
50 65 793
50 66 502
50 67 635
50 68 635
50 69 305
50 70 451
50 71 378
50 72 823
50 73 457
50 74 226
50 75 347
50 76 415
50 77 80
50 78 574
50 79 674
50 80 625
50 81 332
50 82 364
50 83 865
50 84 299
50 85 549
50 86 412
50 87 494
50 88 768
50 89 344
50 90 453
50 91 841
50 92 756
50 93 791
50 94 164
50 95 887
50 96 514
50 97 170
50 98 165
50 99 312
50 100 789
51 52 490
51 53 471
51 54 259
51 55 456
51 56 467
51 57 410
51 58 173
51 59 382
51 60 330
51 61 434
51 62 49
51 63 67
51 64 115
51 65 449
51 66 684
51 67 209
51 68 480
51 69 249
51 70 398
51 71 190
51 72 422
51 73 352
51 74 251
51 75 414
51 76 385
51 77 401
51 78 430
51 79 622
51 80 344
51 81 661
51 82 425
51 83 400
51 84 357
51 85 661
51 86 436
51 87 350
51 88 475
51 89 239
51 90 121
51 91 365
51 92 420
51 93 419
51 94 429
51 95 543
51 96 55
51 97 459
51 98 603
51 99 397
51 100 314
52 53 829
52 54 244
52 55 310
52 56 46
52 57 850
52 58 663
52 59 263
52 60 820
52 61 427
52 62 525
52 63 438
52 64 486
52 65 893
52 66 535
52 67 335
52 68 126
52 69 684
52 70 293
52 71 657
52 72 278
52 73 274
52 74 567
52 75 859
52 76 854
52 77 694
52 78 167
52 79 262
52 80 826
52 81 1032
52 82 398
52 83 475
52 84 435
52 85 453
52 86 355
52 87 235
52 88 80
52 89 694
52 90 385
52 91 574
52 92 873
52 93 849
52 94 581
52 95 208
52 96 444
52 97 819
52 98 895
52 99 434
52 100 511
53 54 673
53 55 603
53 56 829
53 57 178
53 58 435
53 59 591
53 60 441
53 61 484
53 62 488
53 63 465
53 64 580
53 65 688
53 66 672
53 67 664
53 68 751
53 69 235
53 70 576
53 71 314
53 72 870
53 73 568
53 74 264
53 75 193
53 76 272
53 77 149
53 78 689
53 79 816
53 80 517
53 81 203
53 82 504
53 83 871
53 84 425
53 85 713
53 86 551
53 87 600
53 88 853
53 89 265
53 90 491
53 91 820
53 92 651
53 93 697
53 94 319
53 95 959
53 96 521
53 97 11
53 98 160
53 99 450
53 100 779
54 55 356
54 56 213
54 57 654
54 58 427
54 59 272
54 60 584
54 61 413
54 62 287
54 63 223
54 64 242
54 65 650
54 66 616
54 67 97
54 68 278
54 69 486
54 70 303
54 71 443
54 72 204
54 73 254
54 74 411
54 75 660
54 76 641
54 77 562
54 78 253
54 79 441
54 80 584
54 81 875
54 82 388
54 83 309
54 84 372
54 85 560
54 86 368
54 87 223
54 88 216
54 89 487
54 90 183
54 91 369
54 92 629
54 93 606
54 94 505
54 95 290
54 96 207
54 97 662
54 98 774
54 99 395
54 100 301
55 56 338
55 57 679
55 58 611
55 59 85
55 60 752
55 61 130
55 62 505
55 63 388
55 64 523
55 65 906
55 66 260
55 67 438
55 68 189
55 69 537
55 70 59
55 71 548
55 72 521
55 73 110
55 74 379
55 75 693
55 76 716
55 77 455
55 78 144
55 79 212
55 80 786
55 81 794
55 82 103
55 83 665
55 84 178
55 85 210
55 86 54
55 87 133
55 88 375
55 89 563
55 90 338
55 91 717
55 92 876
55 93 875
55 94 303
55 95 510
55 96 441
55 97 595
55 98 630
55 99 155
55 100 649
56 57 839
56 58 638
56 59 282
56 60 795
56 61 448
56 62 499
56 63 419
56 64 454
56 65 858
56 66 572
56 67 300
56 68 163
56 69 672
56 70 314
56 71 641
56 72 232
56 73 288
56 74 565
56 75 848
56 76 838
56 77 697
56 78 193
56 79 307
56 80 797
56 81 1032
56 82 419
56 83 429
56 84 447
56 85 493
56 86 378
56 87 247
56 88 38
56 89 680
56 90 369
56 91 531
56 92 839
56 93 813
56 94 594
56 95 172
56 96 418
56 97 818
56 98 902
56 99 451
56 100 468
57 58 313
57 59 645
57 60 276
57 61 579
57 62 409
57 63 431
57 64 500
57 65 523
57 66 799
57 67 619
57 68 795
57 69 167
57 70 639
57 71 221
57 72 832
57 73 618
57 74 300
57 75 16
57 76 95
57 77 273
57 78 733
57 79 889
57 80 353
57 81 283
57 82 592
57 83 791
57 84 505
57 85 825
57 86 632
57 87 641
57 88 857
57 89 170
57 90 473
57 91 718
57 92 486
57 93 538
57 94 440
57 95 944
57 96 465
57 97 174
57 98 334
57 99 539
57 100 688
58 59 544
58 60 157
58 61 566
58 62 139
58 63 234
58 64 211
58 65 309
58 66 818
58 67 360
58 68 652
58 69 204
58 70 555
58 71 125
58 72 564
58 73 513
58 74 311
58 75 311
58 76 255
58 77 423
58 78 600
58 79 789
58 80 175
58 81 594
58 82 562
58 83 486
58 84 483
58 85 808
58 86 583
58 87 517
58 88 644
58 89 169
58 90 290
58 91 404
58 92 275
58 93 295
58 94 512
58 95 700
58 96 220
58 97 425
58 98 590
58 99 525
58 100 379
59 60 691
59 61 166
59 62 430
59 63 315
59 64 442
59 65 831
59 66 344
59 67 353
59 68 161
59 69 492
59 70 34
59 71 493
59 72 444
59 73 31
59 74 345
59 75 657
59 76 672
59 77 447
59 78 101
59 79 250
59 80 719
59 81 789
59 82 137
59 83 581
59 84 174
59 85 294
59 86 102
59 87 49
59 88 317
59 89 514
59 90 262
59 91 632
59 92 803
59 93 799
59 94 318
59 95 450
59 96 362
59 97 581
59 98 639
59 99 170
59 100 564
60 61 691
60 62 297
60 63 388
60 64 359
60 65 247
60 66 939
60 67 514
60 68 806
60 69 259
60 70 698
60 71 210
60 72 712
60 73 659
60 74 412
60 75 265
60 76 185
60 77 480
60 78 753
60 79 939
60 80 77
60 81 553
60 82 692
60 83 610
60 84 607
60 85 939
60 86 718
60 87 667
60 88 801
60 89 220
60 90 444
60 91 507
60 92 210
60 93 263
60 94 607
60 95 853
60 96 377
60 97 434
60 98 602
60 99 649
60 100 498
61 62 483
61 63 370
61 64 523
61 65 872
61 66 252
61 67 476
61 68 314
61 69 453
61 70 134
61 71 480
61 72 602
61 73 168
61 74 289
61 75 594
61 76 628
61 77 335
61 78 260
61 79 335
61 80 736
61 81 669
61 82 29
61 83 717
61 84 83
61 85 250
61 86 76
61 87 208
61 88 484
61 89 485
61 90 332
61 91 746
61 92 839
61 93 849
61 94 174
61 95 616
61 96 435
61 97 477
61 98 500
61 99 42
61 100 681
62 63 116
62 64 92
62 65 401
62 66 733
62 67 223
62 68 522
62 69 258
62 70 447
62 71 188
62 72 432
62 73 400
62 74 287
62 75 411
62 76 373
62 77 431
62 78 474
62 79 667
62 80 302
62 81 672
62 82 474
62 83 385
62 84 405
62 85 710
62 86 485
62 87 397
62 88 504
62 89 240
62 90 168
62 91 335
62 92 372
62 93 370
62 94 472
62 95 562
62 96 80
62 97 477
62 98 628
62 99 446
62 100 290
63 64 159
63 65 517
63 66 618
63 67 198
63 68 418
63 69 263
63 70 330
63 71 222
63 72 406
63 73 284
63 74 221
63 75 437
63 76 420
63 77 376
63 78 366
63 79 556
63 80 408
63 81 663
63 82 359
63 83 418
63 84 295
63 85 594
63 86 368
63 87 284
63 88 432
63 89 264
63 90 56
63 91 404
63 92 488
63 93 487
63 94 380
63 95 513
63 96 71
63 97 454
63 98 586
63 99 334
63 100 346
64 65 409
64 66 767
64 67 157
64 68 506
64 69 350
64 70 464
64 71 280
64 72 353
64 73 413
64 74 366
64 75 502
64 76 459
64 77 516
64 78 466
64 79 661
64 80 347
64 81 764
64 82 509
64 83 292
64 84 452
64 85 733
64 86 512
64 87 401
64 88 453
64 89 332
64 90 191
64 91 250
64 92 387
64 93 368
64 94 539
64 95 493
64 96 89
64 97 569
64 98 717
64 99 490
64 100 200
65 66 1125
65 67 558
65 68 914
65 69 489
65 70 848
65 71 421
65 72 711
65 73 801
65 74 620
65 75 512
65 76 430
65 77 715
65 78 870
65 79 1065
65 80 171
65 81 795
65 82 867
65 83 549
65 84 790
65 85 1109
65 86 883
65 87 797
65 88 853
65 89 449
65 90 569
65 91 418
65 92 37
65 93 55
65 94 821
65 95 866
65 96 472
65 97 681
65 98 849
65 99 832
65 100 444
66 67 696
66 68 409
66 69 693
66 70 314
66 71 728
66 72 775
66 73 365
66 74 530
66 75 815
66 76 861
66 77 531
66 78 387
66 79 314
66 80 987
66 81 826
66 82 259
66 83 925
66 84 334
66 85 93
66 86 255
66 87 393
66 88 610
66 89 727
66 90 576
66 91 974
66 92 1092
66 93 1101
66 94 359
66 95 743
66 96 680
66 97 667
66 98 633
66 99 292
66 100 907
67 68 375
67 69 455
67 70 382
67 71 400
67 72 212
67 73 330
67 74 414
67 75 623
67 76 593
67 77 569
67 78 347
67 79 537
67 80 505
67 81 861
67 82 455
67 83 242
67 84 423
67 85 646
67 86 443
67 87 305
67 88 296
67 89 448
67 90 182
67 91 279
67 92 539
67 93 513
67 94 543
67 95 339
67 96 153
67 97 653
67 98 781
67 99 452
67 100 211
68 69 635
68 70 184
68 71 623
68 72 381
68 73 182
68 74 499
68 75 806
68 76 813
68 77 608
68 78 62
68 79 164
68 80 824
68 81 950
68 82 284
68 83 560
68 84 336
68 85 330
68 86 238
68 87 153
68 88 201
68 89 652
68 90 362
68 91 642
68 92 889
68 93 874
68 94 477
68 95 334
68 96 444
68 97 741
68 98 800
68 99 327
68 100 575
69 70 491
69 71 80
69 72 667
69 73 463
69 74 163
69 75 175
69 76 180
69 77 226
69 78 575
69 79 741
69 80 323
69 81 414
69 82 460
69 83 643
69 84 372
69 85 704
69 86 494
69 87 483
69 88 689
69 89 40
69 90 305
69 91 586
69 92 451
69 93 486
69 94 350
69 95 776
69 96 303
69 97 224
69 98 386
69 99 411
69 100 547
70 71 497
70 72 478
70 73 51
70 74 338
70 75 652
70 76 671
70 77 430
70 78 127
70 79 250
70 80 730
70 81 772
70 82 105
70 83 613
70 84 153
70 85 269
70 86 68
70 87 82
70 88 349
70 89 515
70 90 279
70 91 660
70 92 818
70 93 817
70 94 293
70 95 482
70 96 382
70 97 567
70 98 616
70 99 143
70 100 593
71 72 612
71 73 462
71 74 202
71 75 224
71 76 198
71 77 298
71 78 565
71 79 743
71 80 263
71 81 486
71 82 483
71 83 572
71 84 397
71 85 730
71 86 511
71 87 476
71 88 654
71 89 52
71 90 272
71 91 509
71 92 385
71 93 414
71 94 402
71 95 731
71 96 246
71 97 304
71 98 466
71 99 438
71 100 473
72 73 435
72 74 612
72 75 836
72 76 805
72 77 764
72 78 388
72 79 537
72 80 693
72 81 1070
72 82 575
72 83 207
72 84 571
72 85 706
72 86 547
72 87 397
72 88 202
72 89 661
72 90 379
72 91 327
72 92 700
72 93 659
72 94 708
72 95 157
72 96 366
72 97 859
72 98 977
72 99 590
72 100 276
73 74 319
73 75 629
73 76 643
73 77 426
73 78 120
73 79 280
73 80 688
73 81 768
73 82 140
73 83 563
73 84 160
73 85 321
73 86 114
73 87 40
73 88 321
73 89 484
73 90 231
73 91 609
73 92 772
73 93 769
73 94 306
73 95 451
73 96 332
73 97 559
73 98 622
73 99 163
73 100 541
74 75 313
74 76 339
74 77 155
74 78 437
74 79 588
74 80 466
74 81 468
74 82 297
74 83 640
74 84 209
74 85 540
74 86 334
74 87 346
74 88 588
74 89 197
74 90 234
74 91 616
74 92 584
74 93 607
74 94 201
74 95 694
74 96 288
74 97 254
74 98 366
74 99 247
74 100 563
75 76 82
75 77 290
75 78 744
75 79 902
75 80 342
75 81 290
75 82 606
75 83 791
75 84 518
75 85 840
75 86 646
75 87 652
75 88 865
75 89 174
75 90 481
75 91 716
75 92 475
75 93 528
75 94 456
75 95 950
75 96 469
75 97 190
75 98 348
75 99 553
75 100 687
76 77 349
76 78 753
76 79 921
76 80 262
76 81 368
76 82 637
76 83 742
76 84 549
76 85 878
76 86 673
76 87 661
76 88 852
76 89 160
76 90 469
76 91 657
76 92 393
76 93 448
76 94 506
76 95 928
76 96 440
76 97 267
76 98 429
76 99 587
76 100 634
77 78 546
77 79 667
77 80 548
77 81 341
77 82 355
77 83 795
77 84 278
77 85 567
77 86 402
77 87 461
77 88 724
77 89 265
77 90 388
77 91 765
77 92 677
77 93 712
77 94 173
77 95 838
77 96 442
77 97 141
77 98 212
77 99 301
77 100 715
78 79 195
78 80 773
78 81 888
78 82 230
78 83 552
78 84 275
78 85 318
78 86 187
78 87 92
78 88 231
78 89 593
78 90 310
78 91 622
78 92 844
78 93 833
78 94 419
78 95 366
78 96 398
78 97 679
78 98 740
78 99 269
78 100 554
79 80 964
79 81 1005
79 82 312
79 83 723
79 84 391
79 85 222
79 86 265
79 87 272
79 88 342
79 89 764
79 90 500
79 91 806
79 92 1038
79 93 1028
79 94 509
79 95 463
79 96 592
79 97 807
79 98 834
79 99 365
79 100 739
80 81 630
80 82 734
80 83 571
80 84 652
80 85 980
80 86 756
80 87 691
80 88 799
80 89 283
80 90 464
80 91 459
80 92 134
80 93 186
80 94 665
80 95 839
80 96 383
80 97 509
80 98 678
80 99 694
80 100 459
81 82 692
81 83 1057
81 84 619
81 85 880
81 86 740
81 87 801
81 88 1056
81 89 434
81 90 693
81 91 995
81 92 760
81 93 816
81 94 496
81 95 1162
81 96 713
81 97 214
81 98 197
81 99 639
81 100 959
82 83 694
82 84 88
82 85 247
82 86 49
82 87 179
82 88 454
82 89 490
82 90 318
82 91 727
82 92 834
82 93 841
82 94 200
82 95 587
82 96 422
82 97 496
82 98 526
82 99 54
82 100 661
83 84 665
83 85 867
83 86 677
83 87 532
83 88 404
83 89 625
83 90 418
83 91 133
83 92 546
83 93 494
83 94 783
83 95 356
83 96 353
83 97 859
83 98 1002
83 99 694
83 100 112
84 85 333
84 86 128
84 87 200
84 88 480
84 89 402
84 90 263
84 91 684
84 92 757
84 93 768
84 94 146
84 95 606
84 96 363
84 97 416
84 98 464
84 99 41
84 100 620
85 86 225
85 87 341
85 88 531
85 89 735
85 90 546
85 91 926
85 92 1077
85 93 1081
85 94 393
85 95 662
85 96 650
85 97 707
85 98 692
85 99 292
85 100 858
86 87 149
86 88 415
86 89 522
86 90 322
86 91 719
86 92 852
86 93 855
86 94 249
86 95 549
86 96 427
86 97 542
86 98 575
86 99 100
86 100 652
87 88 281
87 89 501
87 90 229
87 91 584
87 92 769
87 93 762
87 94 346
87 95 410
87 96 325
87 97 590
87 98 660
87 99 204
87 100 516
88 89 694
88 90 384
88 91 511
88 92 835
88 93 806
88 94 626
88 95 134
88 96 424
88 97 842
88 98 931
88 99 485
88 100 451
89 90 311
89 91 561
89 92 411
89 93 447
89 94 388
89 95 776
89 96 295
89 97 255
89 98 420
89 99 443
89 100 525
90 91 421
90 92 541
90 93 537
90 94 366
90 95 473
90 96 104
90 97 480
90 98 600
90 99 300
90 100 359
91 92 418
91 93 363
91 94 784
91 95 482
91 96 332
91 97 809
91 98 963
91 99 718
91 100 68
92 93 67
92 94 785
92 95 854
92 96 446
92 97 643
92 98 812
92 99 799
92 100 438
93 94 808
93 95 815
93 96 437
93 97 689
93 98 858
93 99 809
93 100 390
94 95 752
94 96 452
94 97 313
94 98 326
94 99 151
94 100 724
95 96 488
95 97 948
95 98 1048
95 99 615
95 100 433
96 97 509
96 98 648
96 99 401
96 100 276
97 98 168
97 99 442
97 100 768
98 99 476
98 100 917
99 100 653
