100 4950
1 2 133
1 3 862
1 4 1024
1 5 798
1 6 790
1 7 345
1 8 877
1 9 691
1 10 447
1 11 578
1 12 714
1 13 532
1 14 548
1 15 916
1 16 401
1 17 736
1 18 111
1 19 829
1 20 623
1 21 748
1 22 507
1 23 207
1 24 342
1 25 802
1 26 869
1 27 855
1 28 581
1 29 654
1 30 78
1 31 588
1 32 526
1 33 794
1 34 113
1 35 522
1 36 658
1 37 737
1 38 910
1 39 138
1 40 551
1 41 200
1 42 579
1 43 423
1 44 211
1 45 727
1 46 101
1 47 626
1 48 685
1 49 151
1 50 660
1 51 692
1 52 505
1 53 792
1 54 110
1 55 723
1 56 142
1 57 384
1 58 375
1 59 1087
1 60 168
1 61 610
1 62 625
1 63 307
1 64 249
1 65 186
1 66 930
1 67 407
1 68 133
1 69 45
1 70 181
1 71 391
1 72 637
1 73 433
1 74 490
1 75 658
1 76 838
1 77 880
1 78 901
1 79 671
1 80 703
1 81 513
1 82 391
1 83 672
1 84 780
1 85 992
1 86 295
1 87 671
1 88 503
1 89 569
1 90 292
1 91 687
1 92 385
1 93 529
1 94 183
1 95 431
1 96 784
1 97 863
1 98 698
1 99 764
1 100 686
2 3 945
2 4 1087
2 5 772
2 6 854
2 7 458
2 8 949
2 9 661
2 10 447
2 11 711
2 12 847
2 13 526
2 14 573
2 15 966
2 16 497
2 17 701
2 18 198
2 19 777
2 20 606
2 21 738
2 22 553
2 23 310
2 24 472
2 25 804
2 26 958
2 27 874
2 28 711
2 29 594
2 30 171
2 31 720
2 32 620
2 33 749
2 34 167
2 35 640
2 36 717
2 37 843
2 38 959
2 39 10
2 40 659
2 41 287
2 42 522
2 43 439
2 44 81
2 45 672
2 46 73
2 47 609
2 48 779
2 49 229
2 50 785
2 51 772
2 52 521
2 53 898
2 54 63
2 55 755
2 56 171
2 57 516
2 58 325
2 59 1150
2 60 297
2 61 625
2 62 655
2 63 345
2 64 174
2 65 286
2 66 1009
2 67 493
2 68 151
2 69 166
2 70 108
2 71 456
2 72 737
2 73 405
2 74 550
2 75 790
2 76 927
2 77 921
2 78 975
2 79 804
2 80 787
2 81 610
2 82 349
2 83 716
2 84 719
2 85 1043
2 86 429
2 87 783
2 88 582
2 89 507
2 90 207
2 91 783
2 92 302
2 93 515
2 94 300
2 95 508
2 96 904
2 97 873
2 98 815
2 99 774
2 100 631
3 4 229
3 5 719
3 6 172
3 7 541
3 8 92
3 9 714
3 10 622
3 11 615
3 12 661
3 13 615
3 14 483
3 15 264
3 16 462
3 17 750
3 18 933
3 19 882
3 20 651
3 21 623
3 22 436
3 23 655
3 24 635
3 25 561
3 26 46
3 27 466
3 28 539
3 29 858
3 30 789
3 31 605
3 32 340
3 33 825
3 34 961
3 35 436
3 36 277
3 37 231
3 38 278
3 39 956
3 40 359
3 41 664
3 42 829
3 43 585
3 44 974
3 45 853
3 46 957
3 47 651
3 48 193
3 49 719
3 50 467
3 51 174
3 52 541
3 53 209
3 54 962
3 55 390
3 56 996
3 57 659
3 58 795
3 59 283
3 60 838
3 61 504
3 62 426
3 63 617
3 64 870
3 65 675
3 66 78
3 67 455
3 68 991
3 69 875
3 70 878
3 71 492
3 72 255
3 73 717
3 74 410
3 75 602
3 76 46
3 77 329
3 78 83
3 79 626
3 80 159
3 81 357
3 82 767
3 83 341
3 84 912
3 85 297
3 86 756
3 87 307
3 88 363
3 89 847
3 90 889
3 91 200
3 92 893
3 93 649
3 94 688
3 95 437
3 96 387
3 97 526
3 98 351
3 99 512
3 100 843
4 5 675
4 6 234
4 7 733
4 8 160
4 9 706
4 10 698
4 11 843
4 12 890
4 13 664
4 14 549
4 15 157
4 16 641
4 17 728
4 18 1107
4 19 843
4 20 665
4 21 592
4 22 538
4 23 824
4 24 840
4 25 508
4 26 263
4 27 388
4 28 767
4 29 868
4 30 947
4 31 833
4 32 531
4 33 791
4 34 1130
4 35 654
4 36 370
4 37 460
4 38 174
4 39 1098
4 40 573
4 41 823
4 42 858
4 43 676
4 44 1101
4 45 842
4 46 1111
4 47 664
4 48 409
4 49 874
4 50 696
4 51 347
4 52 611
4 53 436
4 54 1114
4 55 391
4 56 1163
4 57 871
4 58 878
4 59 63
4 60 1026
4 61 537
4 62 471
4 63 743
4 64 983
4 65 841
4 66 157
4 67 623
4 68 1156
4 69 1044
4 70 1005
4 71 634
4 72 471
4 73 788
4 74 537
4 75 832
4 76 275
4 77 242
4 78 149
4 79 856
4 80 349
4 81 551
4 82 847
4 83 389
4 84 891
4 85 121
4 86 960
4 87 535
4 88 524
4 89 880
4 90 993
4 91 420
4 92 976
4 93 695
4 94 864
4 95 593
4 96 611
4 97 445
4 98 580
4 99 476
4 100 842
5 6 546
5 7 743
5 8 647
5 9 111
5 10 359
5 11 1039
5 12 1157
5 13 274
5 14 340
5 15 519
5 16 657
5 17 83
5 18 910
5 19 168
5 20 176
5 21 99
5 22 431
5 23 702
5 24 870
5 25 166
5 26 762
5 27 287
5 28 981
5 29 249
5 30 732
5 31 1037
5 32 665
5 33 117
5 34 905
5 35 830
5 36 478
5 37 828
5 38 502
5 39 782
5 40 765
5 41 667
5 42 287
5 43 400
5 44 734
5 45 188
5 46 834
5 47 174
5 48 714
5 49 677
5 50 977
5 51 617
5 52 338
5 53 853
5 54 828
5 55 330
5 56 925
5 57 930
5 58 449
5 59 712
5 60 910
5 61 271
5 62 332
5 63 522
5 64 602
5 65 700
5 66 722
5 67 615
5 68 908
5 69 840
5 70 664
5 71 539
5 72 736
5 73 368
5 74 492
5 75 1081
5 76 742
5 77 433
5 78 675
5 79 1107
5 80 647
5 81 679
5 82 423
5 83 396
5 84 221
5 85 563
5 86 944
5 87 842
5 88 577
5 89 311
5 90 581
5 91 732
5 92 507
5 93 269
5 94 749
5 95 574
5 96 994
5 97 235
5 98 907
5 99 207
5 100 208
6 7 511
6 8 112
6 9 544
6 10 480
6 11 673
6 12 748
6 13 460
6 14 333
6 15 152
6 16 414
6 17 578
6 18 876
6 19 709
6 20 485
6 21 450
6 22 308
6 23 592
6 24 628
6 25 389
6 26 216
6 27 301
6 28 599
6 29 693
6 30 713
6 31 665
6 32 317
6 33 653
6 34 897
6 35 465
6 36 138
6 37 333
6 38 157
6 39 865
6 40 380
6 41 590
6 42 669
6 43 452
6 44 870
6 45 684
6 46 877
6 47 485
6 48 238
6 49 640
6 50 549
6 51 142
6 52 395
6 53 338
6 54 880
6 55 218
6 56 930
6 57 666
6 58 659
6 59 297
6 60 799
6 61 341
6 62 265
6 63 510
6 64 754
6 65 609
6 66 188
6 67 393
6 68 923
6 69 811
6 70 773
6 71 400
6 72 292
6 73 574
6 74 303
6 75 680
6 76 199
6 77 181
6 78 142
6 79 706
6 80 159
6 81 337
6 82 629
6 83 178
6 84 741
6 85 220
6 86 745
6 87 384
6 88 294
6 89 689
6 90 767
6 91 255
6 92 758
6 93 494
6 94 633
6 95 361
6 96 507
6 97 359
6 98 444
6 99 339
6 100 675
7 8 575
7 9 661
7 10 410
7 11 320
7 12 457
7 13 480
7 14 408
7 15 657
7 16 102
7 17 712
7 18 397
7 19 840
7 20 576
7 21 660
7 22 324
7 23 150
7 24 132
7 25 674
7 26 541
7 27 678
7 28 287
7 29 709
7 30 287
7 31 323
7 32 202
7 33 789
7 34 429
7 35 183
7 36 405
7 37 393
7 38 657
7 39 467
7 40 206
7 41 184
7 42 642
7 43 357
7 44 513
7 45 756
7 46 446
7 47 578
7 48 352
7 49 237
7 50 339
7 51 385
7 52 405
7 53 448
7 54 454
7 55 530
7 56 464
7 57 188
7 58 483
7 59 796
7 60 296
7 61 482
7 62 452
7 63 265
7 64 461
7 65 173
7 66 615
7 67 138
7 68 463
7 69 346
7 70 432
7 71 203
7 72 299
7 73 469
7 74 272
7 75 384
7 76 511
7 77 649
7 78 594
7 79 406
7 80 388
7 81 185
7 82 474
7 83 455
7 84 821
7 85 730
7 86 236
7 87 326
7 88 224
7 89 646
7 90 499
7 91 351
7 92 556
7 93 500
7 94 161
7 95 182
7 96 447
7 97 709
7 98 356
7 99 622
7 100 723
8 9 652
8 10 591
8 11 687
8 12 743
8 13 572
8 14 445
8 15 172
8 16 486
8 17 684
8 18 956
8 19 812
8 20 596
8 21 553
8 22 414
8 23 674
8 24 680
8 25 485
8 26 138
8 27 382
8 28 611
8 29 804
8 30 801
8 31 678
8 32 373
8 33 756
8 34 981
8 35 494
8 36 244
8 37 312
8 38 186
8 39 960
8 40 413
8 41 677
8 42 781
8 43 560
8 44 970
8 45 792
8 46 968
8 47 596
8 48 249
8 49 729
8 50 546
8 51 190
8 52 506
8 53 298
8 54 971
8 55 324
8 56 1015
8 57 711
8 58 769
8 59 222
8 60 870
8 61 453
8 62 378
8 63 610
8 64 858
8 65 692
8 66 77
8 67 471
8 68 1008
8 69 894
8 70 874
8 71 493
8 72 312
8 73 685
8 74 400
8 75 681
8 76 136
8 77 240
8 78 30
8 79 705
8 80 188
8 81 392
8 82 739
8 83 290
8 84 848
8 85 207
8 86 801
8 87 381
8 88 374
8 89 801
8 90 873
8 91 262
8 92 868
8 93 606
8 94 711
8 95 446
8 96 475
8 97 443
8 98 432
8 99 439
8 100 785
9 10 261
9 11 967
9 12 1091
9 13 181
9 14 278
9 15 548
9 16 582
9 17 50
9 18 802
9 19 186
9 20 85
9 21 122
9 22 368
9 23 606
9 24 785
9 25 215
9 26 754
9 27 334
9 28 914
9 29 167
9 30 626
9 31 967
9 32 608
9 33 130
9 34 796
9 35 766
9 36 452
9 37 793
9 38 532
9 39 671
9 40 707
9 41 569
9 42 186
9 43 307
9 44 623
9 45 139
9 46 724
9 47 83
9 48 680
9 49 574
9 50 920
9 51 590
9 52 258
9 53 825
9 54 718
9 55 328
9 56 816
9 57 846
9 58 337
9 59 750
9 60 809
9 61 222
9 62 296
9 63 425
9 64 491
9 65 602
9 66 730
9 67 541
9 68 799
9 69 733
9 70 553
9 71 460
9 72 693
9 73 258
9 74 429
9 75 1015
9 76 731
9 77 465
9 78 682
9 79 1040
9 80 620
9 81 620
9 82 311
9 83 375
9 84 198
9 85 603
9 86 850
9 87 797
9 88 518
9 89 210
9 90 470
9 91 697
9 92 397
9 93 168
9 94 652
9 95 502
9 96 951
9 97 296
9 98 860
9 99 231
9 100 136
10 11 727
10 12 858
10 13 85
10 14 149
10 15 556
10 16 346
10 17 310
10 18 557
10 19 432
10 20 182
10 21 301
10 22 188
10 23 345
10 24 529
10 25 358
10 26 651
10 27 428
10 28 681
10 29 302
10 30 376
10 31 728
10 32 406
10 33 384
10 34 557
10 35 541
10 36 347
10 37 626
10 38 545
10 39 457
10 40 498
10 41 308
10 42 243
10 43 54
10 44 432
10 45 345
10 46 498
10 47 184
10 48 522
10 49 318
10 50 704
10 51 459
10 52 87
10 53 669
10 54 495
10 55 323
10 56 581
10 57 590
10 58 180
10 59 756
10 60 551
10 61 181
10 62 230
10 63 164
10 64 300
10 65 341
10 66 664
10 67 307
10 68 567
10 69 486
10 70 344
10 71 220
10 72 514
10 73 95
10 74 234
10 75 783
10 76 622
10 77 495
10 78 620
10 79 806
10 80 485
10 81 412
10 82 149
10 83 309
10 84 410
10 85 628
10 86 590
10 87 607
10 88 319
10 89 252
10 90 301
10 91 535
10 92 278
10 93 92
10 94 391
10 95 277
10 96 762
10 97 426
10 98 665
10 99 327
10 100 313
11 12 140
11 13 790
11 14 698
11 15 824
11 16 385
11 17 1018
11 18 572
11 19 1151
11 20 882
11 21 949
11 22 607
11 23 444
11 24 241
11 25 944
11 26 590
11 27 918
11 28 75
11 29 1028
11 30 551
11 31 13
11 32 388
11 33 1098
11 34 616
11 35 217
11 36 621
11 37 388
11 38 830
11 39 717
11 40 298
11 41 486
11 42 962
11 43 672
11 44 782
11 45 1071
11 46 672
11 47 884
11 48 440
11 49 528
11 50 162
11 51 530
11 52 709
11 53 428
11 54 683
11 55 776
11 56 647
11 57 194
11 58 802
11 59 899
11 60 441
11 61 769
11 62 721
11 63 585
11 64 761
11 65 464
11 66 692
11 67 426
11 68 655
11 69 556
11 70 718
11 71 509
11 72 381
11 73 790
11 74 547
11 75 80
11 76 570
11 77 846
11 78 693
11 79 93
11 80 515
11 81 369
11 82 793
11 83 694
11 84 1137
11 85 884
11 86 300
11 87 308
11 88 466
11 89 966
11 90 802
11 91 426
11 92 868
11 93 813
11 94 426
11 95 465
11 96 301
11 97 961
11 98 274
11 99 889
11 100 1040
12 13 917
12 14 817
12 15 895
12 16 512
12 17 1141
12 18 700
12 19 1276
12 20 1007
12 21 1064
12 22 726
12 23 584
12 24 380
12 25 1052
12 26 628
12 27 1014
12 28 177
12 29 1160
12 30 690
12 31 134
12 32 494
12 33 1222
12 34 744
12 35 326
12 36 717
12 37 430
12 38 903
12 39 853
12 40 396
12 41 626
12 42 1096
12 43 803
12 44 920
12 45 1201
12 46 806
12 47 1008
12 48 509
12 49 668
12 50 199
12 51 610
12 52 834
12 53 456
12 54 818
12 55 877
12 56 774
12 57 331
12 58 940
12 59 941
12 60 570
12 61 886
12 62 832
12 63 722
12 64 901
12 65 604
12 66 733
12 67 552
12 68 784
12 69 690
12 70 857
12 71 638
12 72 458
12 73 924
12 74 665
12 75 76
12 76 614
12 77 928
12 78 743
12 79 51
12 80 589
12 81 478
12 82 931
12 83 795
12 84 1266
12 85 948
12 86 428
12 87 364
12 88 580
12 89 1101
12 90 942
12 91 493
12 92 1008
12 93 942
12 94 566
12 95 589
12 96 291
12 97 1062
12 98 311
12 99 996
12 100 1170
13 14 133
13 15 514
13 16 405
13 17 232
13 18 642
13 19 360
13 20 98
13 21 216
13 22 208
13 23 427
13 24 603
13 25 278
13 26 649
13 27 360
13 28 740
13 29 258
13 30 462
13 31 790
13 32 446
13 33 309
13 34 642
13 35 594
13 36 338
13 37 651
13 38 501
13 39 536
13 40 543
13 41 392
13 42 215
13 43 126
13 44 505
13 45 284
13 46 580
13 47 100
13 48 541
13 49 403
13 50 753
13 51 465
13 52 87
13 53 689
13 54 576
13 55 275
13 56 665
13 57 664
13 58 231
13 59 718
13 60 636
13 61 126
13 62 195
13 63 247
13 64 370
13 65 425
13 66 648
13 67 365
13 68 650
13 69 572
13 70 420
13 71 281
13 72 543
13 73 134
13 74 265
13 75 841
13 76 622
13 77 445
13 78 603
13 79 866
13 80 494
13 81 455
13 82 199
13 83 282
13 84 350
13 85 583
13 86 671
13 87 642
13 88 355
13 89 232
13 90 363
13 91 556
13 92 321
13 93 34
13 94 474
13 95 329
13 96 798
13 97 350
13 98 703
13 99 253
13 100 257
14 15 407
14 16 317
14 17 326
14 18 652
14 19 464
14 20 196
14 21 252
14 22 91
14 23 397
14 24 539
14 25 271
14 26 516
14 27 307
14 28 641
14 29 388
14 30 471
14 31 696
14 32 330
14 33 408
14 34 661
14 35 491
14 36 206
14 37 522
14 38 397
14 39 584
14 40 429
14 41 372
14 42 348
14 43 135
14 44 570
14 45 403
14 46 615
14 47 197
14 48 410
14 49 402
14 50 642
14 51 332
14 52 62
14 53 558
14 54 614
14 55 181
14 56 689
14 57 596
14 58 329
14 59 606
14 60 619
14 61 74
14 62 83
14 63 240
14 64 442
14 65 402
14 66 519
14 67 276
14 68 676
14 69 581
14 70 477
14 71 207
14 72 417
14 73 240
14 74 152
14 75 741
14 76 489
14 77 351
14 78 475
14 79 767
14 80 360
14 81 342
14 82 298
14 83 160
14 84 468
14 85 481
14 86 625
14 87 520
14 88 240
14 89 365
14 90 447
14 91 426
14 92 427
14 93 167
14 94 446
14 95 233
14 96 675
14 97 320
14 98 582
14 99 224
14 100 382
15 16 558
15 17 570
15 18 1008
15 19 687
15 20 509
15 21 434
15 22 413
15 23 726
15 24 777
15 25 352
15 26 310
15 27 235
15 28 750
15 29 711
15 30 838
15 31 816
15 32 467
15 33 634
15 34 1026
15 35 617
15 36 259
15 37 471
15 38 17
15 39 977
15 40 533
15 41 718
15 42 703
15 43 540
15 44 973
15 45 684
15 46 997
15 47 508
15 48 386
15 49 764
15 50 696
15 51 295
15 52 469
15 53 464
15 54 999
15 55 238
15 56 1058
15 57 817
15 58 735
15 59 205
15 60 939
15 61 387
15 62 326
15 63 621
15 64 849
15 65 740
15 66 229
15 67 532
15 68 1049
15 69 940
15 70 878
15 71 525
15 72 443
15 73 642
15 74 425
15 75 829
15 76 306
15 77 86
15 78 189
15 79 854
15 80 309
15 81 488
15 82 703
15 83 252
15 84 733
15 85 76
15 86 893
15 87 530
15 88 435
15 89 725
15 90 855
15 91 402
15 92 831
15 93 545
15 94 769
15 95 496
15 96 640
15 97 294
15 98 586
15 99 319
15 100 685
16 17 632
16 18 471
16 19 765
16 20 497
16 21 570
16 22 229
16 23 194
16 24 232
16 25 578
16 26 468
16 27 576
16 28 335
16 29 648
16 30 332
16 31 385
16 32 124
16 33 712
16 34 499
16 35 197
16 36 304
16 37 349
16 38 557
16 39 507
16 40 174
16 41 209
16 42 587
16 43 291
16 44 539
16 45 688
16 46 499
16 47 498
16 48 283
16 49 267
16 50 362
16 51 296
16 52 324
16 53 402
16 54 505
16 55 429
16 56 533
16 57 285
16 58 452
16 59 704
16 60 385
16 61 390
16 62 354
16 63 228
16 64 463
16 65 215
16 66 532
16 67 41
16 68 529
16 69 413
16 70 449
16 71 125
16 72 240
16 73 419
16 74 173
16 75 437
16 76 436
16 77 547
16 78 507
16 79 461
16 80 304
16 81 113
16 82 436
16 83 353
16 84 754
16 85 632
16 86 338
16 87 298
16 88 123
16 89 593
16 90 495
16 91 287
16 92 536
16 93 429
16 94 226
16 95 84
16 96 441
16 97 609
16 98 345
16 99 525
16 100 657
17 18 847
17 19 138
17 20 135
17 21 136
17 22 416
17 23 656
17 24 835
17 25 224
17 26 791
17 27 347
17 28 964
17 29 167
17 30 673
17 31 1017
17 32 656
17 33 81
17 34 840
17 35 815
17 36 493
17 37 837
17 38 554
17 39 710
17 40 756
17 41 618
17 42 205
17 43 358
17 44 660
17 45 115
17 46 765
17 47 134
17 48 723
17 49 622
17 50 969
17 51 631
17 52 308
17 53 867
17 54 759
17 55 360
17 56 858
17 57 896
17 58 376
17 59 770
17 60 857
17 61 266
17 62 339
17 63 474
17 64 529
17 65 651
17 66 761
17 67 591
17 68 841
17 69 779
17 70 593
17 71 510
17 72 739
17 73 302
17 74 478
17 75 1065
17 76 768
17 77 486
17 78 713
17 79 1090
17 80 661
17 81 669
17 82 352
17 83 414
17 84 164
17 85 621
17 86 901
17 87 843
17 88 566
17 89 228
17 90 506
17 91 740
17 92 428
17 93 218
17 94 702
17 95 552
17 96 997
17 97 302
17 98 906
17 99 251
17 100 127
18 19 939
18 20 735
18 21 859
18 22 605
18 23 283
18 24 355
18 25 910
18 26 936
18 27 959
18 28 590
18 29 763
18 30 182
18 31 583
18 32 593
18 33 905
18 34 44
18 35 559
18 36 748
18 37 787
18 38 1003
18 39 197
18 40 601
18 41 289
18 42 688
18 43 531
18 44 279
18 45 836
18 46 129
18 47 737
18 48 748
18 49 250
18 50 678
18 51 768
18 52 612
18 53 842
18 54 142
18 55 824
18 56 74
18 57 381
18 58 484
18 59 1171
18 60 130
18 61 717
18 62 727
18 63 412
18 64 350
18 65 267
18 66 1004
18 67 485
18 68 83
18 69 71
18 70 279
18 71 483
18 72 696
18 73 545
18 74 583
18 75 653
18 76 906
18 77 977
18 78 978
18 79 662
18 80 776
18 81 577
18 82 501
18 83 769
18 84 889
18 85 1084
18 86 273
18 87 715
18 88 583
18 89 677
18 90 391
18 91 748
18 92 486
18 93 641
18 94 245
18 95 514
18 96 811
18 97 970
18 98 733
18 99 872
18 100 796
19 20 270
19 21 259
19 22 554
19 23 773
19 24 961
19 25 334
19 26 924
19 27 455
19 28 1099
19 29 184
19 30 773
19 31 1151
19 32 794
19 33 57
19 34 927
19 35 951
19 36 630
19 37 976
19 38 670
19 39 784
19 40 893
19 41 733
19 42 255
19 43 483
19 44 724
19 45 104
19 46 845
19 47 268
19 48 862
19 49 730
19 50 1106
19 51 769
19 52 442
19 53 1005
19 54 838
19 55 491
19 56 942
19 57 1022
19 58 455
19 59 879
19 60 963
19 61 405
19 62 477
19 63 593
19 64 602
19 65 766
19 66 888
19 67 725
19 68 923
19 69 874
19 70 671
19 71 642
19 72 878
19 73 402
19 74 615
19 75 1200
19 76 902
19 77 601
19 78 841
19 79 1225
19 80 799
19 81 806
19 82 438
19 83 550
19 84 78
19 85 730
19 86 1018
19 87 982
19 88 704
19 89 271
19 90 571
19 91 879
19 92 482
19 93 340
19 94 817
19 95 687
19 96 1136
19 97 401
19 98 1045
19 99 373
19 100 145
20 21 133
20 22 284
20 23 526
20 24 701
20 25 214
20 26 689
20 27 319
20 28 829
20 29 207
20 30 556
20 31 882
20 32 525
20 33 215
20 34 732
20 35 681
20 36 381
20 37 716
20 38 494
20 39 616
20 40 624
20 41 490
20 42 194
20 43 225
20 44 576
20 45 208
20 46 664
20 47 2
20 48 603
20 49 500
20 50 836
20 51 517
20 52 173
20 53 749
20 54 660
20 55 276
20 56 753
20 57 762
20 58 291
20 59 714
20 60 733
20 61 148
20 62 226
20 63 345
20 64 442
20 65 523
20 66 673
20 67 456
20 68 737
20 69 665
20 70 499
20 71 375
20 72 613
20 73 201
20 74 345
20 75 930
20 76 664
20 77 431
20 78 626
20 79 956
20 80 547
20 81 536
20 82 262
20 83 310
20 84 272
20 85 571
20 86 769
20 87 716
20 88 435
20 89 217
20 90 427
20 91 619
20 92 367
20 93 94
20 94 573
20 95 417
20 96 871
20 97 294
20 98 779
20 99 208
20 100 192
21 22 341
21 23 633
21 24 790
21 25 92
21 26 665
21 27 213
21 28 889
21 29 289
21 30 678
21 31 946
21 32 571
21 33 203
21 34 859
21 35 738
21 36 379
21 37 729
21 38 418
21 39 748
21 40 670
21 41 601
21 42 304
21 43 334
21 44 710
21 45 251
21 46 795
21 47 131
21 48 615
21 49 617
21 50 882
21 51 518
21 52 261
21 53 754
21 54 791
21 55 233
21 56 882
21 57 848
21 58 425
21 59 634
21 60 848
21 61 179
21 62 235
21 63 457
21 64 575
21 65 633
21 66 629
21 67 529
21 68 866
21 69 788
21 70 631
21 71 457
21 72 638
21 73 334
21 74 402
21 75 988
21 76 644
21 77 350
21 78 581
21 79 1014
21 80 547
21 81 586
21 82 396
21 83 297
21 84 299
21 85 485
21 86 870
21 87 745
21 88 484
21 89 328
21 90 561
21 91 633
21 92 499
21 93 223
21 94 681
21 95 486
21 96 896
21 97 173
21 98 809
21 99 116
21 100 256
22 23 334
22 24 456
22 25 350
22 26 463
22 27 364
22 28 549
22 29 466
22 30 429
22 31 605
22 32 240
22 33 498
22 34 619
22 35 400
22 36 170
22 37 444
22 38 406
22 39 564
22 40 339
22 41 317
22 42 419
22 43 148
22 44 563
22 45 488
22 46 584
22 47 285
22 48 335
22 49 356
22 50 552
22 51 270
22 52 121
22 53 483
22 54 585
22 55 221
22 56 650
22 57 512
22 58 358
22 59 600
22 60 557
22 61 162
22 62 130
22 63 207
22 64 445
22 65 343
22 66 483
22 67 188
22 68 639
22 69 536
22 70 467
22 71 131
22 72 335
22 73 283
22 74 61
22 75 650
22 76 434
22 77 373
22 78 443
22 79 676
22 80 297
22 81 252
22 82 330
22 83 164
22 84 554
22 85 490
22 86 548
22 87 434
22 88 150
22 89 433
22 90 459
22 91 350
22 92 457
22 93 239
22 94 382
22 95 145
22 96 590
22 97 388
22 98 496
22 99 298
22 100 465
23 24 209
23 25 667
23 26 662
23 27 697
23 28 425
23 29 621
23 30 140
23 31 450
23 32 318
23 33 727
23 34 307
23 35 333
23 36 466
23 37 534
23 38 722
23 39 319
23 40 349
23 41 43
23 42 549
23 43 301
23 44 363
23 45 679
23 46 305
23 47 528
23 48 477
23 49 88
23 50 487
23 51 486
23 52 372
23 53 589
23 54 312
23 55 556
23 56 341
23 57 268
23 58 366
23 59 888
23 60 222
23 61 469
23 62 463
23 63 181
23 64 318
23 65 23
23 66 724
23 67 202
23 68 336
23 69 220
23 70 283
23 71 205
23 72 431
23 73 377
23 74 303
23 75 516
23 76 631
23 77 700
23 78 697
23 79 535
23 80 497
23 81 306
23 82 364
23 83 493
23 84 741
23 85 802
23 86 245
23 87 472
23 88 300
23 89 547
23 90 358
23 91 480
23 92 425
23 93 438
23 94 48
23 95 231
23 96 597
23 97 717
23 98 506
23 99 621
23 100 642
24 25 806
24 26 626
24 27 809
24 28 239
24 29 820
24 30 310
24 31 249
24 32 311
24 33 912
24 34 396
24 35 214
24 36 531
24 37 451
24 38 778
24 39 479
24 40 277
24 41 252
24 42 750
24 43 478
24 44 541
24 45 873
24 46 440
24 47 703
24 48 441
24 49 289
24 50 322
24 51 494
24 52 532
24 53 505
24 54 450
24 55 662
24 56 429
24 57 61
24 58 575
24 59 902
24 60 230
24 61 613
24 62 584
24 63 372
24 64 521
24 65 227
24 66 712
24 67 270
24 68 434
24 69 326
24 70 476
24 71 332
24 72 380
24 73 577
24 74 404
24 75 318
24 76 599
24 77 774
24 78 696
24 79 334
24 80 491
24 81 291
24 82 571
24 83 586
24 84 937
24 85 848
24 86 121
24 87 372
24 88 351
24 89 751
24 90 563
24 91 435
24 92 634
24 93 620
24 94 186
24 95 314
24 96 456
24 97 841
24 98 381
24 99 754
24 100 838
25 26 605
25 27 123
25 28 880
25 29 381
25 30 728
25 31 941
25 32 558
25 33 282
25 34 914
25 35 729
25 36 344
25 37 692
25 38 335
25 39 814
25 40 655
25 41 639
25 42 395
25 43 379
25 44 782
25 45 340
25 46 856
25 47 212
25 48 579
25 49 663
25 50 863
25 51 477
25 52 299
25 53 711
25 54 853
25 55 183
25 56 939
25 57 862
25 58 501
25 59 547
25 60 887
25 61 198
25 62 224
25 63 500
25 64 647
25 65 670
25 66 559
25 67 538
25 68 924
25 69 839
25 70 698
25 71 477
25 72 610
25 73 407
25 74 405
25 75 977
25 76 587
25 77 266
25 78 512
25 79 1004
25 80 506
25 81 575
25 82 470
25 83 261
25 84 383
25 85 398
25 86 895
25 87 716
25 88 478
25 89 419
25 90 637
25 91 597
25 92 581
25 93 293
25 94 716
25 95 494
25 96 862
25 97 81
25 98 781
25 99 56
25 100 348
26 27 512
26 28 515
26 29 895
26 30 798
26 31 579
26 32 344
26 33 867
26 34 966
26 35 421
26 36 311
26 37 202
26 38 324
26 39 968
26 40 349
26 41 674
26 42 864
26 43 611
26 44 990
26 45 893
26 46 966
26 47 689
26 48 188
26 49 730
26 50 438
26 51 195
26 52 573
26 53 173
26 54 971
26 55 432
26 56 1000
26 57 646
26 58 821
26 59 312
26 60 836
26 61 541
26 62 463
26 63 636
26 64 890
26 65 683
26 66 105
26 67 465
26 68 997
26 69 880
26 70 895
26 71 509
26 72 246
26 73 746
26 74 432
26 75 572
26 76 31
26 77 376
26 78 125
26 79 595
26 80 173
26 81 358
26 82 794
26 83 379
26 84 952
26 85 340
26 86 748
26 87 282
26 88 378
26 89 881
26 90 911
26 91 191
26 92 919
26 93 683
26 94 692
26 95 451
26 96 348
26 97 572
26 98 321
26 99 556
26 100 881
27 28 849
27 29 501
27 30 778
27 31 913
27 32 531
27 33 404
27 34 968
27 35 701
27 36 298
27 37 625
27 38 218
27 39 884
27 40 621
27 41 676
27 42 509
27 43 436
27 44 861
27 45 463
27 46 919
27 47 317
27 48 518
27 49 709
27 50 819
27 51 413
27 52 353
27 53 636
27 54 918
27 55 147
27 56 996
27 57 861
27 58 591
27 59 425
27 60 920
27 61 248
27 62 234
27 63 547
27 64 728
27 65 705
27 66 453
27 67 539
27 68 983
27 69 889
27 70 773
27 71 495
27 72 559
27 73 495
27 74 407
27 75 942
27 76 498
27 77 149
27 78 407
27 79 968
27 80 440
27 81 550
27 82 559
27 83 226
27 84 506
27 85 275
27 86 909
27 87 663
27 88 462
27 89 533
27 90 724
27 91 537
27 92 678
27 93 383
27 94 746
27 95 496
27 96 799
27 97 60
27 98 726
27 99 111
27 100 470
28 29 984
28 30 545
28 31 66
28 32 321
28 33 1045
28 34 632
28 35 151
28 36 551
28 37 313
28 38 756
28 39 718
28 40 228
28 41 465
28 42 921
28 43 626
28 44 777
28 45 1023
28 46 679
28 47 830
28 48 365
28 49 512
28 50 98
28 51 456
28 52 656
28 53 355
28 54 690
28 55 708
28 56 664
28 57 209
28 58 770
28 59 823
28 60 460
28 61 710
28 62 658
28 63 549
28 64 743
28 65 447
28 66 617
28 67 375
28 68 670
28 69 565
28 70 706
28 71 461
28 72 306
28 73 750
28 74 488
28 75 101
28 76 495
28 77 773
28 78 617
28 79 126
28 80 440
28 81 304
28 82 759
28 83 627
28 84 1089
28 85 809
28 86 325
28 87 233
28 88 404
28 89 926
28 90 783
28 91 350
28 92 843
28 93 764
28 94 415
28 95 411
28 96 242
28 97 894
28 98 202
28 99 824
28 100 993
29 30 603
29 31 1030
29 32 702
29 33 170
29 34 748
29 35 843
29 36 585
29 37 909
29 38 695
29 39 602
29 40 797
29 41 579
29 42 75
29 43 357
29 44 539
29 45 81
29 46 664
29 47 208
29 48 798
29 49 567
29 50 1005
29 51 718
29 52 345
29 53 946
29 54 656
29 55 482
29 56 761
29 57 882
29 58 278
29 59 915
29 60 796
29 61 354
29 62 431
29 63 448
29 64 420
29 65 611
29 66 881
29 67 610
29 68 742
29 69 700
29 70 490
29 71 523
29 72 801
29 73 244
29 74 523
29 75 1085
29 76 870
29 77 630
29 78 834
29 79 1109
29 80 747
29 81 710
29 82 266
29 83 517
29 84 126
29 85 768
29 86 864
29 87 900
29 88 612
29 89 87
29 90 388
29 91 814
29 92 297
29 93 226
29 94 661
29 95 578
29 96 1056
29 97 462
29 98 960
29 99 396
29 100 43
30 31 559
30 32 456
30 33 735
30 34 190
30 35 469
30 36 580
30 37 674
30 38 832
30 39 179
30 40 489
30 41 125
30 42 528
30 43 349
30 44 232
30 45 672
30 46 167
30 47 558
30 48 616
30 49 73
30 50 616
30 51 618
30 52 430
30 53 729
30 54 173
30 55 645
30 56 220
30 57 360
30 58 327
30 59 1010
30 60 194
30 61 535
30 62 547
30 63 231
30 64 225
30 65 117
30 66 856
30 67 334
30 68 210
30 69 111
30 70 169
30 71 313
30 72 571
30 73 372
30 74 413
30 75 628
30 76 767
30 77 802
30 78 826
30 79 644
30 80 630
30 81 445
30 82 337
30 83 594
30 84 729
30 85 914
30 86 292
30 87 612
30 88 428
30 89 521
30 90 269
30 91 619
30 92 354
30 93 462
30 94 130
30 95 355
30 96 733
30 97 788
30 98 644
30 99 690
30 100 633
31 32 383
31 33 1097
31 34 627
31 35 212
31 36 615
31 37 377
31 38 823
31 39 726
31 40 292
31 41 492
31 42 965
31 43 674
31 44 790
31 45 1072
31 46 682
31 47 883
31 48 431
31 49 535
31 50 149
31 51 523
31 52 709
31 53 416
31 54 693
31 55 771
31 56 658
31 57 204
31 58 806
31 59 888
31 60 453
31 61 767
31 62 718
31 63 589
31 64 767
31 65 470
31 66 682
31 67 426
31 68 666
31 69 566
31 70 725
31 71 510
31 72 373
31 73 792
31 74 545
31 75 70
31 76 560
31 77 839
31 78 683
31 79 85
31 80 507
31 81 366
31 82 797
31 83 690
31 84 1138
31 85 876
31 86 311
31 87 298
31 88 464
31 89 969
31 90 808
31 91 417
31 92 874
31 93 814
31 94 433
31 95 465
31 96 288
31 97 957
31 98 262
31 99 885
31 100 1041
32 33 738
32 34 622
32 35 171
32 36 235
32 37 234
32 38 469
32 39 630
32 40 99
32 41 333
32 42 648
32 43 353
32 44 659
32 45 729
32 46 623
32 47 526
32 48 159
32 49 390
32 50 312
32 51 184
32 52 358
32 53 285
32 54 629
32 55 387
32 56 656
32 57 350
32 58 542
32 59 594
32 60 498
32 61 394
32 62 337
32 63 326
32 64 575
32 65 340
32 66 413
32 67 130
32 68 653
32 69 536
32 70 567
32 71 201
32 72 120
32 73 492
32 74 180
32 75 419
32 76 313
32 77 472
32 78 392
32 79 445
32 80 186
32 81 20
32 82 522
32 83 306
32 84 794
32 85 537
32 86 429
32 87 201
32 88 90
32 89 659
32 90 603
32 91 163
32 92 633
32 93 475
32 94 348
32 95 135
32 96 355
32 97 573
32 98 259
32 99 502
32 100 703
33 34 895
33 35 897
33 36 572
33 37 918
33 38 617
33 39 757
33 40 838
33 41 688
33 42 232
33 43 433
33 44 701
33 45 92
33 46 816
33 47 214
33 48 804
33 49 689
33 50 1051
33 51 711
33 52 388
33 53 947
33 54 809
33 55 435
33 56 911
33 57 973
33 58 425
33 59 829
33 60 923
33 61 348
33 62 419
33 63 546
33 64 575
33 65 721
33 66 833
33 67 671
33 68 893
33 69 839
33 70 642
33 71 589
33 72 820
33 73 362
33 74 559
33 75 1146
33 76 845
33 77 549
33 78 785
33 79 1171
33 80 741
33 81 751
33 82 404
33 83 492
33 84 105
33 85 679
33 86 973
33 87 925
33 88 648
33 89 251
33 90 547
33 91 822
33 92 462
33 93 291
33 94 772
33 95 633
33 96 1079
33 97 352
33 98 988
33 99 318
33 100 127
34 35 596
34 36 767
34 37 822
34 38 1021
34 39 164
34 40 635
34 41 307
34 42 673
34 43 535
34 44 246
34 45 823
34 46 94
34 47 734
34 48 779
34 49 262
34 50 718
34 51 794
34 52 617
34 53 877
34 54 106
34 55 836
34 56 35
34 57 424
34 58 471
34 59 1194
34 60 174
34 61 723
34 62 738
34 63 420
34 64 330
34 65 289
34 66 1031
34 67 509
34 68 39
34 69 86
34 70 259
34 71 500
34 72 728
34 73 537
34 74 600
34 75 696
34 76 935
34 77 992
34 78 1004
34 79 706
34 80 803
34 81 607
34 82 490
34 83 784
34 84 874
34 85 1102
34 86 316
34 87 751
34 88 607
34 89 661
34 90 368
34 91 779
34 92 464
34 93 638
34 94 273
34 95 537
34 96 851
34 97 976
34 98 771
34 99 877
34 100 782
35 36 404
35 37 238
35 38 622
35 39 649
35 40 84
35 41 366
35 42 783
35 43 486
35 44 697
35 45 879
35 46 624
35 47 683
35 48 245
35 49 421
35 50 165
35 51 322
35 52 510
35 53 291
35 54 632
35 55 559
35 56 631
35 57 225
35 58 647
35 59 714
35 60 441
35 61 559
35 62 506
35 63 422
35 64 642
35 65 357
35 66 514
35 67 233
35 68 632
35 69 517
35 70 615
35 71 320
35 72 182
35 73 616
35 74 338
35 75 250
35 76 396
35 77 633
35 78 505
35 79 276
35 80 311
35 81 153
35 82 632
35 83 477
35 84 945
35 85 681
35 86 332
35 87 158
35 88 253
35 89 790
35 90 677
35 91 235
35 92 727
35 93 621
35 94 340
35 95 266
35 96 263
35 97 744
35 98 175
35 99 673
35 100 850
36 37 350
36 38 256
36 39 728
36 40 323
36 41 460
36 42 552
36 43 315
36 44 731
36 45 588
36 46 743
36 47 381
36 48 236
36 49 507
36 50 523
36 51 138
36 52 265
36 53 375
36 54 745
36 55 162
36 56 800
36 57 577
36 58 524
36 59 433
36 60 681
36 61 233
36 62 155
36 63 372
36 64 615
36 65 481
36 66 316
36 67 275
36 68 791
36 69 682
36 70 635
36 71 267
36 72 266
36 73 442
36 74 168
36 75 644
36 76 284
36 77 243
36 78 274
36 79 670
36 80 168
36 81 255
36 82 495
36 83 83
36 84 650
36 85 335
36 86 642
36 87 372
36 88 181
36 89 570
36 90 629
36 91 254
36 92 623
36 93 372
36 94 510
36 95 237
36 96 518
36 97 344
36 98 437
36 99 288
36 100 573
37 38 481
37 39 852
37 40 186
37 41 556
37 42 863
37 43 576
37 44 888
37 45 924
37 46 838
37 47 716
37 48 114
37 49 614
37 50 236
37 51 214
37 52 565
37 53 55
37 54 845
37 55 508
37 56 857
37 57 461
37 58 774
37 59 513
37 60 675
37 61 571
37 62 499
37 63 561
37 64 809
37 65 557
37 66 305
37 67 363
37 68 856
37 69 739
37 70 798
37 71 434
37 72 114
37 73 717
37 74 392
37 75 371
37 76 184
37 77 515
37 78 312
37 79 395
37 80 186
37 81 238
37 82 751
37 83 433
37 84 989
37 85 518
37 86 570
37 87 83
37 88 309
37 89 876
37 90 838
37 91 96
37 92 866
37 93 683
37 94 554
37 95 368
37 96 174
37 97 680
37 98 120
37 99 636
37 100 904
38 39 970
38 40 537
38 41 714
38 42 688
38 43 530
38 44 964
38 45 668
38 46 991
38 47 493
38 48 394
38 49 759
38 50 704
38 51 300
38 52 458
38 53 476
38 54 992
38 55 225
38 56 1052
38 57 819
38 58 724
38 59 219
38 60 937
38 61 374
38 62 315
38 63 614
38 64 839
38 65 736
38 66 246
38 67 530
38 68 1043
38 69 936
38 70 869
38 71 520
38 72 449
38 73 630
38 74 420
38 75 836
38 76 319
38 77 68
38 78 204
38 79 862
38 80 316
38 81 490
38 82 691
38 83 243
38 84 717
38 85 84
38 86 893
38 87 538
38 88 434
38 89 711
38 90 845
38 91 410
38 92 819
38 93 531
38 94 766
38 95 493
38 96 651
38 97 277
38 98 596
38 99 302
38 100 669
39 40 668
39 41 297
39 42 529
39 43 449
39 44 82
39 45 680
39 46 70
39 47 618
39 48 789
39 49 239
39 50 793
39 51 782
39 52 531
39 53 907
39 54 58
39 55 765
39 56 166
39 57 522
39 58 334
39 59 1161
39 60 300
39 61 636
39 62 666
39 63 356
39 64 182
39 65 296
39 66 1019
39 67 503
39 68 146
39 69 169
39 70 117
39 71 467
39 72 747
39 73 415
39 74 561
39 75 796
39 76 937
39 77 932
39 78 986
39 79 810
39 80 797
39 81 620
39 82 359
39 83 726
39 84 726
39 85 1054
39 86 433
39 87 792
39 88 592
39 89 514
39 90 214
39 91 793
39 92 308
39 93 525
39 94 308
39 95 519
39 96 912
39 97 884
39 98 824
39 99 785
39 100 639
40 41 374
40 42 741
40 43 444
40 44 708
40 45 826
40 46 652
40 47 625
40 48 166
40 49 431
40 50 213
40 51 238
40 52 456
40 53 242
40 54 659
40 55 481
40 56 670
40 57 299
40 58 622
40 59 633
40 60 492
40 61 494
40 62 436
40 63 400
40 64 637
40 65 372
40 66 437
40 67 200
40 68 669
40 69 552
40 70 620
40 71 283
40 72 104
40 73 580
40 74 279
40 75 322
40 76 322
40 77 549
40 78 425
40 79 348
40 80 227
40 81 87
40 82 604
40 83 399
40 84 892
40 85 597
40 86 398
40 87 125
40 88 189
40 89 751
40 90 670
40 91 158
40 92 709
40 93 571
40 94 367
40 95 221
40 96 268
40 97 666
40 98 171
40 99 599
40 100 800
41 42 506
41 43 267
41 44 333
41 45 638
41 46 292
41 47 492
41 48 492
41 49 57
41 50 523
41 51 492
41 52 341
41 53 611
41 54 297
41 55 537
41 56 340
41 57 312
41 58 323
41 59 887
41 60 247
41 61 442
41 62 442
41 63 145
41 64 278
41 65 32
41 66 731
41 67 209
41 68 332
41 69 221
41 70 249
41 71 193
41 72 450
41 73 335
41 74 293
41 75 558
41 76 642
41 77 688
41 78 701
41 79 577
41 80 505
41 81 323
41 82 321
41 83 479
41 84 700
41 85 795
41 86 286
41 87 499
41 88 303
41 89 504
41 90 317
41 91 496
41 92 382
41 93 400
41 94 83
41 95 231
41 96 629
41 97 692
41 98 536
41 99 596
41 100 601
42 43 297
42 44 469
42 45 150
42 46 591
42 47 195
42 48 754
42 49 493
42 50 946
42 51 680
42 52 298
42 53 902
42 54 583
42 55 467
42 56 687
42 57 812
42 58 203
42 59 908
42 60 721
42 61 327
42 62 404
42 63 379
42 64 347
42 65 538
42 66 858
42 67 549
42 68 669
42 69 624
42 70 416
42 71 462
42 72 753
42 73 173
42 74 472
42 75 1022
42 76 837
42 77 625
42 78 811
42 79 1045
42 80 709
42 81 655
42 82 191
42 83 491
42 84 201
42 85 765
42 86 791
42 87 848
42 88 560
42 89 24
42 90 316
42 91 769
42 92 230
42 93 181
42 94 588
42 95 521
42 96 1004
42 97 477
42 98 907
42 99 399
42 100 109
43 44 435
43 45 399
43 46 483
43 47 227
43 48 474
43 49 284
43 50 649
43 51 418
43 52 82
43 53 621
43 54 481
43 55 317
43 56 561
43 57 539
43 58 210
43 59 736
43 60 514
43 61 188
43 62 218
43 63 123
43 64 308
43 65 300
43 66 631
43 67 252
43 68 548
43 69 460
43 70 341
43 71 166
43 72 463
43 73 140
43 74 186
43 75 728
43 76 582
43 77 486
43 78 589
43 79 752
43 80 443
43 81 359
43 82 182
43 83 289
43 84 464
43 85 615
43 86 544
43 87 555
43 88 268
43 89 306
43 90 316
43 91 487
43 92 308
43 93 142
43 94 349
43 95 223
43 96 709
43 97 441
43 98 612
43 99 342
43 100 367
44 45 619
44 46 152
44 47 579
44 48 816
44 49 276
44 50 847
44 51 799
44 52 513
44 53 942
44 54 140
44 55 751
44 56 245
44 57 588
44 58 286
44 59 1163
44 60 377
44 61 614
44 62 653
44 63 359
44 64 134
44 65 339
44 66 1033
44 67 530
44 68 225
44 69 247
44 70 96
44 71 481
44 72 779
44 73 375
44 74 569
44 75 860
44 76 958
44 77 921
44 78 997
44 79 875
44 80 817
44 81 652
44 82 314
44 83 721
44 84 661
44 85 1048
44 86 506
44 87 833
44 88 611
44 89 452
44 90 153
44 91 822
44 92 242
44 93 489
44 94 362
44 95 539
44 96 961
44 97 855
44 98 869
44 99 757
44 100 579
45 46 741
45 47 208
45 48 812
45 49 632
45 50 1038
45 51 725
45 52 370
45 53 958
45 54 733
45 55 467
45 56 837
45 57 934
45 58 352
45 59 885
45 60 863
45 61 355
45 62 432
45 63 501
45 64 498
45 65 671
45 66 869
45 67 648
45 68 819
45 69 772
45 70 567
45 71 562
45 72 821
45 73 304
45 74 548
45 75 1125
45 76 869
45 77 600
45 78 821
45 79 1149
45 80 755
45 81 739
45 82 336
45 83 513
45 84 66
45 85 736
45 86 924
45 87 923
45 88 638
45 89 166
45 90 467
45 91 828
45 92 378
45 93 258
45 94 722
45 95 613
45 96 1078
45 97 417
45 98 985
45 99 365
45 100 40
46 47 667
46 48 783
46 49 238
46 50 760
46 51 785
46 52 566
46 53 893
46 54 12
46 55 794
46 56 98
46 57 478
46 58 391
46 59 1174
46 60 242
46 61 671
46 62 695
46 63 378
46 64 243
46 65 283
46 66 1023
46 67 501
46 68 78
46 69 116
46 70 174
46 71 477
46 72 737
46 73 466
46 74 575
46 75 752
46 76 935
46 77 957
46 78 992
46 79 765
46 80 798
46 81 611
46 82 413
46 83 749
46 84 789
46 85 1074
46 86 380
46 87 772
46 88 595
46 89 577
46 90 279
46 91 785
46 92 374
46 93 572
46 94 284
46 95 522
46 96 885
46 97 923
46 98 799
46 99 823
46 100 700
47 48 603
47 49 502
47 50 838
47 51 517
47 52 174
47 53 750
47 54 662
47 55 275
47 56 756
47 57 763
47 58 294
47 59 713
47 60 736
47 61 148
47 62 226
47 63 347
47 64 444
47 65 525
47 66 673
47 67 457
47 68 740
47 69 667
47 70 501
47 71 376
47 72 614
47 73 203
47 74 346
47 75 932
47 76 664
47 77 430
47 78 625
47 79 957
47 80 547
47 81 538
47 82 264
47 83 309
47 84 272
47 85 570
47 86 771
47 87 717
47 88 436
47 89 218
47 90 429
47 91 620
47 92 369
47 93 96
47 94 575
47 95 419
47 96 872
47 97 292
47 98 779
47 99 206
47 100 192
48 49 549
48 50 310
48 51 104
48 52 456
48 53 148
48 54 789
48 55 396
48 56 814
48 57 466
48 58 677
48 59 468
48 60 648
48 61 457
48 62 385
48 63 473
48 64 726
48 65 499
48 66 271
48 67 286
48 68 811
48 69 693
48 70 723
48 71 344
48 72 62
48 73 614
48 74 288
48 75 442
48 76 158
48 77 419
48 78 260
48 79 468
48 80 80
48 81 171
48 82 653
48 83 320
48 84 875
48 85 444
48 86 562
48 87 146
48 88 213
48 89 768
48 90 752
48 91 18
48 92 772
48 93 574
48 94 506
48 95 281
48 96 283
48 97 571
48 98 208
48 99 524
48 100 792
49 50 575
49 51 547
49 52 364
49 53 668
49 54 242
49 55 574
49 56 293
49 57 346
49 58 299
49 59 937
49 60 234
49 61 468
49 62 476
49 63 163
49 64 232
49 65 65
49 66 785
49 67 265
49 68 284
49 69 180
49 70 195
49 71 240
49 72 507
49 73 328
49 74 339
49 75 602
49 76 699
49 77 729
49 78 754
49 79 620
49 80 560
49 81 380
49 82 303
49 83 521
49 84 691
49 85 841
49 86 301
49 87 556
49 88 357
49 89 489
49 90 273
49 91 554
49 92 346
49 93 407
49 94 104
49 95 284
49 96 684
49 97 721
49 98 592
49 99 623
49 100 593
50 51 411
50 52 667
50 53 269
50 54 769
50 55 685
50 56 752
50 57 302
50 58 812
50 59 750
50 60 550
50 61 707
50 62 647
50 63 587
50 64 801
50 65 510
50 66 542
50 67 397
50 68 757
50 69 647
50 70 771
50 71 484
50 72 260
50 73 780
50 74 491
50 75 135
50 76 421
50 77 729
50 78 548
50 79 159
50 80 390
50 81 300
50 82 797
50 83 604
50 84 1104
50 85 749
50 86 419
50 87 165
50 88 402
50 89 954
50 90 838
50 91 293
50 92 891
50 93 781
50 94 485
50 95 426
50 96 143
50 97 868
50 98 117
50 99 807
50 100 1010
51 52 384
51 53 236
51 54 789
51 55 293
51 56 828
51 57 528
51 58 627
51 59 410
51 60 680
51 61 369
51 62 293
51 63 442
51 64 696
51 65 506
51 66 238
51 67 284
51 68 822
51 69 707
51 70 703
51 71 317
51 72 151
51 73 554
51 74 237
51 75 540
51 76 164
51 77 318
51 78 210
51 79 566
51 80 29
51 81 203
51 82 600
51 83 221
51 84 787
51 85 359
51 86 613
51 87 250
51 88 190
51 89 697
51 90 716
51 91 123
51 92 725
51 93 499
51 94 522
51 95 263
51 96 387
51 97 466
51 98 312
51 99 422
51 100 709
52 53 604
52 54 564
52 55 238
52 56 644
52 57 592
52 58 267
52 59 669
52 60 589
52 61 105
52 62 143
52 63 201
52 64 383
52 65 373
52 66 580
52 67 283
52 68 631
52 69 541
52 70 421
52 71 202
52 72 456
52 73 178
52 74 178
52 75 758
52 76 544
52 77 410
52 78 536
52 79 783
52 80 412
52 81 368
52 82 236
52 83 222
52 84 436
52 85 542
52 86 609
52 87 555
52 88 268
52 89 313
52 90 387
52 91 471
52 92 364
52 93 118
52 94 420
52 95 244
52 96 711
52 97 358
52 98 616
52 99 259
52 100 344
53 54 900
53 55 528
53 56 912
53 57 513
53 58 821
53 59 485
53 60 730
53 61 603
53 62 528
53 63 611
53 64 860
53 65 612
53 66 278
53 67 415
53 68 912
53 69 795
53 70 851
53 71 483
53 72 164
53 73 761
53 74 435
53 75 403
53 76 163
53 77 517
53 78 293
53 79 425
53 80 206
53 81 290
53 82 798
53 83 457
53 84 1021
53 85 505
53 86 623
53 87 133
53 88 355
53 89 917
53 90 888
53 91 133
53 92 915
53 93 722
53 94 609
53 95 418
53 96 177
53 97 693
53 98 153
53 99 656
53 100 940
54 55 794
54 56 107
54 57 489
54 58 384
54 59 1177
54 60 254
54 61 669
54 62 694
54 63 378
54 64 235
54 65 289
54 66 1028
54 67 506
54 68 88
54 69 127
54 70 166
54 71 480
54 72 743
54 73 460
54 74 577
54 75 763
54 76 940
54 77 957
54 78 996
54 79 776
54 80 802
54 81 617
54 82 407
54 83 750
54 84 781
54 85 1075
54 86 392
54 87 780
54 88 599
54 89 569
54 90 270
54 91 792
54 92 365
54 93 567
54 94 292
54 95 526
54 96 894
54 97 920
54 98 808
54 99 821
54 100 692
55 56 865
55 57 713
55 58 500
55 59 443
55 60 778
55 61 148
55 62 99
55 63 416
55 64 622
55 65 564
55 66 401
55 67 392
55 68 853
55 69 754
55 70 659
55 71 351
55 72 428
55 73 405
55 74 260
55 75 803
55 76 411
55 77 171
55 78 354
55 79 829
55 80 322
55 81 406
55 82 468
55 83 81
55 84 523
55 85 307
55 86 763
55 87 534
55 88 316
55 89 489
55 90 625
55 91 414
55 92 594
55 93 306
55 94 603
55 95 349
55 96 679
55 97 185
55 98 598
55 99 128
55 100 461
56 57 456
56 58 486
56 59 1227
56 60 205
56 61 750
56 62 767
56 63 449
56 64 341
56 65 322
56 66 1066
56 67 543
56 68 19
56 69 120
56 70 271
56 71 533
56 72 763
56 73 557
56 74 632
56 75 727
56 76 970
56 77 1023
56 78 1038
56 79 736
56 80 837
56 81 642
56 82 507
56 83 814
56 84 887
56 85 1134
56 86 347
56 87 786
56 88 640
56 89 674
56 90 377
56 91 814
56 92 473
56 93 660
56 94 308
56 95 570
56 96 885
56 97 1003
56 98 805
56 99 903
56 100 797
57 58 635
57 59 933
57 60 251
57 61 671
57 62 639
57 63 434
57 64 577
57 65 285
57 66 737
57 67 324
57 68 463
57 69 362
57 70 529
57 71 391
57 72 404
57 73 638
57 74 458
57 75 274
57 76 620
57 77 819
57 78 725
57 79 287
57 80 523
57 81 329
57 82 631
57 83 636
57 84 998
57 85 887
57 86 116
57 87 379
57 88 399
57 89 812
57 90 619
57 91 458
57 92 692
57 93 682
57 94 241
57 95 368
57 96 442
57 97 894
57 98 377
57 99 809
57 100 900
58 59 936
58 60 520
58 61 353
58 62 409
58 63 224
58 64 153
58 65 351
58 66 841
58 67 422
58 68 468
58 69 421
58 70 218
58 71 341
58 72 659
58 73 96
58 74 391
58 75 868
58 76 791
58 77 672
58 78 798
58 79 889
58 80 651
58 81 543
58 82 32
58 83 489
58 84 405
58 85 807
58 86 600
58 87 742
58 88 465
58 89 194
58 90 135
58 91 689
58 92 98
58 93 209
58 94 400
58 95 407
58 96 891
58 97 578
58 98 794
58 99 483
58 100 311
59 60 1089
59 61 591
59 62 527
59 63 805
59 64 1043
59 65 905
59 66 207
59 67 686
59 68 1220
59 69 1107
59 70 1067
59 71 697
59 72 531
59 73 844
59 74 600
59 75 885
59 76 328
59 77 285
59 78 208
59 79 908
59 80 410
59 81 613
59 82 904
59 83 447
59 84 931
59 85 149
59 86 1023
59 87 590
59 88 587
59 89 931
59 90 1052
59 91 479
59 92 1033
59 93 749
59 94 927
59 95 657
59 96 658
59 97 479
59 98 633
59 99 520
59 100 887
60 61 689
60 62 686
60 63 390
60 64 412
60 65 216
60 66 912
60 67 407
60 68 213
60 69 130
60 70 347
60 71 427
60 72 591
60 73 561
60 74 523
60 75 522
60 76 806
60 77 919
60 78 890
60 79 532
60 80 684
60 81 481
60 82 530
60 83 714
60 84 921
60 85 1014
60 86 142
60 87 599
60 88 505
60 89 714
60 90 456
60 91 645
60 92 545
60 93 641
60 94 174
60 95 443
60 96 686
60 97 939
60 98 611
60 99 843
60 100 824
61 62 77
61 63 304
61 64 482
61 65 472
61 66 530
61 67 349
61 68 736
61 69 646
61 70 524
61 71 281
61 72 472
61 73 258
61 74 222
61 75 810
61 76 516
61 77 319
61 78 483
61 79 836
61 80 399
61 81 408
61 82 321
61 83 163
61 84 418
61 85 456
61 86 699
61 87 577
61 88 306
61 89 347
61 90 481
61 91 474
61 92 446
61 93 158
61 94 518
61 95 306
61 96 731
61 97 253
61 98 640
61 99 154
61 100 340
62 63 318
62 64 525
62 65 470
62 66 454
62 67 314
62 68 755
62 69 657
62 70 560
62 71 262
62 72 404
62 73 317
62 74 181
62 75 756
62 76 438
62 77 268
62 78 408
62 79 782
62 80 323
62 81 353
62 82 377
62 83 87
62 84 494
62 85 399
62 86 679
62 87 510
62 88 254
62 89 423
62 90 530
62 91 402
62 92 505
62 93 228
62 94 511
62 95 270
62 96 662
62 97 257
62 98 574
62 99 170
62 100 418
63 64 254
63 65 177
63 66 674
63 67 201
63 68 437
63 69 341
63 70 263
63 71 129
63 72 447
63 73 205
63 74 209
63 75 648
63 76 605
63 77 578
63 78 637
63 79 671
63 80 462
63 81 325
63 82 210
63 83 371
63 84 565
63 85 697
63 86 426
63 87 522
63 88 261
63 89 381
63 90 278
63 91 482
63 92 308
63 93 256
63 94 227
63 95 193
63 96 669
63 97 558
63 98 572
63 99 459
63 100 466
64 65 297
64 66 925
64 67 445
64 68 322
64 69 295
64 70 71
64 71 382
64 72 696
64 73 241
64 74 460
64 75 834
64 76 859
64 77 793
64 78 886
64 79 853
64 80 716
64 81 570
64 82 180
64 83 597
64 84 545
64 85 923
64 86 517
64 87 762
64 88 515
64 89 333
64 90 43
64 91 734
64 92 135
64 93 354
64 94 335
64 95 445
64 96 901
64 97 721
64 98 806
64 99 623
64 100 457
65 66 744
65 67 221
65 68 316
65 69 202
65 70 260
65 71 217
65 72 453
65 73 367
65 74 316
65 75 537
65 76 652
65 77 712
65 78 715
65 79 555
65 80 516
65 81 328
65 82 351
65 83 504
65 84 732
65 85 816
65 86 253
65 87 496
65 88 318
65 89 535
65 90 338
65 91 502
65 92 407
65 93 433
65 94 51
65 95 247
65 96 621
65 97 722
65 98 530
65 99 626
65 100 633
66 67 523
66 68 1060
66 69 945
66 70 937
66 71 553
66 72 332
66 73 758
66 74 465
66 75 677
66 76 121
66 77 307
66 78 47
66 79 700
66 80 228
66 81 430
66 82 811
66 83 367
66 84 925
66 85 244
66 86 833
66 87 383
66 88 428
66 89 877
66 90 942
66 91 279
66 92 939
66 93 682
66 94 759
66 95 501
66 96 453
66 97 514
66 98 425
66 99 515
66 100 862
67 68 537
67 69 422
67 70 437
67 71 86
67 72 251
67 73 383
67 74 133
67 75 477
67 76 433
67 77 516
67 78 494
67 79 501
67 80 296
67 81 125
67 82 404
67 83 318
67 84 714
67 85 607
67 86 371
67 87 321
67 88 98
67 89 557
67 90 475
67 91 292
67 92 509
67 93 389
67 94 240
67 95 44
67 96 469
67 97 571
67 98 371
67 99 485
67 100 618
68 69 117
68 70 252
68 71 524
68 72 761
68 73 540
68 74 623
68 75 735
68 76 966
68 77 1013
68 78 1032
68 79 745
68 80 833
68 81 639
68 82 489
68 83 804
68 84 868
68 85 1125
68 86 355
68 87 786
68 88 634
68 89 655
68 90 358
68 91 812
68 92 453
68 93 644
68 94 305
68 95 563
68 96 888
68 97 989
68 98 807
68 99 890
68 100 778
69 70 226
69 71 415
69 72 643
69 73 477
69 74 515
69 75 637
69 76 849
69 77 909
69 78 917
69 79 649
69 80 717
69 81 522
69 82 436
69 83 700
69 84 826
69 85 1017
69 86 265
69 87 670
69 88 520
69 89 615
69 90 337
69 91 694
69 92 430
69 93 571
69 94 187
69 95 450
69 96 776
69 97 899
69 98 693
69 99 801
69 100 731
70 71 386
70 72 688
70 73 298
70 74 473
70 75 794
70 76 863
70 77 827
70 78 901
70 79 810
70 80 721
70 81 560
70 82 241
70 83 625
70 84 615
70 85 953
70 86 460
70 87 745
70 88 516
70 89 403
70 90 111
70 91 730
70 92 206
70 93 408
70 94 291
70 95 444
70 96 878
70 97 770
70 98 785
70 99 671
70 100 526
71 72 319
71 73 297
71 74 99
71 75 562
71 76 477
71 77 495
71 78 518
71 79 586
71 80 335
71 81 201
71 82 322
71 83 288
71 84 628
71 85 601
71 86 419
71 87 400
71 88 132
71 89 470
71 90 407
71 91 353
71 92 432
71 93 304
71 94 252
71 95 65
71 96 551
71 97 519
71 98 453
71 99 427
71 100 532
72 73 604
72 74 280
72 75 388
72 76 218
72 77 469
72 78 323
72 79 414
72 80 133
72 81 127
72 82 637
72 83 349
72 84 886
72 85 503
72 86 502
72 87 106
72 88 195
72 89 765
72 90 724
72 91 54
72 92 752
72 93 575
72 94 456
72 95 254
72 96 258
72 97 609
72 98 170
72 99 554
72 100 799
73 74 326
73 75 850
73 76 717
73 77 577
73 78 714
73 79 873
73 80 580
73 81 496
73 82 64
73 83 400
73 84 365
73 85 713
73 86 621
73 87 693
73 88 408
73 89 176
73 90 230
73 91 627
73 92 188
73 93 114
73 94 418
73 95 359
73 96 847
73 97 482
73 98 750
73 99 387
73 100 266
74 75 589
74 76 402
74 77 396
74 78 428
74 79 614
74 80 260
74 81 191
74 82 366
74 83 191
74 84 614
74 85 502
74 86 502
74 87 377
74 88 90
74 89 484
74 90 479
74 91 301
74 92 488
74 93 296
74 94 349
74 95 89
74 96 533
74 97 437
74 98 437
74 99 351
74 100 523
75 76 556
75 77 858
75 78 684
75 79 26
75 80 521
75 81 403
75 82 858
75 83 721
75 84 1191
75 85 884
75 86 380
75 87 299
75 88 504
75 89 1027
75 90 875
75 91 426
75 92 938
75 93 866
75 94 502
75 95 513
75 96 253
75 97 988
75 98 251
75 99 921
75 100 1095
76 77 366
76 78 130
76 79 580
76 80 142
76 81 328
76 82 764
76 83 355
76 84 929
76 85 342
76 86 720
76 87 262
76 88 346
76 89 854
76 90 880
76 91 163
76 92 889
76 93 656
76 94 662
76 95 419
76 96 341
76 97 557
76 98 304
76 99 537
76 100 856
77 78 263
77 79 884
77 80 339
77 81 492
77 82 639
77 83 208
77 84 648
77 85 139
77 86 885
77 87 565
77 88 424
77 89 648
77 90 797
77 91 436
77 92 765
77 93 474
77 94 746
77 95 476
77 96 688
77 97 209
77 98 625
77 99 235
77 100 602
78 79 708
78 80 206
78 81 410
78 82 768
78 83 321
78 84 877
78 85 214
78 86 817
78 87 386
78 88 397
78 89 831
78 90 902
78 91 271
78 92 897
78 93 636
78 94 733
78 95 470
78 96 471
78 97 468
78 98 433
78 99 467
78 100 814
79 80 546
79 81 429
79 82 880
79 83 748
79 84 1215
79 85 909
79 86 389
79 87 324
79 88 530
79 89 1050
79 90 893
79 91 452
79 92 958
79 93 890
79 94 519
79 95 538
79 96 270
79 97 1014
79 98 275
79 99 947
79 100 1119
80 81 204
80 82 625
80 83 250
80 84 817
80 85 371
80 86 612
80 87 226
80 88 205
80 89 725
80 90 738
80 91 97
80 92 749
80 93 527
80 94 531
80 95 278
80 96 359
80 97 494
80 98 287
80 99 451
80 100 738
81 82 523
81 83 325
81 84 805
81 85 557
81 86 410
81 87 198
81 88 102
81 89 665
81 90 600
81 91 174
81 92 633
81 93 484
81 94 334
81 95 137
81 96 350
81 97 592
81 98 253
81 99 519
81 100 713
82 83 458
82 84 392
82 85 775
82 86 603
82 87 722
82 88 443
82 89 185
82 90 166
82 91 665
82 92 129
82 93 177
82 94 401
82 95 386
82 96 873
82 97 546
82 98 775
82 99 451
82 100 296
83 84 573
83 85 327
83 86 690
83 87 455
83 88 237
83 89 510
83 90 605
83 91 338
83 92 587
83 93 315
83 94 540
83 95 276
83 96 602
83 97 267
83 98 520
83 99 204
83 100 501
84 85 781
84 86 986
84 87 988
84 88 704
84 89 212
84 90 511
84 91 892
84 92 419
84 93 324
84 94 783
84 95 679
84 96 1143
84 97 456
84 98 1050
84 99 415
84 100 99
85 86 965
85 87 584
85 88 509
85 89 788
85 90 929
85 91 459
85 92 902
85 93 612
85 94 845
85 95 571
85 96 683
85 97 329
85 98 637
85 99 372
85 100 740
86 87 489
86 88 461
86 89 788
86 90 561
86 91 556
86 92 643
86 93 683
86 94 202
86 95 414
86 96 559
86 97 937
86 98 492
86 99 846
86 100 887
87 88 288
87 89 860
87 90 794
87 91 129
87 92 830
87 93 673
87 94 487
87 95 335
87 96 155
87 97 714
87 98 64
87 99 660
87 100 899
88 89 571
88 90 539
88 91 223
88 92 560
88 93 385
88 94 339
88 95 73
88 96 443
88 97 500
88 98 348
88 99 422
88 100 613
89 90 300
89 91 783
89 92 211
89 93 198
89 94 586
89 95 529
89 96 1014
89 97 501
89 98 918
89 99 423
89 100 126
90 91 761
90 92 95
90 93 344
90 94 377
90 95 471
90 96 935
90 97 713
90 98 839
90 99 617
90 100 426
91 92 783
91 93 589
91 94 506
91 95 289
91 96 264
91 97 589
91 98 190
91 99 542
91 100 808
92 93 295
92 94 451
92 95 498
92 96 978
92 97 660
92 98 880
92 99 568
92 100 338
93 94 484
93 95 355
93 96 829
93 97 368
93 98 733
93 99 273
93 100 229
94 95 273
94 96 604
94 97 765
94 98 516
94 99 670
94 100 684
95 96 487
95 97 526
95 98 390
95 99 441
95 100 584
96 97 853
96 98 97
96 99 806
96 100 1055
97 98 778
97 99 99
97 100 427
98 99 725
98 100 961
99 100 367
