50 1225
1 2 370
1 3 36
1 4 707
1 5 556
1 6 464
1 7 331
1 8 271
1 9 676
1 10 604
1 11 403
1 12 613
1 13 868
1 14 687
1 15 168
1 16 557
1 17 589
1 18 870
1 19 1021
1 20 756
1 21 659
1 22 166
1 23 756
1 24 301
1 25 293
1 26 375
1 27 365
1 28 248
1 29 533
1 30 351
1 31 103
1 32 589
1 33 673
1 34 800
1 35 269
1 36 416
1 37 506
1 38 623
1 39 669
1 40 566
1 41 455
1 42 631
1 43 528
1 44 605
1 45 774
1 46 714
1 47 207
1 48 652
1 49 532
1 50 291
2 3 393
2 4 668
2 5 463
2 6 296
2 7 571
2 8 297
2 9 743
2 10 323
2 11 108
2 12 635
2 13 604
2 14 406
2 15 530
2 16 693
2 17 328
2 18 593
2 19 757
2 20 389
2 21 290
2 22 405
2 23 390
2 24 425
2 25 503
2 26 636
2 27 546
2 28 182
2 29 218
2 30 154
2 31 321
2 32 239
2 33 352
2 34 556
2 35 104
2 36 139
2 37 445
2 38 291
2 39 739
2 40 344
2 41 417
2 42 361
2 43 341
2 44 470
2 45 589
2 46 536
2 47 381
2 48 371
2 49 237
2 50 260
3 4 689
3 5 546
3 6 500
3 7 297
3 8 307
3 9 649
3 10 637
3 11 419
3 12 592
3 13 871
3 14 721
3 15 138
3 16 527
3 17 623
3 18 874
3 19 1022
3 20 781
3 21 683
3 22 139
3 23 776
3 24 279
3 25 262
3 26 339
3 27 335
3 28 281
3 29 564
3 30 383
3 31 139
3 32 617
3 33 704
3 34 800
3 35 290
3 36 447
3 37 495
3 38 653
3 39 643
3 40 569
3 41 443
3 42 638
3 43 528
3 44 598
3 45 770
3 46 710
3 47 186
3 48 660
3 49 543
3 50 290
4 5 206
4 6 960
4 7 502
4 8 879
4 9 202
4 10 976
4 11 567
4 12 125
4 13 480
4 14 1052
4 15 726
4 16 319
4 17 989
4 18 511
4 19 564
4 20 886
4 21 791
4 22 555
4 23 765
4 24 413
4 25 474
4 26 538
4 27 417
4 28 767
4 29 866
4 30 806
4 31 769
4 32 842
4 33 971
4 34 408
4 35 637
4 36 807
4 37 226
4 38 909
4 39 204
4 40 382
4 41 267
4 42 451
4 43 351
4 44 225
4 45 284
4 46 265
4 47 503
4 48 471
4 49 510
4 50 457
5 6 758
5 7 445
5 8 691
5 9 334
5 10 770
5 11 361
5 12 213
5 13 399
5 14 846
5 15 616
5 16 370
5 17 783
5 18 419
5 19 528
5 20 693
5 21 594
5 22 429
5 23 584
5 24 300
5 25 393
5 26 500
5 27 364
5 28 575
5 29 660
5 30 606
5 31 600
5 32 638
5 33 767
5 34 319
5 35 441
5 36 603
5 37 56
5 38 705
5 39 332
5 40 192
5 41 106
5 42 276
5 43 151
5 44 68
5 45 239
5 46 184
5 47 371
5 48 301
5 49 311
5 50 276
6 7 767
6 8 208
6 9 1016
6 10 180
6 11 404
6 12 916
6 13 870
6 14 245
6 15 626
6 16 942
6 17 150
6 18 852
6 19 1016
6 20 452
6 21 407
6 22 585
6 23 542
6 24 660
6 25 709
6 26 823
6 27 769
6 28 231
6 29 193
6 30 155
6 31 365
6 32 280
6 33 277
6 34 834
6 35 330
6 36 162
6 37 734
6 38 261
6 39 1011
6 40 638
6 41 701
6 42 639
6 43 638
6 44 766
6 45 881
6 46 830
6 47 587
6 48 644
6 49 518
6 50 522
7 8 595
7 9 395
7 10 874
7 11 537
7 12 380
7 13 838
7 14 960
7 15 257
7 16 249
7 17 868
7 18 854
7 19 972
7 20 943
7 21 837
7 22 182
7 23 892
7 24 170
7 25 69
7 26 67
7 27 85
7 28 535
7 29 781
7 30 627
7 31 431
7 32 810
7 33 920
7 34 759
7 35 475
7 36 673
7 37 389
7 38 861
7 39 388
7 40 565
7 41 346
7 42 655
7 43 512
7 44 512
7 45 683
7 46 629
7 47 189
7 48 681
7 49 608
7 50 334
8 9 895
8 10 377
8 11 392
8 12 811
8 13 898
8 14 450
8 15 424
8 16 798
8 17 352
8 18 889
8 19 1052
8 20 603
8 21 530
8 22 416
8 23 655
8 24 520
8 25 546
8 26 644
8 27 613
8 28 122
8 29 342
8 30 169
8 31 168
8 32 422
8 33 464
8 34 846
8 35 258
8 36 240
8 37 655
8 38 430
8 39 890
8 40 622
8 41 611
8 42 653
8 43 604
8 44 718
8 45 863
8 46 806
8 47 434
8 48 666
8 49 531
8 50 421
9 10 1065
9 11 657
9 12 121
9 13 677
9 14 1146
9 15 648
9 16 155
9 17 1072
9 18 707
9 19 766
9 20 1023
9 21 921
9 22 510
9 23 918
9 24 379
9 25 395
9 26 408
9 27 324
9 28 799
9 29 956
9 30 860
9 31 758
9 32 950
9 33 1077
9 34 602
9 35 686
9 36 878
9 37 318
9 38 1014
9 39 6
9 40 526
9 41 330
9 42 609
9 43 482
9 44 383
9 45 482
9 46 455
9 47 471
9 48 633
9 49 640
9 50 494
10 11 411
10 12 955
10 13 794
10 14 86
10 15 772
10 16 1015
10 17 36
10 18 771
10 19 929
10 20 294
10 21 281
10 22 696
10 23 412
10 24 742
10 25 810
10 26 935
10 27 860
10 28 356
10 29 110
10 30 254
10 31 514
10 32 160
10 33 99
10 34 774
10 35 401
10 36 200
10 37 759
10 38 107
10 39 1061
10 40 615
10 41 736
10 42 590
10 43 630
10 44 762
10 45 845
10 46 802
10 47 685
10 48 588
10 49 483
10 50 582
11 12 544
11 13 507
11 14 490
11 15 547
11 16 623
11 17 422
11 18 499
11 19 661
11 20 406
11 21 299
11 22 393
11 23 364
11 24 376
11 25 468
11 26 605
11 27 498
11 28 271
11 29 301
11 30 262
11 31 381
11 32 295
11 33 420
11 34 454
11 35 148
11 36 244
11 37 348
11 38 358
11 39 653
11 40 236
11 41 327
11 42 261
11 43 233
11 44 363
11 45 481
11 46 428
11 47 356
11 48 275
11 49 141
11 50 205
12 13 570
12 14 1035
12 15 615
12 16 197
12 17 963
12 18 597
12 19 671
12 20 903
12 21 802
12 22 454
12 23 797
12 24 313
12 25 359
12 26 413
12 27 297
12 28 707
12 29 845
12 30 760
12 31 686
12 32 834
12 33 963
12 34 493
12 35 586
12 36 772
12 37 200
12 38 900
12 39 119
12 40 405
12 41 218
12 42 488
12 43 362
12 44 264
12 45 379
12 46 344
12 47 406
12 48 512
12 49 520
12 50 396
13 14 842
13 15 971
13 16 757
13 17 822
13 18 37
13 19 154
13 20 576
13 21 524
13 22 784
13 23 425
13 24 679
13 25 780
13 26 897
13 27 761
13 28 778
13 29 701
13 30 754
13 31 874
13 32 634
13 33 742
13 34 80
13 35 651
13 36 711
13 37 451
13 38 694
13 39 679
13 40 302
13 41 491
13 42 246
13 43 344
13 44 330
13 45 196
13 46 226
13 47 728
13 48 232
13 49 367
13 50 582
14 15 854
14 16 1099
14 17 98
14 18 816
14 19 970
14 20 301
14 21 318
14 22 782
14 23 438
14 24 828
14 25 896
14 26 1021
14 27 946
14 28 440
14 29 189
14 30 338
14 31 595
14 32 216
14 33 101
14 34 828
14 35 487
14 36 286
14 37 838
14 38 149
14 39 1142
14 40 684
14 41 817
14 42 652
14 43 703
14 44 835
14 45 907
14 46 867
14 47 771
14 48 646
14 49 551
14 50 666
15 16 506
15 17 756
15 18 978
15 19 1119
15 20 919
15 21 820
15 22 188
15 23 909
15 24 319
15 25 256
15 26 272
15 27 324
15 28 415
15 29 701
15 30 519
15 31 261
15 32 756
15 33 841
15 34 897
15 35 426
15 36 584
15 37 560
15 38 791
15 39 641
15 40 672
15 41 509
15 42 748
15 43 626
15 44 675
15 45 850
15 46 791
15 47 246
15 48 772
15 49 663
15 50 391
16 17 1017
16 18 782
16 19 865
16 20 1016
16 21 910
16 22 391
16 23 930
16 24 281
16 25 265
16 26 255
16 27 191
16 28 715
16 29 911
16 30 789
16 31 648
16 32 918
16 33 1041
16 34 678
16 35 618
16 36 819
16 37 332
16 38 979
16 39 148
16 40 549
16 41 319
16 42 639
16 43 498
16 44 434
16 45 571
16 46 531
16 47 364
16 48 665
16 49 640
16 50 433
17 18 799
17 19 959
17 20 330
17 21 314
17 22 688
17 23 446
17 24 741
17 25 805
17 26 928
17 27 858
17 28 342
17 29 127
17 30 242
17 31 496
17 32 190
17 33 135
17 34 800
17 35 399
17 36 198
17 37 770
17 38 141
17 39 1068
17 40 634
17 41 745
17 42 613
17 43 646
17 44 778
17 45 867
17 46 823
17 47 681
17 48 612
17 49 503
17 50 584
18 19 164
18 20 545
18 21 497
18 22 792
18 23 394
18 24 692
18 25 794
18 26 914
18 27 778
18 28 770
18 29 679
18 30 741
18 31 871
18 32 610
18 33 715
18 34 104
18 35 645
18 36 695
18 37 470
18 38 669
18 39 708
18 40 306
18 41 508
18 42 241
18 43 352
18 44 351
18 45 228
18 46 253
18 47 736
18 48 224
18 49 358
18 50 587
19 20 688
19 21 651
19 22 931
19 23 537
19 24 819
19 25 918
19 26 1028
19 27 892
19 28 932
19 29 841
19 30 905
19 31 1028
19 32 769
19 33 868
19 34 222
19 35 805
19 36 860
19 37 583
19 38 826
19 39 769
19 40 454
19 41 627
19 42 400
19 43 494
19 44 460
19 45 295
19 46 344
19 47 874
19 48 386
19 49 520
19 50 733
20 21 107
20 22 790
20 23 151
20 24 783
20 25 874
20 26 1010
20 27 904
20 28 530
20 29 264
20 30 438
20 31 692
20 32 181
20 33 203
20 34 581
20 35 493
20 36 365
20 37 705
20 38 192
20 39 1021
20 40 504
20 41 701
20 42 440
20 43 542
20 44 660
20 45 682
20 46 656
20 47 759
20 48 425
20 49 383
20 50 611
21 22 685
21 23 135
21 24 675
21 25 767
21 26 904
21 27 797
21 28 444
21 29 213
21 30 361
21 31 602
21 32 127
21 33 217
21 34 515
21 35 393
21 36 290
21 37 602
21 38 175
21 39 918
21 40 409
21 41 597
21 42 354
21 43 442
21 44 565
21 45 605
21 46 573
21 47 652
21 48 343
21 49 282
21 50 504
22 23 758
22 24 142
22 25 130
22 26 239
22 27 200
22 28 353
22 29 607
22 30 446
22 31 257
22 32 644
22 33 748
22 34 709
22 35 304
22 36 496
22 37 374
22 38 691
22 39 503
22 40 487
22 41 323
22 42 567
22 43 440
22 44 487
22 45 662
22 46 603
22 47 58
22 48 592
22 49 492
22 50 211
23 24 724
23 25 823
23 26 959
23 27 841
23 28 560
23 29 349
23 30 486
23 31 711
23 32 263
23 33 337
23 34 434
23 35 487
23 36 418
23 37 605
23 38 305
23 39 917
23 40 391
23 41 611
23 42 314
23 43 437
23 44 542
23 45 542
23 46 522
23 47 717
23 48 295
23 49 291
23 50 559
24 25 104
24 26 237
24 27 122
24 28 433
24 29 642
24 30 509
24 31 379
24 32 661
24 33 778
24 34 601
24 35 341
24 36 543
24 37 244
24 38 717
24 39 373
24 40 397
24 41 194
24 42 486
24 43 345
24 44 363
24 45 538
24 46 481
24 47 94
24 48 512
24 49 438
24 50 171
25 26 137
25 27 73
25 28 478
25 29 715
25 30 566
25 31 388
25 32 742
25 33 854
25 34 701
25 35 410
25 36 609
25 37 336
25 38 795
25 39 388
25 40 501
25 41 290
25 42 590
25 43 449
25 44 459
25 45 632
25 46 576
25 47 124
25 48 616
25 49 539
25 50 264
26 27 136
26 28 592
26 29 844
26 30 686
26 31 478
26 32 875
26 33 984
26 34 817
26 35 539
26 36 735
26 37 446
26 38 926
26 39 402
26 40 629
26 41 406
26 42 720
26 43 576
26 44 569
26 45 736
26 46 684
26 47 254
26 48 746
26 49 675
26 50 401
27 28 539
27 29 762
27 30 622
27 31 458
27 32 783
27 33 899
27 34 681
27 35 459
27 36 660
27 37 309
27 38 838
27 39 317
27 40 497
27 41 270
27 42 588
27 43 443
27 44 432
27 45 600
27 46 548
27 47 182
27 48 614
27 49 552
27 50 293
28 29 288
28 30 103
28 31 164
28 32 354
28 33 426
28 34 725
28 35 136
28 36 171
28 37 541
28 38 379
28 39 794
28 40 500
28 41 501
28 42 532
28 43 483
28 44 599
28 45 741
28 46 684
28 47 356
28 48 546
28 49 411
28 50 312
29 30 187
29 31 453
29 32 87
29 33 141
29 34 675
29 35 305
29 36 117
29 37 649
29 38 91
29 39 953
29 40 506
29 41 627
29 42 487
29 43 520
29 44 653
29 45 740
29 46 695
29 47 591
29 48 486
29 49 376
29 50 478
30 31 266
30 32 258
30 33 323
30 34 709
30 35 174
30 36 73
30 37 580
30 38 278
30 39 855
30 40 498
30 41 546
30 42 513
30 43 493
30 44 618
30 45 743
30 46 690
30 47 442
30 48 522
30 49 390
30 50 366
31 32 518
31 33 590
31 34 811
31 35 233
31 36 336
31 37 555
31 38 544
31 39 752
31 40 577
31 41 507
31 42 630
31 43 547
31 44 640
31 45 802
31 46 743
31 47 286
31 48 648
31 49 519
31 50 324
32 33 128
32 34 615
32 35 340
32 36 185
32 37 635
32 38 67
32 39 946
32 40 469
32 41 619
32 42 435
32 43 491
32 44 622
32 45 691
32 46 651
32 47 621
32 48 431
32 49 336
32 50 491
33 34 730
33 35 445
33 36 257
33 37 764
33 38 62
33 39 1074
33 40 597
33 41 747
33 42 558
33 43 620
33 44 750
33 45 813
33 46 776
33 47 731
33 48 551
33 49 464
33 50 610
34 35 594
34 36 673
34 37 371
34 38 679
34 39 603
34 40 234
34 41 412
34 42 196
34 43 272
34 44 250
34 45 129
34 46 148
34 47 652
34 48 190
34 49 319
34 50 511
35 36 201
35 37 411
35 38 387
35 39 681
35 40 365
35 41 373
35 42 405
35 43 346
35 44 462
35 45 605
35 46 548
35 47 286
35 48 421
35 49 288
35 50 192
36 37 584
36 38 208
36 39 874
36 40 475
36 41 554
36 42 477
36 43 477
36 44 607
36 45 718
36 46 668
36 47 485
36 48 483
36 49 356
36 50 387
37 38 701
37 39 316
37 40 217
37 41 51
37 42 307
37 43 168
37 44 123
37 45 295
37 46 240
37 47 317
37 48 333
37 49 321
37 50 235
38 39 1011
38 40 537
38 41 684
38 42 502
38 43 559
38 44 690
38 45 757
38 46 718
38 47 672
38 48 496
38 49 404
38 50 548
39 40 525
39 41 327
39 42 608
39 43 481
39 44 383
39 45 484
39 46 456
39 47 465
39 48 632
39 49 637
39 50 489
40 41 235
40 42 92
40 43 53
40 44 156
40 45 244
40 46 192
40 47 432
40 48 118
40 49 133
40 50 281
41 42 327
41 43 182
41 44 169
41 45 344
41 46 287
41 47 265
41 48 353
41 49 321
41 50 190
42 43 145
42 44 228
42 45 255
42 46 219
42 47 514
42 48 26
42 49 123
42 50 357
43 44 132
43 45 258
43 46 201
43 47 384
43 48 172
43 49 160
43 50 238
44 45 175
44 46 117
44 47 429
44 48 250
44 49 287
44 50 317
45 46 60
45 47 604
45 48 262
45 49 365
45 50 483
46 47 545
46 48 231
46 49 319
46 50 423
47 48 539
47 49 445
47 50 162
48 49 134
48 50 381
49 50 282
