100 4950
1 2 893
1 3 896
1 4 615
1 5 470
1 6 459
1 7 102
1 8 554
1 9 962
1 10 636
1 11 83
1 12 659
1 13 378
1 14 917
1 15 933
1 16 693
1 17 481
1 18 895
1 19 618
1 20 667
1 21 451
1 22 123
1 23 601
1 24 635
1 25 698
1 26 823
1 27 872
1 28 915
1 29 842
1 30 360
1 31 867
1 32 946
1 33 852
1 34 397
1 35 944
1 36 268
1 37 754
1 38 323
1 39 297
1 40 794
1 41 762
1 42 899
1 43 525
1 44 401
1 45 592
1 46 329
1 47 1013
1 48 968
1 49 795
1 50 655
1 51 883
1 52 540
1 53 367
1 54 586
1 55 441
1 56 868
1 57 387
1 58 435
1 59 69
1 60 473
1 61 773
1 62 481
1 63 748
1 64 634
1 65 709
1 66 587
1 67 670
1 68 683
1 69 977
1 70 794
1 71 892
1 72 902
1 73 423
1 74 944
1 75 624
1 76 847
1 77 843
1 78 329
1 79 890
1 80 804
1 81 759
1 82 934
1 83 304
1 84 706
1 85 351
1 86 579
1 87 613
1 88 655
1 89 211
1 90 947
1 91 890
1 92 216
1 93 506
1 94 852
1 95 667
1 96 483
1 97 949
1 98 638
1 99 811
1 100 389
2 3 293
2 4 964
2 5 579
2 6 449
2 7 809
2 8 338
2 9 106
2 10 622
2 11 833
2 12 582
2 13 732
2 14 333
2 15 453
2 16 962
2 17 1078
2 18 630
2 19 890
2 20 637
2 21 578
2 22 833
2 23 420
2 24 369
2 25 496
2 26 74
2 27 704
2 28 128
2 29 248
2 30 1024
2 31 300
2 32 483
2 33 153
2 34 503
2 35 294
2 36 931
2 37 138
2 38 581
2 39 714
2 40 157
2 41 267
2 42 268
2 43 1075
2 44 503
2 45 848
2 46 700
2 47 777
2 48 420
2 49 147
2 50 1014
2 51 28
2 52 539
2 53 559
2 54 1000
2 55 565
2 56 307
2 57 734
2 58 728
2 59 862
2 60 679
2 61 134
2 62 487
2 63 279
2 64 485
2 65 327
2 66 372
2 67 480
2 68 374
2 69 344
2 70 199
2 71 827
2 72 399
2 73 798
2 74 760
2 75 707
2 76 456
2 77 460
2 78 687
2 79 619
2 80 453
2 81 767
2 82 526
2 83 617
2 84 358
2 85 995
2 86 716
2 87 358
2 88 281
2 89 681
2 90 289
2 91 373
2 92 681
2 93 1126
2 94 335
2 95 234
2 96 410
2 97 434
2 98 1070
2 99 513
2 100 779
3 4 774
3 5 730
3 6 445
3 7 797
3 8 406
3 9 233
3 10 420
3 11 858
3 12 374
3 13 859
3 14 41
3 15 160
3 16 751
3 17 941
3 18 348
3 19 694
3 20 422
3 21 475
3 22 803
3 23 301
3 24 568
3 25 283
3 26 314
3 27 430
3 28 422
3 29 68
3 30 918
3 31 30
3 32 190
3 33 146
3 34 573
3 35 49
3 36 846
3 37 305
3 38 642
3 39 642
3 40 184
3 41 516
3 42 26
3 43 924
3 44 502
3 45 657
3 46 618
3 47 487
3 48 132
3 49 195
3 50 818
3 51 318
3 52 401
3 53 529
3 54 822
3 55 475
3 56 33
3 57 864
3 58 595
3 59 887
3 60 538
3 61 354
3 62 417
3 63 523
3 64 311
3 65 186
3 66 542
3 67 286
3 68 219
3 69 85
3 70 457
3 71 558
3 72 107
3 73 663
3 74 477
3 75 505
3 76 179
3 77 185
3 78 609
3 79 337
3 80 193
3 81 524
3 82 234
3 83 689
3 84 195
3 85 888
3 86 529
3 87 542
3 88 466
3 89 703
3 90 53
3 91 83
3 92 715
3 93 989
3 94 64
3 95 299
3 96 459
3 97 142
3 98 885
3 99 249
3 100 909
4 5 906
4 6 601
4 7 545
4 8 722
4 9 968
4 10 354
4 11 659
4 12 400
4 13 906
4 14 766
4 15 698
4 16 87
4 17 246
4 18 535
4 19 81
4 20 352
4 21 418
4 22 500
4 23 544
4 24 939
4 25 492
4 26 925
4 27 458
4 28 1058
4 29 764
4 30 319
4 31 745
4 32 689
4 33 837
4 34 706
4 35 818
4 36 358
4 37 860
4 38 691
4 39 395
4 40 808
4 41 1007
4 42 794
4 43 199
4 44 586
4 45 117
4 46 377
4 47 565
4 48 756
4 49 817
4 50 53
4 51 972
4 52 427
4 53 522
4 54 61
4 55 440
4 56 741
4 57 917
4 58 273
4 59 668
4 60 301
4 61 911
4 62 512
4 63 1000
4 64 482
4 65 641
4 66 879
4 67 496
4 68 593
4 69 817
4 70 994
4 71 394
4 72 706
4 73 227
4 74 496
4 75 268
4 76 619
4 77 611
4 78 390
4 79 537
4 80 588
4 81 302
4 82 648
4 83 722
4 84 613
4 85 305
4 86 249
4 87 902
4 88 885
4 89 613
4 90 824
4 91 713
4 92 643
4 93 279
4 94 710
4 95 759
4 96 681
4 97 726
4 98 111
4 99 546
4 100 940
5 6 365
5 7 444
5 8 330
5 9 677
5 10 720
5 11 387
5 12 713
5 13 159
5 14 767
5 15 843
5 16 956
5 17 877
5 18 912
5 19 868
5 20 753
5 21 527
5 22 493
5 23 543
5 24 220
5 25 689
5 26 505
5 27 935
5 28 543
5 29 663
5 30 772
5 31 712
5 32 867
5 33 619
5 34 214
5 35 766
5 36 662
5 37 460
5 38 215
5 39 513
5 40 560
5 41 354
5 42 719
5 43 905
5 44 346
5 45 827
5 46 529
5 47 1065
5 48 849
5 49 554
5 50 958
5 51 557
5 52 580
5 53 395
5 54 906
5 55 503
5 56 716
5 57 159
5 58 638
5 59 409
5 60 631
5 61 445
5 62 464
5 63 338
5 64 627
5 65 586
5 66 206
5 67 655
5 68 593
5 69 815
5 70 410
5 71 1014
5 72 792
5 73 679
5 74 1013
5 75 765
5 76 782
5 77 781
5 78 516
5 79 902
5 80 748
5 81 895
5 82 882
5 83 192
5 84 604
5 85 752
5 86 738
5 87 221
5 88 297
5 89 314
5 90 765
5 91 769
5 92 289
5 93 916
5 94 719
5 95 431
5 96 302
5 97 843
5 98 975
5 99 787
5 100 202
6 7 366
6 8 128
6 9 506
6 10 357
6 11 414
6 12 347
6 13 449
6 14 473
6 15 515
6 16 632
6 17 654
6 18 551
6 19 546
6 20 389
6 21 185
6 22 386
6 23 186
6 24 338
6 25 327
6 26 387
6 27 570
6 28 503
6 29 387
6 30 584
6 31 419
6 32 535
6 33 392
6 34 156
6 35 491
6 36 485
6 37 315
6 38 205
6 39 271
6 40 336
6 41 410
6 42 445
6 43 663
6 44 58
6 45 501
6 46 264
6 47 702
6 48 537
6 49 337
6 50 655
6 51 445
6 52 217
6 53 110
6 54 619
6 55 162
6 56 421
6 57 457
6 58 330
6 59 443
6 60 302
6 61 349
6 62 101
6 63 402
6 64 262
6 65 265
6 66 280
6 67 293
6 68 253
6 69 530
6 70 410
6 71 649
6 72 473
6 73 392
6 74 647
6 75 411
6 76 441
6 77 439
6 78 250
6 79 542
6 80 402
6 81 533
6 82 540
6 83 255
6 84 271
6 85 556
6 86 392
6 87 301
6 88 287
6 89 258
6 90 494
6 91 455
6 92 269
6 93 701
6 94 411
6 95 216
6 96 80
6 97 524
6 98 692
6 99 432
6 100 498
7 8 471
7 9 872
7 10 535
7 11 115
7 12 557
7 13 386
7 14 817
7 15 831
7 16 618
7 17 448
7 18 793
7 19 538
7 20 566
7 21 348
7 22 51
7 23 500
7 24 580
7 25 595
7 26 741
7 27 772
7 28 841
7 29 744
7 30 335
7 31 767
7 32 843
7 33 759
7 34 328
7 35 845
7 36 227
7 37 671
7 38 261
7 39 197
7 40 702
7 41 700
7 42 801
7 43 485
7 44 309
7 45 508
7 46 229
7 47 914
7 48 866
7 49 704
7 50 589
7 51 801
7 52 437
7 53 268
7 54 524
7 55 338
7 56 768
7 57 396
7 58 340
7 59 129
7 60 374
7 61 694
7 62 380
7 63 687
7 64 531
7 65 610
7 66 528
7 67 567
7 68 582
7 69 877
7 70 725
7 71 797
7 72 800
7 73 338
7 74 845
7 75 528
7 76 745
7 77 740
7 78 228
7 79 788
7 80 702
7 81 665
7 82 832
7 83 258
7 84 605
7 85 318
7 86 484
7 87 554
7 88 586
7 89 142
7 90 848
7 91 788
7 92 159
7 93 482
7 94 752
7 95 579
7 96 399
7 97 847
7 98 583
7 99 708
7 100 409
8 9 410
8 10 445
8 11 497
8 12 423
8 13 453
8 14 440
8 15 512
8 16 746
8 17 783
8 18 593
8 19 662
8 20 473
8 21 304
8 22 497
8 23 234
8 24 233
8 25 377
8 26 270
8 27 630
8 28 377
8 29 339
8 30 711
8 31 385
8 32 536
8 33 315
8 34 175
8 35 445
8 36 610
8 37 200
8 38 251
8 39 398
8 40 254
8 41 285
8 42 398
8 43 791
8 44 172
8 45 617
8 46 392
8 47 750
8 48 519
8 49 252
8 50 776
8 51 329
8 52 313
8 53 235
8 54 743
8 55 283
8 56 389
8 57 458
8 58 454
8 59 526
8 60 421
8 61 226
8 62 210
8 63 278
8 64 324
8 65 255
8 66 181
8 67 345
8 68 267
8 69 491
8 70 281
8 71 725
8 72 461
8 73 518
8 74 704
8 75 511
8 76 453
8 77 453
8 78 378
8 79 583
8 80 421
8 81 621
8 82 553
8 83 294
8 84 276
8 85 683
8 86 499
8 87 195
8 88 163
8 89 343
8 90 445
8 91 438
8 92 345
8 93 830
8 94 389
8 95 118
8 96 71
8 97 513
8 98 816
8 99 465
8 100 503
9 10 617
9 11 907
9 12 573
9 13 828
9 14 266
9 15 388
9 16 957
9 17 1104
9 18 581
9 19 891
9 20 626
9 21 608
9 22 892
9 23 438
9 24 472
9 25 482
9 26 173
9 27 662
9 28 218
9 29 210
9 30 1060
9 31 250
9 32 417
9 33 132
9 34 583
9 35 218
9 36 974
9 37 220
9 38 660
9 39 758
9 40 174
9 41 374
9 42 206
9 43 1096
9 44 563
9 45 850
9 46 741
9 47 718
9 48 345
9 49 170
9 50 1016
9 51 134
9 52 556
9 53 612
9 54 1009
9 55 599
9 56 256
9 57 831
9 58 751
9 59 936
9 60 699
9 61 234
9 62 525
9 63 386
9 64 486
9 65 328
9 66 471
9 67 473
9 68 375
9 69 263
9 70 305
9 71 789
9 72 339
9 73 822
9 74 710
9 75 703
9 76 409
9 77 415
9 78 729
9 79 570
9 80 417
9 81 744
9 82 464
9 83 700
9 84 355
9 85 1031
9 86 718
9 87 460
9 88 380
9 89 752
9 90 212
9 91 316
9 92 755
9 93 1153
9 94 288
9 95 294
9 96 480
9 97 365
9 98 1077
9 99 476
9 100 876
10 11 636
10 12 46
10 13 781
10 14 415
10 15 363
10 16 340
10 17 532
10 18 262
10 19 274
10 20 33
10 21 206
10 22 517
10 23 220
10 24 678
10 25 138
10 26 594
10 27 238
10 28 727
10 29 410
10 30 531
10 31 391
10 32 362
10 33 487
10 34 506
10 35 465
10 36 487
10 37 535
10 38 531
10 39 338
10 40 465
10 41 712
10 42 440
10 43 509
10 44 376
10 45 236
10 46 306
10 47 380
10 48 417
10 49 475
10 50 400
10 51 634
10 52 140
10 53 341
10 54 401
10 55 228
10 56 387
10 57 790
10 58 220
10 59 658
10 60 168
10 61 590
10 62 256
10 63 710
10 64 138
10 65 295
10 66 624
10 67 144
10 68 247
10 69 469
10 70 686
10 71 294
10 72 360
10 73 273
10 74 314
10 75 86
10 76 276
10 77 269
10 78 306
10 79 258
10 80 240
10 81 176
10 82 332
10 83 577
10 84 264
10 85 503
10 86 110
10 87 640
10 88 601
10 89 515
10 90 471
10 91 364
10 92 541
10 93 578
10 94 356
10 95 443
10 96 432
10 97 389
10 98 465
10 99 211
10 100 826
11 12 654
11 13 296
11 14 883
11 15 909
11 16 733
11 17 548
11 18 890
11 19 654
11 20 668
11 21 439
11 22 160
11 23 572
11 24 559
11 25 682
11 26 761
11 27 875
11 28 847
11 29 801
11 30 430
11 31 831
11 32 924
11 33 803
11 34 330
11 35 905
11 36 330
11 37 694
11 38 253
11 39 305
11 40 744
11 41 688
11 42 860
11 43 589
11 44 356
11 45 623
11 46 336
11 47 1016
11 48 940
11 49 743
11 50 703
11 51 821
11 52 527
11 53 335
11 54 637
11 55 425
11 56 832
11 57 306
11 58 452
11 59 29
11 60 481
11 61 709
11 62 452
11 63 673
11 64 616
11 65 674
11 66 513
11 67 653
11 68 652
11 69 942
11 70 723
11 71 907
11 72 874
11 73 453
11 74 949
11 75 636
11 76 826
11 77 822
11 78 333
11 79 883
11 80 784
11 81 774
11 82 917
11 83 229
11 84 674
11 85 418
11 86 593
11 87 538
11 88 585
11 89 156
11 90 908
11 91 859
11 92 151
11 93 578
11 94 820
11 95 612
11 96 426
11 97 923
11 98 694
11 99 796
11 100 311
12 13 782
12 14 369
12 15 319
12 16 384
12 17 577
12 18 236
12 19 320
12 20 55
12 21 217
12 22 543
12 23 192
12 24 656
12 25 92
12 26 556
12 27 228
12 28 690
12 29 365
12 30 573
12 31 345
12 32 320
12 33 444
12 34 500
12 35 418
12 36 524
12 37 500
12 38 531
12 39 363
12 40 424
12 41 683
12 42 394
12 43 555
12 44 372
12 45 283
12 46 332
12 47 367
12 48 372
12 49 434
12 50 445
12 51 595
12 52 136
12 53 345
12 54 447
12 55 235
12 56 341
12 57 791
12 58 256
12 59 678
12 60 201
12 61 556
12 62 249
12 63 681
12 64 104
12 65 254
12 66 604
12 67 101
12 68 208
12 69 422
12 70 653
12 71 303
12 72 314
12 73 314
12 74 306
12 75 131
12 76 231
12 77 225
12 78 330
12 79 230
12 80 194
12 81 199
12 82 292
12 83 579
12 84 223
12 85 545
12 86 156
12 87 619
12 88 575
12 89 525
12 90 425
12 91 317
12 92 550
12 93 624
12 94 310
12 95 411
12 96 418
12 97 344
12 98 511
12 99 169
12 100 829
13 14 893
13 15 956
13 16 968
13 17 834
13 18 999
13 19 882
13 20 814
13 21 576
13 22 437
13 23 635
13 24 379
13 25 775
13 26 658
13 27 1010
13 28 702
13 29 792
13 30 720
13 31 837
13 32 978
13 33 759
13 34 295
13 35 898
13 36 614
13 37 608
13 38 250
13 39 513
13 40 699
13 41 513
13 42 851
13 43 870
13 44 411
13 45 844
13 46 537
13 47 1146
13 48 969
13 49 693
13 50 955
13 51 712
13 52 645
13 53 440
13 54 896
13 55 553
13 56 841
13 57 10
13 58 656
13 59 310
13 60 663
13 61 597
13 62 536
13 63 497
13 64 709
13 65 699
13 66 360
13 67 741
13 68 697
13 69 944
13 70 569
13 71 1074
13 72 909
13 73 682
13 74 1088
13 75 810
13 76 888
13 77 886
13 78 527
13 79 990
13 80 850
13 81 947
13 82 987
13 83 203
13 84 712
13 85 704
13 86 776
13 87 377
13 88 451
13 89 293
13 90 898
13 91 888
13 92 263
13 93 867
13 94 840
13 95 564
13 96 406
13 97 961
13 98 960
13 99 882
13 100 50
14 15 122
14 16 739
14 17 942
14 18 318
14 19 685
14 20 413
14 21 488
14 22 822
14 23 318
14 24 608
14 25 279
14 26 356
14 27 403
14 28 461
14 29 107
14 30 924
14 31 55
14 32 151
14 33 188
14 34 605
14 35 54
14 36 856
14 37 347
14 38 672
14 39 656
14 40 226
14 41 558
14 42 65
14 43 923
14 44 528
14 45 650
14 46 631
14 47 452
14 48 90
14 49 236
14 50 809
14 51 358
14 52 409
14 53 551
14 54 816
14 55 490
14 56 52
14 57 899
14 58 600
14 59 911
14 60 543
14 61 396
14 62 437
14 63 565
14 64 316
14 65 209
14 66 582
14 67 287
14 68 235
14 69 60
14 70 499
14 71 531
14 72 74
14 73 667
14 74 446
14 75 498
14 76 156
14 77 163
14 78 622
14 79 308
14 80 179
14 81 506
14 82 198
14 83 720
14 84 212
14 85 894
14 86 525
14 87 582
14 88 506
14 89 729
14 90 61
14 91 55
14 92 742
14 93 989
14 94 66
14 95 337
14 96 491
14 97 101
14 98 877
14 99 229
14 100 944
15 16 659
15 17 895
15 18 204
15 19 616
15 20 352
15 21 486
15 22 828
15 23 337
15 24 703
15 25 245
15 26 471
15 27 294
15 28 582
15 29 213
15 30 892
15 31 156
15 32 29
15 33 304
15 34 662
15 35 171
15 36 837
15 37 453
15 38 721
15 39 653
15 40 333
15 41 667
15 42 186
15 43 869
15 44 566
15 45 586
15 46 624
15 47 330
15 48 60
15 49 345
15 50 735
15 51 478
15 52 399
15 53 574
15 54 752
15 55 493
15 56 149
15 57 963
15 58 571
15 59 936
15 60 514
15 61 506
15 62 457
15 63 672
15 64 301
15 65 257
15 66 670
15 67 266
15 68 262
15 69 140
15 70 611
15 71 421
15 72 56
15 73 633
15 74 328
15 75 437
15 76 89
15 77 95
15 78 618
15 79 195
15 80 131
15 81 416
15 82 76
15 83 771
15 84 245
15 85 863
15 86 471
15 87 673
15 88 602
15 89 760
15 90 178
15 91 83
15 92 778
15 93 940
15 94 131
15 95 424
15 96 550
15 97 30
15 98 808
15 99 152
15 100 1006
16 17 331
16 18 482
16 19 87
16 20 331
16 21 447
16 22 575
16 23 549
16 24 971
16 25 475
16 26 930
16 27 398
16 28 1064
16 29 748
16 30 407
16 31 724
16 32 647
16 33 828
16 34 750
16 35 792
16 36 441
16 37 868
16 38 743
16 39 454
16 40 805
16 41 1028
16 42 773
16 43 281
16 44 624
16 45 131
16 46 432
16 47 493
16 48 719
16 49 815
16 50 88
16 51 973
16 52 439
16 53 564
16 54 144
16 55 470
16 56 719
16 57 978
16 58 318
16 59 744
16 60 331
16 61 921
16 62 537
16 63 1023
16 64 477
16 65 635
16 66 912
16 67 484
16 68 588
16 69 786
16 70 1010
16 71 319
16 72 674
16 73 286
16 74 427
16 75 255
16 76 586
16 77 579
16 78 443
16 79 485
16 80 559
16 81 247
16 82 603
16 83 778
16 84 605
16 85 393
16 86 251
16 87 933
16 88 910
16 89 674
16 90 798
16 91 684
16 92 704
16 93 361
16 94 687
16 95 770
16 96 713
16 97 689
16 98 165
16 99 512
16 100 1004
17 18 757
17 19 310
17 20 543
17 21 500
17 22 396
17 23 666
17 24 966
17 25 663
17 26 1027
17 27 689
17 28 1152
17 29 916
17 30 120
17 31 911
17 32 892
17 33 973
17 34 710
17 35 989
17 36 220
17 37 957
17 38 669
17 39 389
17 40 933
17 41 1061
17 42 957
17 43 56
17 44 618
17 45 322
17 46 390
17 47 806
17 48 949
17 49 940
17 50 252
17 51 1081
17 52 549
17 53 551
17 54 187
17 55 514
17 56 908
17 57 844
17 58 353
17 59 546
17 60 406
17 61 999
17 62 593
17 63 1051
17 64 631
17 65 780
17 66 908
17 67 655
17 68 735
17 69 998
17 70 1065
17 71 638
17 72 892
17 73 282
17 74 736
17 75 460
17 76 809
17 77 802
17 78 405
17 79 758
17 80 772
17 81 535
17 82 857
17 83 685
17 84 758
17 85 130
17 86 423
17 87 933
17 88 937
17 89 563
17 90 994
17 91 893
17 92 589
17 93 48
17 94 880
17 95 852
17 96 725
17 97 921
17 98 195
17 99 742
17 100 856
18 19 456
18 20 235
18 21 451
18 22 778
18 23 368
18 24 814
18 25 224
18 26 632
18 27 91
18 28 756
18 29 382
18 30 777
18 31 332
18 32 183
18 33 477
18 34 708
18 35 371
18 36 745
18 37 597
18 38 750
18 39 599
18 40 488
18 41 806
18 42 374
18 43 723
18 44 588
18 45 435
18 46 567
18 47 158
18 48 263
18 49 500
18 50 565
18 51 652
18 52 365
18 53 572
18 54 594
18 55 467
18 56 325
18 57 1007
18 58 480
18 59 913
18 60 430
18 61 654
18 62 464
18 63 809
18 64 289
18 65 352
18 66 770
18 67 258
18 68 327
18 69 345
18 70 760
18 71 217
18 72 243
18 73 527
18 74 130
18 75 305
18 76 174
18 77 170
18 78 566
18 79 10
18 80 184
18 81 235
18 82 132
18 83 799
18 84 324
18 85 751
18 86 349
18 87 780
18 88 720
18 89 757
18 90 378
18 91 265
18 92 781
18 93 799
18 94 295
18 95 538
18 96 609
18 97 234
18 98 641
18 99 129
18 100 1047
19 20 271
19 21 361
19 22 498
19 23 472
19 24 884
19 25 412
19 26 854
19 27 382
19 28 987
19 29 685
19 30 363
19 31 665
19 32 608
19 33 760
19 34 662
19 35 737
19 36 378
19 37 791
19 38 655
19 39 369
19 40 733
19 41 945
19 42 714
19 43 269
19 44 537
19 45 44
19 46 345
19 47 496
19 48 674
19 49 743
19 50 125
19 51 899
19 52 358
19 53 476
19 54 138
19 55 384
19 56 661
19 57 892
19 58 230
19 59 666
19 60 244
19 61 842
19 62 452
19 63 939
19 64 405
19 65 565
19 66 826
19 67 417
19 68 517
19 69 736
19 70 929
19 71 329
19 72 624
19 73 202
19 74 425
19 75 188
19 76 537
19 77 530
19 78 356
19 79 458
19 80 506
19 81 226
19 82 567
19 83 690
19 84 536
19 85 343
19 86 174
19 87 847
19 88 825
19 89 589
19 90 743
19 91 632
19 92 619
19 93 348
19 94 629
19 95 691
19 96 627
19 97 645
19 98 192
19 99 465
19 100 919
20 21 240
20 22 547
20 23 245
20 24 706
20 25 144
20 26 612
20 27 206
20 28 745
20 29 417
20 30 549
20 31 394
20 32 348
20 33 498
20 34 539
20 35 465
20 36 510
20 37 555
20 38 564
20 39 369
20 40 479
20 41 737
20 42 443
20 43 517
20 44 409
20 45 237
20 46 337
20 47 348
20 48 408
20 49 490
20 50 396
20 51 650
20 52 172
20 53 374
20 54 403
20 55 261
20 56 390
20 57 823
20 58 245
20 59 690
20 60 196
20 61 611
20 62 288
20 63 735
20 64 158
20 65 310
20 66 653
20 67 157
20 68 263
20 69 465
20 70 708
20 71 261
20 72 354
20 73 294
20 74 281
20 75 85
20 76 268
20 77 261
20 78 337
20 79 232
20 80 235
20 81 147
20 82 315
20 83 611
20 84 278
20 85 522
20 86 120
20 87 669
20 88 628
20 89 548
20 90 471
20 91 360
20 92 574
20 93 588
20 94 358
20 95 466
20 96 463
20 97 379
20 98 464
20 99 199
20 100 860
21 22 342
21 23 176
21 24 523
21 25 246
21 26 528
21 27 443
21 28 655
21 29 436
21 30 452
21 31 445
21 32 496
21 33 479
21 34 313
21 35 524
21 36 372
21 37 458
21 38 327
21 39 168
21 40 435
21 41 589
21 42 485
21 43 499
21 44 182
21 45 316
21 46 142
21 47 583
21 48 526
21 49 441
21 50 471
21 51 581
21 52 88
21 53 135
21 54 440
21 55 24
21 56 444
21 57 585
21 58 153
21 59 463
21 60 117
21 61 504
21 62 96
21 63 582
21 64 184
21 65 295
21 66 465
21 67 220
21 68 256
21 69 548
21 70 580
21 71 498
21 72 460
21 73 221
21 74 520
21 75 238
21 76 398
21 77 393
21 78 134
21 79 444
21 80 355
21 81 371
21 82 483
21 83 372
21 84 280
21 85 423
21 86 211
21 87 486
21 88 467
21 89 309
21 90 529
21 91 452
21 92 334
21 93 548
21 94 422
21 95 354
21 96 266
21 97 504
21 98 512
21 99 359
21 100 620
22 23 503
22 24 621
22 25 587
22 26 767
22 27 751
22 28 872
22 29 754
22 30 283
22 31 774
22 32 838
22 33 775
22 34 365
22 35 852
22 36 176
22 37 696
22 38 303
22 39 179
22 40 720
22 41 738
22 42 809
22 43 434
22 44 330
22 45 470
22 46 210
22 47 892
22 48 866
22 49 722
22 50 543
22 51 827
22 52 430
22 53 281
22 54 476
22 55 335
22 56 774
22 57 447
22 58 312
22 59 168
22 60 352
22 61 723
22 62 386
22 63 725
22 64 526
22 65 617
22 66 567
22 67 562
22 68 586
22 69 882
22 70 760
22 71 769
22 72 800
22 73 300
22 74 823
22 75 502
22 76 740
22 77 735
22 78 213
22 79 773
22 80 697
22 81 636
22 82 824
22 83 305
22 84 609
22 85 266
22 86 457
22 87 593
22 88 621
22 89 184
22 90 856
22 91 790
22 92 205
22 93 430
22 94 756
22 95 601
22 96 427
22 97 845
22 98 534
22 99 699
22 100 460
23 24 466
23 25 145
23 26 382
23 27 396
23 28 515
23 29 259
23 30 627
23 31 271
23 32 354
23 33 306
23 34 341
23 35 350
23 36 549
23 37 319
23 38 390
23 39 341
23 40 268
23 41 492
23 42 310
23 43 659
23 44 231
23 45 429
23 46 317
23 47 522
23 48 367
23 49 276
23 50 595
23 51 428
23 52 119
23 53 237
23 54 579
23 55 173
23 56 270
23 57 643
23 58 313
23 59 600
23 60 261
23 61 372
23 62 120
23 63 489
23 64 90
23 65 118
23 66 415
23 67 112
23 68 82
23 69 378
23 70 465
23 71 491
23 72 301
23 73 384
23 74 472
23 75 298
23 76 258
23 77 255
23 78 308
23 79 359
23 80 218
23 81 391
23 82 355
23 83 440
23 84 106
23 85 598
23 86 299
23 87 429
23 88 383
23 89 422
23 90 354
23 91 288
23 92 440
23 93 715
23 94 252
23 95 223
23 96 241
23 97 350
23 98 649
23 99 247
23 100 684
24 25 606
24 26 299
24 27 858
24 28 323
24 29 501
24 30 878
24 31 556
24 32 731
24 33 437
24 34 259
24 35 595
24 36 769
24 37 269
24 38 319
24 39 578
24 40 385
24 41 135
24 42 552
24 43 983
24 44 355
24 45 840
24 46 582
24 47 972
24 48 696
24 49 376
24 50 992
24 51 345
24 52 544
24 53 422
24 54 953
24 55 500
24 56 562
24 57 379
24 58 666
24 59 585
24 60 640
24 61 239
24 62 435
24 63 119
24 64 556
24 65 464
24 66 59
24 67 575
24 68 487
24 69 647
24 70 190
24 71 957
24 72 648
24 73 723
24 74 931
24 75 743
24 76 660
24 77 661
24 78 567
24 79 804
24 80 635
24 81 854
24 82 757
24 83 331
24 84 490
24 85 853
24 86 728
24 87 37
24 88 102
24 89 438
24 90 593
24 91 623
24 92 424
24 93 1010
24 94 573
24 95 281
24 96 257
24 97 697
24 98 1025
24 99 684
24 100 422
25 26 475
25 27 252
25 28 608
25 29 273
25 30 650
25 31 253
25 32 252
25 33 354
25 34 483
25 35 328
25 36 592
25 37 424
25 38 527
25 39 410
25 40 338
25 41 618
25 42 302
25 43 643
25 44 365
25 45 375
25 46 381
25 47 376
25 48 292
25 49 349
25 50 538
25 51 510
25 52 157
25 53 354
25 54 539
25 55 258
25 56 249
25 57 783
25 58 327
25 59 708
25 60 270
25 61 481
25 62 242
25 63 618
25 64 67
25 65 171
25 66 558
25 67 33
25 68 128
25 69 335
25 70 582
25 71 354
25 72 231
25 73 391
25 74 327
25 75 223
25 76 156
25 77 150
25 78 376
25 79 215
25 80 114
25 81 273
25 82 236
25 83 576
25 84 138
25 85 621
25 86 246
25 87 570
25 88 518
25 89 542
25 90 334
25 91 230
25 92 563
25 93 710
25 94 219
25 95 343
25 96 387
25 97 267
25 98 603
25 99 113
25 100 823
26 27 700
26 28 133
26 29 258
26 30 967
26 31 315
26 32 501
26 33 168
26 34 431
26 35 326
26 36 871
26 37 71
26 38 509
26 39 655
26 40 144
26 41 210
26 42 292
26 43 1027
26 44 438
26 45 811
26 46 644
26 47 785
26 48 446
26 49 132
26 50 977
26 51 59
26 52 498
26 53 497
26 54 958
26 55 513
26 56 321
26 57 660
26 58 680
26 59 790
26 60 634
26 61 60
26 62 434
26 63 220
26 64 455
26 65 304
26 66 299
26 67 455
26 68 348
26 69 379
26 70 145
26 71 819
26 72 415
26 73 749
26 74 761
26 75 677
26 76 459
26 77 463
26 78 630
26 79 622
26 80 450
26 81 748
26 82 539
26 83 544
26 84 336
26 85 938
26 86 681
26 87 286
26 88 208
26 89 611
26 90 322
26 91 389
26 92 610
26 93 1075
26 94 344
26 95 175
26 96 341
26 97 456
26 98 1029
26 99 509
26 100 706
27 28 827
27 29 457
27 30 720
27 31 412
27 32 274
27 33 552
27 34 725
27 35 457
27 36 699
27 37 658
27 38 759
27 39 574
27 40 556
27 41 862
27 42 456
27 43 651
27 44 599
27 45 367
27 46 542
27 47 141
27 48 353
27 49 568
27 50 484
27 51 724
27 52 365
27 53 573
27 54 519
27 55 462
27 56 405
27 57 1019
27 58 443
27 59 896
27 60 399
27 61 716
27 62 475
27 63 863
27 64 309
27 65 406
27 66 810
27 67 284
27 68 373
27 69 434
27 70 821
27 71 128
27 72 329
27 73 480
27 74 77
27 75 255
27 76 252
27 77 246
27 78 543
27 79 99
27 80 250
27 81 155
27 82 223
27 83 807
27 84 375
27 85 695
27 86 302
27 87 822
27 88 767
27 89 752
27 90 464
27 91 348
27 92 778
27 93 730
27 94 374
27 95 589
27 96 636
27 97 324
27 98 561
27 99 191
27 100 1057
28 29 374
28 30 1087
28 31 428
28 32 612
28 33 279
28 34 518
28 35 422
28 36 988
28 37 198
28 38 594
28 39 774
28 40 272
28 41 194
28 42 396
28 43 1154
28 44 550
28 45 944
28 46 765
28 47 904
28 48 548
28 49 260
28 50 1110
28 51 104
28 52 630
28 53 612
28 54 1089
28 55 639
28 56 435
28 57 703
28 58 808
28 59 876
28 60 764
28 61 153
28 62 560
28 63 210
28 64 589
28 65 437
28 66 347
28 67 588
28 68 482
28 69 472
28 70 133
28 71 948
28 72 528
28 73 877
28 74 885
28 75 810
28 76 581
28 77 585
28 78 751
28 79 745
28 80 576
28 81 881
28 82 654
28 83 622
28 84 469
28 85 1059
28 86 814
28 87 326
28 88 264
28 89 705
28 90 417
28 91 502
28 92 699
28 93 1200
28 94 462
28 95 301
28 96 445
28 97 563
28 98 1161
28 99 636
28 100 746
29 30 885
29 31 57
29 32 243
29 33 95
29 34 509
29 35 106
29 36 808
29 37 241
29 38 579
29 39 599
29 40 120
29 41 454
29 42 59
29 43 903
29 44 445
29 45 646
29 46 576
29 47 529
29 48 196
29 49 131
29 50 811
29 51 270
29 52 368
29 53 476
29 54 808
29 55 432
29 56 64
29 57 797
29 58 565
29 59 830
29 60 510
29 61 292
29 62 369
29 63 460
29 64 287
29 65 140
29 66 475
29 67 268
29 68 182
29 69 152
29 70 397
29 71 582
29 72 157
29 73 635
29 74 512
29 75 497
29 76 207
29 77 212
29 78 566
29 79 371
29 80 208
29 81 534
29 82 281
29 83 626
29 84 159
29 85 855
29 86 515
29 87 474
29 88 398
29 89 645
29 90 107
29 91 130
29 92 656
29 93 965
29 94 87
29 95 231
29 96 394
29 97 201
29 98 874
29 99 268
29 100 843
30 31 887
30 32 893
30 33 932
30 34 619
30 35 966
30 36 110
30 37 896
30 38 571
30 39 313
30 40 886
30 41 981
30 42 931
30 43 170
30 44 541
30 45 360
30 46 323
30 47 848
30 48 943
30 49 892
30 50 341
30 51 1023
30 52 517
30 53 475
30 54 269
30 55 461
30 56 885
30 57 730
30 58 323
30 59 427
30 60 381
30 61 933
30 62 537
30 63 970
30 64 608
30 65 745
30 66 820
30 67 637
30 68 702
30 69 982
30 70 991
30 71 689
30 72 881
30 73 259
30 74 776
30 75 472
30 76 803
30 77 796
30 78 336
30 79 776
30 80 763
30 81 572
30 82 863
30 83 581
30 84 726
30 85 29
30 86 429
30 87 846
30 88 859
30 89 458
30 90 971
30 91 879
30 92 483
30 93 147
30 94 859
30 95 792
30 96 649
30 97 916
30 98 300
30 99 742
30 100 740
31 32 186
31 33 149
31 34 550
31 35 79
31 36 816
31 37 298
31 38 617
31 39 612
31 40 177
31 41 511
31 42 49
31 43 894
31 44 475
31 45 628
31 46 587
31 47 476
31 48 140
31 49 189
31 50 790
31 51 324
31 52 370
31 53 500
31 54 793
31 55 444
31 56 6
31 57 843
31 58 564
31 59 859
31 60 507
31 61 350
31 62 388
31 63 518
31 64 280
31 65 157
31 66 528
31 67 255
31 68 189
31 69 111
31 70 455
31 71 538
31 72 100
31 73 633
31 74 462
31 75 477
31 76 159
31 77 165
31 78 578
31 79 322
31 80 169
31 81 500
31 82 226
31 83 665
31 84 165
31 85 857
31 86 500
31 87 529
31 88 454
31 89 676
31 90 84
31 91 73
31 92 689
31 93 959
31 94 38
31 95 282
31 96 435
31 97 143
31 98 856
31 99 226
31 100 888
32 33 334
32 34 684
32 35 199
32 36 841
32 37 482
32 38 741
32 39 662
32 40 362
32 41 696
32 42 215
32 43 865
32 44 585
32 45 580
32 46 633
32 47 302
32 48 80
32 49 374
32 50 726
32 51 508
32 52 408
32 53 590
32 54 745
32 55 505
32 56 179
32 57 985
32 58 575
32 59 951
32 60 518
32 61 535
32 62 473
32 63 701
32 64 312
32 65 281
32 66 697
32 67 276
32 68 282
32 69 165
32 70 641
32 71 400
32 72 85
32 73 634
32 74 304
32 75 432
32 76 98
32 77 103
32 78 628
32 79 175
32 80 141
32 81 403
32 82 51
32 83 791
32 84 266
32 85 865
32 86 469
32 87 701
32 88 630
32 89 777
32 90 206
32 91 112
32 92 795
32 93 937
32 94 160
32 95 451
32 96 573
32 97 53
32 98 799
32 99 150
32 100 1029
33 34 491
33 35 161
33 36 847
33 37 168
33 38 565
33 39 633
33 40 60
33 41 373
33 42 123
33 43 964
33 44 451
33 45 719
33 46 614
33 47 625
33 48 278
33 49 65
33 50 885
33 51 175
33 52 424
33 53 493
33 54 877
33 55 471
33 56 156
33 57 763
33 58 620
33 59 832
33 60 567
33 61 211
33 62 399
33 63 381
33 64 355
33 65 196
33 66 420
33 67 343
33 68 243
33 69 214
33 70 312
33 71 676
33 72 249
33 73 691
33 74 607
33 75 573
33 76 302
33 77 307
33 78 602
33 79 466
33 80 301
33 81 621
33 82 375
33 83 609
33 84 223
33 85 902
33 86 587
33 87 415
33 88 336
33 89 646
33 90 158
33 91 223
33 92 653
33 93 1021
33 94 182
33 95 197
33 96 380
33 97 288
33 98 945
33 99 361
33 100 808
34 35 615
34 36 510
34 37 366
34 38 77
34 39 325
34 40 430
34 41 372
34 42 568
34 43 729
34 44 131
34 45 619
34 46 334
34 47 858
34 48 678
34 49 427
34 50 759
34 51 490
34 52 366
34 53 185
34 54 712
34 55 289
34 56 553
34 57 302
34 58 433
34 59 360
34 60 421
34 61 378
34 62 251
34 63 360
34 64 419
34 65 405
34 66 203
34 67 449
34 68 402
34 69 659
34 70 398
34 71 800
34 72 616
34 73 482
34 74 803
34 75 551
34 76 592
34 77 590
34 78 320
34 79 699
34 80 555
34 81 680
34 82 692
34 83 118
34 84 417
34 85 594
34 86 525
34 87 229
34 88 259
34 89 187
34 90 616
34 91 596
34 92 181
34 93 753
34 94 549
34 95 294
34 96 114
34 97 667
34 98 783
34 99 588
34 100 345
35 36 895
35 37 327
35 38 685
35 39 691
35 40 209
35 41 534
35 42 47
35 43 971
35 44 549
35 45 701
35 46 667
35 47 502
35 48 127
35 49 219
35 50 861
35 51 321
35 52 449
35 53 577
35 54 866
35 55 524
35 56 81
35 57 903
35 58 643
35 59 934
35 60 586
35 61 372
35 62 466
35 63 542
35 64 359
35 65 235
35 66 573
35 67 333
35 68 268
35 69 53
35 70 471
35 71 585
35 72 128
35 73 711
35 74 499
35 75 549
35 76 211
35 77 218
35 78 658
35 79 361
35 80 232
35 81 561
35 82 248
35 83 732
35 84 244
35 85 937
35 86 574
35 87 571
35 88 493
35 89 749
35 90 6
35 91 110
35 92 761
35 93 1036
35 94 109
35 95 334
35 96 501
35 97 147
35 98 929
35 99 284
35 100 948
36 37 800
36 38 460
36 39 216
36 40 799
36 41 875
36 42 857
36 43 259
36 44 439
36 45 362
36 46 233
36 47 834
36 48 884
36 49 804
36 50 392
36 51 929
36 52 447
36 53 375
36 54 321
36 55 377
36 56 814
36 57 624
36 58 267
36 59 330
36 60 323
36 61 835
36 62 449
36 63 864
36 64 542
36 65 667
36 66 712
36 67 574
36 68 627
36 69 916
36 70 887
36 71 688
36 72 820
36 73 218
36 74 762
36 75 443
36 76 748
36 77 741
36 78 245
36 79 742
36 80 706
36 81 561
36 82 817
36 83 471
36 84 652
36 85 90
36 86 397
36 87 738
36 88 754
36 89 348
36 90 900
36 91 816
36 92 373
36 93 254
36 94 790
36 95 697
36 96 545
36 97 859
36 98 370
36 99 693
36 100 636
37 38 444
37 39 583
37 40 121
37 41 213
37 42 286
37 43 957
37 44 367
37 45 747
37 46 572
37 47 753
37 48 437
37 49 110
37 50 912
37 51 130
37 52 433
37 53 425
37 54 891
37 55 442
37 56 305
37 57 611
37 58 611
37 59 724
37 60 566
37 61 57
37 62 364
37 63 219
37 64 397
37 65 254
37 66 257
37 67 401
37 68 295
37 69 380
37 70 162
37 71 774
37 72 397
37 73 680
37 74 724
37 75 616
37 76 428
37 77 431
37 78 559
37 79 587
37 80 413
37 81 696
37 82 516
37 83 481
37 84 286
37 85 867
37 86 618
37 87 249
37 88 169
37 89 543
37 90 325
37 91 370
37 92 543
37 93 1004
37 94 322
37 95 104
37 96 271
37 97 442
37 98 963
37 99 470
37 100 657
38 39 298
38 40 505
38 41 441
38 42 638
38 43 694
38 44 161
38 45 614
38 46 313
38 47 896
38 48 741
38 49 503
38 50 743
38 51 568
38 52 394
38 53 191
38 54 691
38 55 304
38 56 619
38 57 259
38 58 425
38 59 282
38 60 423
38 61 455
38 62 286
38 63 427
38 64 460
38 65 467
38 66 267
38 67 493
38 68 459
38 69 727
38 70 471
38 71 824
38 72 677
38 73 464
38 74 837
38 75 565
38 76 647
38 77 645
38 78 301
38 79 742
38 80 608
38 81 699
38 82 745
38 83 49
38 84 476
38 85 548
38 86 533
38 87 293
38 88 332
38 89 119
38 90 686
38 91 658
38 92 107
38 93 710
38 94 613
38 95 369
38 96 185
38 97 728
38 98 760
38 99 636
38 100 297
39 40 583
39 41 672
39 42 651
39 43 405
39 44 230
39 45 332
39 46 32
39 47 716
39 48 694
39 49 587
39 50 446
39 51 712
39 52 254
39 53 163
39 54 393
39 55 167
39 56 611
39 57 523
39 58 149
39 59 324
39 60 177
39 61 620
39 62 233
39 63 662
39 64 351
39 65 458
39 66 519
39 67 386
39 68 422
39 69 716
39 70 678
39 71 601
39 72 629
39 73 169
39 74 648
39 75 331
39 76 565
39 77 559
39 78 34
39 79 594
39 80 522
39 81 469
39 82 646
39 83 327
39 84 446
39 85 285
39 86 288
39 87 544
39 88 549
39 89 219
39 90 695
39 91 620
39 92 250
39 93 434
39 94 590
39 95 481
39 96 337
39 97 672
39 98 462
39 99 521
39 100 550
40 41 334
40 42 166
40 43 927
40 44 393
40 45 691
40 46 566
40 47 641
40 48 315
40 49 12
40 50 858
40 51 171
40 52 387
40 53 439
40 54 846
40 55 424
40 56 184
40 57 703
40 58 580
40 59 773
40 60 529
40 61 172
40 62 350
40 63 340
40 64 328
40 65 169
40 66 364
40 67 322
40 68 217
40 69 261
40 70 278
40 71 676
40 72 277
40 73 651
40 74 617
40 75 550
40 76 315
40 77 319
40 78 554
40 79 477
40 80 305
40 81 611
40 82 398
40 83 548
40 84 201
40 85 857
40 86 559
40 87 361
40 88 283
40 89 588
40 90 208
40 91 250
40 92 594
40 93 981
40 94 203
40 95 136
40 96 320
40 97 321
40 98 915
40 99 365
40 100 749
41 42 496
41 43 1072
41 44 442
41 45 901
41 46 671
41 47 963
41 48 648
41 49 322
41 50 1060
41 51 240
41 52 590
41 53 510
41 54 1028
41 55 568
41 56 518
41 57 513
41 58 739
41 59 716
41 60 706
41 61 162
41 62 494
41 63 16
41 64 579
41 65 456
41 66 175
41 67 591
41 68 491
41 69 587
41 70 68
41 71 972
41 72 610
41 73 802
41 74 931
41 75 786
41 76 640
41 77 642
41 78 656
41 79 796
41 80 622
41 81 883
41 82 729
41 83 459
41 84 487
41 85 954
41 86 779
41 87 150
41 88 123
41 89 559
41 90 530
41 91 584
41 92 548
41 93 1107
41 94 536
41 95 274
41 96 335
41 97 655
41 98 1101
41 99 678
41 100 555
42 43 942
42 44 503
42 45 677
42 46 627
42 47 514
42 48 154
42 49 176
42 50 839
42 51 293
42 52 413
42 53 532
42 54 841
42 55 484
42 56 54
42 57 856
42 58 609
42 59 888
42 60 553
42 61 333
42 62 423
42 63 503
42 64 326
42 65 192
42 66 528
42 67 303
42 68 229
42 69 95
42 70 435
42 71 584
42 72 134
42 73 678
42 74 504
42 75 525
42 76 204
42 77 211
42 78 618
42 79 364
42 80 217
42 81 548
42 82 260
42 83 685
42 84 205
42 85 901
42 86 548
42 87 527
42 88 449
42 89 703
42 90 48
42 91 109
42 92 715
42 93 1005
42 94 87
42 95 288
42 96 454
42 97 166
42 98 905
42 99 274
42 100 901
43 44 630
43 45 287
43 46 402
43 47 764
43 48 925
43 49 934
43 50 199
43 51 1079
43 52 540
43 53 563
43 54 138
43 55 515
43 56 891
43 57 880
43 58 347
43 59 589
43 60 397
43 61 1002
43 62 594
43 63 1063
43 64 616
43 65 769
43 66 923
43 67 638
43 68 723
43 69 978
43 70 1072
43 71 593
43 72 869
43 73 277
43 74 694
43 75 432
43 76 785
43 77 778
43 78 416
43 79 724
43 80 749
43 81 496
43 82 827
43 83 713
43 84 745
43 85 173
43 86 398
43 87 948
43 88 948
43 89 592
43 90 977
43 91 872
43 92 619
43 93 80
43 94 861
43 95 853
43 96 736
43 97 896
43 98 139
43 99 716
43 100 894
44 45 493
44 46 228
44 47 735
44 48 591
44 49 395
44 50 639
44 51 497
44 52 237
44 53 67
44 54 598
44 55 158
44 56 477
44 57 419
44 58 312
44 59 385
44 60 293
44 61 397
44 62 124
44 63 432
44 64 298
44 65 320
44 66 296
44 67 331
44 68 304
44 69 586
44 70 449
44 71 670
44 72 526
44 73 367
44 74 677
44 75 419
44 76 489
44 77 486
44 78 214
44 79 580
44 80 449
44 81 549
44 82 586
44 83 211
44 84 324
44 85 514
44 86 394
44 87 319
44 88 319
44 89 200
44 90 551
44 91 509
44 92 213
44 93 664
44 94 466
44 95 271
44 96 107
44 97 576
44 98 670
44 99 474
44 100 459
45 46 307
45 47 489
45 48 644
45 49 701
45 50 166
45 51 857
45 52 314
45 53 433
45 54 166
45 55 340
45 56 624
45 57 854
45 58 189
45 59 636
45 60 200
45 61 799
45 62 407
45 63 895
45 64 364
45 65 524
45 66 782
45 67 378
45 68 476
45 69 702
45 70 885
45 71 329
45 72 591
45 73 170
45 74 417
45 75 152
45 76 505
45 77 498
45 78 317
45 79 436
45 80 472
45 81 214
45 82 541
45 83 650
45 84 495
45 85 338
45 86 132
45 87 803
45 88 781
45 89 551
45 90 707
45 91 597
45 92 581
45 93 364
45 94 593
45 95 647
45 96 582
45 97 614
45 98 228
45 99 434
45 100 881
46 47 684
46 48 667
46 49 571
46 50 429
46 51 700
46 52 225
46 53 160
46 54 379
46 55 144
46 56 586
46 57 547
46 58 120
46 59 355
46 60 145
46 61 611
46 62 215
46 63 661
46 64 323
46 65 436
46 66 522
46 67 358
46 68 398
46 69 691
46 70 674
46 71 570
46 72 601
46 73 150
46 74 616
46 75 299
46 76 536
46 77 530
46 78 14
46 79 562
46 80 493
46 81 438
46 82 615
46 83 346
46 84 422
46 85 294
46 86 257
46 87 546
46 88 547
46 89 244
46 90 671
46 91 594
46 92 274
46 93 437
46 94 564
46 95 469
46 96 335
46 97 644
46 98 449
46 99 490
46 100 574
47 48 379
47 49 653
47 50 581
47 51 800
47 52 503
47 53 712
47 54 627
47 55 602
47 56 469
47 57 1155
47 58 583
47 59 1038
47 60 540
47 61 809
47 62 610
47 63 966
47 64 439
47 65 510
47 66 928
47 67 410
47 68 485
47 69 466
47 70 916
47 71 175
47 72 379
47 73 616
47 74 72
47 75 393
47 76 325
47 77 322
47 78 685
47 79 168
47 80 341
47 81 275
47 82 253
47 83 945
47 84 482
47 85 824
47 86 440
47 87 938
47 88 878
47 89 893
47 90 508
47 91 404
47 92 918
47 93 843
47 94 442
47 95 696
47 96 764
47 97 355
47 98 659
47 99 287
47 100 1194
48 49 326
48 50 795
48 51 446
48 52 441
48 53 605
48 54 810
48 55 531
48 56 134
48 57 975
48 58 620
48 59 967
48 60 563
48 61 486
48 62 488
48 63 655
48 64 343
48 65 273
48 66 668
48 67 310
48 68 287
48 69 86
48 70 589
48 71 480
48 72 66
48 73 684
48 74 384
48 75 493
48 76 140
48 77 147
48 78 660
48 79 254
48 80 179
48 81 476
48 82 132
48 83 790
48 84 267
48 85 914
48 86 527
48 87 669
48 88 594
48 89 788
48 90 133
48 91 82
48 92 804
48 93 996
48 94 129
48 95 421
48 96 564
48 97 30
48 98 867
48 99 209
48 100 1020
49 50 867
49 51 160
49 52 395
49 53 442
49 54 854
49 55 430
49 56 195
49 57 698
49 58 587
49 59 773
49 60 537
49 61 160
49 62 355
49 63 328
49 64 338
49 65 180
49 66 356
49 67 332
49 68 227
49 69 271
49 70 266
49 71 688
49 72 288
49 73 658
49 74 629
49 75 560
49 76 327
49 77 331
49 78 558
49 79 489
49 80 318
49 81 622
49 82 410
49 83 546
49 84 211
49 85 862
49 86 569
49 87 352
49 88 274
49 89 587
49 90 217
49 91 262
49 92 593
49 93 988
49 94 215
49 95 133
49 96 318
49 97 333
49 98 924
49 99 377
49 100 743
50 51 1023
50 52 479
50 53 575
50 54 72
50 55 493
50 56 786
50 57 966
50 58 327
50 59 711
50 60 354
50 61 963
50 62 566
50 63 1054
50 64 531
50 65 690
50 66 933
50 67 543
50 68 642
50 69 858
50 70 1048
50 71 407
50 72 746
50 73 279
50 74 515
50 75 314
50 76 659
50 77 652
50 78 442
50 79 568
50 80 630
50 81 330
50 82 682
50 83 773
50 84 661
50 85 331
50 86 298
50 87 956
50 88 939
50 89 663
50 90 867
50 91 755
50 92 693
50 93 277
50 94 754
50 95 811
50 96 735
50 97 765
50 98 77
50 99 586
50 100 988
51 52 546
51 53 555
51 54 1007
51 55 567
51 56 331
51 57 714
51 58 732
51 59 850
51 60 684
51 61 115
51 62 488
51 63 252
51 64 496
51 65 340
51 66 351
51 67 493
51 68 387
51 69 372
51 70 171
51 71 846
51 72 423
51 73 802
51 74 782
51 75 718
51 76 477
51 77 481
51 78 687
51 79 641
51 80 473
51 81 783
51 82 550
51 83 603
51 84 372
51 85 994
51 86 725
51 87 336
51 88 260
51 89 671
51 90 316
51 91 397
51 92 670
51 93 1129
51 94 357
51 95 231
51 96 401
51 97 460
51 98 1077
51 99 533
51 100 758
52 53 208
52 54 460
52 55 102
52 56 368
52 57 654
52 58 197
52 59 551
52 60 143
52 61 484
52 62 116
52 63 586
52 64 97
52 65 230
52 66 488
52 67 132
52 68 186
52 69 469
52 70 571
52 71 433
52 72 376
52 73 267
52 74 443
52 75 198
52 76 310
52 77 305
52 78 219
52 79 358
52 80 267
52 81 316
52 82 394
52 83 442
52 84 209
52 85 487
52 86 188
52 87 507
52 88 474
52 89 392
52 90 454
52 91 369
52 92 415
52 93 598
52 94 344
52 95 332
52 96 294
52 97 418
52 98 531
52 99 270
52 100 692
53 54 532
53 55 113
53 56 501
53 57 449
53 58 248
53 59 362
53 60 236
53 61 459
53 62 117
53 63 500
53 64 287
53 65 342
53 66 362
53 67 323
53 68 318
53 69 610
53 70 515
53 71 633
53 72 539
53 73 301
53 74 651
53 75 373
53 76 492
53 77 488
53 78 146
53 79 565
53 80 450
53 81 507
53 82 586
53 83 236
53 84 340
53 85 448
53 86 343
53 87 386
53 88 386
53 89 187
53 90 580
53 91 525
53 92 208
53 93 597
53 94 486
53 95 325
53 96 174
53 97 587
53 98 604
53 99 467
53 100 485
54 55 460
54 56 789
54 57 906
54 58 289
54 59 643
54 60 325
54 61 940
54 62 536
54 63 1021
54 64 523
54 65 681
54 66 894
54 67 540
54 68 634
54 69 868
54 70 1020
54 71 456
54 72 758
54 73 231
54 74 558
54 75 318
54 76 671
54 77 664
54 78 392
54 79 596
54 80 639
54 81 363
54 82 705
54 83 719
54 84 654
54 85 259
54 86 293
54 87 917
54 88 906
54 89 605
54 90 873
54 91 764
54 92 634
54 93 218
54 94 758
54 95 789
54 96 698
54 97 780
54 98 72
54 99 600
54 100 926
55 56 444
55 57 562
55 58 172
55 59 450
55 60 140
55 61 487
55 62 78
55 63 561
55 64 193
55 65 292
55 66 441
55 67 229
55 68 255
55 69 550
55 70 560
55 71 520
55 72 465
55 73 238
55 74 540
55 75 262
55 76 406
55 77 401
55 78 134
55 79 460
55 80 363
55 81 395
55 82 494
55 83 350
55 84 279
55 85 432
55 86 236
55 87 463
55 88 446
55 89 290
55 90 528
55 91 455
55 92 315
55 93 562
55 94 423
55 95 338
55 96 242
55 97 510
55 98 533
55 99 371
55 100 598
56 57 847
56 58 562
56 59 861
56 60 505
56 61 356
56 62 388
56 63 524
56 64 277
56 65 158
56 66 533
56 67 252
56 68 188
56 69 109
56 70 461
56 71 532
56 72 93
56 73 630
56 74 456
56 75 472
56 76 153
56 77 159
56 78 577
56 79 315
56 80 163
56 81 494
56 82 219
56 83 668
56 84 164
56 85 855
56 86 496
56 87 534
56 88 459
56 89 677
56 90 86
56 91 67
56 92 691
56 93 956
56 94 32
56 95 287
56 96 438
56 97 137
56 98 852
56 99 220
56 100 892
57 58 666
57 59 319
57 60 673
57 61 600
57 62 544
57 63 497
57 64 717
57 65 705
57 66 362
57 67 749
57 68 704
57 69 950
57 70 569
57 71 1083
57 72 915
57 73 692
57 74 1097
57 75 820
57 76 895
57 77 893
57 78 537
57 79 999
57 80 858
57 81 956
57 82 994
57 83 212
57 84 719
57 85 714
57 86 786
57 87 379
57 88 453
57 89 304
57 90 903
57 91 894
57 92 273
57 93 877
57 94 846
57 95 569
57 96 412
57 97 967
57 98 970
57 99 890
57 100 45
58 59 469
58 60 57
58 61 657
58 62 249
58 63 732
58 64 284
58 65 428
58 66 606
58 67 313
58 68 383
58 69 658
58 70 733
58 71 457
58 72 558
58 73 70
58 74 512
58 75 190
58 76 482
58 77 476
58 78 129
58 79 477
58 80 441
58 81 324
58 82 549
58 83 461
58 84 406
58 85 294
58 86 144
58 87 629
58 88 617
58 89 364
58 90 648
58 91 556
58 92 394
58 93 401
58 94 535
58 95 507
58 96 409
58 97 594
58 98 361
58 99 425
58 100 694
59 60 501
59 61 738
59 62 479
59 63 701
59 64 642
59 65 702
59 66 540
59 67 678
59 68 680
59 69 970
59 70 752
59 71 925
59 72 901
59 73 466
59 74 971
59 75 655
59 76 852
59 77 848
59 78 353
59 79 907
59 80 810
59 81 793
59 82 943
59 83 256
59 84 702
59 85 416
59 86 612
59 87 565
59 88 613
59 89 185
59 90 936
59 91 887
59 92 181
59 93 574
59 94 848
59 95 642
59 96 456
59 97 950
59 98 698
59 99 821
59 100 320
60 61 614
60 62 211
60 63 699
60 64 227
60 65 373
60 66 581
60 67 256
60 68 328
60 69 601
60 70 695
60 71 426
60 72 500
60 73 125
60 74 471
60 75 154
60 76 425
60 77 418
60 78 148
60 79 426
60 80 384
60 81 293
60 82 493
60 83 463
60 84 351
60 85 351
60 86 114
60 87 603
60 88 584
60 89 378
60 90 592
60 91 498
60 92 406
60 93 455
60 94 478
60 95 463
60 96 382
60 97 537
60 98 397
60 99 369
60 100 704
61 62 408
61 63 169
61 64 452
61 65 311
61 66 238
61 67 457
61 68 352
61 69 425
61 70 106
61 71 831
61 72 449
61 73 725
61 74 781
61 75 670
61 76 484
61 77 487
61 78 597
61 79 643
61 80 470
61 81 752
61 82 570
61 83 488
61 84 344
61 85 905
61 86 670
61 87 225
61 88 147
61 89 561
61 90 369
61 91 423
61 92 558
61 93 1046
61 94 376
61 95 151
61 96 295
61 97 493
61 98 1012
61 99 527
61 100 645
62 63 488
62 64 175
62 65 231
62 66 378
62 67 209
62 68 202
62 69 497
62 70 484
62 71 549
62 72 422
62 73 317
62 74 553
62 75 310
62 76 375
62 77 371
62 78 203
62 79 456
62 80 333
62 81 432
62 82 470
62 83 335
62 84 225
62 85 508
62 86 292
62 87 397
62 88 373
62 89 303
62 90 469
62 91 409
62 92 323
62 93 640
62 94 371
62 95 259
62 96 180
62 97 470
62 98 608
62 99 353
62 100 583
63 64 578
63 65 458
63 66 160
63 67 590
63 68 491
63 69 595
63 70 82
63 71 972
63 72 616
63 73 794
63 74 932
63 75 782
63 76 643
63 77 646
63 78 647
63 79 798
63 80 625
63 81 881
63 82 734
63 83 444
63 84 488
63 85 944
63 86 774
63 87 135
63 88 115
63 89 545
63 90 539
63 91 589
63 92 534
63 93 1097
63 94 541
63 95 274
63 96 326
63 97 661
63 98 1093
63 99 680
63 100 539
64 65 159
64 66 505
64 67 36
64 68 111
64 69 374
64 70 549
64 71 400
64 72 279
64 73 352
64 74 386
64 75 222
64 76 213
64 77 208
64 78 317
64 79 281
64 80 170
64 81 303
64 82 301
64 83 509
64 84 131
64 85 578
64 86 232
64 87 519
64 88 473
64 89 475
64 90 364
64 91 273
64 92 496
64 93 679
64 94 251
64 95 307
64 96 326
64 97 320
64 98 590
64 99 180
64 100 757
65 66 423
65 67 152
65 68 48
65 69 267
65 70 415
65 71 519
65 72 210
65 73 498
65 74 474
65 75 380
65 76 198
65 77 199
65 78 426
65 79 341
65 80 170
65 81 444
65 82 297
65 83 516
65 84 32
65 85 715
65 86 392
65 87 430
65 88 367
65 89 520
65 90 238
65 91 190
65 92 534
65 93 828
65 94 146
65 95 185
65 96 293
65 97 262
65 98 750
65 99 222
65 100 749
66 67 526
66 68 443
66 69 624
66 70 216
66 71 906
66 72 616
66 73 663
66 74 884
66 75 687
66 76 622
66 77 622
66 78 508
66 79 760
66 80 594
66 81 800
66 82 719
66 83 284
66 84 448
66 85 795
66 86 670
66 87 26
66 88 91
66 89 386
66 90 572
66 91 591
66 92 373
66 93 952
66 94 541
66 95 246
66 96 199
66 97 666
66 98 966
66 99 641
66 100 407
67 68 106
67 69 345
67 70 557
67 71 383
67 72 246
67 73 380
67 74 360
67 75 230
67 76 178
67 77 173
67 78 352
67 79 249
67 80 135
67 81 294
67 82 264
67 83 543
67 84 121
67 85 608
67 86 247
67 87 539
67 88 488
67 89 510
67 90 338
67 91 242
67 92 531
67 93 703
67 94 224
67 95 316
67 96 353
67 97 286
67 98 606
67 99 144
67 100 790
68 69 295
68 70 453
68 71 482
68 72 222
68 73 453
68 74 444
68 75 333
68 76 190
68 77 189
68 78 389
68 79 317
68 80 155
68 81 400
68 82 290
68 83 508
68 84 24
68 85 673
68 86 344
68 87 452
68 88 394
68 89 500
68 90 273
68 91 207
68 92 517
68 93 783
68 94 169
68 95 216
68 96 293
68 97 272
68 98 702
68 99 198
68 100 747
69 70 524
69 71 562
69 72 112
69 73 725
69 74 469
69 75 550
69 76 199
69 77 207
69 78 682
69 79 336
69 80 229
69 81 548
69 82 216
69 83 775
69 84 272
69 85 953
69 86 579
69 87 622
69 88 545
69 89 787
69 90 56
69 91 105
69 92 800
69 93 1045
69 94 126
69 95 383
69 96 544
69 97 111
69 98 928
69 99 273
69 100 995
70 71 935
70 72 555
70 73 798
70 74 887
70 75 763
70 76 590
70 77 593
70 78 660
70 79 749
70 80 576
70 81 852
70 82 676
70 83 495
70 84 447
70 85 963
70 86 760
70 87 194
70 88 139
70 89 586
70 90 468
70 91 528
70 92 578
70 93 1111
70 94 482
70 95 242
70 96 342
70 97 598
70 98 1092
70 99 633
70 100 612
71 72 457
71 73 476
71 74 115
71 75 271
71 76 379
71 77 373
71 78 574
71 79 225
71 80 374
71 81 132
71 82 349
71 83 870
71 84 487
71 85 668
71 86 313
71 87 920
71 88 871
71 89 800
71 90 592
71 91 476
71 92 827
71 93 673
71 94 500
71 95 698
71 96 722
71 97 451
71 98 484
71 99 314
71 100 1118
72 73 622
72 74 371
72 75 439
72 76 87
72 77 94
72 78 594
72 79 233
72 80 119
72 81 437
72 82 126
72 83 727
72 84 202
72 85 852
72 86 470
72 87 619
72 88 547
72 89 723
72 90 135
72 91 26
72 92 739
72 93 938
72 94 75
72 95 369
72 96 503
72 97 51
72 98 817
72 99 161
72 100 959
73 74 545
73 75 225
73 76 544
73 77 537
73 78 163
73 79 525
73 80 504
73 81 347
73 82 606
73 83 495
73 84 476
73 85 230
73 86 179
73 87 687
73 88 679
73 89 388
73 90 717
73 91 621
73 92 418
73 93 330
73 94 603
73 95 575
73 96 469
73 97 657
73 98 302
73 99 484
73 100 717
74 75 322
74 76 304
74 77 300
74 78 617
74 79 140
74 80 311
74 81 203
74 82 252
74 83 885
74 84 444
74 85 752
74 86 369
74 87 895
74 88 839
74 89 829
74 90 506
74 91 394
74 92 855
74 93 774
74 94 426
74 95 659
74 96 713
74 97 357
74 98 593
74 99 253
74 100 1135
75 76 354
75 77 346
75 78 303
75 79 303
75 80 320
75 81 139
75 82 396
75 83 608
75 84 350
75 85 446
75 86 46
75 87 705
75 88 672
75 89 530
75 90 555
75 91 445
75 92 558
75 93 505
75 94 441
75 95 521
75 96 490
75 97 464
75 98 380
75 99 284
75 100 853
76 77 7
76 78 530
76 79 163
76 80 43
76 81 350
76 82 100
76 83 697
76 84 178
76 85 774
76 86 386
76 87 628
76 88 562
76 89 679
76 90 218
76 91 100
76 92 698
76 93 855
76 94 122
76 95 380
76 96 484
76 97 112
76 98 730
76 99 73
76 100 938
77 78 524
77 79 159
77 80 38
77 81 343
77 82 101
77 83 694
77 84 177
77 85 768
77 86 379
77 87 629
77 88 563
77 89 675
77 90 225
77 91 107
77 92 695
77 93 848
77 94 127
77 95 381
77 96 482
77 97 119
77 98 722
77 99 66
77 100 936
78 79 560
78 80 487
78 81 442
78 82 611
78 83 334
78 84 413
78 85 308
78 86 262
78 87 532
78 88 532
78 89 235
78 90 662
78 91 586
78 92 265
78 93 451
78 94 556
78 95 455
78 96 320
78 97 637
78 98 463
78 99 486
78 100 565
79 80 173
79 81 238
79 82 124
79 83 791
79 84 313
79 85 750
79 86 347
79 87 769
79 88 709
79 89 750
79 90 368
79 91 255
79 92 773
79 93 800
79 94 285
79 95 527
79 96 600
79 97 225
79 98 644
79 99 119
79 100 1039
80 81 330
80 82 137
80 83 658
80 84 146
80 85 734
80 86 350
80 87 601
80 88 538
80 89 637
80 90 239
80 91 125
80 92 657
80 93 818
80 94 130
80 95 356
80 96 448
80 97 153
80 98 699
80 99 60
80 100 900
81 82 356
81 83 744
81 84 412
81 85 549
81 86 180
81 87 816
81 88 775
81 89 669
81 90 567
81 91 450
81 92 697
81 93 574
81 94 461
81 95 610
81 96 609
81 97 446
81 98 406
81 99 276
81 100 990
82 83 795
82 84 277
82 85 835
82 86 435
82 87 725
82 88 657
82 89 773
82 90 255
82 91 152
82 92 793
82 93 901
82 94 195
82 95 476
82 96 584
82 97 104
82 98 757
82 99 125
82 100 1037
83 84 526
83 85 560
83 86 575
83 87 309
83 88 358
83 89 122
83 90 733
83 91 707
83 92 99
83 93 724
83 94 662
83 95 412
83 96 231
83 97 778
83 98 786
83 99 685
83 100 249
84 85 697
84 86 363
84 87 456
84 88 395
84 89 521
84 90 249
84 91 185
84 92 537
84 93 806
84 94 146
84 95 214
84 96 307
84 97 252
84 98 722
84 99 194
84 100 762
85 86 402
85 87 820
85 88 832
85 89 437
85 90 942
85 91 850
85 92 463
85 93 164
85 94 829
85 95 763
85 96 621
85 97 887
85 98 296
85 99 714
85 100 726
86 87 690
86 88 661
86 89 492
86 90 581
86 91 474
86 92 521
86 93 469
86 94 466
86 95 519
86 96 472
86 97 498
86 98 358
86 99 319
86 100 818
87 88 80
87 89 412
87 90 569
87 91 594
87 92 399
87 93 977
87 94 544
87 95 249
87 96 220
87 97 669
87 98 989
87 99 650
87 100 423
88 89 447
88 90 491
88 91 521
88 92 439
88 93 983
88 94 471
88 95 182
88 96 212
88 97 595
88 98 978
88 99 590
88 100 498
89 90 752
89 91 707
89 92 30
89 93 601
89 94 666
89 95 457
89 96 272
89 97 772
89 98 671
89 99 655
89 100 330
90 91 117
90 92 763
90 93 1042
90 94 115
90 95 334
90 96 502
90 97 153
90 98 935
90 99 290
90 100 948
91 92 722
91 93 940
91 94 49
91 95 345
91 96 482
91 97 75
91 98 824
91 99 173
91 100 938
92 93 627
92 94 680
92 95 461
92 96 275
92 97 789
92 98 700
92 99 676
92 100 300
93 94 927
93 95 900
93 96 771
93 97 967
93 98 211
93 99 788
93 100 888
94 95 295
94 96 435
94 97 125
94 98 821
94 99 188
94 100 890
95 96 186
95 97 420
95 98 860
95 99 408
95 100 614
96 97 555
96 98 770
96 99 485
96 100 456
97 98 837
97 99 180
97 100 1011
98 99 657
98 100 989
99 100 931
