100 4950
1 2 1012
1 3 93
1 4 1031
1 5 379
1 6 452
1 7 386
1 8 482
1 9 181
1 10 410
1 11 118
1 12 682
1 13 647
1 14 600
1 15 551
1 16 483
1 17 670
1 18 309
1 19 431
1 20 657
1 21 687
1 22 413
1 23 628
1 24 535
1 25 827
1 26 510
1 27 74
1 28 318
1 29 863
1 30 643
1 31 872
1 32 653
1 33 428
1 34 1041
1 35 728
1 36 731
1 37 915
1 38 420
1 39 683
1 40 93
1 41 931
1 42 423
1 43 373
1 44 558
1 45 788
1 46 505
1 47 637
1 48 1091
1 49 434
1 50 418
1 51 198
1 52 632
1 53 837
1 54 389
1 55 485
1 56 780
1 57 526
1 58 611
1 59 718
1 60 305
1 61 1076
1 62 732
1 63 425
1 64 353
1 65 564
1 66 185
1 67 924
1 68 894
1 69 908
1 70 862
1 71 761
1 72 432
1 73 394
1 74 752
1 75 179
1 76 178
1 77 210
1 78 731
1 79 1035
1 80 983
1 81 855
1 82 814
1 83 501
1 84 869
1 85 481
1 86 703
1 87 515
1 88 805
1 89 569
1 90 1033
1 91 311
1 92 754
1 93 595
1 94 880
1 95 407
1 96 320
1 97 666
1 98 540
1 99 122
1 100 970
2 3 965
2 4 286
2 5 784
2 6 655
2 7 638
2 8 601
2 9 1188
2 10 750
2 11 896
2 12 632
2 13 510
2 14 415
2 15 523
2 16 677
2 17 342
2 18 779
2 19 592
2 20 424
2 21 477
2 22 666
2 23 741
2 24 692
2 25 237
2 26 578
2 27 1006
2 28 1011
2 29 427
2 30 559
2 31 234
2 32 361
2 33 583
2 34 321
2 35 593
2 36 622
2 37 195
2 38 912
2 39 568
2 40 1023
2 41 128
2 42 595
2 43 641
2 44 560
2 45 742
2 46 548
2 47 771
2 48 101
2 49 623
2 50 776
2 51 994
2 52 383
2 53 473
2 54 775
2 55 656
2 56 550
2 57 545
2 58 639
2 59 613
2 60 707
2 61 128
2 62 720
2 63 658
2 64 689
2 65 875
2 66 1191
2 67 514
2 68 130
2 69 173
2 70 352
2 71 337
2 72 754
2 73 664
2 74 562
2 75 1190
2 76 860
2 77 927
2 78 313
2 79 185
2 80 79
2 81 595
2 82 793
2 83 783
2 84 585
2 85 835
2 86 903
2 87 499
2 88 210
2 89 456
2 90 322
2 91 705
2 92 299
2 93 736
2 94 248
2 95 930
2 96 761
2 97 348
2 98 891
2 99 918
2 100 453
3 4 1008
3 5 289
3 6 372
3 7 328
3 8 477
3 9 227
3 10 322
3 11 85
3 12 594
3 13 642
3 14 561
3 15 537
3 16 398
3 17 623
3 18 225
3 19 374
3 20 637
3 21 611
3 22 413
3 23 657
3 24 554
3 25 768
3 26 503
3 27 158
3 28 393
3 29 855
3 30 562
3 31 842
3 32 611
3 33 386
3 34 1021
3 35 738
3 36 745
3 37 854
3 38 476
3 39 600
3 40 58
3 41 893
3 42 394
3 43 324
3 44 554
3 45 816
3 46 488
3 47 670
3 48 1049
3 49 363
3 50 447
3 51 116
3 52 592
3 53 757
3 54 417
3 55 494
3 56 696
3 57 513
3 58 524
3 59 730
3 60 267
3 61 1038
3 62 758
3 63 425
3 64 344
3 65 612
3 66 229
3 67 925
3 68 842
3 69 874
3 70 845
3 71 695
3 72 342
3 73 322
3 74 758
3 75 233
3 76 105
3 77 267
3 78 700
3 79 1004
3 80 930
3 81 866
3 82 847
3 83 408
3 84 878
3 85 524
3 86 751
3 87 477
3 88 762
3 89 538
3 90 1013
3 91 259
3 92 724
3 93 623
3 94 853
3 95 466
3 96 238
3 97 617
3 98 590
3 99 46
3 100 964
4 5 903
4 6 781
4 7 711
4 8 556
4 9 1212
4 10 876
4 11 928
4 12 836
4 13 406
4 14 462
4 15 481
4 16 821
4 17 439
4 18 871
4 19 672
4 20 374
4 21 674
4 22 628
4 23 587
4 24 582
4 25 454
4 26 528
4 27 1005
4 28 940
4 29 220
4 30 748
4 31 176
4 32 425
4 33 630
4 34 34
4 35 419
4 36 442
4 37 454
4 38 814
4 39 771
4 40 1066
4 41 200
4 42 614
4 43 696
4 44 487
4 45 534
4 46 525
4 47 612
4 48 240
4 49 728
4 50 696
4 51 1067
4 52 435
4 53 718
4 54 707
4 55 582
4 56 781
4 57 506
4 58 823
4 59 440
4 60 742
4 61 187
4 62 531
4 63 617
4 64 678
4 65 733
4 66 1217
4 67 265
4 68 351
4 69 179
4 70 179
4 71 542
4 72 888
4 73 761
4 74 382
4 75 1209
4 76 914
4 77 893
4 78 316
4 79 104
4 80 358
4 81 368
4 82 578
4 83 939
4 84 354
4 85 723
4 86 721
4 87 538
4 88 313
4 89 472
4 90 37
4 91 759
4 92 291
4 93 594
4 94 160
4 95 835
4 96 853
4 97 451
4 98 757
4 99 963
4 100 189
5 6 129
5 7 214
5 8 486
5 9 497
5 10 37
5 11 286
5 12 307
5 13 624
5 14 444
5 15 508
5 16 122
5 17 467
5 18 87
5 19 239
5 20 573
5 21 353
5 22 455
5 23 738
5 24 621
5 25 557
5 26 503
5 27 428
5 28 619
5 29 806
5 30 289
5 31 726
5 32 477
5 33 305
5 34 924
5 35 756
5 36 772
5 37 635
5 38 648
5 39 320
5 40 327
5 41 744
5 42 353
5 43 249
5 44 552
5 45 879
5 46 460
5 47 761
5 48 879
5 49 175
5 50 560
5 51 245
5 52 469
5 53 484
5 54 530
5 55 541
5 56 414
5 57 493
5 58 238
5 59 756
5 60 266
5 61 882
5 62 820
5 63 464
5 64 386
5 65 750
5 66 497
5 67 898
5 68 654
5 69 739
5 70 771
5 71 467
5 72 53
5 73 146
5 74 763
5 75 509
5 76 212
5 77 477
5 78 589
5 79 870
5 80 732
5 81 873
5 82 922
5 83 127
5 84 880
5 85 658
5 86 877
5 87 382
5 88 608
5 89 451
5 90 918
5 91 218
5 92 613
5 93 705
5 94 743
5 95 648
5 96 92
5 97 457
5 98 738
5 99 258
5 100 914
6 7 144
6 8 416
6 9 595
6 10 96
6 11 340
6 12 245
6 13 532
6 14 330
6 15 420
6 16 59
6 17 342
6 18 147
6 19 145
6 20 468
6 21 239
6 22 402
6 23 679
6 24 562
6 25 429
6 26 427
6 27 485
6 28 635
6 29 699
6 30 191
6 31 604
6 32 357
6 33 222
6 34 804
6 35 671
6 36 691
6 37 509
6 38 635
6 39 233
6 40 421
6 41 617
6 42 280
6 43 187
6 44 471
6 45 807
6 46 377
6 47 705
6 48 750
6 49 70
6 50 526
6 51 358
6 52 351
6 53 385
6 54 499
6 55 480
6 56 330
6 57 409
6 58 174
6 59 674
6 60 238
6 61 753
6 62 750
6 63 409
6 64 344
6 65 715
6 66 596
6 67 796
6 68 525
6 69 614
6 70 658
6 71 341
6 72 107
6 73 77
6 74 673
6 75 604
6 76 273
6 77 497
6 78 470
6 79 744
6 80 603
6 81 781
6 82 854
6 83 173
6 84 787
6 85 626
6 86 832
6 87 280
6 88 481
6 89 346
6 90 798
6 91 193
6 92 494
6 93 648
6 94 622
6 95 639
6 96 134
6 97 331
6 98 708
6 99 331
6 100 805
7 8 277
7 9 554
7 10 202
7 11 268
7 12 377
7 13 409
7 14 249
7 15 294
7 16 202
7 17 297
7 18 161
7 19 45
7 20 363
7 21 321
7 22 259
7 23 537
7 24 420
7 25 441
7 26 291
7 27 399
7 28 510
7 29 596
7 30 304
7 31 537
7 32 292
7 33 91
7 34 729
7 35 542
7 36 560
7 37 528
7 38 496
7 39 350
7 40 385
7 41 573
7 42 141
7 43 43
7 44 339
7 45 670
7 46 246
7 47 563
7 48 724
7 49 78
7 50 382
7 51 361
7 52 278
7 53 478
7 54 356
7 55 338
7 56 442
7 57 279
7 58 310
7 59 543
7 60 106
7 61 717
7 62 612
7 63 265
7 64 200
7 65 571
7 66 557
7 67 686
7 68 514
7 69 560
7 70 567
7 71 375
7 72 225
7 73 73
7 74 549
7 75 558
7 76 223
7 77 378
7 78 394
7 79 691
7 80 601
7 81 658
7 82 716
7 83 306
7 84 666
7 85 482
7 86 689
7 87 175
7 88 439
7 89 244
7 90 722
7 91 76
7 92 419
7 93 506
7 94 551
7 95 501
7 96 144
7 97 290
7 98 564
7 99 282
7 100 706
8 9 663
8 10 479
8 11 392
8 12 619
8 13 165
8 14 219
8 15 79
8 16 474
8 17 308
8 18 417
8 19 271
8 20 187
8 21 510
8 22 72
8 23 265
8 24 152
8 25 497
8 26 28
8 27 450
8 28 409
8 29 380
8 30 529
8 31 412
8 32 267
8 33 193
8 34 563
8 35 273
8 36 287
8 37 579
8 38 319
8 39 575
8 40 532
8 41 493
8 42 136
8 43 238
8 44 77
8 45 393
8 46 62
8 47 293
8 48 659
8 49 345
8 50 180
8 51 560
8 52 242
8 53 654
8 54 174
8 55 74
8 56 651
8 57 55
8 58 562
8 59 271
8 60 236
8 61 632
8 62 335
8 63 61
8 64 132
8 65 333
8 66 667
8 67 448
8 68 512
8 69 460
8 70 381
8 71 485
8 72 503
8 73 350
8 74 287
8 75 657
8 76 400
8 77 339
8 78 289
8 79 576
8 80 600
8 81 397
8 82 438
8 83 584
8 84 407
8 85 261
8 86 428
8 87 174
8 88 395
8 89 163
8 90 554
8 91 275
8 92 307
8 93 236
8 94 416
8 95 335
8 96 403
8 97 313
8 98 336
8 99 437
8 100 488
9 10 533
9 11 292
9 12 804
9 13 826
9 14 779
9 15 732
9 16 615
9 17 846
9 18 447
9 19 600
9 20 838
9 21 835
9 22 592
9 23 788
9 24 704
9 25 995
9 26 690
9 27 220
9 28 427
9 29 1043
9 30 781
9 31 1053
9 32 831
9 33 605
9 34 1223
9 35 901
9 36 902
9 37 1082
9 38 556
9 39 817
9 40 174
9 41 1110
9 42 604
9 43 547
9 44 738
9 45 948
9 46 687
9 47 793
9 48 1269
9 49 591
9 50 582
9 51 258
9 52 811
9 53 978
9 54 556
9 55 661
9 56 912
9 57 708
9 58 736
9 59 889
9 60 483
9 61 1256
9 62 893
9 63 604
9 64 534
9 65 705
9 66 6
9 67 1100
9 68 1068
9 69 1089
9 70 1043
9 71 922
9 72 550
9 73 549
9 74 926
9 75 21
9 76 333
9 77 361
9 78 912
9 79 1216
9 80 1156
9 81 1027
9 82 969
9 83 602
9 84 1041
9 85 632
9 86 840
9 87 694
9 88 983
9 89 750
9 90 1214
9 91 483
9 92 935
9 93 757
9 94 1062
9 95 539
9 96 462
9 97 840
9 98 678
9 99 273
9 100 1149
10 11 312
10 12 272
10 13 610
10 14 421
10 15 495
10 16 84
10 17 439
10 18 106
10 19 221
10 20 554
10 21 315
10 22 453
10 23 736
10 24 618
10 25 522
10 26 494
10 27 456
10 28 637
10 29 787
10 30 251
10 31 699
10 32 451
10 33 292
10 34 898
10 35 744
10 36 762
10 37 599
10 38 659
10 39 283
10 40 362
10 41 714
10 42 344
10 43 241
10 44 542
10 45 872
10 46 449
10 47 760
10 48 846
10 49 151
10 50 564
10 51 283
10 52 444
10 53 447
10 54 535
10 55 537
10 56 378
10 57 481
10 58 203
10 59 746
10 60 268
10 61 850
10 62 814
10 63 461
10 64 387
10 65 755
10 66 533
10 67 881
10 68 620
10 69 710
10 70 749
10 71 431
10 72 26
10 73 130
10 74 750
10 75 545
10 76 238
10 77 496
10 78 564
10 79 840
10 80 697
10 81 859
10 82 917
10 83 112
10 84 866
10 85 663
10 86 879
10 87 364
10 88 577
10 89 432
10 90 892
10 91 220
10 92 588
10 93 703
10 94 717
10 95 660
10 96 104
10 97 427
10 98 744
10 99 288
10 100 894
11 12 578
11 13 557
11 14 487
11 15 453
11 16 377
11 17 554
11 18 206
11 19 313
11 20 555
11 21 572
11 22 328
11 23 576
11 24 470
11 25 709
11 26 419
11 27 145
11 28 344
11 29 771
11 30 532
11 31 764
11 32 539
11 33 313
11 34 940
11 35 653
11 36 660
11 37 796
11 38 408
11 39 574
11 40 140
11 41 819
11 42 314
11 43 256
11 44 469
11 45 733
11 46 405
11 47 589
11 48 977
11 49 317
11 50 367
11 51 187
11 52 519
11 53 723
11 54 336
11 55 409
11 56 671
11 57 430
11 58 506
11 59 645
11 60 191
11 61 964
11 62 675
11 63 340
11 64 259
11 65 538
11 66 295
11 67 840
11 68 777
11 69 798
11 70 763
11 71 642
11 72 336
11 73 278
11 74 673
11 75 293
11 76 74
11 77 207
11 78 622
11 79 927
11 80 865
11 81 781
11 82 765
11 83 413
11 84 793
11 85 448
11 86 676
11 87 402
11 88 690
11 89 460
11 90 932
11 91 193
11 92 646
11 93 541
11 94 774
11 95 401
11 96 213
11 97 549
11 98 518
11 99 53
11 100 880
12 13 697
12 14 462
12 15 599
12 16 200
12 17 424
12 18 373
12 19 359
12 20 611
12 21 162
12 22 623
12 23 884
12 24 771
12 25 397
12 26 622
12 27 723
12 28 880
12 29 817
12 30 96
12 31 670
12 32 460
12 33 432
12 34 866
12 35 841
12 36 866
12 37 445
12 38 873
12 39 65
12 40 634
12 41 644
12 42 492
12 43 419
12 44 657
12 45 992
12 46 567
12 47 913
12 48 733
12 49 298
12 50 755
12 51 548
12 52 469
12 53 205
12 54 731
12 55 691
12 56 118
12 57 597
12 58 71
12 59 849
12 60 479
12 61 753
12 62 939
12 63 627
12 64 575
12 65 940
12 66 804
12 67 922
12 68 509
12 69 657
12 70 759
12 71 299
12 72 254
12 73 320
12 74 835
12 75 816
12 76 506
12 77 742
12 78 567
12 79 771
12 80 561
12 81 933
12 82 1043
12 83 215
12 84 935
12 85 854
12 86 1047
12 87 453
12 88 524
12 89 502
12 90 862
12 91 437
12 92 586
12 93 856
12 94 692
12 95 879
12 96 364
12 97 410
12 98 936
12 99 560
12 100 911
13 14 238
13 15 116
13 16 588
13 17 305
13 18 563
13 19 389
13 20 102
13 21 561
13 22 233
13 23 238
13 24 185
13 25 472
13 26 138
13 27 611
13 28 534
13 29 216
13 30 602
13 31 289
13 32 259
13 33 318
13 34 408
13 35 143
13 36 168
13 37 540
13 38 414
13 39 643
13 40 697
13 41 387
13 42 273
13 43 377
13 44 88
13 45 299
13 46 165
13 47 269
13 48 547
13 49 463
13 50 290
13 51 722
13 52 240
13 53 684
13 54 300
13 55 175
13 56 702
13 57 133
13 58 651
13 59 152
13 60 393
13 61 512
13 62 252
13 63 221
13 64 297
13 65 365
13 66 831
13 67 284
13 68 451
13 69 346
13 70 227
13 71 494
13 72 630
13 73 479
13 74 141
13 75 820
13 76 562
13 77 490
13 78 210
13 79 444
13 80 528
13 81 249
13 82 352
13 83 705
13 84 256
13 85 329
13 86 409
13 87 253
13 88 328
13 89 195
13 90 399
13 91 426
13 92 216
13 93 227
13 94 286
13 95 435
13 96 548
13 97 316
13 98 381
13 99 601
13 100 323
14 15 161
14 16 378
14 17 89
14 18 408
14 19 210
14 20 149
14 21 322
14 22 268
14 23 452
14 24 356
14 25 278
14 26 206
14 27 591
14 28 612
14 29 371
14 30 365
14 31 288
14 32 54
14 33 175
14 34 482
14 35 381
14 36 407
14 37 362
14 38 537
14 39 405
14 40 620
14 41 331
14 42 180
14 43 238
14 44 219
14 45 537
14 46 157
14 47 483
14 48 490
14 49 269
14 50 398
14 51 608
14 52 31
14 53 450
14 54 388
14 55 291
14 56 464
14 57 172
14 58 420
14 59 391
14 60 296
14 61 477
14 62 488
14 63 264
14 64 277
14 65 546
14 66 782
14 67 471
14 68 307
14 69 313
14 70 328
14 71 269
14 72 436
14 73 300
14 74 373
14 75 779
14 76 460
14 77 516
14 78 146
14 79 444
14 80 397
14 81 472
14 82 590
14 83 499
14 84 474
14 85 480
14 86 625
14 87 84
14 88 205
14 89 56
14 90 475
14 91 303
14 92 170
14 93 430
14 94 302
14 95 552
14 96 390
14 97 94
14 98 552
14 99 515
14 100 475
15 16 476
15 17 246
15 18 447
15 19 275
15 20 109
15 21 475
15 22 149
15 23 292
15 24 195
15 25 432
15 26 54
15 27 523
15 28 488
15 29 319
15 30 505
15 31 334
15 32 202
15 33 203
15 34 490
15 35 251
15 36 272
15 37 511
15 38 392
15 39 549
15 40 594
15 41 414
15 42 158
15 43 261
15 44 59
15 45 393
15 46 50
15 47 323
15 48 580
15 49 349
15 50 253
15 51 611
15 52 177
15 53 610
15 54 251
15 55 136
15 56 617
15 57 24
15 58 548
15 59 255
15 60 280
15 61 553
15 62 339
15 63 139
15 64 197
15 65 386
15 66 736
15 67 398
15 68 438
15 69 381
15 70 310
15 71 431
15 72 516
15 73 364
15 74 255
15 75 728
15 76 452
15 77 417
15 78 210
15 79 498
15 80 524
15 81 364
15 82 443
15 83 592
15 84 372
15 85 324
15 86 464
15 87 146
15 88 319
15 89 106
15 90 482
15 91 311
15 92 228
15 93 269
15 94 338
15 95 409
15 96 432
15 97 253
15 98 394
15 99 494
15 100 429
16 17 381
16 18 173
16 19 203
16 20 521
16 21 232
16 22 461
16 23 738
16 24 621
16 25 446
16 26 485
16 27 523
16 28 685
16 29 749
16 30 167
16 31 645
16 32 400
16 33 281
16 34 845
16 35 728
16 36 748
16 37 520
16 38 691
16 39 202
16 40 442
16 41 650
16 42 339
16 43 246
16 44 529
16 45 865
16 46 435
16 47 765
16 48 775
16 49 129
16 50 584
16 51 366
16 52 398
16 53 363
16 54 556
16 55 540
16 56 298
16 57 467
16 58 128
16 59 732
16 60 293
16 61 782
16 62 808
16 63 468
16 64 402
16 65 773
16 66 615
16 67 848
16 68 547
16 69 650
16 70 705
16 71 352
16 72 78
16 73 133
16 74 729
16 75 625
16 76 306
16 77 546
16 78 515
16 79 778
16 80 621
16 81 836
16 82 912
16 83 120
16 84 841
16 85 684
16 86 891
16 87 335
16 88 515
16 89 399
16 90 840
16 91 247
16 92 538
16 93 707
16 94 663
16 95 694
16 96 164
16 97 369
16 98 766
16 99 361
16 100 854
17 18 447
17 19 253
17 20 205
17 21 270
17 22 358
17 23 531
17 24 441
17 25 188
17 26 294
17 27 667
17 28 701
17 29 393
17 30 328
17 31 263
17 32 46
17 33 242
17 34 464
17 35 443
17 36 470
17 37 272
17 38 627
17 39 362
17 40 681
17 41 278
17 42 261
17 43 298
17 44 302
17 45 603
17 46 246
17 47 563
17 48 426
17 49 295
17 50 488
17 51 657
17 52 69
17 53 379
17 54 478
17 55 379
17 56 406
17 57 259
17 58 395
17 59 455
17 60 365
17 61 420
17 62 558
17 63 353
17 64 362
17 65 632
17 66 849
17 67 498
17 68 225
17 69 271
17 70 336
17 71 189
17 72 449
17 73 333
17 74 429
17 75 847
17 76 519
17 77 600
17 78 143
17 79 402
17 80 315
17 81 518
17 82 656
17 83 500
17 84 518
17 85 568
17 86 705
17 87 163
17 88 142
17 89 145
17 90 458
17 91 363
17 92 163
17 93 512
17 94 282
17 95 642
17 96 429
17 97 13
17 98 640
17 99 576
17 100 488
18 19 198
18 20 524
18 21 387
18 22 379
18 23 661
18 24 544
18 25 564
18 26 436
18 27 351
18 28 532
18 29 757
18 30 336
18 31 696
18 32 449
18 33 249
18 34 890
18 35 689
18 36 704
18 37 648
18 38 561
18 39 374
18 40 273
18 41 726
18 42 289
18 43 186
18 44 487
18 45 805
18 46 398
18 47 682
18 48 871
18 49 156
18 50 476
18 51 216
18 52 436
18 53 531
18 54 446
18 55 465
18 56 471
18 57 430
18 58 301
18 59 688
18 60 186
18 61 868
18 62 746
18 63 388
18 64 307
18 65 665
18 66 448
18 67 844
18 68 652
18 69 716
18 70 728
18 71 483
18 72 132
18 73 115
18 74 699
18 75 456
18 76 133
18 77 391
18 78 554
18 79 847
18 80 734
18 81 810
18 82 846
18 83 214
18 84 818
18 85 573
18 86 795
18 87 336
18 88 590
18 89 405
18 90 883
18 91 142
18 92 579
18 93 627
18 94 711
18 95 561
18 96 18
18 97 438
18 98 652
18 99 187
18 100 866
19 20 333
19 21 287
19 22 265
19 23 536
19 24 420
19 25 395
19 26 281
19 27 442
19 28 541
19 29 567
19 30 279
19 31 497
19 32 250
19 33 77
19 34 692
19 35 526
19 36 546
19 37 483
19 38 516
19 39 326
19 40 431
19 41 530
19 42 136
19 43 68
19 44 325
19 45 661
19 46 231
19 47 563
19 48 679
19 49 74
19 50 395
19 51 404
19 52 237
19 53 443
19 54 371
19 55 338
19 56 415
19 57 264
19 58 296
19 59 529
19 60 142
19 61 673
19 62 604
19 63 269
19 64 216
19 65 581
19 66 603
19 67 659
19 68 468
19 69 518
19 70 533
19 71 332
19 72 241
19 73 92
19 74 530
19 75 604
19 76 268
19 77 413
19 78 356
19 79 649
19 80 555
19 81 638
19 82 708
19 83 317
19 84 645
19 85 495
19 86 693
19 87 143
19 88 395
19 89 212
19 90 685
19 91 120
19 92 380
19 93 505
19 94 512
19 95 524
19 96 180
19 97 245
19 98 576
19 99 327
19 100 675
20 21 467
20 22 259
20 23 338
20 24 269
20 25 370
20 26 161
20 27 631
20 28 593
20 29 233
20 30 514
20 31 224
20 32 159
20 33 274
20 34 385
20 35 238
20 36 265
20 37 439
20 38 487
20 39 553
20 40 695
20 41 309
20 42 245
20 43 339
20 44 135
20 45 398
20 46 151
20 47 370
20 48 474
20 49 403
20 50 353
20 51 704
20 52 144
20 53 584
20 54 355
20 55 233
20 56 607
20 57 134
20 58 570
20 59 250
20 60 373
20 61 445
20 62 354
20 63 248
20 64 304
20 65 457
20 66 842
20 67 327
20 68 354
20 69 273
20 70 209
20 71 393
20 72 572
20 73 426
20 74 226
20 75 835
20 76 546
20 77 527
20 78 113
20 79 388
20 80 435
20 81 322
20 82 452
20 83 641
20 84 325
20 85 411
20 86 511
20 87 190
20 88 231
20 89 122
20 90 376
20 91 397
20 92 125
20 93 325
20 94 228
20 95 506
20 96 507
20 97 216
20 98 471
20 99 593
20 100 342
21 22 530
21 23 766
21 24 661
21 25 240
21 26 507
21 27 713
21 28 828
21 29 662
21 30 81
21 31 509
21 32 310
21 33 344
21 34 704
21 35 704
21 36 730
21 37 300
21 38 796
21 39 96
21 40 660
21 41 482
21 42 399
21 43 355
21 44 534
21 45 860
21 46 452
21 47 797
21 48 579
21 49 256
21 50 667
21 51 595
21 52 323
21 53 156
21 54 647
21 55 584
21 56 142
21 57 477
21 58 161
21 59 714
21 60 428
21 61 595
21 62 810
21 63 531
21 64 496
21 65 841
21 66 836
21 67 768
21 68 352
21 69 495
21 70 601
21 71 141
21 72 309
21 73 293
21 74 694
21 75 843
21 76 509
21 77 700
21 78 412
21 79 610
21 80 411
21 81 787
21 82 912
21 83 314
21 84 787
21 85 762
21 86 936
21 87 335
21 88 362
21 89 370
21 90 700
21 91 395
21 92 429
21 93 741
21 94 530
21 95 805
21 96 373
21 97 257
21 98 841
21 99 569
21 100 753
22 23 282
22 24 165
22 25 546
22 26 100
22 27 378
22 28 346
22 29 450
22 30 538
22 31 483
22 32 320
22 33 191
22 34 635
22 35 327
22 36 336
22 37 631
22 38 272
22 39 585
22 40 467
22 41 561
22 42 132
22 43 216
22 44 145
22 45 427
22 46 118
22 47 306
22 48 727
22 49 334
22 50 137
22 51 503
22 52 295
22 53 680
22 54 121
22 55 87
22 56 667
22 57 125
22 58 561
22 59 321
22 60 192
22 61 702
22 62 367
22 63 12
22 64 74
22 65 316
22 66 597
22 67 512
22 68 571
22 69 530
22 70 453
22 71 523
22 72 478
22 73 330
22 74 345
22 75 586
22 76 344
22 77 267
22 78 356
22 79 647
22 80 660
22 81 454
22 82 467
22 83 563
22 84 465
22 85 232
22 86 430
22 87 205
22 88 458
22 89 216
22 90 626
22 91 237
22 92 375
22 93 249
22 94 487
22 95 285
22 96 367
22 97 361
22 98 313
22 99 375
22 100 557
23 24 117
23 25 708
23 26 261
23 27 570
23 28 404
23 29 367
23 30 792
23 31 512
23 32 485
23 33 458
23 34 578
23 35 168
23 36 150
23 37 778
23 38 259
23 39 837
23 40 703
23 41 615
23 42 399
23 43 496
23 44 233
23 45 160
23 46 316
23 47 31
23 48 767
23 49 609
23 50 211
23 51 762
23 52 463
23 53 902
23 54 240
23 55 199
23 56 909
23 57 289
23 58 827
23 59 147
23 60 474
23 61 726
23 62 105
23 63 274
23 64 353
23 65 147
23 66 794
23 67 367
23 68 689
23 69 571
23 70 417
23 71 720
23 72 760
23 73 610
23 74 205
23 75 777
23 76 610
23 77 427
23 78 448
23 79 649
23 80 765
23 81 266
23 82 190
23 83 844
23 84 283
23 85 166
23 86 173
23 87 432
23 88 567
23 89 399
23 90 569
23 91 520
23 92 453
23 93 34
23 94 503
23 95 281
23 96 649
23 97 540
23 98 172
23 99 628
23 100 440
24 25 625
24 26 153
24 27 484
24 28 360
24 29 373
24 30 681
24 31 475
24 32 396
24 33 343
24 34 580
24 35 199
24 36 197
24 37 702
24 38 231
24 39 727
24 40 603
24 41 571
24 42 283
24 43 378
24 44 140
24 45 265
24 46 209
24 47 143
24 48 732
24 49 492
24 50 125
24 51 654
24 52 372
24 53 802
24 54 147
24 55 81
24 56 802
24 57 185
24 58 713
24 59 185
24 60 357
24 61 697
24 62 205
24 63 156
24 64 237
24 65 191
24 66 709
24 67 405
24 68 622
24 69 531
24 70 404
24 71 626
24 72 643
24 73 493
24 74 229
24 75 694
24 76 499
24 77 346
24 78 383
24 79 628
24 80 704
24 81 323
24 82 303
24 83 726
24 84 338
24 85 144
24 86 276
24 87 325
24 88 500
24 89 301
24 90 571
24 91 403
24 92 393
24 93 85
24 94 471
24 95 252
24 96 532
24 97 449
24 98 202
24 99 522
24 100 466
25 26 482
25 27 834
25 28 887
25 29 496
25 30 321
25 31 309
25 32 230
25 33 410
25 34 487
25 35 598
25 36 627
25 37 88
25 38 815
25 39 332
25 40 823
25 41 254
25 42 441
25 43 455
25 44 485
25 45 760
25 46 435
25 47 740
25 48 338
25 49 409
25 50 676
25 51 781
25 52 255
25 53 264
25 54 666
25 55 567
25 56 328
25 57 446
25 58 401
25 59 614
25 60 528
25 61 355
25 62 721
25 63 541
25 64 545
25 65 817
25 66 997
25 67 601
25 68 112
25 69 278
25 70 424
25 71 99
25 72 524
25 73 451
25 74 577
25 75 999
25 76 662
25 77 780
25 78 270
25 79 378
25 80 175
25 81 648
25 82 814
25 83 547
25 84 644
25 85 756
25 86 881
25 87 345
25 88 168
25 89 333
25 90 484
25 91 515
25 92 275
25 93 692
25 94 332
25 95 830
25 96 547
25 97 184
25 98 826
25 99 722
25 100 567
26 27 478
26 28 433
26 29 353
26 30 531
26 31 386
26 32 251
26 33 204
26 34 535
26 35 253
26 36 269
26 37 562
26 38 338
26 39 576
26 40 559
26 41 468
26 42 150
26 43 254
26 44 52
26 45 380
26 46 55
26 47 290
26 48 634
26 49 356
26 50 199
26 51 585
26 52 226
26 53 648
26 54 196
26 55 85
26 56 649
26 57 35
26 58 567
26 59 252
26 60 258
26 61 606
26 62 323
26 63 89
26 64 159
26 65 340
26 66 695
26 67 422
26 68 492
26 69 434
26 70 353
26 71 475
26 72 517
26 73 364
26 74 264
26 75 685
26 76 425
26 77 366
26 78 265
26 79 549
26 80 579
26 81 375
26 82 427
26 83 597
26 84 385
26 85 274
26 86 428
26 87 172
26 88 374
26 89 150
26 90 526
26 91 295
26 92 282
26 93 234
26 94 389
26 95 355
26 96 421
26 97 300
26 98 346
26 99 463
26 100 461
27 28 244
27 29 827
27 30 677
27 31 852
27 32 645
27 33 426
27 34 1013
27 35 680
27 36 681
27 37 922
27 38 351
27 39 719
27 40 167
27 41 918
27 42 411
27 43 379
27 44 523
27 45 730
27 46 481
27 47 576
27 48 1080
27 49 457
27 50 362
27 51 270
27 52 623
27 53 866
27 54 336
27 55 442
27 56 816
27 57 498
27 58 651
27 59 669
27 60 305
27 61 1062
27 62 675
27 63 390
27 64 327
27 65 497
27 66 225
27 67 881
27 68 893
27 69 892
27 70 831
27 71 775
27 72 480
27 73 420
27 74 706
27 75 211
27 76 218
27 77 144
27 78 714
27 79 1016
27 80 983
27 81 807
27 82 753
27 83 554
27 84 821
27 85 417
27 86 635
27 87 507
27 88 797
27 89 555
27 90 1004
27 91 323
27 92 737
27 93 538
27 94 858
27 95 337
27 96 358
27 97 664
27 98 471
27 99 172
27 100 932
28 29 734
28 30 813
28 31 815
28 32 666
28 33 491
28 34 939
28 35 553
28 36 544
28 37 973
28 38 146
28 39 859
28 40 411
28 41 901
28 42 448
28 43 473
28 44 460
28 45 554
28 46 464
28 47 399
28 48 1067
28 49 585
28 50 243
28 51 509
28 52 640
28 53 985
28 54 237
28 55 362
28 56 953
28 57 465
28 58 809
28 59 536
28 60 403
28 61 1038
28 62 507
28 63 353
28 64 343
28 65 290
28 66 433
28 67 761
28 68 917
28 69 867
28 70 760
28 71 852
28 72 663
28 73 559
28 74 586
28 75 410
28 76 414
28 77 141
28 78 698
28 79 976
28 80 1006
28 81 668
28 82 564
28 83 746
28 84 684
28 85 238
28 86 419
28 87 541
28 88 803
28 89 562
28 90 930
28 91 443
28 92 715
28 93 379
28 94 816
28 95 124
28 96 532
28 97 702
28 98 261
28 99 391
28 100 826
29 30 721
29 31 201
29 32 358
29 33 507
29 34 210
29 35 199
29 36 222
29 37 534
29 38 602
29 39 755
29 40 912
29 41 301
29 42 473
29 43 571
29 44 304
29 45 323
29 46 369
29 47 392
29 48 424
29 49 635
29 50 493
29 51 930
29 52 354
29 53 750
29 54 509
29 55 388
29 56 792
29 57 341
29 58 785
29 59 220
29 60 599
29 61 377
29 62 313
29 63 438
29 64 512
29 65 514
29 66 1047
29 67 106
29 68 427
29 69 256
29 70 76
29 71 556
29 72 804
29 73 660
29 74 162
29 75 1037
29 76 771
29 77 703
29 78 250
29 79 293
29 80 476
29 81 168
29 82 371
29 83 870
29 84 158
29 85 509
29 86 503
29 87 424
29 88 328
29 89 355
29 90 201
29 91 627
29 92 233
29 93 376
29 94 181
29 95 624
29 96 740
29 97 406
29 98 538
29 99 814
29 100 110
30 31 579
30 32 364
30 33 347
30 34 776
30 35 746
30 36 770
30 37 381
30 38 796
30 39 47
30 40 608
30 41 559
30 42 406
30 43 343
30 44 564
30 45 897
30 46 475
30 47 822
30 48 660
30 49 228
30 50 673
30 51 534
30 52 372
30 53 196
30 54 650
30 55 602
30 56 140
30 57 504
30 58 80
30 59 754
30 60 410
30 61 675
30 62 845
30 63 541
30 64 495
30 65 854
30 66 782
30 67 826
30 68 432
30 69 569
30 70 664
30 71 222
30 72 240
30 73 259
30 74 739
30 75 791
30 76 465
30 77 679
30 78 472
30 79 687
30 80 492
30 81 837
30 82 949
30 83 235
30 84 839
30 85 771
30 86 958
30 87 360
30 88 434
30 89 406
30 90 772
30 91 371
30 92 491
30 93 765
30 94 600
30 95 803
30 96 324
30 97 315
30 98 852
30 99 522
30 100 817
31 32 249
31 33 460
31 34 200
31 35 360
31 36 388
31 37 336
31 38 703
31 39 605
31 40 901
31 41 105
31 42 450
31 43 525
31 44 355
31 45 509
31 46 371
31 47 541
31 48 257
31 49 552
31 50 573
31 51 896
31 52 259
31 53 572
31 54 578
31 55 454
31 56 626
31 57 358
31 58 652
31 59 380
31 60 575
31 61 222
31 62 486
31 63 473
31 64 524
31 65 650
31 66 1057
31 67 299
31 68 228
31 69 60
31 70 124
31 71 384
31 72 712
31 73 586
31 74 328
31 75 1051
31 76 745
31 77 751
31 78 143
31 79 164
31 80 275
31 81 367
31 82 560
31 83 763
31 84 358
31 85 619
31 86 670
31 87 367
31 88 148
31 89 304
31 90 195
31 91 589
31 92 119
31 93 509
31 94 22
31 95 723
31 96 678
31 97 276
31 98 668
31 99 797
31 100 258
32 33 225
32 34 447
32 35 398
32 36 425
32 37 311
32 38 587
32 39 400
32 40 669
32 41 282
32 42 235
32 43 286
32 44 256
32 45 557
32 46 206
32 47 517
32 48 438
32 49 302
32 50 447
32 51 653
32 52 25
32 53 425
32 54 439
32 55 336
32 56 448
32 57 216
32 58 426
32 59 410
32 60 348
32 61 426
32 62 511
32 63 315
32 64 332
32 65 588
32 66 834
32 67 462
32 68 253
32 69 267
32 70 307
32 71 235
32 72 464
32 73 337
32 74 384
32 75 831
32 76 509
32 77 570
32 78 114
32 79 399
32 80 342
32 81 476
32 82 611
32 83 520
32 84 477
32 85 525
32 86 659
32 87 138
32 88 152
32 89 104
32 90 441
32 91 352
32 92 137
32 93 466
32 94 265
32 95 602
32 96 430
32 97 56
32 98 596
32 99 564
32 100 458
33 34 647
33 35 452
33 36 471
33 37 499
33 38 452
33 39 394
33 40 444
33 41 506
33 42 59
33 43 65
33 44 250
33 45 585
33 46 156
33 47 486
33 48 664
33 49 151
33 50 325
33 51 436
33 52 206
33 53 498
33 54 303
33 55 261
33 56 479
33 57 189
33 58 371
33 59 454
33 60 123
33 61 652
33 62 527
33 63 194
33 64 152
33 65 507
33 66 608
33 67 595
33 68 467
33 69 488
33 70 480
33 71 363
33 72 314
33 73 161
33 74 458
33 75 606
33 76 285
33 77 373
33 78 316
33 79 619
33 80 556
33 81 567
33 82 631
33 83 392
33 84 575
33 85 423
33 86 616
33 87 92
33 88 377
33 89 158
33 90 640
33 91 129
33 92 341
33 93 428
33 94 472
33 95 461
33 96 233
33 97 238
33 98 504
33 99 339
33 100 616
34 35 409
34 36 430
34 37 489
34 38 810
34 39 801
34 40 1079
34 41 233
34 42 628
34 43 713
34 44 492
34 45 516
34 46 536
34 47 601
34 48 272
34 49 749
34 50 696
34 51 1083
34 52 455
34 53 751
34 54 709
34 55 584
34 56 813
34 57 515
34 58 851
34 59 430
34 60 756
34 61 219
34 62 516
34 63 623
34 64 688
34 65 725
34 66 1227
34 67 243
34 68 384
34 69 209
34 70 181
34 71 573
34 72 911
34 73 782
34 74 373
34 75 1218
34 76 929
34 77 898
34 78 336
34 79 137
34 80 393
34 81 349
34 82 558
34 83 964
34 84 334
34 85 718
34 86 706
34 87 555
34 88 342
34 89 488
34 90 9
34 91 775
34 92 311
34 93 587
34 94 182
34 95 832
34 96 872
34 97 476
34 98 749
34 99 977
34 100 164
35 36 29
35 37 657
35 38 413
35 39 787
35 40 790
35 41 465
35 42 402
35 43 506
35 44 203
35 45 161
35 46 296
35 47 192
35 48 609
35 49 601
35 50 324
35 51 830
35 52 381
35 53 822
35 54 346
35 55 244
35 56 845
35 57 263
35 58 795
35 59 21
35 60 510
35 61 566
35 62 126
35 63 315
35 64 399
35 65 315
35 66 906
35 67 208
35 68 559
35 69 420
35 70 254
35 71 630
35 72 766
35 73 614
35 74 36
35 75 892
35 76 670
35 77 545
35 78 328
35 79 486
35 80 627
35 81 127
35 82 215
35 83 843
35 84 140
35 85 318
35 86 311
35 87 395
35 88 441
35 89 339
35 90 400
35 91 549
35 92 326
35 93 180
35 94 348
35 95 436
35 96 675
35 97 454
35 98 340
35 99 702
35 100 275
36 37 686
36 38 402
36 39 812
36 40 796
36 41 493
36 42 419
36 43 523
36 44 220
36 45 133
36 46 314
36 47 171
36 48 636
36 49 620
36 50 321
36 51 839
36 52 408
36 53 850
36 54 345
36 55 251
36 56 871
36 57 281
36 58 818
36 59 16
36 60 523
36 61 592
36 62 98
36 63 324
36 64 410
36 65 296
36 66 907
36 67 219
36 68 588
36 69 448
36 70 280
36 71 658
36 72 785
36 73 632
36 74 60
36 75 892
36 76 680
36 77 543
36 78 357
36 79 511
36 80 656
36 81 126
36 82 187
36 83 863
36 84 141
36 85 307
36 86 284
36 87 417
36 88 470
36 89 363
36 90 421
36 91 563
36 92 355
36 93 166
36 94 375
36 95 425
36 96 690
36 97 482
36 98 322
36 99 710
36 100 290
37 38 898
37 39 383
37 40 910
37 41 257
37 42 529
37 43 543
37 44 561
37 45 817
37 46 518
37 47 810
37 48 294
37 49 493
37 50 759
37 51 864
37 52 337
37 53 278
37 54 750
37 55 647
37 56 357
37 57 527
37 58 461
37 59 674
37 60 617
37 61 323
37 62 782
37 63 626
37 64 632
37 65 893
37 66 1084
37 67 635
37 68 108
37 69 292
37 70 459
37 71 168
37 72 598
37 73 536
37 74 633
37 75 1086
37 76 748
37 77 868
37 78 331
37 79 365
37 80 118
37 81 694
37 82 871
37 83 614
37 84 688
37 85 835
37 86 950
37 87 432
37 88 216
37 89 416
37 90 488
37 91 603
37 92 331
37 93 764
37 94 358
37 95 914
37 96 631
37 97 270
37 98 903
37 99 808
37 100 592
38 39 843
38 40 508
38 41 796
38 42 398
38 43 454
38 44 352
38 45 408
38 46 380
38 47 253
38 48 959
38 49 575
38 50 139
38 51 591
38 52 561
38 53 949
38 54 151
38 55 256
38 56 930
38 57 373
38 58 806
38 59 395
38 60 397
38 61 926
38 62 361
38 63 275
38 64 301
38 65 149
38 66 563
38 67 621
38 68 831
38 69 758
38 70 635
38 71 796
38 72 686
38 73 558
38 74 448
38 75 542
38 76 466
38 77 211
38 78 599
38 79 858
38 80 917
38 81 525
38 82 419
38 83 772
38 84 541
38 85 95
38 86 284
38 87 478
38 88 711
38 89 482
38 90 801
38 91 444
38 92 613
38 93 236
38 94 700
38 95 22
38 96 557
38 97 631
38 98 121
38 99 461
38 100 689
39 40 644
39 41 578
39 42 453
39 43 390
39 44 608
39 45 940
39 46 520
39 47 867
39 48 669
39 49 274
39 50 720
39 51 566
39 52 410
39 53 165
39 54 697
39 55 648
39 56 97
39 57 549
39 58 88
39 59 796
39 60 456
39 61 688
39 62 888
39 63 588
39 64 542
39 65 901
39 66 817
39 67 861
39 68 444
39 69 592
39 70 696
39 71 234
39 72 270
39 73 303
39 74 779
39 75 827
39 76 505
39 77 725
39 78 505
39 79 706
39 80 498
39 81 875
39 82 992
39 83 250
39 84 877
39 85 818
39 86 1004
39 87 404
39 88 458
39 89 448
39 90 797
39 91 417
39 92 523
39 93 810
39 94 627
39 95 850
39 96 363
39 97 349
39 98 899
39 99 562
39 100 848
40 41 951
40 42 452
40 43 383
40 44 609
40 45 863
40 46 545
40 47 714
40 48 1107
40 49 417
40 50 492
40 51 110
40 52 651
40 53 804
40 54 462
40 55 546
40 56 740
40 57 570
40 58 565
40 59 782
40 60 325
40 61 1096
40 62 805
40 63 479
40 64 400
40 65 649
40 66 175
40 67 979
40 68 900
40 69 932
40 70 903
40 71 749
40 72 380
40 73 375
40 74 811
40 75 183
40 76 162
40 77 297
40 78 758
40 79 1062
40 80 987
40 81 918
40 82 891
40 83 439
40 84 931
40 85 563
40 86 788
40 87 536
40 88 820
40 89 596
40 90 1071
40 91 317
40 92 782
40 93 669
40 94 912
40 95 497
40 96 287
40 97 674
40 98 626
40 99 104
40 100 1020
41 42 508
41 43 569
41 44 444
41 45 614
41 46 445
41 47 645
41 48 165
41 49 574
41 50 662
41 51 934
41 52 300
41 53 517
41 54 664
41 55 542
41 56 582
41 57 437
41 58 636
41 59 485
41 60 628
41 61 145
41 62 591
41 63 552
41 64 593
41 65 750
41 66 1114
41 67 393
41 68 151
41 69 45
41 70 225
41 71 345
41 72 722
41 73 612
41 74 433
41 75 1110
41 76 791
41 77 827
41 78 205
41 79 128
41 80 176
41 81 468
41 82 665
41 83 764
41 84 459
41 85 715
41 86 775
41 87 416
41 88 136
41 89 362
41 90 232
41 91 634
41 92 186
41 93 611
41 94 120
41 95 815
41 96 708
41 97 288
41 98 768
41 99 846
41 100 339
42 43 104
42 44 198
42 45 529
42 46 108
42 47 426
42 48 669
42 49 209
42 50 268
42 51 458
42 52 212
42 53 551
42 54 247
42 55 201
42 56 536
42 57 140
42 58 431
42 59 402
42 60 128
42 61 653
42 62 471
42 63 135
42 64 104
42 65 448
42 66 607
42 67 556
42 68 486
42 69 484
42 70 455
42 71 404
42 72 367
42 73 214
42 74 410
42 75 603
42 76 301
42 77 339
42 78 308
42 79 612
42 80 576
42 81 520
42 82 574
42 83 448
42 84 529
42 85 364
42 86 557
42 87 98
42 88 385
42 89 146
42 90 620
42 91 154
42 92 331
42 93 369
42 94 459
42 95 408
42 96 274
42 97 260
42 98 445
42 99 349
42 100 583
43 44 303
43 45 631
43 46 212
43 47 521
43 48 724
43 49 121
43 50 339
43 51 371
43 52 269
43 53 511
43 54 313
43 55 297
43 56 480
43 57 244
43 58 352
43 59 506
43 60 75
43 61 713
43 62 572
43 63 222
43 64 157
43 65 528
43 66 550
43 67 657
43 68 521
43 69 552
43 70 546
43 71 397
43 72 265
43 73 114
43 74 514
43 75 549
43 76 222
43 77 345
43 78 381
43 79 683
43 80 609
43 81 625
43 82 675
43 83 348
43 84 633
43 85 439
43 86 645
43 87 157
43 88 437
43 89 224
43 90 705
43 91 65
43 92 406
43 93 464
43 94 537
43 95 460
43 96 170
43 97 293
43 98 521
43 99 278
43 100 680
44 45 337
44 46 94
44 47 264
44 48 608
44 49 400
44 50 218
44 51 637
44 52 233
44 53 669
44 54 223
44 55 98
44 56 676
44 57 61
44 58 605
44 59 204
44 60 310
44 61 577
44 62 282
44 63 133
44 64 209
44 65 332
44 66 743
44 67 370
44 68 484
44 69 407
44 70 310
44 71 489
44 72 564
44 73 411
44 74 213
44 75 732
44 76 477
44 77 405
44 78 247
44 79 516
44 80 567
44 81 323
44 82 386
44 83 642
44 84 333
44 85 277
44 86 405
44 87 204
44 88 362
44 89 165
44 90 483
44 91 347
44 92 260
44 93 210
44 94 355
44 95 371
44 96 472
44 97 310
44 98 342
44 99 514
44 100 411
45 46 431
45 47 155
45 48 747
45 49 736
45 50 371
45 51 918
45 52 540
45 53 982
45 54 400
45 55 339
45 56 1002
45 57 399
45 58 942
45 59 147
45 60 619
45 61 700
45 62 59
45 63 417
45 64 500
45 65 270
45 66 954
45 67 277
45 68 717
45 69 568
45 70 392
45 71 791
45 72 896
45 73 743
45 74 184
45 75 936
45 76 764
45 77 586
45 78 490
45 79 616
45 80 781
45 81 167
45 82 54
45 83 977
45 84 183
45 85 319
45 86 197
45 87 540
45 88 601
45 89 491
45 90 508
45 91 663
45 92 486
45 93 193
45 94 494
45 95 429
45 96 792
45 97 614
45 98 300
45 99 786
45 100 358
46 47 346
46 48 610
46 49 306
46 50 241
46 51 561
46 52 180
46 53 593
46 54 233
46 55 136
46 56 593
46 57 32
46 58 513
46 59 297
46 60 230
46 61 587
46 62 375
46 63 110
46 64 153
46 65 394
46 66 691
46 67 448
46 68 454
46 69 415
46 70 357
46 71 423
46 72 470
46 73 318
46 74 302
46 75 683
46 76 402
46 77 382
46 78 239
46 79 536
46 80 542
46 81 412
46 82 479
46 83 548
46 84 420
46 85 323
46 86 484
46 87 116
46 88 339
46 89 102
46 90 527
46 91 261
46 92 259
46 93 290
46 94 377
46 95 396
46 96 383
46 97 251
46 98 398
46 99 445
46 100 479
47 48 796
47 49 635
47 50 222
47 51 776
47 52 495
47 53 933
47 54 253
47 55 225
47 56 939
47 57 319
47 58 855
47 59 171
47 60 496
47 61 754
47 62 108
47 63 298
47 64 375
47 65 127
47 66 799
47 67 385
47 68 721
47 69 601
47 70 444
47 71 752
47 72 785
47 73 636
47 74 229
47 75 781
47 76 627
47 77 432
47 78 480
47 79 677
47 80 796
47 81 280
47 82 177
47 83 869
47 84 297
47 85 163
47 86 141
47 87 462
47 88 598
47 89 430
47 90 592
47 91 543
47 92 485
47 93 57
47 94 532
47 95 275
47 96 672
47 97 572
47 98 154
47 99 643
47 100 460
48 49 715
48 50 827
48 51 1083
48 52 459
48 53 572
48 54 829
48 55 707
48 56 651
48 57 603
48 58 740
48 59 630
48 60 786
48 61 52
48 62 732
48 63 718
48 64 758
48 65 907
48 66 1272
48 67 495
48 68 229
48 69 201
48 70 356
48 71 438
48 72 851
48 73 755
48 74 575
48 75 1270
48 76 945
48 77 992
48 78 371
48 79 138
48 80 176
48 81 589
48 82 795
48 83 882
48 84 577
48 85 876
48 86 921
48 87 575
48 88 286
48 89 525
48 90 276
48 91 789
48 92 352
48 93 766
48 94 264
48 95 978
48 96 852
48 97 434
48 98 926
48 99 1002
48 100 425
49 50 460
49 51 372
49 52 294
49 53 410
49 54 434
49 55 410
49 56 368
49 57 339
49 58 231
49 59 604
49 60 182
49 61 714
49 62 679
49 63 339
49 64 278
49 65 648
49 66 593
49 67 730
49 68 495
49 69 566
49 70 597
49 71 331
49 72 169
49 73 42
49 74 604
49 75 597
49 76 259
49 77 451
49 78 413
49 79 697
49 80 578
49 81 712
49 82 783
49 83 242
49 84 718
49 85 560
49 86 763
49 87 213
49 88 437
49 89 280
49 90 743
49 91 142
49 92 438
49 93 578
49 94 568
49 95 580
49 96 138
49 97 285
49 98 642
49 99 319
49 100 742
50 51 554
50 52 422
50 53 817
50 54 31
50 55 120
50 56 804
50 57 234
50 58 691
50 59 310
50 60 295
50 61 796
50 62 314
50 63 138
50 64 182
50 65 190
50 66 588
50 67 530
50 68 692
50 69 626
50 70 517
50 71 659
50 72 590
50 73 450
50 74 354
50 75 571
50 76 407
50 77 222
50 78 462
50 79 732
50 80 778
50 81 448
50 82 399
50 83 676
50 84 463
50 85 99
50 86 319
50 87 342
50 88 573
50 89 343
50 90 687
50 91 344
50 92 478
50 93 177
50 94 573
50 95 155
50 96 468
50 97 492
50 98 181
50 99 420
50 100 590
51 52 638
51 53 730
51 54 523
51 55 587
51 56 659
51 57 590
51 58 482
51 59 824
51 60 331
51 61 1078
51 62 859
51 63 515
51 64 430
51 65 725
51 66 257
51 67 1007
51 68 867
51 69 921
51 70 913
51 71 698
51 72 296
51 73 330
51 74 847
51 75 273
51 76 160
51 77 383
51 78 752
51 79 1052
51 80 950
51 81 956
51 82 952
51 83 343
51 84 967
51 85 635
51 86 863
51 87 528
51 88 799
51 89 594
51 90 1076
51 91 308
51 92 777
51 93 727
51 94 909
51 95 582
51 96 233
51 97 649
51 98 704
51 99 134
51 100 1040
52 53 443
52 54 413
52 55 311
52 56 463
52 57 191
52 58 432
52 59 393
52 60 328
52 61 445
52 62 493
52 63 289
52 64 307
52 65 563
52 66 814
52 67 457
52 68 278
52 69 282
52 70 307
52 71 257
52 72 459
52 73 326
52 74 370
52 75 811
52 76 491
52 77 546
52 78 119
52 79 414
52 80 367
52 81 465
52 82 593
52 83 518
52 84 466
52 85 500
52 86 636
52 87 116
52 88 173
52 89 78
52 90 449
52 91 334
52 92 143
52 93 443
52 94 275
52 95 576
52 96 418
52 97 77
52 98 571
52 99 546
52 100 456
53 54 798
53 55 729
53 56 90
53 57 616
53 58 253
53 59 835
53 60 584
53 61 601
53 62 936
53 63 680
53 64 651
53 65 987
53 66 978
53 67 857
53 68 368
53 69 543
53 70 681
53 71 195
53 72 434
53 73 446
53 74 807
53 75 987
53 76 658
53 77 856
53 78 507
53 79 636
53 80 395
53 81 891
53 82 1036
53 83 414
53 84 890
53 85 910
53 86 1074
53 87 479
53 88 426
53 89 503
53 90 749
53 91 551
53 92 519
53 93 879
53 94 595
53 95 959
53 96 519
53 97 368
53 98 989
53 99 717
53 100 828
54 55 125
54 56 782
54 57 230
54 58 665
54 59 333
54 60 266
54 61 800
54 62 343
54 63 124
54 64 155
54 65 220
54 66 562
54 67 551
54 68 687
54 69 629
54 70 528
54 71 644
54 72 561
54 73 423
54 74 374
54 75 546
54 76 375
54 77 199
54 78 462
54 79 739
54 80 774
54 81 471
54 82 430
54 83 647
54 84 486
54 85 128
54 86 350
54 87 327
54 88 570
54 89 334
54 90 699
54 91 314
54 92 478
54 93 207
54 94 579
54 95 164
54 96 438
54 97 481
54 98 209
54 99 389
54 100 608
55 56 725
55 57 120
55 58 632
55 59 236
55 60 279
55 61 676
55 62 280
55 63 77
55 64 161
55 65 258
55 66 666
55 67 439
55 68 575
55 69 506
55 70 403
55 71 559
55 72 562
55 73 411
55 74 266
55 75 653
55 76 429
55 77 315
55 78 343
55 79 614
55 80 661
55 81 372
55 82 381
55 83 645
55 84 385
55 85 189
55 86 356
55 87 249
55 88 455
55 89 235
55 90 575
55 91 324
55 92 358
55 93 167
55 94 454
55 95 274
55 96 453
55 97 385
55 98 262
55 99 458
55 100 490
56 57 619
56 58 177
56 59 855
56 60 549
56 61 677
56 62 952
56 63 669
56 64 629
56 65 981
56 66 912
56 67 899
56 68 438
56 69 603
56 70 727
56 71 241
56 72 363
56 73 399
56 74 833
56 75 923
56 76 602
56 77 819
56 78 543
56 79 706
56 80 475
56 81 924
56 82 1054
56 83 332
56 84 924
56 85 900
56 86 1078
56 87 477
56 88 477
56 89 512
56 90 810
56 91 511
56 92 559
56 93 883
56 94 648
56 95 938
56 96 460
56 97 393
56 98 980
56 99 659
56 100 878
57 58 544
57 59 265
57 60 259
57 61 577
57 62 343
57 63 115
57 64 173
57 65 374
57 66 712
57 67 418
57 68 458
57 69 405
57 70 335
57 71 441
57 72 503
57 73 351
57 74 269
57 75 703
57 76 430
57 77 392
57 78 233
57 79 523
57 80 545
57 81 380
57 82 448
57 83 581
57 84 388
57 85 309
57 86 459
57 87 144
57 88 340
57 89 116
57 90 506
57 91 292
57 92 251
57 93 264
57 94 363
57 95 389
57 96 415
57 97 265
57 98 380
57 99 472
57 100 451
58 59 801
58 60 410
58 61 755
58 62 887
58 63 565
58 64 509
58 65 877
58 66 736
58 67 889
58 68 512
58 69 645
58 70 731
58 71 302
58 72 186
58 73 250
58 74 791
58 75 748
58 76 435
58 77 671
58 78 538
58 79 765
58 80 573
58 81 892
58 82 992
58 83 162
58 84 895
58 85 790
58 86 988
58 87 401
58 88 509
58 89 455
58 90 846
58 91 367
58 92 559
58 93 798
58 94 672
58 95 811
58 96 293
58 97 382
58 98 872
58 99 488
58 100 883
59 60 507
59 61 587
59 62 108
59 63 309
59 64 394
59 65 294
59 66 894
59 67 225
59 68 577
59 69 440
59 70 275
59 71 644
59 72 768
59 73 615
59 74 57
59 75 880
59 76 665
59 77 532
59 78 344
59 79 507
59 80 646
59 81 138
59 82 201
59 83 846
59 84 152
59 85 300
59 86 291
59 87 400
59 88 458
59 89 347
59 90 421
59 91 547
59 92 343
59 93 161
59 94 368
59 95 418
59 96 674
59 97 467
59 98 319
59 99 695
59 100 294
60 61 773
60 62 560
60 63 202
60 64 121
60 65 486
60 66 486
60 67 677
60 68 589
60 69 607
60 70 583
60 71 472
60 72 294
60 73 161
60 74 523
60 75 483
60 76 173
60 77 272
60 78 432
60 79 737
60 80 679
60 81 633
60 82 660
60 83 380
60 84 643
60 85 395
60 86 612
60 87 211
60 88 500
60 89 271
60 90 748
60 91 48
60 92 456
60 93 441
60 94 586
60 95 401
60 96 175
60 97 361
60 98 476
60 99 221
60 100 709
61 62 687
61 63 692
61 64 737
61 65 868
61 66 1259
61 67 445
61 68 243
61 69 172
61 70 312
61 71 454
61 72 856
61 73 752
61 74 531
61 75 1255
61 76 936
61 77 969
61 78 348
61 79 86
61 80 208
61 81 540
61 82 748
61 83 892
61 84 527
61 85 841
61 86 877
61 87 561
61 88 278
61 89 507
61 90 224
61 91 779
61 92 327
61 93 727
61 94 226
61 95 946
61 96 849
61 97 429
61 98 888
61 99 991
61 100 373
62 63 357
62 64 441
62 65 231
62 66 899
62 67 287
62 68 686
62 69 546
62 70 375
62 71 747
62 72 837
62 73 685
62 74 158
62 75 882
62 76 705
62 77 532
62 78 452
62 79 605
62 80 754
62 81 179
62 82 104
62 83 919
62 84 196
62 85 269
62 86 190
62 87 486
62 88 566
62 89 440
62 90 507
62 91 604
62 92 451
62 93 136
62 94 473
62 95 383
62 96 733
62 97 568
62 98 260
62 99 727
62 100 366
63 64 85
63 65 313
63 66 609
63 67 500
63 68 565
63 69 520
63 70 442
63 71 521
63 72 486
63 73 337
63 74 333
63 75 598
63 76 355
63 77 278
63 78 347
63 79 637
63 80 653
63 81 442
63 82 458
63 83 570
63 84 453
63 85 231
63 86 424
63 87 203
63 88 450
63 89 210
63 90 615
63 91 247
63 92 366
63 93 241
63 94 477
63 95 289
63 96 376
63 97 357
63 98 311
63 99 387
63 100 545
64 65 371
64 66 539
64 67 580
64 68 585
64 69 565
64 70 508
64 71 509
64 72 412
64 73 269
64 74 416
64 75 530
64 76 271
64 77 238
64 78 388
64 79 689
64 80 675
64 81 526
64 82 540
64 83 497
64 84 537
64 85 281
64 86 493
64 87 199
64 88 479
64 89 233
64 90 679
64 91 167
64 92 410
64 93 319
64 94 531
64 95 309
64 96 296
64 97 363
64 98 363
64 99 305
64 100 620
65 66 711
65 67 512
65 68 812
65 69 708
65 70 562
65 71 815
65 72 781
65 73 640
65 74 352
65 75 691
65 76 587
65 77 354
65 78 571
65 79 793
65 80 892
65 81 407
65 82 274
65 83 867
65 84 424
65 85 92
65 86 138
65 87 507
65 88 689
65 89 490
65 90 716
65 91 534
65 92 580
65 93 141
65 94 643
65 95 167
65 96 658
65 97 639
65 98 29
65 99 592
65 100 587
66 67 1105
66 68 1070
66 69 1092
66 70 1047
66 71 924
66 72 550
66 73 551
66 74 931
66 75 27
66 76 335
66 77 367
66 78 916
66 79 1220
66 80 1158
66 81 1033
66 82 975
66 83 601
66 84 1047
66 85 638
66 86 847
66 87 697
66 88 986
66 89 754
66 90 1218
66 91 486
66 92 939
66 93 762
66 94 1066
66 95 546
66 96 463
66 97 843
66 98 684
66 99 275
66 100 1154
67 68 527
67 69 350
67 70 177
67 71 663
67 72 899
67 73 752
67 74 176
67 75 1092
67 76 847
67 77 749
67 78 356
67 79 358
67 80 569
67 81 110
67 82 316
67 83 968
67 84 93
67 85 526
67 86 473
67 87 517
67 88 433
67 89 449
67 90 235
67 91 709
67 92 340
67 93 385
67 94 278
67 95 643
67 96 827
67 97 512
67 98 539
67 99 885
67 100 80
68 69 183
68 70 351
68 71 211
68 72 624
68 73 536
68 74 533
68 75 1070
68 76 737
68 77 823
68 78 241
68 79 268
68 80 90
68 81 589
68 82 771
68 83 653
68 84 582
68 85 761
68 86 859
68 87 388
68 88 122
68 89 355
68 90 383
68 91 584
68 92 236
68 93 678
68 94 249
68 95 847
68 96 633
68 97 228
68 98 824
68 99 796
68 100 483
69 70 180
69 71 363
69 72 720
69 73 603
69 74 388
69 75 1088
69 76 774
69 77 797
69 78 177
69 79 131
69 80 220
69 81 423
69 82 620
69 83 766
69 84 414
69 85 675
69 86 731
69 87 396
69 88 136
69 89 338
69 90 206
69 91 617
69 92 155
69 93 568
69 94 75
69 95 777
69 96 697
69 97 283
69 98 726
69 99 828
69 100 300
70 71 489
70 72 765
70 73 626
70 74 219
70 75 1038
70 76 756
70 77 716
70 78 193
70 79 232
70 80 400
70 81 243
70 82 442
70 83 826
70 84 234
70 85 545
70 86 565
70 87 392
70 88 256
70 89 323
70 90 173
70 91 606
70 92 173
70 93 421
70 94 105
70 95 656
70 96 711
70 97 350
70 98 583
70 99 802
70 100 152
71 72 430
71 73 373
71 74 614
71 75 928
71 76 589
71 77 736
71 78 312
71 79 472
71 80 272
71 81 696
71 82 845
71 83 449
71 84 694
71 85 746
71 86 893
71 87 317
71 88 236
71 89 325
71 90 570
71 91 452
71 92 324
71 93 700
71 94 407
71 95 808
71 96 466
71 97 179
71 98 821
71 99 650
71 100 638
72 73 152
72 74 771
72 75 562
72 76 262
72 77 522
72 78 577
72 79 849
72 80 699
72 81 880
72 82 941
72 83 86
72 84 886
72 85 689
72 86 905
72 87 382
72 88 586
72 89 450
72 90 905
72 91 246
72 92 601
72 93 728
72 94 729
72 95 687
72 96 131
72 97 438
72 98 770
72 99 310
72 100 911
73 74 619
73 75 556
73 76 218
73 77 422
73 78 445
73 79 734
73 80 620
73 81 729
73 82 789
73 83 233
73 84 735
73 85 550
73 86 760
73 87 236
73 88 475
73 89 305
73 90 775
73 91 116
73 92 470
73 93 579
73 94 601
73 95 562
73 96 97
73 97 323
73 98 632
73 99 278
73 100 768
74 75 918
74 76 687
74 77 573
74 78 307
74 79 450
74 80 598
74 81 110
74 82 238
74 83 846
74 84 120
74 85 353
74 86 345
74 87 394
74 88 417
74 89 335
74 90 363
74 91 560
74 92 302
74 93 216
74 94 315
74 95 470
74 96 684
74 97 441
74 98 376
74 99 721
74 100 240
75 76 338
75 77 350
75 78 911
75 79 1215
75 80 1158
75 81 1018
75 82 955
75 83 615
75 84 1032
75 85 619
75 86 825
75 87 694
75 88 983
75 89 749
75 90 1210
75 91 486
75 92 934
75 93 745
75 94 1059
75 95 524
75 96 470
75 97 842
75 98 663
75 99 278
75 100 1142
76 77 274
76 78 602
76 79 904
76 80 824
76 81 797
76 82 800
76 83 339
76 84 807
76 85 496
76 86 723
76 87 378
76 88 659
76 89 441
76 90 921
76 91 157
76 92 626
76 93 575
76 94 757
76 95 461
76 96 142
76 97 512
76 98 570
76 99 60
76 100 881
77 78 622
77 79 915
77 80 913
77 81 670
77 82 608
77 83 605
77 84 685
77 85 273
77 86 492
77 87 437
77 88 717
77 89 471
77 90 889
77 91 308
77 92 642
77 93 395
77 94 755
77 95 200
77 96 391
77 97 600
77 98 329
77 99 257
77 100 805
78 79 304
78 80 321
78 81 384
78 82 544
78 83 635
78 84 382
78 85 524
78 86 619
78 87 224
78 88 118
78 89 162
78 90 329
78 91 445
78 92 24
78 93 437
78 94 156
78 95 617
78 96 536
78 97 157
78 98 584
78 99 654
78 100 345
79 80 260
79 81 454
79 82 663
79 83 892
79 84 442
79 85 771
79 86 795
79 87 526
79 88 263
79 89 466
79 90 141
79 91 748
79 92 281
79 93 652
79 94 160
79 95 879
79 96 829
79 97 413
79 98 814
79 99 958
79 100 287
80 81 642
80 82 834
80 83 721
80 84 634
80 85 845
80 86 932
80 87 478
80 88 205
80 89 444
80 90 394
80 91 672
80 92 312
80 93 756
80 94 294
80 95 934
80 96 717
80 97 318
80 98 906
80 99 883
80 100 515
81 82 209
81 83 954
81 84 17
81 85 430
81 86 362
81 87 501
81 88 482
81 89 438
81 90 340
81 91 670
81 92 374
81 93 288
81 94 349
81 95 547
81 96 795
81 97 530
81 98 435
81 99 829
81 100 190
82 83 1022
82 84 224
82 85 336
82 86 176
82 87 590
82 88 655
82 89 543
82 90 550
82 91 705
82 92 540
82 93 224
82 94 545
82 95 439
82 96 835
82 97 668
82 98 304
82 99 818
82 100 397
83 84 960
83 85 775
83 86 990
83 87 453
83 88 630
83 89 519
83 90 959
83 91 332
83 92 658
83 93 812
83 94 782
83 95 772
83 96 215
83 97 487
83 98 856
83 99 382
83 100 974
84 85 446
84 86 379
84 87 506
84 88 477
84 89 443
84 90 326
84 91 680
84 92 371
84 93 305
84 94 340
84 95 563
84 96 803
84 97 531
84 98 452
84 99 841
84 100 174
85 86 227
85 87 432
85 88 640
85 89 424
85 90 709
85 91 443
85 92 536
85 93 141
85 94 615
85 95 117
85 96 566
85 97 574
85 98 81
85 99 502
85 100 594
86 87 601
86 88 737
86 89 571
86 90 698
86 91 659
86 92 622
86 93 194
86 94 659
86 95 301
86 96 786
86 97 714
86 98 163
86 99 730
86 100 553
87 88 290
87 89 69
87 90 548
87 91 221
87 92 248
87 93 406
87 94 380
87 95 491
87 96 319
87 97 163
87 98 509
87 99 431
87 100 532
88 89 245
88 90 338
88 91 502
88 92 115
88 93 555
88 94 170
88 95 729
88 96 572
88 97 151
88 98 702
88 99 715
88 100 402
89 90 481
89 91 286
89 92 185
89 93 376
89 94 315
89 95 498
89 96 388
89 97 150
89 98 496
89 99 492
89 100 463
90 91 768
90 92 305
90 93 578
90 94 176
90 95 823
90 96 865
90 97 471
90 98 739
90 99 969
90 100 156
91 92 470
91 93 487
91 94 601
91 95 447
91 96 129
91 97 357
91 98 524
91 99 213
91 100 737
92 93 443
92 94 132
92 95 631
92 96 561
92 97 177
92 98 594
92 99 678
92 100 325
93 94 502
93 95 258
93 96 616
93 97 520
93 98 162
93 99 594
93 100 456
94 95 721
94 96 693
94 97 295
94 98 662
94 99 808
94 100 235
95 96 557
95 97 646
95 98 139
95 99 454
95 100 711
96 97 420
96 98 646
96 99 198
96 100 849
97 98 646
97 99 570
97 100 502
98 99 572
98 100 613
99 100 923
