100 4950
1 2 667
1 3 622
1 4 114
1 5 291
1 6 653
1 7 105
1 8 632
1 9 642
1 10 566
1 11 212
1 12 787
1 13 541
1 14 885
1 15 729
1 16 678
1 17 329
1 18 325
1 19 179
1 20 65
1 21 217
1 22 611
1 23 837
1 24 469
1 25 460
1 26 257
1 27 99
1 28 416
1 29 193
1 30 105
1 31 535
1 32 363
1 33 261
1 34 159
1 35 581
1 36 509
1 37 737
1 38 974
1 39 366
1 40 918
1 41 236
1 42 347
1 43 549
1 44 455
1 45 618
1 46 191
1 47 915
1 48 507
1 49 428
1 50 151
1 51 913
1 52 516
1 53 60
1 54 211
1 55 356
1 56 133
1 57 685
1 58 763
1 59 684
1 60 693
1 61 228
1 62 300
1 63 373
1 64 284
1 65 257
1 66 677
1 67 558
1 68 754
1 69 712
1 70 800
1 71 742
1 72 34
1 73 699
1 74 759
1 75 460
1 76 897
1 77 485
1 78 250
1 79 607
1 80 754
1 81 643
1 82 711
1 83 689
1 84 781
1 85 906
1 86 540
1 87 512
1 88 243
1 89 626
1 90 1023
1 91 481
1 92 121
1 93 280
1 94 151
1 95 412
1 96 421
1 97 129
1 98 677
1 99 679
1 100 776
2 3 78
2 4 759
2 5 468
2 6 946
2 7 561
2 8 978
2 9 32
2 10 251
2 11 814
2 12 355
2 13 745
2 14 553
2 15 211
2 16 83
2 17 673
2 18 448
2 19 639
2 20 680
2 21 845
2 22 259
2 23 445
2 24 733
2 25 857
2 26 796
2 27 759
2 28 516
2 29 837
2 30 631
2 31 505
2 32 439
2 33 697
2 34 531
2 35 178
2 36 480
2 37 657
2 38 736
2 39 568
2 40 644
2 41 626
2 42 733
2 43 418
2 44 617
2 45 507
2 46 485
2 47 644
2 48 841
2 49 797
2 50 524
2 51 533
2 52 176
2 53 614
2 54 456
2 55 765
2 56 609
2 57 196
2 58 241
2 59 752
2 60 167
2 61 516
2 62 542
2 63 707
2 64 382
2 65 652
2 66 794
2 67 179
2 68 462
2 69 190
2 70 137
2 71 516
2 72 692
2 73 767
2 74 203
2 75 288
2 76 423
2 77 449
2 78 663
2 79 893
2 80 238
2 81 441
2 82 902
2 83 874
2 84 802
2 85 589
2 86 325
2 87 416
2 88 428
2 89 809
2 90 722
2 91 325
2 92 722
2 93 415
2 94 620
2 95 352
2 96 310
2 97 795
2 98 998
2 99 368
2 100 711
3 4 720
3 5 403
3 6 957
3 7 518
3 8 984
3 9 47
3 10 285
3 11 783
3 12 423
3 13 758
3 14 618
3 15 282
3 16 155
3 17 665
3 18 438
3 19 613
3 20 629
3 21 811
3 22 184
3 23 513
3 24 739
3 25 853
3 26 733
3 27 710
3 28 524
3 29 784
3 30 577
3 31 530
3 32 436
3 33 680
3 34 478
3 35 214
3 36 502
3 37 699
3 38 798
3 39 568
3 40 707
3 41 561
3 42 725
3 43 448
3 44 626
3 45 544
3 46 435
3 47 706
3 48 844
3 49 794
3 50 475
3 51 602
3 52 110
3 53 566
3 54 413
3 55 755
3 56 578
3 57 260
3 58 315
3 59 782
3 60 235
3 61 455
3 62 532
3 63 703
3 64 341
3 65 636
3 66 820
3 67 206
3 68 519
3 69 144
3 70 204
3 71 568
3 72 649
3 73 797
3 74 173
3 75 215
3 76 498
3 77 468
3 78 646
3 79 904
3 80 311
3 81 485
3 82 923
3 83 895
3 84 839
3 85 655
3 86 247
3 87 440
3 88 379
3 89 828
3 90 788
3 91 248
3 92 688
3 93 389
3 94 591
3 95 280
3 96 241
3 97 751
3 98 1007
3 99 421
3 100 754
4 5 405
4 6 584
4 7 205
4 8 554
4 9 736
4 10 629
4 11 104
4 12 840
4 13 504
4 14 915
4 15 798
4 16 761
4 17 297
4 18 370
4 19 171
4 20 158
4 21 103
4 22 722
4 23 881
4 24 428
4 25 385
4 26 313
4 27 113
4 28 431
4 29 191
4 30 213
4 31 552
4 32 404
4 33 217
4 34 272
4 35 655
4 36 531
4 37 736
4 38 984
4 39 368
4 40 937
4 41 340
4 42 294
4 43 584
4 44 443
4 45 637
4 46 299
4 47 933
4 48 443
4 49 365
4 50 260
4 51 950
4 52 618
4 53 174
4 54 308
4 55 294
4 56 162
4 57 755
4 58 831
4 59 659
4 60 766
4 61 342
4 62 317
4 63 331
4 64 379
4 65 232
4 66 643
4 67 634
4 68 788
4 69 818
4 70 889
4 71 766
4 72 80
4 73 673
4 74 864
4 75 570
4 76 949
4 77 514
4 78 222
4 79 544
4 80 821
4 81 674
4 82 659
4 83 640
4 84 757
4 85 932
4 86 653
4 87 547
4 88 346
4 89 584
4 90 1041
4 91 593
4 92 57
4 93 352
4 94 164
4 95 524
4 96 530
4 97 64
4 98 602
4 99 724
4 100 768
5 6 865
5 7 220
5 8 862
5 9 438
5 10 482
5 11 499
5 12 708
5 13 705
5 14 860
5 15 604
5 16 510
5 17 520
5 18 368
5 19 391
5 20 266
5 21 508
5 22 337
5 23 781
5 24 649
5 25 695
5 26 331
5 27 350
5 28 498
5 29 402
5 30 205
5 31 587
5 32 401
5 33 484
5 34 136
5 35 460
5 36 554
5 37 804
5 38 997
5 39 488
5 40 921
5 41 158
5 42 563
5 43 554
5 44 582
5 45 652
5 46 132
5 47 919
5 48 722
5 49 648
5 50 157
5 51 870
5 52 293
5 53 231
5 54 177
5 55 584
5 56 332
5 57 563
5 58 641
5 59 808
5 60 557
5 61 65
5 62 418
5 63 569
5 64 183
5 65 456
5 66 821
5 67 435
5 68 731
5 69 454
5 70 604
5 71 746
5 72 325
5 73 825
5 74 502
5 75 197
5 76 810
5 77 518
5 78 458
5 79 813
5 80 633
5 81 640
5 82 888
5 83 862
5 84 896
5 85 890
5 86 255
5 87 522
5 88 139
5 89 792
5 90 1022
5 91 200
5 92 400
5 93 272
5 94 356
5 95 135
5 96 163
5 97 410
5 98 901
5 99 634
5 100 854
6 7 659
6 8 71
6 9 942
6 10 702
6 11 497
6 12 781
6 13 201
6 14 715
6 15 842
6 16 894
6 17 345
6 18 539
6 19 486
6 20 718
6 21 534
6 22 1063
6 23 757
6 24 224
6 25 200
6 26 897
6 27 698
6 28 433
6 29 770
6 30 751
6 31 452
6 32 527
6 33 394
6 34 744
6 35 771
6 36 470
6 37 437
6 38 661
6 39 400
6 40 672
6 41 881
6 42 309
6 43 542
6 44 330
6 45 489
6 46 732
6 47 667
6 48 146
6 49 225
6 50 715
6 51 773
6 52 904
6 53 685
6 54 691
6 55 296
6 56 545
6 57 814
6 58 853
6 59 277
6 60 843
6 61 824
6 62 458
6 63 296
6 64 718
6 65 412
6 66 221
6 67 766
6 68 647
6 69 1098
6 70 1025
6 71 583
6 72 629
6 73 276
6 74 1131
6 75 932
6 76 857
6 77 497
6 78 413
6 79 54
6 80 845
6 81 570
6 82 130
6 83 136
6 84 331
6 85 707
6 86 1037
6 87 534
6 88 735
6 89 159
6 90 748
6 91 980
6 92 542
6 93 624
6 94 520
6 95 922
6 96 900
6 97 641
6 98 55
6 99 664
6 100 422
7 8 649
7 9 537
7 10 466
7 11 286
7 12 692
7 13 519
7 14 801
7 15 627
7 16 572
7 17 316
7 18 243
7 19 174
7 20 135
7 21 304
7 22 518
7 23 747
7 24 454
7 25 480
7 26 315
7 27 202
7 28 353
7 29 290
7 30 119
7 31 466
7 32 283
7 33 269
7 34 86
7 35 478
7 36 437
7 37 678
7 38 904
7 39 318
7 40 842
7 41 228
7 42 351
7 43 468
7 44 413
7 45 546
7 46 96
7 47 839
7 48 514
7 49 437
7 50 62
7 51 826
7 52 413
7 53 61
7 54 105
7 55 369
7 56 115
7 57 582
7 58 661
7 59 646
7 60 589
7 61 168
7 62 246
7 63 365
7 64 178
7 65 247
7 66 648
7 67 455
7 68 669
7 69 612
7 70 694
7 71 664
7 72 131
7 73 662
7 74 659
7 75 366
7 76 801
7 77 409
7 78 246
7 79 609
7 80 652
7 81 561
7 82 698
7 83 673
7 84 740
7 85 824
7 86 453
7 87 430
7 88 140
7 89 607
7 90 947
7 91 392
7 92 185
7 93 181
7 94 139
7 95 324
7 96 326
7 97 233
7 98 691
7 99 588
7 100 721
8 9 972
8 10 740
8 11 460
8 12 834
8 13 243
8 14 778
8 15 887
8 16 931
8 17 345
8 18 555
8 19 475
8 20 695
8 21 493
8 22 1080
8 23 816
8 24 245
8 25 172
8 26 868
8 27 668
8 28 461
8 29 734
8 30 733
8 31 496
8 32 549
8 33 380
8 34 736
8 35 806
8 36 510
8 37 502
8 38 731
8 39 418
8 40 739
8 41 865
8 42 299
8 43 585
8 44 361
8 45 541
8 46 729
8 47 734
8 48 143
8 49 213
8 50 708
8 51 835
8 52 924
8 53 669
8 54 692
8 55 280
8 56 534
8 57 856
8 58 900
8 59 344
8 60 885
8 61 817
8 62 468
8 63 297
8 64 725
8 65 405
8 66 289
8 67 800
8 68 705
8 69 1122
8 70 1064
8 71 642
8 72 605
8 73 344
8 74 1157
8 75 943
8 76 914
8 77 534
8 78 404
8 79 97
8 80 892
8 81 621
8 82 202
8 83 207
8 84 402
8 85 772
8 86 1048
8 87 573
8 88 737
8 89 220
8 90 817
8 91 989
8 92 516
8 93 634
8 94 510
8 95 929
8 96 910
8 97 606
8 98 50
8 99 714
8 100 490
9 10 255
9 11 794
9 12 378
9 13 742
9 14 574
9 15 236
9 16 108
9 17 661
9 18 435
9 19 620
9 20 653
9 21 824
9 22 231
9 23 468
9 24 726
9 25 847
9 26 766
9 27 733
9 28 510
9 29 809
9 30 604
9 31 506
9 32 429
9 33 682
9 34 504
9 35 183
9 36 480
9 37 666
9 38 755
9 39 559
9 40 664
9 41 596
9 42 721
9 43 421
9 44 612
9 45 514
9 46 458
9 47 663
9 48 833
9 49 787
9 50 498
9 51 557
9 52 145
9 53 588
9 54 431
9 55 753
9 56 588
9 57 216
9 58 268
9 59 756
9 60 190
9 61 487
9 62 529
9 63 697
9 64 358
9 65 637
9 66 796
9 67 179
9 68 478
9 69 175
9 70 166
9 71 530
9 72 668
9 73 771
9 74 195
9 75 256
9 76 451
9 77 448
9 78 648
9 79 889
9 80 264
9 81 451
9 82 902
9 83 874
9 84 809
9 85 611
9 86 294
9 87 417
9 88 401
9 89 809
9 90 744
9 91 293
9 92 701
9 93 396
9 94 600
9 95 320
9 96 278
9 97 771
9 98 993
9 99 382
9 100 721
10 11 656
10 12 229
10 13 501
10 14 381
10 15 172
10 16 192
10 17 464
10 18 264
10 19 475
10 20 601
10 21 696
10 22 447
10 23 298
10 24 498
10 25 635
10 26 764
10 27 665
10 28 286
10 29 756
10 30 571
10 31 255
10 32 238
10 33 508
10 34 477
10 35 72
10 36 232
10 37 414
10 38 539
10 39 350
10 40 454
10 41 619
10 42 524
10 43 167
10 44 379
10 45 258
10 46 429
10 47 453
10 48 608
10 49 575
10 50 457
10 51 387
10 52 289
10 53 528
10 54 377
10 55 556
10 56 466
10 57 130
10 58 202
10 59 501
10 60 151
10 61 502
10 62 346
10 63 490
10 64 318
10 65 464
10 66 543
10 67 79
10 68 259
10 69 428
10 70 324
10 71 294
10 72 580
10 73 515
10 74 450
10 75 384
10 76 337
10 77 205
10 78 477
10 79 651
10 80 192
10 81 201
10 82 651
10 83 624
10 84 554
10 85 414
10 86 472
10 87 168
10 88 375
10 89 561
10 90 549
10 91 439
10 92 580
10 93 286
10 94 469
10 95 424
10 96 379
10 97 680
10 98 755
10 99 157
10 100 469
11 12 853
11 13 443
11 14 905
11 15 828
11 16 806
11 17 254
11 18 392
11 19 180
11 20 262
11 21 46
11 22 803
11 23 883
11 24 367
11 25 296
11 26 411
11 27 213
11 28 421
11 29 274
11 30 315
11 31 537
11 32 420
11 33 175
11 34 363
11 35 692
11 36 522
11 37 701
11 38 954
11 39 351
11 40 917
11 41 444
11 42 232
11 43 584
11 44 408
11 45 621
11 46 383
11 47 912
11 48 361
11 49 287
11 50 346
11 51 945
11 52 686
11 53 268
11 54 379
11 55 222
11 56 205
11 57 786
11 58 858
11 59 605
11 60 801
11 61 438
11 62 318
11 63 276
11 64 446
11 65 208
11 66 582
11 67 673
11 68 784
11 69 891
11 70 938
11 71 753
11 72 178
11 73 618
11 74 936
11 75 651
11 76 960
11 77 513
11 78 195
11 79 461
11 80 848
11 81 670
11 82 583
11 83 566
11 84 701
11 85 919
11 86 740
11 87 550
11 88 422
11 89 516
11 90 1019
11 91 679
11 92 100
11 93 399
11 94 193
11 95 610
11 96 611
11 97 147
11 98 509
11 99 731
11 100 727
12 13 592
12 14 199
12 15 143
12 16 271
12 17 629
12 18 470
12 19 677
12 20 827
12 21 896
12 22 607
12 23 90
12 24 617
12 25 769
12 26 993
12 27 887
12 28 442
12 29 980
12 30 799
12 31 350
12 32 436
12 33 690
12 34 706
12 35 251
12 36 349
12 37 383
12 38 388
12 39 514
12 40 295
12 41 848
12 42 683
12 43 275
12 44 503
12 45 292
12 46 658
12 47 295
12 48 724
12 49 713
12 50 686
12 51 179
12 52 475
12 53 753
12 54 606
12 55 714
12 56 678
12 57 164
12 58 120
12 59 525
12 60 188
12 61 731
12 62 535
12 63 641
12 64 547
12 65 648
12 66 579
12 67 274
12 68 147
12 69 543
12 70 332
12 71 217
12 72 799
12 73 534
12 74 545
12 75 585
12 76 109
12 77 346
12 78 662
12 79 737
12 80 120
12 81 213
12 82 695
12 83 671
12 84 538
12 85 236
12 86 656
12 87 306
12 88 605
12 89 623
12 90 367
12 91 636
12 92 788
12 93 510
12 94 676
12 95 634
12 96 589
12 97 895
12 98 836
12 99 126
12 100 429
13 14 555
13 15 643
13 16 693
13 17 212
13 18 354
13 19 362
13 20 606
13 21 488
13 22 872
13 23 579
13 24 75
13 25 205
13 26 798
13 27 608
13 28 237
13 29 695
13 30 626
13 31 253
13 32 337
13 33 287
13 34 597
13 35 569
13 36 269
13 37 293
13 38 545
13 39 218
13 40 532
13 41 747
13 42 211
13 43 342
13 44 134
13 45 299
13 46 576
13 47 527
13 48 141
13 49 171
13 50 567
13 51 609
13 52 710
13 53 558
13 54 528
13 55 222
13 56 414
13 57 614
13 58 656
13 59 164
13 60 643
13 61 673
13 62 286
13 63 172
13 64 542
13 65 284
13 66 139
13 67 565
13 68 468
13 69 900
13 70 824
13 71 410
13 72 525
13 73 175
13 74 932
13 75 748
13 76 676
13 77 296
13 78 290
13 79 150
13 80 648
13 81 378
13 82 183
13 83 156
13 84 259
13 85 555
13 86 853
13 87 332
13 88 568
13 89 88
13 90 623
13 91 798
13 92 450
13 93 446
13 94 392
13 95 745
13 96 719
13 97 567
13 98 254
13 99 471
13 100 302
14 15 343
14 16 469
14 17 658
14 18 560
14 19 744
14 20 934
14 21 951
14 22 800
14 23 111
14 24 602
14 25 755
14 26 1115
14 27 982
14 28 486
14 29 1077
14 30 917
14 31 367
14 32 521
14 33 731
14 34 833
14 35 427
14 36 384
14 37 279
14 38 190
14 39 554
14 40 98
14 41 986
14 42 701
14 43 335
14 44 509
14 45 284
14 46 788
14 47 100
14 48 696
14 49 707
14 50 809
14 51 60
14 52 658
14 53 862
14 54 731
14 55 728
14 56 761
14 57 358
14 58 320
14 59 438
14 60 385
14 61 872
14 62 598
14 63 654
14 64 685
14 65 697
14 66 495
14 67 447
14 68 131
14 69 742
14 70 529
14 71 153
14 72 889
14 73 442
14 74 745
14 75 763
14 76 187
14 77 401
14 78 710
14 79 681
14 80 319
14 81 241
14 82 607
14 83 588
14 84 416
14 85 37
14 86 842
14 87 372
14 88 740
14 89 557
14 90 170
14 91 816
14 92 859
14 93 626
14 94 752
14 95 805
14 96 760
14 97 976
14 98 769
14 99 225
14 100 305
15 16 128
15 17 633
15 18 436
15 19 648
15 20 759
15 21 868
15 22 466
15 23 234
15 24 652
15 25 796
15 26 909
15 27 828
15 28 449
15 29 917
15 30 723
15 31 390
15 32 411
15 33 680
15 34 625
15 35 150
15 36 377
15 37 487
15 38 529
15 39 517
15 40 437
15 41 753
15 42 691
15 43 301
15 44 533
15 45 361
15 46 576
15 47 437
15 48 762
15 49 737
15 50 609
15 51 321
15 52 345
15 53 687
15 54 530
15 55 723
15 56 636
15 57 44
15 58 37
15 59 610
15 60 49
15 61 636
15 62 518
15 63 655
15 64 463
15 65 636
15 66 659
15 67 174
15 68 266
15 69 399
15 70 202
15 71 330
15 72 746
15 73 621
15 74 402
15 75 460
15 76 218
15 77 359
15 78 649
15 79 793
15 80 30
15 81 282
15 82 774
15 83 747
15 84 640
15 85 380
15 86 521
15 87 318
15 88 519
15 89 691
15 90 510
15 91 508
15 92 751
15 93 450
15 94 640
15 95 514
15 96 469
15 97 847
15 98 897
15 99 190
15 100 539
16 17 643
16 18 424
16 19 627
16 20 698
16 21 841
16 22 339
16 23 361
16 24 688
16 25 820
16 26 831
16 27 774
16 28 474
16 29 857
16 30 655
16 31 446
16 32 409
16 33 676
16 34 554
16 35 126
16 36 425
16 37 583
16 38 653
16 39 532
16 40 560
16 41 666
16 42 703
16 43 356
16 44 570
16 45 438
16 46 507
16 47 560
16 48 798
16 49 760
16 50 543
16 51 449
16 52 231
16 53 629
16 54 469
16 55 735
16 56 604
16 57 113
16 58 160
16 59 687
16 60 83
16 61 552
16 62 516
16 63 672
16 64 397
16 65 631
16 66 731
16 67 137
16 68 380
16 69 273
16 70 136
16 71 437
16 72 700
16 73 700
16 74 282
16 75 347
16 76 343
16 77 397
16 78 643
16 79 843
16 80 156
16 81 368
16 82 842
16 83 814
16 84 731
16 85 506
16 86 398
16 87 360
16 88 448
16 89 752
16 90 638
16 91 390
16 92 719
16 93 409
16 94 613
16 95 406
16 96 362
16 97 803
16 98 947
16 99 289
16 100 636
17 18 226
17 19 150
17 20 394
17 21 301
17 22 741
17 23 647
17 24 140
17 25 190
17 26 586
17 27 398
17 28 187
17 29 486
17 30 417
17 31 292
17 32 234
17 33 81
17 34 400
17 35 518
17 36 283
17 37 447
17 38 700
17 39 116
17 40 664
17 41 542
17 42 60
17 43 354
17 44 154
17 45 373
17 46 387
17 47 659
17 48 202
17 49 134
17 50 371
17 51 701
17 52 592
17 53 349
17 54 347
17 55 92
17 56 206
17 57 594
17 58 657
17 59 363
17 60 616
17 61 480
17 62 133
17 63 48
17 64 381
17 65 72
17 66 349
17 67 505
17 68 542
17 69 796
17 70 779
17 71 505
17 72 313
17 73 377
17 74 835
17 75 601
17 76 731
17 77 283
17 78 78
17 79 293
17 80 647
17 81 431
17 82 384
17 83 360
17 84 460
17 85 669
17 86 705
17 87 324
17 88 392
17 89 297
17 90 765
17 91 645
17 92 241
17 93 293
17 94 182
17 95 584
17 96 566
17 97 361
17 98 381
17 99 504
17 100 474
18 19 211
18 20 374
18 21 431
18 22 525
18 23 514
18 24 315
18 25 415
18 26 559
18 27 423
18 28 130
18 29 518
18 30 362
18 31 227
18 32 39
18 33 251
18 34 292
18 35 304
18 36 196
18 37 443
18 38 661
18 39 139
18 40 598
18 41 452
18 42 286
18 43 225
18 44 222
18 45 303
18 46 255
18 47 595
18 48 412
18 49 356
18 50 264
18 51 588
18 52 369
18 53 303
18 54 198
18 55 318
18 56 208
18 57 394
18 58 466
18 59 440
18 60 411
18 61 353
18 62 94
18 63 265
18 64 192
18 65 206
18 66 457
18 67 287
18 68 429
18 69 571
18 70 560
18 71 420
18 72 332
18 73 457
18 74 608
18 75 394
18 76 579
18 77 166
18 78 218
18 79 485
18 80 456
18 81 319
18 82 535
18 83 508
18 84 527
18 85 582
18 86 500
18 87 187
18 88 228
18 89 437
18 90 703
18 91 444
18 92 318
18 93 96
18 94 206
18 95 392
18 96 364
18 97 425
18 98 584
18 99 356
18 100 490
19 20 244
19 21 220
19 22 655
19 23 713
19 24 291
19 25 305
19 26 436
19 27 256
19 28 259
19 29 349
19 30 267
19 31 380
19 32 241
19 33 94
19 34 261
19 35 511
19 36 359
19 37 569
19 38 814
19 39 198
19 40 766
19 41 394
19 42 177
19 43 414
19 44 279
19 45 465
19 46 259
19 47 762
19 48 340
19 49 263
19 50 234
19 51 780
19 52 523
19 53 199
19 54 233
19 55 194
19 56 59
19 57 605
19 58 677
19 59 506
19 60 620
19 61 342
19 62 146
19 63 196
19 64 288
19 65 78
19 66 498
19 67 493
19 68 618
19 69 730
19 70 760
19 71 595
19 72 166
19 73 521
19 74 773
19 75 506
19 76 785
19 77 344
19 78 74
19 79 437
19 80 667
19 81 504
19 82 534
19 83 511
19 84 603
19 85 761
19 86 604
19 87 378
19 88 280
19 89 448
19 90 870
19 91 542
19 92 114
19 93 224
19 94 34
19 95 476
19 96 468
19 97 233
19 98 517
19 99 557
19 100 604
20 21 258
20 22 598
20 23 881
20 24 535
20 25 524
20 26 194
20 27 84
20 28 473
20 29 158
20 30 60
20 31 591
20 32 413
20 33 327
20 34 151
20 35 610
20 36 564
20 37 797
20 38 1030
20 39 427
20 40 972
20 41 181
20 42 412
20 43 599
20 44 517
20 45 673
20 46 194
20 47 968
20 48 572
20 49 493
20 50 155
20 51 960
20 52 520
20 53 73
20 54 230
20 55 421
20 56 195
20 57 715
20 58 795
20 59 748
20 60 720
20 61 200
20 62 359
20 63 439
20 64 301
20 65 322
20 66 742
20 67 586
20 68 803
20 69 707
20 70 815
20 71 794
20 72 90
20 73 763
20 74 755
20 75 451
20 76 936
20 77 538
20 78 316
20 79 673
20 80 785
20 81 693
20 82 777
20 83 754
20 84 844
20 85 956
20 86 521
20 87 562
20 88 252
20 89 692
20 90 1077
20 91 463
20 92 180
20 93 316
20 94 215
20 95 396
20 96 412
20 97 146
20 98 741
20 99 723
20 100 836
21 22 822
21 23 928
21 24 413
21 25 334
21 26 388
21 27 196
21 28 466
21 29 244
21 30 315
21 31 583
21 32 461
21 33 222
21 34 375
21 35 729
21 36 567
21 37 748
21 38 1001
21 39 397
21 40 963
21 41 439
21 42 278
21 43 629
21 44 455
21 45 668
21 46 399
21 47 959
21 48 401
21 49 329
21 50 361
21 51 991
21 52 712
21 53 277
21 54 402
21 55 266
21 56 236
21 57 825
21 58 898
21 59 651
21 60 839
21 61 446
21 62 361
21 63 323
21 64 471
21 65 254
21 66 626
21 67 710
21 68 829
21 69 915
21 70 972
21 71 799
21 72 183
21 73 663
21 74 960
21 75 670
21 76 1003
21 77 557
21 78 241
21 79 500
21 80 888
21 81 715
21 82 624
21 83 608
21 84 747
21 85 965
21 86 755
21 87 594
21 88 443
21 89 560
21 90 1065
21 91 695
21 92 123
21 93 432
21 94 229
21 95 626
21 96 630
21 97 125
21 98 542
21 99 775
21 100 773
22 23 696
22 24 839
22 25 932
22 26 655
22 27 683
22 28 635
22 29 739
22 30 539
22 31 669
22 32 536
22 33 737
22 34 453
22 35 382
22 36 638
22 37 858
22 38 976
22 39 663
22 40 886
22 41 482
22 42 797
22 43 596
22 44 738
22 45 698
22 46 422
22 47 885
22 48 936
22 49 876
22 50 461
22 51 786
22 52 165
22 53 551
22 54 425
22 55 825
22 56 607
22 57 443
22 58 499
22 59 922
22 60 419
22 61 401
22 62 612
22 63 785
22 64 367
22 65 697
22 66 953
22 67 368
22 68 695
22 69 132
22 70 360
22 71 740
22 72 643
22 73 938
22 74 177
22 75 152
22 76 682
22 77 600
22 78 704
22 79 1009
22 80 495
22 81 648
22 82 1048
22 83 1019
22 84 988
22 85 836
22 86 93
22 87 580
22 88 381
22 89 950
22 90 971
22 91 137
22 92 703
22 93 448
22 94 626
22 95 202
22 96 191
22 97 738
22 98 1109
22 99 594
22 100 913
23 24 615
23 25 769
23 26 1054
23 27 936
23 28 463
23 29 1031
23 30 858
23 31 356
23 32 477
23 33 714
23 34 769
23 35 332
23 36 364
23 37 336
23 38 301
23 39 535
23 40 208
23 41 916
23 42 697
23 43 299
23 44 509
23 45 284
23 46 722
23 47 209
23 48 717
23 49 716
23 50 747
23 51 91
23 52 561
23 53 808
23 54 667
23 55 726
23 56 721
23 57 252
23 58 209
23 59 489
23 60 278
23 61 800
23 62 567
23 63 652
23 64 614
23 65 675
23 66 545
23 67 354
23 68 111
23 69 633
23 70 418
23 71 174
23 72 846
23 73 496
23 74 634
23 75 669
23 76 100
23 77 370
23 78 689
23 79 718
23 80 209
23 81 216
23 82 661
23 83 639
23 84 487
23 85 148
23 86 743
23 87 334
23 88 671
23 89 598
23 90 276
23 91 721
23 92 826
23 93 566
23 94 716
23 95 715
23 96 670
23 97 938
23 98 813
23 99 158
23 100 375
24 25 154
24 26 725
24 27 534
24 28 216
24 29 620
24 30 558
24 31 268
24 32 305
24 33 213
24 34 535
24 35 563
24 36 275
24 37 354
24 38 609
24 39 176
24 40 588
24 41 682
24 42 136
24 43 352
24 44 119
24 45 331
24 46 518
24 47 584
24 48 110
24 49 106
24 50 506
24 51 653
24 52 681
24 53 489
24 54 473
24 55 148
24 56 346
24 57 619
24 58 669
24 59 238
24 60 646
24 61 613
24 62 235
24 63 97
24 64 495
24 65 213
24 66 215
24 67 555
24 68 504
24 69 877
24 70 822
24 71 452
24 72 452
24 73 250
24 74 912
24 75 708
24 76 708
24 77 294
24 78 218
24 79 170
24 80 660
24 81 404
24 82 244
24 83 220
24 84 334
24 85 606
24 86 813
24 87 334
24 88 515
24 89 157
24 90 683
24 91 756
24 92 375
24 93 400
24 94 323
24 95 700
24 96 676
24 97 492
24 98 270
24 99 492
24 100 369
25 26 698
25 27 499
25 28 348
25 29 570
25 30 561
25 31 419
25 32 417
25 33 211
25 34 567
25 35 694
25 36 422
25 37 499
25 38 750
25 39 288
25 40 737
25 41 693
25 42 135
25 43 499
25 44 266
25 45 485
25 46 563
25 47 732
25 48 74
25 49 59
25 50 540
25 51 807
25 52 782
25 53 497
25 54 529
25 55 111
25 56 365
25 57 760
25 58 815
25 59 363
25 60 785
25 61 648
25 62 322
25 63 150
25 64 569
25 65 240
25 66 323
25 67 684
25 68 658
25 69 986
25 70 956
25 71 606
25 72 434
25 73 371
25 74 1024
25 75 790
25 76 862
25 77 436
25 78 237
25 79 166
25 80 806
25 81 557
25 82 295
25 83 282
25 84 449
25 85 757
25 86 893
25 87 478
25 88 575
25 89 248
25 90 829
25 91 833
25 92 345
25 93 483
25 94 340
25 95 770
25 96 755
25 97 440
25 98 217
25 99 643
25 100 506
26 27 200
26 28 665
26 29 155
26 30 198
26 31 781
26 32 599
26 33 514
26 34 286
26 35 760
26 36 753
26 37 990
26 38 1220
26 39 621
26 40 1158
26 41 174
26 42 598
26 43 783
26 44 712
26 45 861
26 46 335
26 47 1155
26 48 753
26 49 675
26 50 307
26 51 1137
26 52 623
26 53 257
26 54 387
26 55 603
26 56 390
26 57 866
26 58 946
26 59 942
26 60 866
26 61 279
26 62 553
26 63 628
26 64 447
26 65 514
26 66 935
26 67 735
26 68 983
26 69 780
26 70 933
26 71 979
26 72 273
26 73 957
26 74 828
26 75 527
26 76 1101
26 77 725
26 78 507
26 79 855
26 80 937
26 81 876
26 82 965
26 83 943
26 84 1038
26 85 1139
26 86 565
26 87 746
26 88 390
26 89 882
26 90 1263
26 91 519
26 92 355
26 93 489
26 94 409
26 95 463
26 96 495
26 97 265
26 98 915
26 99 898
26 100 1030
27 28 507
27 29 95
27 30 144
27 31 627
27 32 461
27 33 321
27 34 234
27 35 679
27 36 603
27 37 824
27 38 1066
27 39 452
27 40 1013
27 41 250
27 42 403
27 43 646
27 44 536
27 45 711
27 46 275
27 47 1009
27 48 555
27 49 477
27 50 235
27 51 1011
27 52 602
27 53 145
27 54 305
27 55 405
27 56 223
27 57 784
27 58 862
27 59 760
27 60 791
27 61 285
27 62 391
27 63 437
27 64 377
27 65 328
27 66 747
27 67 657
27 68 852
27 69 791
27 70 894
27 71 837
27 72 92
27 73 774
27 74 839
27 75 535
27 76 997
27 77 581
27 78 319
27 79 656
27 80 853
27 81 740
27 82 769
27 83 749
27 84 857
27 85 1002
27 86 605
27 87 609
27 88 331
27 89 691
27 90 1117
27 91 548
27 92 159
27 93 379
27 94 236
27 95 481
27 96 496
27 97 72
27 98 715
27 99 778
27 100 860
28 29 602
28 30 472
28 31 121
28 32 103
28 33 250
28 34 414
28 35 348
28 36 101
28 37 324
28 38 558
28 39 72
28 40 507
28 41 574
28 42 243
28 43 167
28 44 103
28 45 206
28 46 381
28 47 503
28 48 324
28 49 288
28 50 385
28 51 524
28 52 473
28 53 408
28 54 325
28 55 275
28 56 284
28 57 413
28 58 471
28 59 310
28 60 437
28 61 480
28 62 116
28 63 205
28 64 321
28 65 212
28 66 328
28 67 339
28 68 363
28 69 664
28 70 609
28 71 335
28 72 414
28 73 327
28 74 697
28 75 514
28 76 545
28 77 95
28 78 225
28 79 380
28 80 462
28 81 249
28 82 413
28 83 385
28 84 397
28 85 501
28 86 620
28 87 136
28 88 358
28 89 315
28 90 611
28 91 566
28 92 374
28 93 226
28 94 272
28 95 518
28 96 488
28 97 493
28 98 483
28 99 316
28 100 367
29 30 206
29 31 723
29 32 556
29 33 407
29 34 305
29 35 767
29 36 698
29 37 918
29 38 1161
29 39 546
29 40 1108
29 41 272
29 42 486
29 43 742
29 44 628
29 45 807
29 46 351
29 47 1105
29 48 631
29 49 554
29 50 313
29 51 1106
29 52 674
29 53 229
29 54 388
29 55 484
29 56 318
29 57 873
29 58 952
29 59 849
29 60 878
29 61 339
29 62 486
29 63 523
29 64 459
29 65 419
29 66 834
29 67 744
29 68 947
29 69 854
29 70 973
29 71 933
29 72 188
29 73 863
29 74 902
29 75 596
29 76 1090
29 77 677
29 78 409
29 79 732
29 80 942
29 81 835
29 82 850
29 83 831
29 84 947
29 85 1097
29 86 655
29 87 704
29 88 409
29 89 775
29 90 1213
29 91 602
29 92 245
29 93 470
29 94 330
29 95 537
29 96 559
29 97 130
29 98 783
29 99 872
29 100 953
30 31 586
30 32 401
30 33 357
30 34 100
30 35 573
30 36 557
30 37 797
30 38 1023
30 39 434
30 40 960
30 41 132
30 42 443
30 43 585
30 44 527
30 45 665
30 46 148
30 47 957
30 48 605
30 49 526
30 50 113
30 51 939
30 52 467
30 53 68
30 54 194
30 55 455
30 56 211
30 57 679
30 58 759
30 59 760
30 60 682
30 61 140
30 62 363
30 63 464
30 64 260
30 65 345
30 66 759
30 67 549
30 68 785
30 69 650
30 70 768
30 71 781
30 72 137
30 73 776
30 74 698
30 75 393
30 76 908
30 77 528
30 78 341
30 79 704
30 80 750
30 81 678
30 82 802
30 83 778
30 84 855
30 85 941
30 86 461
30 87 548
30 88 206
30 89 713
30 90 1065
30 91 404
30 92 226
30 93 292
30 94 235
30 95 337
30 96 355
30 97 207
30 98 778
30 99 701
30 100 839
31 32 189
31 33 364
31 34 519
31 35 326
31 36 33
31 37 217
31 38 439
31 39 186
31 40 386
31 41 679
31 42 340
31 43 90
31 44 153
31 45 84
31 46 482
31 47 382
31 48 376
31 49 363
31 50 491
31 51 409
31 52 503
31 53 523
31 54 424
31 55 369
31 56 404
31 57 361
31 58 404
31 59 253
31 60 391
31 61 578
31 62 236
31 63 295
31 64 404
31 65 329
31 66 290
31 67 326
31 68 250
31 69 674
31 70 573
31 71 215
31 72 535
31 73 269
31 74 700
31 75 568
31 76 445
31 77 71
31 78 342
31 79 403
31 80 395
31 81 140
31 82 396
31 83 369
31 84 322
31 85 381
31 86 670
31 87 89
31 88 449
31 89 306
31 90 490
31 91 623
31 92 495
31 93 317
31 94 393
31 95 584
31 96 547
31 97 614
31 98 506
31 99 224
31 100 267
32 33 270
32 34 330
32 35 285
32 36 158
32 37 407
32 38 622
32 39 131
32 40 559
32 41 490
32 42 294
32 43 186
32 44 203
32 45 264
32 46 292
32 47 556
32 48 407
32 49 358
32 50 302
32 51 550
32 52 376
32 53 342
32 54 234
32 55 326
32 56 244
32 57 369
32 58 439
32 59 411
32 60 388
32 61 389
32 62 108
32 63 267
32 64 220
32 65 225
32 66 431
32 67 271
32 68 390
32 69 573
32 70 545
32 71 381
32 72 370
32 73 428
32 74 609
32 75 412
32 76 545
32 77 126
32 78 238
32 79 473
32 80 429
32 81 280
32 82 515
32 83 487
32 84 495
32 85 543
32 86 517
32 87 148
32 88 261
32 89 417
32 90 664
32 91 464
32 92 351
32 93 128
32 94 240
32 95 415
32 96 385
32 97 461
32 98 575
32 99 320
32 100 454
33 34 355
33 35 554
33 36 350
33 37 527
33 38 780
33 39 178
33 40 741
33 41 486
33 42 85
33 43 416
33 44 234
33 45 447
33 46 352
33 47 737
33 48 248
33 49 169
33 50 329
33 51 773
33 52 597
33 53 290
33 54 322
33 55 100
33 56 154
33 57 639
33 58 706
33 59 442
33 60 658
33 61 437
33 62 162
33 63 115
33 64 370
33 65 44
33 66 426
33 67 539
33 68 612
33 69 804
33 70 811
33 71 578
33 72 240
33 73 456
33 74 845
33 75 590
33 76 794
33 77 345
33 78 33
33 79 347
33 80 697
33 81 499
33 82 451
33 83 429
33 84 540
33 85 744
33 86 691
33 87 384
33 88 369
33 89 369
33 90 843
33 91 630
33 92 163
33 93 293
33 94 129
33 95 565
33 96 553
33 97 281
33 98 423
33 99 565
33 100 556
34 35 475
34 36 488
34 37 736
34 38 950
34 39 389
34 40 883
34 41 159
34 42 437
34 43 507
34 44 485
34 45 594
34 46 48
34 47 880
34 48 599
34 49 523
34 50 30
34 51 853
34 52 369
34 53 98
34 54 102
34 55 456
34 56 201
34 57 582
34 58 662
34 59 717
34 60 583
34 61 81
34 62 316
34 63 448
34 64 162
34 65 332
34 66 722
34 67 451
34 68 702
34 69 557
34 70 667
34 71 704
34 72 192
34 73 733
34 74 605
34 75 303
34 76 814
34 77 456
34 78 332
34 79 693
34 80 652
34 81 599
34 82 778
34 83 753
34 84 809
34 85 859
34 86 381
34 87 471
34 88 106
34 89 685
34 90 987
34 91 321
34 92 263
34 93 209
34 94 226
34 95 252
34 96 263
34 97 285
34 98 777
34 99 613
34 100 781
35 36 303
35 37 485
35 38 595
35 39 407
35 40 507
35 41 605
35 42 578
35 43 239
35 44 444
35 45 331
35 46 426
35 47 506
35 48 672
35 49 634
35 50 459
35 51 424
35 52 231
35 53 537
35 54 380
35 55 610
35 56 495
35 57 106
35 58 186
35 59 574
35 60 111
35 61 488
35 62 393
35 63 547
35 64 313
35 65 509
35 66 615
35 67 24
35 68 314
35 69 356
35 70 261
35 71 357
35 72 599
35 73 588
35 74 377
35 75 336
35 76 351
35 77 273
35 78 522
35 79 719
35 80 177
35 81 270
35 82 723
35 83 695
35 84 626
35 85 461
35 86 416
35 87 238
35 88 369
35 89 632
35 90 597
35 91 389
35 92 610
35 93 303
35 94 500
35 95 383
35 96 338
35 97 701
35 98 823
35 99 212
35 100 540
36 37 250
36 38 466
36 39 171
36 40 409
36 41 648
36 42 334
36 43 77
36 44 157
36 45 109
36 46 450
36 47 406
36 48 385
36 49 365
36 50 460
36 51 423
36 52 472
36 53 495
36 54 392
36 55 365
36 56 380
36 57 346
36 58 394
36 59 283
36 60 374
36 61 546
36 62 214
36 63 291
36 64 370
36 65 313
36 66 318
36 67 301
36 68 262
36 69 646
36 70 554
36 71 235
36 72 510
36 73 299
36 74 674
36 75 535
36 76 449
36 77 38
36 78 326
36 79 419
36 80 385
36 81 148
36 82 421
36 83 393
36 84 355
36 85 401
36 86 637
36 87 64
36 88 416
36 89 329
36 90 514
36 91 590
36 92 474
36 93 285
36 94 370
36 95 550
36 96 514
36 97 592
36 98 523
36 99 223
36 100 300
37 38 255
37 39 372
37 40 240
37 41 895
37 42 475
37 43 264
37 44 293
37 45 161
37 46 699
37 47 235
37 48 433
37 49 459
37 50 707
37 51 338
37 52 695
37 53 732
37 54 641
37 55 496
37 56 604
37 57 476
37 58 484
37 59 159
37 60 508
37 61 796
37 62 437
37 63 428
37 64 621
37 65 504
37 66 216
37 67 494
37 68 236
37 69 841
37 70 689
37 71 166
37 72 732
37 73 163
37 74 860
37 75 772
37 76 436
37 77 286
37 78 515
37 79 405
37 80 479
37 81 215
37 82 328
37 83 309
37 84 154
37 85 270
37 86 871
37 87 288
37 88 667
37 89 281
37 90 329
37 91 828
37 92 679
37 93 535
37 94 588
37 95 794
37 96 756
37 97 800
37 98 490
37 99 297
37 100 54
38 39 616
38 40 93
38 41 1108
38 42 730
38 43 444
38 44 545
38 45 358
38 46 909
38 47 92
38 48 682
38 49 714
38 50 923
38 51 234
38 52 826
38 53 962
38 54 850
38 55 752
38 56 843
38 57 539
38 58 508
38 59 392
38 60 569
38 61 1000
38 62 674
38 63 683
38 64 815
38 65 753
38 66 443
38 67 613
38 68 281
38 69 926
38 70 719
38 71 251
38 72 973
38 73 389
38 74 932
38 75 924
38 76 371
38 77 495
38 78 765
38 79 640
38 80 508
38 81 357
38 82 536
38 83 525
38 84 331
38 85 154
38 86 1010
38 87 479
38 88 868
38 89 517
38 90 90
38 91 979
38 92 927
38 93 742
38 94 830
38 95 960
38 96 917
38 97 1048
38 98 710
38 99 383
38 100 245
39 40 570
39 41 545
39 42 174
39 43 239
39 44 95
39 45 271
39 46 363
39 47 566
39 48 276
39 49 228
39 50 359
39 51 594
39 52 505
39 53 367
39 54 311
39 55 206
39 56 232
39 57 479
39 58 540
39 59 328
39 60 502
39 61 461
39 62 72
39 63 140
39 64 324
39 65 142
39 66 334
39 67 396
39 68 433
39 69 704
39 70 668
39 71 402
39 72 360
39 73 344
39 74 740
39 75 533
39 76 617
39 77 167
39 78 155
39 79 346
39 80 530
39 81 320
39 82 401
39 83 374
39 84 422
39 85 568
39 86 638
39 87 208
39 88 350
39 89 304
39 90 673
39 91 582
39 92 310
39 93 227
39 94 216
39 95 527
39 96 502
39 97 431
39 98 446
39 99 388
39 100 409
40 41 1039
40 42 701
40 43 376
40 44 510
40 45 301
40 46 840
40 47 4
40 48 672
40 49 694
40 50 857
40 51 147
40 52 739
40 53 902
40 54 781
40 55 724
40 56 790
40 57 448
40 58 415
40 59 395
40 60 476
40 61 928
40 62 622
40 63 653
40 64 742
40 65 711
40 66 450
40 67 526
40 68 194
40 69 834
40 70 626
40 71 178
40 72 920
40 73 395
40 74 839
40 75 839
40 76 283
40 77 433
40 78 724
40 79 644
40 80 415
40 81 284
40 82 555
40 83 539
40 84 354
40 85 63
40 86 923
40 87 412
40 88 796
40 89 519
40 90 104
40 91 893
40 92 880
40 93 674
40 94 779
40 95 877
40 96 833
40 97 1000
40 98 724
40 99 297
40 100 250
41 42 572
41 43 664
41 44 640
41 45 753
41 46 199
41 47 1036
41 48 734
41 49 656
41 50 188
41 51 1002
41 52 451
41 53 195
41 54 258
41 55 585
41 56 336
41 57 711
41 58 790
41 59 873
41 60 708
41 61 116
41 62 473
41 63 590
41 64 302
41 65 471
41 66 876
41 67 581
41 68 854
41 69 606
41 70 763
41 71 860
41 72 267
41 73 889
41 74 654
41 75 353
41 76 953
41 77 615
41 78 469
41 79 832
41 80 782
41 81 755
41 82 926
41 83 902
41 84 966
41 85 1013
41 86 393
41 87 628
41 88 245
41 89 835
41 90 1142
41 91 346
41 92 357
41 93 366
41 94 361
41 95 289
41 96 321
41 97 321
41 98 909
41 99 763
41 100 941
42 43 408
42 44 192
42 45 418
42 46 430
42 47 696
42 48 162
42 49 85
42 50 409
42 51 747
42 52 650
42 53 376
42 54 394
42 55 32
42 56 237
42 57 653
42 58 715
42 59 373
42 60 676
42 61 518
42 62 192
42 63 47
42 64 434
42 65 106
42 66 351
42 67 565
42 68 590
42 69 855
42 70 839
42 71 548
42 72 325
42 73 385
42 74 894
42 75 655
42 76 783
42 77 338
42 78 105
42 79 261
42 80 705
42 81 480
42 82 366
42 83 346
42 84 469
42 85 710
42 86 757
42 87 380
42 88 440
42 89 289
42 90 800
42 91 697
42 92 244
42 93 349
42 94 212
42 95 635
42 96 619
42 97 357
42 98 339
42 99 557
42 100 497
43 44 234
43 45 103
43 46 464
43 47 373
43 48 462
43 49 442
43 50 481
43 51 366
43 52 432
43 53 528
43 54 406
43 55 439
43 56 426
43 57 271
43 58 317
43 59 335
43 60 300
43 61 555
43 62 268
43 63 366
43 64 371
43 65 377
43 66 376
43 67 242
43 68 205
43 69 592
43 70 483
43 71 197
43 72 555
43 73 349
43 74 616
43 75 508
43 76 378
43 77 71
43 78 390
43 79 493
43 80 308
43 81 93
43 82 485
43 83 458
43 84 392
43 85 357
43 86 606
43 87 37
43 88 423
43 89 396
43 90 480
43 91 564
43 92 528
43 93 298
43 94 420
43 95 532
43 96 492
43 97 643
43 98 597
43 99 149
43 100 318
44 45 227
44 46 458
44 47 505
44 48 230
44 49 209
44 50 455
44 51 555
44 52 576
44 53 460
44 54 406
44 55 219
44 56 321
44 57 499
44 58 550
44 59 233
44 60 526
44 61 557
44 62 168
44 63 145
44 64 413
44 65 210
44 66 238
44 67 438
44 68 400
44 69 767
44 70 703
44 71 356
44 72 445
44 73 249
44 74 800
44 75 615
44 76 599
44 77 174
44 78 222
44 79 277
44 80 541
44 81 294
44 82 313
44 83 285
44 84 327
44 85 517
44 86 720
44 87 215
44 88 443
44 89 215
44 90 610
44 91 666
44 92 386
44 93 317
44 94 303
44 95 614
44 96 586
44 97 508
44 98 381
44 99 377
44 100 325
45 46 554
45 47 297
45 48 434
45 49 432
45 50 566
45 51 329
45 52 534
45 53 604
45 54 495
45 55 446
45 56 488
45 57 340
45 58 367
45 59 249
45 60 372
45 61 648
45 62 321
45 63 372
45 64 468
45 65 413
45 66 298
45 67 337
45 68 173
45 69 687
45 70 556
45 71 131
45 72 618
45 73 262
45 74 709
45 75 611
45 76 378
45 77 137
45 78 426
45 79 444
45 80 360
45 81 80
45 82 413
45 83 387
45 84 295
45 85 297
45 86 710
45 87 130
45 88 517
45 89 333
45 90 406
45 91 667
45 92 580
45 93 387
45 94 477
45 95 635
45 96 595
45 97 699
45 98 544
45 99 175
45 100 215
46 47 837
46 48 589
46 49 515
46 50 40
46 51 806
46 52 327
46 53 132
46 54 58
46 55 451
46 56 202
46 57 533
46 58 613
46 59 688
46 60 535
46 61 98
46 62 291
46 63 436
46 64 113
46 65 323
46 66 697
46 67 402
46 68 657
46 69 521
46 70 621
46 71 661
46 72 222
46 73 705
46 74 568
46 75 270
46 76 766
46 77 417
46 78 325
46 79 681
46 80 604
46 81 555
46 82 759
46 83 733
46 84 779
46 85 815
46 86 357
46 87 429
46 88 58
46 89 664
46 90 943
46 91 296
46 92 282
46 93 166
46 94 225
46 95 227
46 96 231
46 97 320
46 98 768
46 99 567
46 100 746
47 48 668
47 49 690
47 50 854
47 51 150
47 52 738
47 53 898
47 54 778
47 55 720
47 56 786
47 57 447
47 58 416
47 59 390
47 60 476
47 61 926
47 62 619
47 63 648
47 64 739
47 65 707
47 66 445
47 67 524
47 68 193
47 69 834
47 70 627
47 71 175
47 72 916
47 73 391
47 74 839
47 75 838
47 76 285
47 77 430
47 78 719
47 79 639
47 80 415
47 81 281
47 82 550
47 83 534
47 84 349
47 85 66
47 86 922
47 87 409
47 88 793
47 89 514
47 90 108
47 91 892
47 92 876
47 93 671
47 94 775
47 95 876
47 96 832
47 97 996
47 98 719
47 99 295
47 100 245
48 49 79
48 50 571
48 51 749
48 52 781
48 53 538
48 54 550
48 55 151
48 56 399
48 57 729
48 58 779
48 59 291
48 60 756
48 61 680
48 62 325
48 63 154
48 64 582
48 65 267
48 66 249
48 67 664
48 68 605
48 69 981
48 70 932
48 71 550
48 72 484
48 73 298
48 74 1017
48 75 800
48 76 812
48 77 404
48 78 267
48 79 101
48 80 770
48 81 510
48 82 223
48 83 209
48 84 376
48 85 696
48 86 904
48 87 445
48 88 595
48 89 174
48 90 761
48 91 845
48 92 398
48 93 490
48 94 375
48 95 786
48 96 766
48 97 501
48 98 179
48 99 600
48 100 437
49 50 495
49 51 757
49 52 724
49 53 460
49 54 479
49 55 72
49 56 322
49 57 701
49 58 757
49 59 335
49 60 726
49 61 604
49 62 264
49 63 91
49 64 516
49 65 192
49 66 302
49 67 624
49 68 606
49 69 927
49 70 896
49 71 556
49 72 404
49 73 345
49 74 965
49 75 735
49 76 808
49 77 378
49 78 191
49 79 180
49 80 747
49 81 503
49 82 296
49 83 278
49 84 426
49 85 711
49 86 839
49 87 419
49 88 524
49 89 231
49 90 789
49 91 779
49 92 319
49 93 427
49 94 297
49 95 718
49 96 701
49 97 424
49 98 254
49 99 587
49 100 472
50 51 830
50 52 368
50 53 91
50 54 80
50 55 429
50 56 175
50 57 565
50 58 645
50 59 687
50 60 569
50 61 108
50 62 286
50 63 420
50 64 147
50 65 304
50 66 692
50 67 435
50 68 677
50 69 561
50 70 660
50 71 678
50 72 182
50 73 703
50 74 608
50 75 310
50 76 795
50 77 429
50 78 304
50 79 665
50 80 636
50 81 573
50 82 749
50 83 723
50 84 779
50 85 834
50 86 394
50 87 444
50 88 96
50 89 655
50 90 961
50 91 333
50 92 246
50 93 183
50 94 200
50 95 264
50 96 270
50 97 279
50 98 749
50 99 590
50 100 752
51 52 652
51 53 887
51 54 750
51 55 775
51 56 793
51 57 343
51 58 293
51 59 497
51 60 367
51 61 887
51 62 633
51 63 701
51 64 699
51 65 736
51 66 554
51 67 445
51 68 161
51 69 719
51 70 496
51 71 201
51 72 920
51 73 501
51 74 719
51 75 760
51 76 137
51 77 435
51 78 750
51 79 738
51 80 295
51 81 275
51 82 666
51 83 647
51 84 477
51 85 84
51 86 834
51 87 403
51 88 756
51 89 615
51 90 192
51 91 812
51 92 894
51 93 647
51 94 786
51 95 806
51 96 761
51 97 1009
51 98 827
51 99 239
51 100 365
52 53 459
52 54 310
52 55 679
52 56 482
52 57 313
52 58 382
52 59 756
52 60 296
52 61 344
52 62 459
52 63 633
52 64 240
52 65 555
52 66 788
52 67 213
52 68 545
52 69 207
52 70 311
52 71 584
52 72 545
52 73 772
52 74 250
52 75 115
52 76 564
52 77 435
52 78 564
52 79 850
52 80 376
52 81 488
52 82 884
52 83 856
52 84 823
52 85 693
52 86 184
52 87 415
52 88 273
52 89 787
52 90 829
52 91 162
52 92 589
52 93 303
52 94 498
52 95 176
52 96 134
52 97 646
52 98 951
52 99 443
52 100 749
53 54 159
53 55 389
53 56 143
53 57 643
53 58 722
53 59 692
53 60 648
53 61 169
53 62 297
53 63 396
53 64 232
53 65 277
53 66 690
53 67 514
53 68 730
53 69 653
53 70 748
53 71 723
53 72 94
53 73 708
53 74 700
53 75 400
53 76 863
53 77 468
53 78 274
53 79 637
53 80 712
53 81 622
53 82 733
53 83 710
53 84 788
53 85 885
53 86 479
53 87 490
53 88 186
53 89 645
53 90 1006
53 91 420
53 92 172
53 93 243
53 94 166
53 95 351
53 96 360
53 97 188
53 98 713
53 99 650
53 100 774
54 55 418
54 56 182
54 57 486
54 58 566
54 59 634
54 60 490
54 61 155
54 62 241
54 63 396
54 64 73
54 65 288
54 66 645
54 67 356
54 68 599
54 69 512
54 70 589
54 71 603
54 72 236
54 73 650
54 74 558
54 75 274
54 76 714
54 77 358
54 78 292
54 79 638
54 80 556
54 81 497
54 82 711
54 83 684
54 84 723
54 85 757
54 86 370
54 87 370
54 88 46
54 89 615
54 90 885
54 91 309
54 92 280
54 93 108
54 94 202
54 95 243
54 96 235
54 97 339
54 98 729
54 99 511
54 100 688
55 56 254
55 57 685
55 58 746
55 59 386
55 60 708
55 61 537
55 62 223
55 63 74
55 64 461
55 65 130
55 66 360
55 67 598
55 68 618
55 69 885
55 70 871
55 71 575
55 72 332
55 73 398
55 74 924
55 75 682
55 76 813
55 77 370
55 78 126
55 79 252
55 80 737
55 81 510
55 82 365
55 83 346
55 84 481
55 85 735
55 86 784
55 87 411
55 88 465
55 89 294
55 90 822
55 91 723
55 92 247
55 93 377
55 94 229
55 95 660
55 96 646
55 97 354
55 98 323
55 99 588
55 100 515
56 57 593
56 58 668
56 59 552
56 60 606
56 61 283
56 62 168
56 63 253
56 64 243
56 65 134
56 66 548
56 67 474
56 68 632
56 69 688
56 70 735
56 71 615
56 72 130
56 73 568
56 74 733
56 75 456
56 76 787
56 77 359
56 78 132
56 79 496
56 80 658
56 81 519
56 82 590
56 83 566
56 84 649
56 85 780
56 86 551
56 87 389
56 88 227
56 89 501
56 90 894
56 91 490
56 92 115
56 93 195
56 94 24
56 95 423
56 96 417
56 97 217
56 98 576
56 99 563
56 100 642
57 58 79
57 59 590
57 60 32
57 61 594
57 62 477
57 63 617
57 64 420
57 65 595
57 66 637
57 67 130
57 68 266
57 69 386
57 70 216
57 71 325
57 72 702
57 73 602
57 74 395
57 75 425
57 76 252
57 77 325
57 78 607
57 79 764
57 80 71
57 81 264
57 82 751
57 83 724
57 84 627
57 85 394
57 86 492
57 87 284
57 88 476
57 89 665
57 90 528
57 91 475
57 92 707
57 93 405
57 94 596
57 95 478
57 96 432
57 97 803
57 98 868
57 99 179
57 100 528
58 59 613
58 60 86
58 61 674
58 62 545
58 63 676
58 64 500
58 65 663
58 66 664
58 67 210
58 68 255
58 69 426
58 70 213
58 71 322
58 72 780
58 73 625
58 74 426
58 75 497
58 76 183
58 77 379
58 78 676
58 79 806
58 80 9
58 81 287
58 82 780
58 83 754
58 84 639
58 85 357
58 86 556
58 87 337
58 88 556
58 89 700
58 90 484
58 91 544
58 92 782
58 93 483
58 94 671
58 95 552
58 96 506
58 97 880
58 98 908
58 99 192
58 100 534
59 60 621
59 61 787
59 62 400
59 63 330
59 64 632
59 65 431
59 66 56
59 67 577
59 68 383
59 69 926
59 70 806
59 71 315
59 72 672
59 73 16
59 74 951
59 75 815
59 76 589
59 77 321
59 78 440
59 79 249
59 80 606
59 81 327
59 82 172
59 83 150
59 84 97
59 85 430
59 86 919
59 87 343
59 88 668
59 89 125
59 90 476
59 91 869
59 92 604
59 93 537
59 94 532
59 95 825
59 96 792
59 97 724
59 98 330
59 99 421
59 100 148
60 61 591
60 62 496
60 63 641
60 64 422
60 65 614
60 66 669
60 67 134
60 68 298
60 69 357
60 70 184
60 71 357
60 72 711
60 73 634
60 74 364
60 75 411
60 76 267
60 77 351
60 78 626
60 79 793
60 80 79
60 81 297
60 82 782
60 83 755
60 84 659
60 85 422
60 86 473
60 87 312
60 88 477
60 89 696
60 90 554
60 91 458
60 92 721
60 93 415
60 94 610
60 95 466
60 96 420
60 97 813
60 98 897
60 99 211
60 100 561
61 62 389
61 63 528
61 64 187
61 65 413
61 66 795
61 67 464
61 68 742
61 69 515
61 70 653
61 71 751
61 72 262
61 73 803
61 74 564
61 75 258
61 76 836
61 77 511
61 78 413
61 79 773
61 80 665
61 81 644
61 82 856
61 83 830
61 84 877
61 85 900
61 86 320
61 87 521
61 88 132
61 89 761
61 90 1031
61 91 264
61 92 340
61 93 261
61 94 308
61 95 198
61 96 221
61 97 345
61 98 858
61 99 648
61 100 843
62 63 174
62 64 260
62 65 117
62 66 406
62 67 378
62 68 472
62 69 663
62 70 652
62 71 449
62 72 298
62 73 416
62 74 702
62 75 475
62 76 642
62 77 198
62 78 130
62 79 404
62 80 535
62 81 358
62 82 470
62 83 443
62 84 494
62 85 615
62 86 580
62 87 233
62 88 281
62 89 374
62 90 727
62 91 522
62 92 261
62 93 166
62 94 156
62 95 464
62 96 442
62 97 378
62 98 500
62 99 413
62 100 477
63 64 428
63 65 118
63 66 311
63 67 536
63 68 544
63 69 836
63 70 809
63 71 501
63 72 355
63 73 343
63 74 874
63 75 646
63 76 740
63 77 298
63 78 122
63 79 245
63 80 667
63 81 436
63 82 338
63 83 315
63 84 427
63 85 662
63 86 751
63 87 340
63 88 440
63 89 254
63 90 752
63 91 692
63 92 278
63 93 338
63 94 229
63 95 631
63 96 613
63 97 395
63 98 333
63 99 514
63 100 451
64 65 331
64 66 649
64 67 289
64 68 554
64 69 445
64 70 516
64 71 565
64 72 309
64 73 648
64 74 490
64 75 221
64 76 654
64 77 334
64 78 338
64 79 664
64 80 490
64 81 458
64 82 725
64 83 698
64 84 716
64 85 713
64 86 323
64 87 338
64 88 57
64 89 628
64 90 844
64 91 263
64 92 348
64 93 96
64 94 260
64 95 204
64 96 185
64 97 412
64 98 759
64 99 461
64 100 671
65 66 421
65 67 494
65 68 575
65 69 762
65 70 767
65 71 545
65 72 241
65 73 445
65 74 803
65 75 552
65 76 754
65 77 305
65 78 13
65 79 362
65 80 653
65 81 461
65 82 456
65 83 433
65 84 528
65 85 711
65 86 654
65 87 343
65 88 335
65 89 369
65 90 814
65 91 593
65 92 175
65 93 251
65 94 110
65 95 530
65 96 516
65 97 297
65 98 445
65 99 525
65 100 535
66 67 617
66 68 438
66 69 964
66 70 853
66 71 370
66 72 662
66 73 55
66 74 991
66 75 841
66 76 645
66 77 353
66 78 428
66 79 196
66 80 657
66 81 377
66 82 116
66 83 93
66 84 126
66 85 486
66 86 946
66 87 380
66 88 682
66 89 76
66 90 528
66 91 894
66 92 589
66 93 553
66 94 526
66 95 847
66 96 816
66 97 707
66 98 274
66 99 472
66 100 201
67 68 331
67 69 350
67 70 273
67 71 372
67 72 577
67 73 592
67 74 374
67 75 315
67 76 375
67 77 270
67 78 506
67 79 714
67 80 201
67 81 281
67 82 723
67 83 695
67 84 632
67 85 481
67 86 397
67 87 237
67 88 345
67 89 630
67 90 617
67 91 369
67 92 590
67 93 282
67 94 481
67 95 361
67 96 315
67 97 679
67 98 818
67 99 229
67 100 549
68 69 652
68 70 467
68 71 70
68 72 760
68 73 391
68 74 662
68 75 644
68 76 209
68 77 274
68 78 588
68 79 607
68 80 252
68 81 114
68 82 554
68 83 532
68 84 391
68 85 158
68 86 729
68 87 242
68 88 610
68 89 488
68 90 291
68 91 699
68 92 733
68 93 494
68 94 625
68 95 683
68 96 639
68 97 848
68 98 703
68 99 102
68 100 282
69 70 250
69 71 705
69 72 742
69 73 941
69 74 48
69 75 257
69 76 602
69 77 612
69 78 770
69 79 1044
69 80 424
69 81 626
69 82 1067
69 83 1039
69 84 983
69 85 779
69 86 225
69 87 584
69 88 472
69 89 972
69 90 909
69 91 261
69 92 792
69 93 510
69 94 705
69 95 318
69 96 295
69 97 841
69 98 1147
69 99 557
69 100 896
70 71 532
70 72 824
70 73 819
70 74 234
70 75 419
70 76 367
70 77 529
70 78 778
70 79 974
70 80 216
70 81 480
70 82 966
70 83 939
70 84 841
70 85 566
70 86 440
70 87 491
70 88 563
70 89 879
70 90 688
70 91 451
70 92 850
70 93 540
70 94 744
70 95 484
70 96 444
70 97 927
70 98 1078
70 99 391
70 100 741
71 72 744
71 73 322
71 74 718
71 75 676
71 76 274
71 77 256
71 78 558
71 79 544
71 80 317
71 81 106
71 82 487
71 83 464
71 84 321
71 85 166
71 86 767
71 87 233
71 88 618
71 89 424
71 90 283
71 91 732
71 92 709
71 93 495
71 94 605
71 95 710
71 96 667
71 97 827
71 98 638
71 99 148
71 100 212
72 73 687
72 74 789
72 75 492
72 76 909
72 77 489
72 78 234
72 79 584
72 80 770
72 81 648
72 82 691
72 83 670
72 84 769
72 85 909
72 86 573
72 87 517
72 88 271
72 89 609
72 90 1025
72 91 513
72 92 90
72 93 296
72 94 143
72 95 444
72 96 452
72 97 103
72 98 652
72 99 688
72 100 769
73 74 966
73 75 832
73 76 596
73 77 337
73 78 454
73 79 250
73 80 618
73 81 339
73 82 165
73 83 145
73 84 83
73 85 432
73 86 935
73 87 358
73 88 685
73 89 128
73 90 474
73 91 885
73 92 618
73 93 554
73 94 547
73 95 841
73 96 808
73 97 737
73 98 328
73 99 432
73 100 146
74 75 306
74 76 596
74 77 640
74 78 812
74 79 1077
74 80 425
74 81 644
74 82 1095
74 83 1067
74 84 1004
74 85 782
74 86 271
74 87 611
74 88 518
74 89 1001
74 90 910
74 91 309
74 92 838
74 93 552
74 94 749
74 95 367
74 96 343
74 97 888
74 98 1181
74 99 570
74 100 914
75 76 677
75 77 497
75 78 559
75 79 878
75 80 490
75 81 576
75 82 928
75 83 900
75 84 890
75 85 797
75 86 105
75 87 485
75 88 229
75 89 830
75 90 932
75 91 55
75 92 551
75 93 309
75 94 476
75 95 65
75 96 39
75 97 588
75 98 976
75 99 542
75 100 826
76 77 449
76 78 767
76 79 816
76 80 188
76 81 305
76 82 761
76 83 739
76 84 586
76 85 219
76 86 740
76 87 410
76 88 712
76 89 698
76 90 326
76 91 726
76 92 897
76 93 620
76 94 785
76 95 730
76 96 684
76 97 1004
76 98 912
76 99 228
76 100 474
77 78 318
77 79 446
77 80 369
77 81 160
77 82 455
77 83 427
77 84 393
77 85 420
77 86 599
77 87 41
77 88 381
77 89 361
77 90 538
77 91 551
77 92 459
77 93 250
77 94 351
77 95 512
77 96 476
77 97 574
77 98 550
77 99 221
77 100 337
78 79 364
78 80 666
78 81 475
78 82 461
78 83 438
78 84 537
78 85 724
78 86 660
78 87 357
78 88 339
78 89 375
78 90 826
78 91 599
78 92 165
78 93 260
78 94 108
78 95 535
78 96 522
78 97 286
78 98 444
78 99 538
78 100 546
79 80 797
79 81 524
79 82 132
79 83 126
79 84 316
79 85 676
79 86 983
79 87 483
79 88 682
79 89 124
79 90 724
79 91 926
79 92 499
79 93 570
79 94 472
79 95 869
79 96 846
79 97 602
79 98 104
79 99 618
79 100 397
80 81 280
80 82 773
80 83 747
80 84 633
80 85 357
80 86 551
80 87 328
80 88 547
80 89 692
80 90 485
80 91 538
80 92 772
80 93 474
80 94 661
80 95 545
80 96 499
80 97 870
80 98 900
80 99 185
80 100 529
81 82 493
81 83 467
81 84 362
81 85 263
81 86 669
81 87 131
81 88 512
81 89 414
81 90 387
81 91 631
81 92 619
81 93 390
81 94 511
81 95 607
81 96 565
81 97 734
81 98 625
81 99 95
81 100 269
82 83 28
82 84 205
82 85 595
82 86 1033
82 87 485
82 88 752
82 89 98
82 90 625
82 91 979
82 92 610
82 93 629
82 94 567
82 95 927
82 96 900
82 97 720
82 98 174
82 99 587
82 100 305
83 84 195
83 85 578
83 86 1005
83 87 457
83 88 725
83 89 70
83 90 612
83 91 951
83 92 590
83 93 601
83 94 543
83 95 900
83 96 872
83 97 701
83 98 185
83 99 562
83 100 289
84 85 400
84 86 992
84 87 408
84 88 756
84 89 201
84 90 419
84 91 945
84 92 702
84 93 623
84 94 629
84 95 904
84 96 869
84 97 821
84 98 379
84 99 450
84 100 112
85 86 877
85 87 394
85 88 768
85 89 551
85 90 136
85 91 850
85 92 876
85 93 651
85 94 771
85 95 838
85 96 793
85 97 993
85 98 761
85 99 257
85 100 291
86 87 585
86 88 324
86 89 935
86 90 1013
86 91 61
86 92 639
86 93 414
86 94 573
86 95 129
86 96 138
86 97 664
86 98 1081
86 99 627
86 100 925
87 88 389
87 89 393
87 90 517
87 91 540
87 92 492
87 93 262
87 94 383
87 95 506
87 96 467
87 97 606
87 98 587
87 99 181
87 100 341
88 89 655
88 90 898
88 91 262
88 92 322
88 93 133
88 94 248
88 95 196
88 96 190
88 97 372
88 98 774
88 99 517
88 100 716
89 90 601
89 91 881
89 92 532
89 93 531
89 94 479
89 95 829
89 96 802
89 97 646
89 98 214
89 99 509
89 100 273
90 91 986
90 92 984
90 93 778
90 94 883
90 95 973
90 96 929
90 97 1104
90 98 797
90 99 392
90 100 327
91 92 578
91 93 356
91 94 511
91 95 69
91 96 79
91 97 605
91 98 1022
91 99 596
91 100 882
92 93 310
92 94 111
92 95 509
92 96 511
92 97 121
92 98 563
92 99 670
92 100 711
93 94 205
93 95 299
93 96 276
93 97 397
93 98 667
93 99 409
93 100 583
94 95 445
94 96 438
94 97 223
94 98 551
94 99 560
94 100 625
95 96 45
95 97 537
95 98 964
95 99 581
95 100 847
96 97 548
96 98 943
96 99 537
96 100 809
97 98 655
97 99 781
97 100 833
98 99 720
98 100 474
99 100 349
