100 4950
1 2 70
1 3 451
1 4 594
1 5 379
1 6 145
1 7 591
1 8 506
1 9 335
1 10 324
1 11 208
1 12 172
1 13 772
1 14 382
1 15 763
1 16 593
1 17 605
1 18 282
1 19 737
1 20 543
1 21 547
1 22 433
1 23 333
1 24 482
1 25 688
1 26 199
1 27 505
1 28 242
1 29 341
1 30 801
1 31 503
1 32 419
1 33 284
1 34 338
1 35 889
1 36 557
1 37 225
1 38 688
1 39 458
1 40 786
1 41 565
1 42 655
1 43 127
1 44 317
1 45 305
1 46 650
1 47 144
1 48 695
1 49 445
1 50 553
1 51 561
1 52 661
1 53 759
1 54 704
1 55 508
1 56 346
1 57 589
1 58 533
1 59 731
1 60 362
1 61 668
1 62 705
1 63 867
1 64 732
1 65 626
1 66 414
1 67 597
1 68 932
1 69 237
1 70 363
1 71 368
1 72 389
1 73 451
1 74 658
1 75 338
1 76 142
1 77 243
1 78 354
1 79 349
1 80 543
1 81 656
1 82 294
1 83 293
1 84 204
1 85 708
1 86 220
1 87 346
1 88 563
1 89 607
1 90 228
1 91 508
1 92 559
1 93 888
1 94 664
1 95 948
1 96 572
1 97 395
1 98 168
1 99 652
1 100 556
2 3 471
2 4 662
2 5 407
2 6 91
2 7 661
2 8 576
2 9 366
2 10 265
2 11 268
2 12 192
2 13 827
2 14 452
2 15 828
2 16 663
2 17 656
2 18 344
2 19 786
2 20 571
2 21 618
2 22 432
2 23 388
2 24 533
2 25 757
2 26 266
2 27 574
2 28 308
2 29 359
2 30 823
2 31 454
2 32 413
2 33 322
2 34 367
2 35 926
2 36 606
2 37 257
2 38 703
2 39 518
2 40 855
2 41 581
2 42 725
2 43 58
2 44 387
2 45 313
2 46 682
2 47 202
2 48 735
2 49 515
2 50 582
2 51 571
2 52 730
2 53 830
2 54 769
2 55 539
2 56 402
2 57 658
2 58 528
2 59 802
2 60 374
2 61 708
2 62 721
2 63 899
2 64 803
2 65 689
2 66 441
2 67 668
2 68 962
2 69 258
2 70 434
2 71 438
2 72 359
2 73 516
2 74 709
2 75 407
2 76 87
2 77 229
2 78 416
2 79 305
2 80 507
2 81 687
2 82 306
2 83 227
2 84 242
2 85 724
2 86 167
2 87 293
2 88 589
2 89 580
2 90 292
2 91 499
2 92 610
2 93 917
2 94 675
2 95 980
2 96 604
2 97 463
2 98 205
2 99 722
2 100 526
3 4 535
3 5 801
3 6 428
3 7 653
3 8 664
3 9 756
3 10 466
3 11 325
3 12 618
3 13 488
3 14 492
3 15 614
3 16 578
3 17 327
3 18 604
3 19 411
3 20 113
3 21 633
3 22 137
3 23 682
3 24 255
3 25 621
3 26 516
3 27 673
3 28 370
3 29 780
3 30 351
3 31 477
3 32 165
3 33 697
3 34 762
3 35 477
3 36 272
3 37 228
3 38 240
3 39 332
3 40 726
3 41 115
3 42 732
3 43 476
3 44 447
3 45 752
3 46 230
3 47 537
3 48 310
3 49 566
3 50 127
3 51 127
3 52 640
3 53 804
3 54 564
3 55 103
3 56 691
3 57 562
3 58 189
3 59 758
3 60 806
3 61 287
3 62 254
3 63 437
3 64 800
3 65 471
3 66 54
3 67 641
3 68 496
3 69 677
3 70 483
3 71 581
3 72 304
3 73 706
3 74 369
3 75 443
3 76 555
3 77 693
3 78 661
3 79 383
3 80 402
3 81 226
3 82 740
3 83 505
3 84 628
3 85 257
3 86 631
3 87 434
3 88 122
3 89 376
3 90 561
3 91 203
3 92 298
3 93 449
3 94 220
3 95 518
3 96 155
3 97 628
3 98 286
3 99 754
3 100 367
4 5 701
4 6 698
4 7 172
4 8 280
4 9 669
4 10 844
4 11 402
4 12 654
4 13 327
4 14 234
4 15 183
4 16 61
4 17 287
4 18 461
4 19 371
4 20 499
4 21 188
4 22 654
4 23 517
4 24 283
4 25 97
4 26 453
4 27 293
4 28 353
4 29 732
4 30 681
4 31 949
4 32 672
4 33 621
4 34 681
4 35 601
4 36 307
4 37 493
4 38 678
4 39 204
4 40 204
4 41 600
4 42 234
4 43 710
4 44 285
4 45 746
4 46 501
4 47 537
4 48 450
4 49 223
4 50 494
4 51 638
4 52 106
4 53 276
4 54 132
4 55 466
4 56 516
4 57 42
4 58 724
4 59 228
4 60 768
4 61 438
4 62 672
4 63 640
4 64 283
4 65 122
4 66 487
4 67 147
4 68 702
4 69 670
4 70 250
4 71 330
4 72 771
4 73 408
4 74 299
4 75 261
4 76 734
4 77 767
4 78 455
4 79 807
4 80 911
4 81 527
4 82 730
4 83 845
4 84 607
4 85 678
4 86 808
4 87 839
4 88 527
4 89 906
4 90 469
4 91 734
4 92 277
4 93 681
4 94 686
4 95 691
4 96 481
4 97 358
4 98 505
4 99 269
4 100 887
5 6 498
5 7 599
5 8 464
5 9 45
5 10 659
5 11 485
5 12 215
5 13 983
5 14 475
5 15 883
5 16 667
5 17 848
5 18 245
5 19 980
5 20 871
5 21 555
5 22 807
5 23 184
5 24 738
5 25 769
5 26 299
5 27 453
5 28 464
5 29 73
5 30 1134
5 31 856
5 32 795
5 33 103
5 34 40
5 35 1175
5 36 815
5 37 575
5 38 1040
5 39 671
5 40 833
5 41 916
5 42 624
5 43 452
5 44 451
5 45 131
5 46 961
5 47 263
5 48 980
5 49 479
5 50 879
5 51 921
5 52 713
5 53 726
5 54 833
5 55 831
5 56 187
5 57 673
5 58 908
5 59 721
5 60 97
5 61 955
5 62 1053
5 63 1173
5 64 685
5 65 789
5 66 754
5 67 619
5 68 1241
5 69 149
5 70 464
5 71 370
5 72 765
5 73 331
5 74 893
5 75 474
5 76 380
5 77 240
5 78 248
5 79 712
5 80 914
5 81 975
5 82 126
5 83 606
5 84 176
5 85 1057
5 86 381
5 87 695
5 88 897
5 89 985
5 90 260
5 91 885
5 92 805
5 93 1201
5 94 1020
5 95 1249
5 96 891
5 97 348
5 98 520
5 99 599
5 100 932
6 7 718
6 8 644
6 9 458
6 10 178
6 11 296
6 12 283
6 13 829
6 14 506
6 15 855
6 16 707
6 17 654
6 18 427
6 19 779
6 20 535
6 21 676
6 22 366
6 23 476
6 24 534
6 25 795
6 26 342
6 27 643
6 28 348
6 29 448
6 30 776
6 31 363
6 32 344
6 33 414
6 34 458
6 35 898
6 36 600
6 37 241
6 38 648
6 39 535
6 40 898
6 41 530
6 42 786
6 43 55
6 44 438
6 45 400
6 46 651
6 47 287
6 48 713
6 49 575
6 50 547
6 51 514
6 52 776
6 53 888
6 54 795
6 55 508
6 56 489
6 57 700
6 58 457
6 59 857
6 60 461
6 61 687
6 62 669
6 63 864
6 64 864
6 65 710
6 66 407
6 67 721
6 68 924
6 69 349
6 70 488
6 71 508
6 72 273
6 73 596
6 74 707
6 75 456
6 76 143
6 77 307
6 78 499
6 79 214
6 80 416
6 81 651
6 82 393
6 83 153
6 84 333
6 85 670
6 86 208
6 87 203
6 88 550
6 89 493
6 90 373
6 91 424
6 92 609
6 93 877
6 94 617
6 95 945
6 96 572
6 97 537
6 98 203
6 99 787
6 100 437
7 8 137
7 9 575
7 10 883
7 11 437
7 12 604
7 13 497
7 14 212
7 15 315
7 16 111
7 17 451
7 18 383
7 19 543
7 20 640
7 21 46
7 22 757
7 23 418
7 24 421
7 25 187
7 26 411
7 27 149
7 28 376
7 29 644
7 30 843
7 31 1016
7 32 770
7 33 537
7 34 587
7 35 773
7 36 462
7 37 555
7 38 826
7 39 328
7 40 234
7 41 735
7 42 78
7 43 716
7 44 280
7 45 669
7 46 658
7 47 496
7 48 616
7 49 147
7 50 637
7 51 769
7 52 121
7 53 171
7 54 283
7 55 603
7 56 413
7 57 129
7 58 839
7 59 140
7 60 680
7 61 602
7 62 823
7 63 810
7 64 152
7 65 294
7 66 601
7 67 26
7 68 872
7 69 603
7 70 230
7 71 246
7 72 846
7 73 275
7 74 469
7 75 264
7 76 720
7 77 714
7 78 352
7 79 864
7 80 997
7 81 684
7 82 654
7 83 870
7 84 545
7 85 829
7 86 784
7 87 886
7 88 668
7 89 1008
7 90 410
7 91 843
7 92 434
7 93 850
7 94 829
7 95 863
7 96 628
7 97 253
7 98 549
7 99 103
7 100 981
8 9 442
8 10 817
8 11 392
8 12 490
8 13 604
8 14 173
8 15 445
8 16 228
8 17 526
8 18 263
8 19 636
8 20 674
8 21 97
8 22 748
8 23 286
8 24 465
8 25 320
8 26 311
8 27 13
8 28 329
8 29 512
8 30 903
8 31 969
8 32 756
8 33 408
8 34 454
8 35 862
8 36 523
8 37 521
8 38 864
8 39 370
8 40 370
8 41 760
8 42 165
8 43 633
8 44 231
8 45 542
8 46 715
8 47 391
8 48 689
8 49 98
8 50 674
8 51 788
8 52 257
8 53 271
8 54 406
8 55 634
8 56 279
8 57 241
8 58 839
8 59 259
8 60 547
8 61 671
8 62 865
8 63 889
8 64 236
8 65 395
8 66 610
8 67 160
8 68 954
8 69 480
8 70 185
8 71 137
8 72 810
8 73 138
8 74 555
8 75 226
8 76 623
8 77 596
8 78 220
8 79 813
8 80 967
8 81 738
8 82 527
8 83 796
8 84 426
8 85 871
8 86 680
8 87 828
8 88 703
8 89 993
8 90 299
8 91 837
8 92 499
8 93 927
8 94 861
8 95 949
8 96 671
8 97 126
8 98 502
8 99 150
8 100 958
9 10 622
9 11 441
9 12 175
9 13 946
9 14 440
9 15 852
9 16 638
9 17 807
9 18 209
9 19 941
9 20 827
9 21 530
9 22 762
9 23 157
9 24 696
9 25 740
9 26 257
9 27 433
9 28 421
9 29 70
9 30 1090
9 31 817
9 32 751
9 33 59
9 34 11
9 35 1133
9 36 774
9 37 530
9 38 995
9 39 632
9 40 809
9 41 871
9 42 605
9 43 413
9 44 413
9 45 116
9 46 917
9 47 218
9 48 938
9 49 450
9 50 834
9 51 876
9 52 687
9 53 709
9 54 801
9 55 787
9 56 163
9 57 643
9 58 864
9 59 701
9 60 105
9 61 913
9 62 1008
9 63 1130
9 64 669
9 65 753
9 66 710
9 67 595
9 68 1198
9 69 111
9 70 428
9 71 340
9 72 722
9 73 314
9 74 854
9 75 436
9 76 344
9 77 215
9 78 223
9 79 672
9 80 873
9 81 931
9 82 106
9 83 571
9 84 132
9 85 1012
9 86 352
9 87 656
9 88 852
9 89 942
9 90 219
9 91 841
9 92 764
9 93 1158
9 94 975
9 95 1206
9 96 847
9 97 322
9 98 475
9 99 583
9 100 890
10 11 448
10 12 447
10 13 926
10 14 671
10 15 986
10 16 860
10 17 751
10 18 606
10 19 862
10 20 579
10 21 843
10 22 357
10 23 653
10 24 640
10 25 942
10 26 521
10 27 818
10 28 507
10 29 601
10 30 784
10 31 198
10 32 326
10 33 583
10 34 621
10 35 941
10 36 694
10 37 355
10 38 642
10 39 662
10 40 1047
10 41 542
10 42 954
10 43 211
10 44 603
10 45 547
10 46 696
10 47 466
10 48 775
10 49 743
10 50 593
10 51 512
10 52 930
10 53 1054
10 54 928
10 55 563
10 56 667
10 57 851
10 58 418
10 59 1019
10 60 607
10 61 750
10 62 667
10 63 893
10 64 1031
10 65 838
10 66 465
10 67 884
10 68 947
10 69 510
10 70 653
10 71 684
10 72 195
10 73 774
10 74 802
10 75 618
10 76 280
10 77 441
10 78 678
10 79 98
10 80 285
10 81 689
10 82 544
10 83 65
10 84 505
10 85 667
10 86 307
10 87 48
10 88 585
10 89 382
10 90 552
10 91 379
10 92 710
10 93 898
10 94 606
10 95 973
10 96 621
10 97 715
10 98 339
10 99 957
10 100 323
11 12 332
11 13 565
11 14 228
11 15 561
11 16 412
11 17 401
11 18 279
11 19 535
11 20 386
11 21 400
11 22 371
11 23 356
11 24 279
11 25 499
11 26 192
11 27 397
11 28 63
11 29 476
11 30 649
11 31 580
11 32 372
11 33 381
11 34 448
11 35 703
11 36 356
11 37 130
11 38 561
11 39 250
11 40 602
11 41 439
11 42 511
11 43 311
11 44 163
11 45 460
11 46 478
11 47 228
11 48 507
11 49 306
11 50 393
11 51 451
11 52 482
11 53 607
11 54 502
11 55 346
11 56 366
11 57 404
11 58 470
11 59 572
11 60 506
11 61 481
11 62 571
11 63 693
11 64 588
11 65 420
11 66 274
11 67 437
11 68 760
11 69 379
11 70 212
11 71 278
11 72 417
11 73 397
11 74 453
11 75 174
11 76 350
11 77 432
11 78 338
11 79 427
11 80 574
11 81 490
11 82 446
11 83 444
11 84 321
11 85 575
11 86 429
11 87 449
11 88 412
11 89 605
11 90 236
11 91 459
11 92 354
11 93 719
11 94 545
11 95 770
11 96 406
11 97 321
11 98 112
11 99 519
11 100 567
12 13 885
12 14 421
12 15 835
12 16 638
12 17 729
12 18 227
12 19 864
12 20 702
12 21 558
12 22 605
12 23 236
12 24 609
12 25 740
12 26 201
12 27 484
12 28 336
12 29 170
12 30 964
12 31 642
12 32 591
12 33 138
12 34 175
12 35 1035
12 36 687
12 37 389
12 38 857
12 39 564
12 40 825
12 41 733
12 42 653
12 43 237
12 44 371
12 45 134
12 46 804
12 47 118
12 48 839
12 49 460
12 50 711
12 51 731
12 52 698
12 53 760
12 54 778
12 55 665
12 56 249
12 57 638
12 58 705
12 59 742
12 60 190
12 61 813
12 62 873
12 63 1021
12 64 726
12 65 714
12 66 577
12 67 617
12 68 1087
12 69 66
12 70 404
12 71 358
12 72 550
12 73 393
12 74 779
12 75 395
12 76 173
12 77 112
12 78 286
12 79 497
12 80 699
12 81 813
12 82 123
12 83 397
12 84 69
12 85 876
12 86 201
12 87 480
12 88 725
12 89 771
12 90 193
12 91 679
12 92 683
12 93 1044
12 94 833
12 95 1100
12 96 728
12 97 364
12 98 332
12 99 640
12 100 718
13 14 512
13 15 231
13 16 386
13 17 175
13 18 738
13 19 94
13 20 392
13 21 515
13 22 625
13 23 807
13 24 294
13 25 334
13 26 698
13 27 618
13 28 549
13 29 1000
13 30 444
13 31 966
13 32 654
13 33 891
13 34 956
13 35 295
13 36 231
13 37 587
13 38 506
13 39 321
13 40 393
13 41 486
13 42 549
13 43 860
13 44 532
13 45 1000
13 46 317
13 47 769
13 48 224
13 49 533
13 50 381
13 51 533
13 52 397
13 53 554
13 54 226
13 55 386
13 56 809
13 57 369
13 58 651
13 59 507
13 60 1035
13 61 232
13 62 488
13 63 355
13 64 577
13 65 208
13 66 468
13 67 472
13 68 406
13 69 919
13 70 521
13 71 626
13 72 789
13 73 724
13 74 123
13 75 509
13 76 912
13 77 992
13 78 751
13 79 858
13 80 888
13 81 343
13 82 985
13 83 949
13 84 856
13 85 494
13 86 992
13 87 903
13 88 407
13 89 845
13 90 729
13 91 678
13 92 219
13 93 399
13 94 529
13 95 387
13 96 353
13 97 664
13 98 628
13 99 587
13 100 848
14 15 417
14 16 217
14 17 396
14 18 231
14 19 521
14 20 508
14 21 172
14 22 575
14 23 295
14 24 311
14 25 318
14 26 220
14 27 181
14 28 166
14 29 500
14 30 748
14 31 809
14 32 583
14 33 389
14 34 451
14 35 734
14 36 379
14 37 353
14 38 698
14 39 222
14 40 408
14 41 590
14 42 283
14 43 506
14 44 67
14 45 512
14 46 561
14 47 305
14 48 549
14 49 78
14 50 510
14 51 616
14 52 281
14 53 383
14 54 363
14 55 467
14 56 297
14 57 217
14 58 665
14 59 351
14 60 536
14 61 528
14 62 701
14 63 750
14 64 361
14 65 313
14 66 437
14 67 216
14 68 818
14 69 436
14 70 18
14 71 117
14 72 644
14 73 234
14 74 434
14 75 55
14 76 516
14 77 533
14 78 239
14 79 656
14 80 799
14 81 582
14 82 496
14 83 658
14 84 373
14 85 707
14 86 585
14 87 676
14 88 538
14 89 820
14 90 235
14 91 663
14 92 360
14 93 785
14 94 693
14 95 817
14 96 510
14 97 160
14 98 340
14 99 290
14 100 788
15 16 219
15 17 299
15 18 644
15 19 312
15 20 547
15 21 348
15 22 747
15 23 699
15 24 364
15 25 128
15 26 634
15 27 459
15 28 521
15 29 915
15 30 662
15 31 1068
15 32 770
15 33 804
15 34 863
15 35 527
15 36 346
15 37 631
15 38 699
15 39 324
15 40 162
15 41 649
15 42 346
15 43 873
15 44 464
15 45 929
15 46 508
15 47 717
15 48 429
15 49 404
15 50 538
15 51 694
15 52 196
15 53 330
15 54 59
15 55 525
15 56 697
15 57 210
15 58 798
15 59 286
15 60 951
15 61 428
15 62 686
15 63 585
15 64 359
15 65 149
15 66 577
15 67 289
15 68 638
15 69 853
15 70 432
15 71 512
15 72 887
15 73 580
15 74 279
15 75 439
15 76 905
15 77 947
15 78 636
15 79 938
15 80 1012
15 81 536
15 82 913
15 83 995
15 84 789
15 85 692
15 86 980
15 87 975
15 88 569
15 89 990
15 90 652
15 91 817
15 92 318
15 93 629
15 94 716
15 95 618
15 96 516
15 97 538
15 98 654
15 99 386
15 100 980
16 17 346
16 18 433
16 19 432
16 20 550
16 21 132
16 22 692
16 23 482
16 24 332
16 25 103
16 26 437
16 27 241
16 28 358
16 29 703
16 30 740
16 31 975
16 32 709
16 33 593
16 34 649
16 35 662
16 36 363
16 37 515
16 38 733
16 39 246
16 40 192
16 41 649
16 42 174
16 43 714
16 44 277
16 45 721
16 46 558
16 47 522
16 48 510
16 49 187
16 50 546
16 51 686
16 52 69
16 53 226
16 54 178
16 55 516
16 56 480
16 57 19
16 58 767
16 59 180
16 60 739
16 61 497
16 62 727
16 63 701
16 64 227
16 65 183
16 66 529
16 67 86
16 68 763
16 69 648
16 70 235
16 71 297
16 72 800
16 73 361
16 74 360
16 75 255
16 76 731
16 77 750
16 78 418
16 79 830
16 80 944
16 81 584
16 82 705
16 83 856
16 84 586
16 85 733
16 86 801
16 87 858
16 88 578
16 89 945
16 90 447
16 91 775
16 92 333
16 93 742
16 94 739
16 95 752
16 96 534
16 97 319
16 98 521
16 99 208
16 100 923
17 18 606
17 19 134
17 20 248
17 21 454
17 22 463
17 23 680
17 24 123
17 25 343
17 26 553
17 27 539
17 28 394
17 29 856
17 30 394
17 31 799
17 32 490
17 33 750
17 34 817
17 35 339
17 36 57
17 37 413
17 38 404
17 39 177
17 40 437
17 41 350
17 42 520
17 43 687
17 44 398
17 45 850
17 46 217
17 47 616
17 48 164
17 49 439
17 50 239
17 51 395
17 52 387
17 53 559
17 54 258
17 55 230
17 56 684
17 57 327
17 58 503
17 59 510
17 60 889
17 61 150
17 62 394
17 63 362
17 64 569
17 65 178
17 66 299
17 67 430
17 68 427
17 69 769
17 70 400
17 71 513
17 72 620
17 73 626
17 74 52
17 75 378
17 76 743
17 77 832
17 78 632
17 79 686
17 80 729
17 81 245
17 82 835
17 83 774
17 84 706
17 85 400
17 86 823
17 87 730
17 88 269
17 89 697
17 90 588
17 91 526
17 92 46
17 93 401
17 94 418
17 95 424
17 96 217
17 97 556
17 98 455
17 99 553
17 100 693
18 19 738
18 20 658
18 21 337
18 22 642
18 23 78
18 24 502
18 25 536
18 26 95
18 27 256
18 28 240
18 29 270
18 30 916
18 31 782
18 32 638
18 33 160
18 34 220
18 35 939
18 36 578
18 37 397
18 38 838
18 39 429
18 40 612
18 41 717
18 42 427
18 43 402
18 44 208
18 45 288
18 46 736
18 47 143
18 48 745
18 49 247
18 50 663
18 51 730
18 52 487
18 53 534
18 54 592
18 55 616
18 56 87
18 57 437
18 58 743
18 59 518
18 60 307
18 61 721
18 62 847
18 63 943
18 64 499
18 65 544
18 66 553
18 67 399
18 68 1010
18 69 219
18 70 219
18 71 137
18 72 649
18 73 172
18 74 651
18 75 229
18 76 374
18 77 333
18 78 72
18 79 626
18 80 808
18 81 753
18 82 272
18 83 572
18 84 163
18 85 851
18 86 423
18 87 627
18 88 685
18 89 858
18 90 54
18 91 728
18 92 565
18 93 973
18 94 823
18 95 1016
18 96 671
18 97 136
18 98 353
18 99 413
18 100 813
19 20 309
19 21 554
19 22 546
19 23 810
19 24 256
19 25 399
19 26 687
19 27 649
19 28 528
19 29 990
19 30 353
19 31 889
19 32 576
19 33 884
19 34 951
19 35 229
19 36 180
19 37 537
19 38 412
19 39 309
19 40 471
19 41 398
19 42 603
19 43 814
19 44 530
19 45 985
19 46 225
19 47 751
19 48 130
19 49 555
19 50 296
19 51 445
19 52 456
19 53 621
19 54 294
19 55 308
19 56 814
19 57 414
19 58 565
19 59 573
19 60 1024
19 61 140
19 62 394
19 63 276
19 64 640
19 65 249
19 66 398
19 67 519
19 68 333
19 69 903
19 70 527
19 71 638
19 72 715
19 73 746
19 74 87
19 75 508
19 76 873
19 77 967
19 78 760
19 79 789
19 80 806
19 81 250
19 82 970
19 83 890
19 84 841
19 85 400
19 86 954
19 87 837
19 88 320
19 89 758
19 90 721
19 91 594
19 92 180
19 93 319
19 94 436
19 95 320
19 96 267
19 97 679
19 98 583
19 99 639
19 100 763
20 21 627
20 22 240
20 23 736
20 24 219
20 25 575
20 26 577
20 27 684
20 28 417
20 29 858
20 30 262
20 31 583
20 32 271
20 33 768
20 34 834
20 35 364
20 36 202
20 37 317
20 38 190
20 39 311
20 40 676
20 41 102
20 42 716
20 43 582
20 44 477
20 45 836
20 46 117
20 47 611
20 48 199
20 49 576
20 50 13
20 51 146
20 52 605
20 53 775
20 54 502
20 55 41
20 56 744
20 57 532
20 58 259
20 59 728
20 60 887
20 61 176
20 62 193
20 63 328
20 64 778
20 65 414
20 66 129
20 67 623
20 68 391
20 69 758
20 70 503
20 71 611
20 72 414
20 73 736
20 74 280
20 75 467
20 76 657
20 77 786
20 78 706
20 79 496
20 80 497
20 81 116
20 82 823
20 83 618
20 84 704
20 85 198
20 86 735
20 87 547
20 88 29
20 89 453
20 90 621
20 91 286
20 92 232
20 93 345
20 94 189
20 95 410
20 96 42
20 97 659
20 98 374
20 99 743
20 100 455
21 22 731
21 23 373
21 24 411
21 25 222
21 26 365
21 27 110
21 28 338
21 29 598
21 30 841
21 31 981
21 32 743
21 33 491
21 34 542
21 35 783
21 36 459
21 37 522
21 38 816
21 39 316
21 40 278
21 41 720
21 42 110
21 43 674
21 44 240
21 45 623
21 46 654
21 47 450
21 48 619
21 49 102
21 50 626
21 51 752
21 52 160
21 53 212
21 54 310
21 55 589
21 56 368
21 57 147
21 58 816
21 59 186
21 60 634
21 61 603
21 62 814
21 63 815
21 64 188
21 65 308
21 66 580
21 67 64
21 68 879
21 69 557
21 70 190
21 71 200
21 72 813
21 73 235
21 74 477
21 75 226
21 76 675
21 77 667
21 78 307
21 79 828
21 80 966
21 81 679
21 82 608
21 83 829
21 84 498
21 85 820
21 86 738
21 87 849
21 88 656
21 89 981
21 90 364
21 91 818
21 92 432
21 93 855
21 94 817
21 95 872
21 96 619
21 97 207
21 98 513
21 99 122
21 100 952
22 23 715
22 24 384
22 25 744
22 26 548
22 27 755
22 28 428
22 29 774
22 30 427
22 31 342
22 32 31
22 33 707
22 34 767
22 35 589
22 36 408
22 37 245
22 38 288
22 39 450
22 40 852
22 41 185
22 42 835
22 43 421
22 44 520
22 45 738
22 46 350
22 47 548
22 48 439
22 49 653
22 50 253
22 51 155
22 52 758
22 53 915
22 54 695
22 55 239
22 56 727
22 57 677
22 58 101
22 59 871
22 60 796
22 61 417
22 62 311
22 63 537
22 64 907
22 65 601
22 66 170
22 67 748
22 68 589
22 69 670
22 70 563
22 71 647
22 72 175
22 73 768
22 74 506
22 75 521
22 76 507
22 77 662
22 78 706
22 79 265
22 80 266
22 81 339
22 82 728
22 83 407
22 84 630
22 85 312
22 86 575
22 87 319
22 88 238
22 89 252
22 90 593
22 91 88
22 92 433
22 93 541
22 94 254
22 95 616
22 96 283
22 97 692
22 98 292
22 99 853
22 100 234
23 24 578
23 25 585
23 26 167
23 27 277
23 28 318
23 29 226
23 30 995
23 31 837
23 32 710
23 33 125
23 34 169
23 35 1014
23 36 654
23 37 471
23 38 916
23 39 503
23 40 651
23 41 795
23 42 450
23 43 444
23 44 282
23 45 257
23 46 814
23 47 188
23 48 822
23 49 295
23 50 741
23 51 807
23 52 530
23 53 555
23 54 650
23 55 695
23 56 13
23 57 489
23 58 817
23 59 545
23 60 261
23 61 798
23 62 925
23 63 1020
23 64 516
23 65 608
23 66 631
23 67 437
23 68 1088
23 69 206
23 70 286
23 71 186
23 72 712
23 73 164
23 74 723
23 75 302
23 76 402
23 77 327
23 78 66
23 79 682
23 80 871
23 81 831
23 82 243
23 83 614
23 84 167
23 85 930
23 86 438
23 87 678
23 88 763
23 89 925
23 90 122
23 91 800
23 92 640
23 93 1051
23 94 901
23 95 1092
23 96 750
23 97 165
23 98 424
23 99 429
23 100 878
24 25 365
24 26 440
24 27 476
24 28 277
24 29 741
24 30 438
24 31 705
24 32 406
24 33 638
24 34 706
24 35 437
24 36 78
24 37 293
24 38 405
24 39 95
24 40 471
24 41 317
24 42 497
24 43 565
24 44 298
24 45 732
24 46 250
24 47 499
24 48 243
24 49 369
24 50 216
24 51 355
24 52 389
24 53 557
24 54 311
24 55 184
24 56 584
24 57 314
24 58 444
24 59 510
24 60 774
24 61 220
24 62 403
24 63 442
24 64 559
24 65 217
24 66 213
24 67 404
24 68 510
24 69 651
24 70 311
24 71 424
24 72 524
24 73 545
24 74 175
24 75 281
24 76 619
24 77 711
24 78 535
24 79 581
24 80 648
24 81 272
24 82 718
24 83 658
24 84 590
24 85 409
24 86 700
24 87 622
24 88 247
24 89 631
24 90 478
24 91 458
24 92 76
24 93 476
24 94 408
24 95 514
24 96 208
24 97 471
24 98 333
24 99 524
24 100 618
25 26 539
25 27 333
25 28 449
25 29 806
25 30 733
25 31 1045
25 32 764
25 33 696
25 34 752
25 35 625
25 36 375
25 37 590
25 38 746
25 39 296
25 40 108
25 41 677
25 42 220
25 43 806
25 44 375
25 45 824
25 46 561
25 47 624
25 48 497
25 49 290
25 50 569
25 51 718
25 52 68
25 53 222
25 54 108
25 55 545
25 56 582
25 57 101
25 58 810
25 59 174
25 60 842
25 61 490
25 62 737
25 63 674
25 64 243
25 65 164
25 66 576
25 67 162
25 68 732
25 69 751
25 70 335
25 71 400
25 72 866
25 73 457
25 74 342
25 75 352
25 76 828
25 77 852
25 78 520
25 79 904
25 80 1004
25 81 589
25 82 808
25 83 942
25 84 689
25 85 743
25 86 900
25 87 936
25 88 601
25 89 995
25 90 550
25 91 822
25 92 344
25 93 717
25 94 757
25 95 717
25 96 552
25 97 421
25 98 603
25 99 260
25 100 978
26 27 309
26 28 164
26 29 303
26 30 838
26 31 691
26 32 544
26 33 198
26 34 266
26 35 876
26 36 518
26 37 303
26 38 753
26 39 379
26 40 626
26 41 630
26 42 467
26 43 325
26 44 171
26 45 302
26 46 662
26 47 85
26 48 681
26 49 264
26 50 583
26 51 641
26 52 498
26 53 574
26 54 578
26 55 536
26 56 178
26 57 437
26 58 649
26 59 551
26 60 337
26 61 656
26 62 763
26 63 874
26 64 543
26 65 517
26 66 466
26 67 422
26 68 941
26 69 222
26 70 203
26 71 173
26 72 555
26 73 253
26 74 600
26 75 196
26 76 312
26 77 313
26 78 165
26 79 535
26 80 714
26 81 677
26 82 286
26 83 492
26 84 158
26 85 767
26 86 373
26 87 539
26 88 603
26 89 762
26 90 45
26 91 634
26 92 509
26 93 902
26 94 736
26 95 949
26 96 594
26 97 196
26 98 258
26 99 460
26 100 718
27 28 334
27 29 502
27 30 914
27 31 972
27 32 762
27 33 400
27 34 444
27 35 874
27 36 535
27 37 526
27 38 874
27 39 382
27 40 382
27 41 769
27 42 173
27 43 632
27 44 236
27 45 533
27 46 726
27 47 387
27 48 701
27 49 108
27 50 684
27 51 796
27 52 270
27 53 279
27 54 420
27 55 643
27 56 270
27 57 254
27 58 847
27 59 268
27 60 538
27 61 683
27 62 876
27 63 901
27 64 242
27 65 409
27 66 618
27 67 173
27 68 967
27 69 473
27 70 192
27 71 136
27 72 814
27 73 126
27 74 568
27 75 233
27 76 620
27 77 589
27 78 211
27 79 816
27 80 972
27 81 749
27 82 519
27 83 796
27 84 420
27 85 881
27 86 676
27 87 829
27 88 713
27 89 998
27 90 295
27 91 843
27 92 511
27 93 939
27 94 871
27 95 962
27 96 681
27 97 120
27 98 505
27 99 156
27 100 963
28 29 464
28 30 677
28 31 643
28 32 432
28 33 362
28 34 430
28 35 712
28 36 355
28 37 192
28 38 599
28 39 227
28 40 550
28 41 480
28 42 449
28 43 357
28 44 100
28 45 456
28 46 498
28 47 222
28 48 516
28 49 242
28 50 423
28 51 497
28 52 427
28 53 547
28 54 462
28 55 376
28 56 326
28 57 352
28 58 525
28 59 512
28 60 497
28 61 491
28 62 608
28 63 709
28 64 526
28 65 387
28 66 317
28 67 377
28 68 777
28 69 375
28 70 149
28 71 218
28 72 480
28 73 341
28 74 443
28 75 112
28 76 383
28 77 443
28 78 291
28 79 489
28 80 637
28 81 514
28 82 441
28 83 499
28 84 313
28 85 612
28 86 460
28 87 510
28 88 445
28 89 666
28 90 205
28 91 517
28 92 348
28 93 738
28 94 586
28 95 784
28 96 432
28 97 263
28 98 174
28 99 456
28 100 629
29 30 1121
29 31 799
29 32 760
29 33 110
29 34 59
29 35 1176
29 36 820
29 37 552
29 38 1020
29 39 682
29 40 876
29 41 896
29 42 675
29 43 398
29 44 468
29 45 59
29 46 954
29 47 247
29 48 980
29 49 515
29 50 866
29 51 897
29 52 753
29 53 779
29 54 863
29 55 819
29 56 232
29 57 708
29 58 875
29 59 771
29 60 36
29 61 954
29 62 1034
29 63 1169
29 64 739
29 65 812
29 66 737
29 67 662
29 68 1236
29 69 104
29 70 487
29 71 405
29 72 719
29 73 385
29 74 904
29 75 491
29 76 321
29 77 170
29 78 292
29 79 660
29 80 864
29 81 966
29 82 57
29 83 545
29 84 154
29 85 1038
29 86 313
29 87 639
29 88 882
29 89 939
29 90 271
29 91 849
29 92 812
29 93 1195
29 94 998
29 95 1246
29 96 881
29 97 390
29 98 495
29 99 653
29 100 885
30 31 730
30 32 457
30 33 1030
30 34 1097
30 35 221
30 36 381
30 37 575
30 38 146
30 39 532
30 40 817
30 41 247
30 42 913
30 43 827
30 44 726
30 45 1097
30 46 188
30 47 874
30 48 235
30 49 808
30 50 255
30 51 271
30 52 780
30 53 952
30 54 636
30 55 302
30 56 1002
30 57 721
30 58 378
30 59 903
30 60 1149
30 61 243
30 62 119
30 63 141
30 64 964
30 65 570
30 66 386
30 67 823
30 68 171
30 69 1020
30 70 746
30 71 858
30 72 594
30 73 982
30 74 390
30 75 713
30 76 907
30 77 1044
30 78 961
30 79 690
30 80 616
30 81 166
30 82 1085
30 83 834
30 84 967
30 85 121
30 86 982
30 87 744
30 88 238
30 89 533
30 90 881
30 91 418
30 92 409
30 93 124
30 94 184
30 95 205
30 96 244
30 97 905
30 98 633
30 99 946
30 100 563
31 32 312
31 33 776
31 34 817
31 35 919
31 36 742
31 37 461
31 38 583
31 39 751
31 40 1153
31 41 514
31 42 1091
31 43 404
31 44 743
31 45 746
31 46 690
31 47 648
31 48 781
31 49 886
31 50 596
31 51 473
31 52 1045
31 53 1185
31 54 1012
31 55 581
31 56 850
31 57 964
31 58 353
31 59 1146
31 60 806
31 61 759
31 62 610
31 63 857
31 64 1168
31 65 919
31 66 500
31 67 1013
31 68 901
31 69 706
31 70 793
31 71 842
31 72 180
31 73 944
31 74 844
31 75 754
31 76 478
31 77 640
31 78 855
31 79 157
31 80 125
31 81 676
31 82 742
31 83 259
31 84 696
31 85 608
31 86 504
31 87 161
31 88 578
31 89 231
31 90 727
31 91 314
31 92 764
31 93 853
31 94 545
31 95 932
31 96 625
31 97 878
31 98 469
31 99 1100
31 100 179
32 33 696
32 34 755
32 35 621
32 36 434
32 37 243
32 38 317
32 39 468
32 40 871
32 41 216
32 42 848
32 43 398
32 44 526
32 45 722
32 46 382
32 47 539
32 48 470
32 49 661
32 50 284
32 51 185
32 52 775
32 53 930
32 54 717
32 55 268
32 56 722
32 57 694
32 58 114
32 59 887
32 60 781
32 61 448
32 62 341
32 63 568
32 64 921
32 65 624
32 66 193
32 67 761
32 68 620
32 69 656
32 70 570
32 71 650
32 72 143
32 73 770
32 74 534
32 75 529
32 76 486
32 77 643
32 78 704
32 79 234
32 80 242
32 81 371
32 82 712
32 83 377
32 84 619
32 85 341
32 86 552
32 87 287
32 88 270
32 89 238
32 90 588
32 91 90
32 92 458
32 93 572
32 94 282
32 95 648
32 96 314
32 97 694
32 98 286
32 99 865
32 100 214
33 34 67
33 35 1075
33 36 716
33 37 472
33 38 937
33 39 575
33 40 769
33 41 813
33 42 573
33 43 372
33 44 358
33 45 133
33 46 858
33 47 160
33 48 879
33 49 406
33 50 775
33 51 818
33 52 645
33 53 679
33 54 752
33 55 728
33 56 134
33 57 597
33 58 808
33 59 668
33 60 147
33 61 854
33 62 949
33 63 1071
33 64 640
33 65 701
33 66 651
33 67 555
33 68 1139
33 69 88
33 70 376
33 71 296
33 72 673
33 73 289
33 74 797
33 75 382
33 76 312
33 77 208
33 78 188
33 79 627
33 80 826
33 81 872
33 82 119
33 83 535
33 84 80
33 85 953
33 86 332
33 87 615
33 88 793
33 89 892
33 90 162
33 91 786
33 92 707
33 93 1099
33 94 917
33 95 1147
33 96 788
33 97 284
33 98 418
33 99 554
33 100 841
34 35 1142
34 36 783
34 37 536
34 38 1002
34 39 642
34 40 820
34 41 878
34 42 617
34 43 412
34 44 424
34 45 107
34 46 926
34 47 224
34 48 947
34 49 461
34 50 842
34 51 882
34 52 698
34 53 720
34 54 812
34 55 795
34 56 174
34 57 655
34 58 868
34 59 713
34 60 93
34 61 922
34 62 1015
34 63 1139
34 64 680
34 65 764
34 66 716
34 67 606
34 68 1206
34 69 110
34 70 439
34 71 351
34 72 724
34 73 326
34 74 864
34 75 446
34 76 343
34 77 209
34 78 235
34 79 672
34 80 874
34 81 939
34 82 98
34 83 569
34 84 136
34 85 1019
34 86 348
34 87 656
34 88 860
34 89 944
34 90 229
34 91 845
34 92 774
34 93 1166
34 94 982
34 95 1215
34 96 855
34 97 334
34 98 480
34 99 594
34 100 892
35 36 360
35 37 668
35 38 349
35 39 513
35 40 689
35 41 407
35 42 832
35 43 942
35 44 733
35 45 1163
35 46 247
35 47 930
35 48 196
35 49 777
35 50 352
35 51 446
35 52 685
35 53 847
35 54 518
35 55 389
35 56 1019
35 57 643
35 58 567
35 59 800
35 60 1208
35 61 222
35 62 323
35 63 83
35 64 868
35 65 479
35 66 491
35 67 749
35 68 112
35 69 1082
35 70 738
35 71 852
35 72 765
35 73 965
35 74 306
35 75 714
35 76 1013
35 77 1129
35 78 969
35 79 854
35 80 814
35 81 251
35 82 1149
35 83 983
35 84 1023
35 85 327
35 86 1092
35 87 907
35 88 356
35 89 740
35 90 915
35 91 605
35 92 375
35 93 120
35 94 386
35 95 92
35 96 326
35 97 895
35 98 722
35 99 869
35 100 763
36 37 358
36 38 372
36 39 156
36 40 474
36 41 305
36 42 535
36 43 634
36 44 372
36 45 811
36 46 196
36 47 577
36 48 170
36 49 430
36 50 194
36 51 348
36 52 411
36 53 583
36 54 300
36 55 178
36 56 659
36 57 344
36 58 452
36 59 535
36 60 853
36 61 149
36 62 365
36 63 371
36 64 590
36 65 213
36 66 242
36 67 443
36 68 438
36 69 729
36 70 380
36 71 495
36 72 563
36 73 612
36 74 108
36 75 354
36 76 692
36 77 788
36 78 609
36 79 628
36 80 674
36 81 222
36 82 796
36 83 718
36 84 668
36 85 371
36 86 773
36 87 672
36 88 226
36 89 645
36 90 555
36 91 473
36 92 30
36 93 406
36 94 382
36 95 440
36 96 176
36 97 540
36 98 403
36 99 566
36 100 639
37 38 468
37 39 307
37 40 697
37 41 343
37 42 631
37 43 278
37 44 291
37 45 523
37 46 426
37 47 312
37 48 478
37 49 431
37 50 327
37 51 346
37 52 585
37 53 723
37 54 573
37 55 283
37 56 482
37 57 504
37 58 346
37 59 684
37 60 577
37 61 451
37 62 483
37 63 643
37 64 707
37 65 483
37 66 189
37 67 551
37 68 707
37 69 448
37 70 338
37 71 408
37 72 291
37 73 527
37 74 465
37 75 298
37 76 344
37 77 469
37 78 461
37 79 314
37 80 446
37 81 431
37 82 511
37 83 366
37 84 400
37 85 486
37 86 424
37 87 345
37 88 338
37 89 474
37 90 348
37 91 332
37 92 368
37 93 662
37 94 446
37 95 724
37 96 348
37 97 452
37 98 57
37 99 643
37 100 437
38 39 500
38 40 841
38 41 124
38 42 902
38 43 700
38 44 665
38 45 991
38 46 192
38 47 777
38 48 281
38 49 766
38 50 190
38 51 133
38 52 784
38 53 955
38 54 662
38 55 231
38 56 925
38 57 714
38 58 231
38 59 907
38 60 1046
38 61 275
38 62 27
38 63 278
38 64 960
38 65 582
38 66 286
38 67 809
38 68 317
38 69 917
38 70 693
38 71 800
38 72 450
38 73 925
38 74 420
38 75 656
38 76 783
38 77 929
38 78 890
38 79 546
38 80 470
38 81 164
38 82 980
38 83 694
38 84 868
38 85 25
38 86 856
38 87 600
38 88 160
38 89 391
38 90 797
38 91 272
38 92 402
38 93 269
38 94 37
38 95 350
38 96 198
38 97 847
38 98 525
38 99 930
38 100 418
39 40 404
39 41 407
39 42 405
39 43 558
39 44 221
39 45 680
39 46 344
39 47 448
39 48 327
39 49 276
39 50 310
39 51 442
39 52 308
39 53 472
39 54 265
39 55 274
39 56 507
39 57 229
39 58 521
39 59 426
39 60 716
39 61 306
39 62 498
39 63 528
39 64 470
39 65 176
39 66 283
39 67 313
39 68 595
39 69 599
39 70 224
39 71 338
39 72 571
39 73 456
39 74 222
39 75 201
39 76 600
39 77 671
39 78 455
39 79 615
39 80 708
39 81 367
39 82 664
39 83 672
39 84 535
39 85 504
39 86 679
39 87 651
39 88 341
39 89 701
39 90 412
39 91 530
39 92 138
39 93 563
39 94 501
39 95 595
39 96 303
39 97 383
39 98 332
39 99 431
39 100 682
40 41 778
40 42 229
40 43 906
40 44 470
40 45 900
40 46 653
40 47 711
40 48 581
40 49 366
40 50 669
40 51 820
40 52 127
40 53 179
40 54 180
40 55 648
40 56 647
40 57 198
40 58 915
40 59 144
40 60 913
40 61 577
40 62 831
40 63 746
40 64 215
40 65 261
40 66 682
40 67 214
40 68 799
40 69 830
40 70 426
40 71 474
40 72 974
40 73 508
40 74 427
40 75 448
40 76 923
40 77 937
40 78 585
40 79 1012
40 80 1112
40 81 681
40 82 885
40 83 1046
40 84 770
40 85 837
40 86 993
40 87 1043
40 88 701
40 89 1101
40 90 633
40 91 929
40 92 444
40 93 789
40 94 854
40 95 780
40 96 650
40 97 486
40 98 708
40 99 267
40 100 1085
41 42 812
41 43 581
41 44 551
41 45 867
41 46 180
41 47 653
41 48 276
41 49 662
41 50 111
41 51 46
41 52 706
41 53 875
41 54 605
41 55 133
41 56 805
41 57 632
41 58 169
41 59 828
41 60 921
41 61 258
41 62 140
41 63 352
41 64 876
41 65 517
41 66 164
41 67 720
41 68 405
41 69 792
41 70 583
41 71 686
41 72 359
41 73 812
41 74 380
41 75 545
41 76 663
41 77 806
41 78 772
41 79 450
41 80 416
41 81 162
41 82 855
41 83 589
41 84 743
41 85 143
41 86 737
41 87 504
41 88 80
41 89 360
41 90 675
41 91 202
41 92 335
41 93 356
41 94 106
41 95 431
41 96 135
41 97 734
41 98 401
41 99 838
41 100 369
42 43 781
42 44 350
42 45 706
42 46 730
42 47 550
42 48 684
42 49 211
42 50 713
42 51 846
42 52 152
42 53 107
42 54 326
42 55 679
42 56 443
42 57 193
42 58 917
42 59 97
42 60 711
42 61 671
42 62 898
42 63 874
42 64 77
42 65 354
42 66 680
42 67 92
42 68 935
42 69 645
42 70 300
42 71 296
42 72 923
42 73 293
42 74 534
42 75 337
42 76 779
42 77 760
42 78 385
42 79 938
42 80 1074
42 81 757
42 82 692
42 83 939
42 84 590
42 85 903
42 86 840
42 87 959
42 88 745
42 89 1086
42 90 461
42 91 921
42 92 506
42 93 915
42 94 905
42 95 924
42 96 703
42 97 291
42 98 623
42 99 40
42 100 1059
43 44 440
43 45 348
43 46 696
43 47 260
43 48 755
43 49 571
43 50 593
43 51 567
43 52 782
43 53 886
43 54 813
43 55 553
43 56 458
43 57 708
43 58 512
43 59 857
43 60 409
43 61 728
43 62 720
43 63 911
43 64 859
43 65 731
43 66 452
43 67 722
43 68 972
43 69 302
43 70 488
43 71 496
43 72 326
43 73 574
43 74 740
43 75 460
43 76 88
43 77 252
43 78 474
43 79 261
43 80 466
43 81 698
43 82 343
43 83 169
43 84 293
43 85 722
43 86 155
43 87 243
43 88 597
43 89 545
43 90 350
43 91 480
43 92 641
43 93 926
43 94 670
43 95 992
43 96 617
43 97 521
43 98 232
43 99 779
43 100 490
44 45 472
44 46 541
44 47 252
44 48 542
44 49 142
44 50 480
44 51 573
44 52 344
44 53 451
44 54 407
44 55 435
44 56 286
44 57 274
44 58 614
44 59 418
44 60 503
44 61 519
44 62 670
44 63 741
44 64 428
44 65 346
44 66 393
44 67 283
44 68 809
44 69 393
44 70 50
44 71 134
44 72 580
44 73 260
44 74 442
44 75 24
44 76 453
44 77 483
44 78 237
44 79 589
44 80 737
44 81 561
44 82 457
44 83 591
44 84 329
44 85 675
44 86 524
44 87 608
44 88 506
44 89 762
44 90 196
44 91 609
44 92 358
44 93 774
44 94 656
44 95 812
44 96 483
44 97 182
44 98 274
44 99 356
44 100 727
45 46 935
45 47 233
45 48 967
45 49 535
45 50 844
45 51 865
45 52 775
45 53 812
45 54 875
45 55 798
45 56 266
45 57 724
45 58 837
45 59 801
45 60 60
45 61 941
45 62 1007
45 63 1152
45 64 773
45 65 818
45 66 711
45 67 687
45 68 1218
45 69 81
45 70 497
45 71 426
45 72 672
45 73 421
45 74 899
45 75 496
45 76 267
45 77 112
45 78 322
45 79 610
45 80 815
45 81 945
45 82 15
45 83 490
45 84 144
45 85 1010
45 86 255
45 87 586
45 88 859
45 89 893
45 90 277
45 91 810
45 92 805
45 93 1176
45 94 968
45 95 1230
45 96 861
45 97 417
45 98 466
45 99 687
45 100 838
46 47 706
46 48 97
46 49 619
46 50 104
46 51 225
46 52 603
46 53 775
46 54 473
46 55 143
46 56 821
46 57 539
46 58 349
46 59 727
46 60 984
46 61 84
46 62 178
46 63 217
46 64 784
46 65 396
46 66 243
46 67 639
46 68 283
46 69 856
46 70 559
46 71 672
46 72 526
46 73 794
46 74 228
46 75 527
46 76 769
46 77 892
46 78 777
46 79 611
46 80 595
46 81 27
46 82 922
46 83 735
46 84 799
46 85 184
46 86 848
46 87 663
46 88 112
46 89 538
46 90 704
46 91 382
46 92 224
46 93 241
46 94 212
46 95 298
46 96 78
46 97 719
46 98 481
46 99 762
46 100 549
47 48 734
47 49 350
47 50 619
47 51 658
47 52 584
47 53 658
47 54 660
47 55 572
47 56 202
47 57 522
47 58 650
47 59 636
47 60 278
47 61 708
47 62 790
47 63 921
47 64 625
47 65 595
47 66 492
47 67 507
47 68 988
47 69 152
47 70 288
47 71 254
47 72 527
47 73 316
47 74 666
47 75 277
47 76 233
47 77 230
47 78 214
47 79 493
47 80 684
47 81 718
47 82 219
47 83 430
47 84 93
47 85 794
47 86 289
47 87 490
47 88 636
47 89 743
47 90 93
47 91 629
47 92 571
47 93 947
47 94 757
47 95 999
47 96 633
47 97 270
47 98 258
47 99 541
47 100 694
48 49 599
48 50 185
48 51 322
48 52 547
48 53 717
48 54 401
48 55 211
48 56 828
48 57 491
48 58 445
48 59 669
48 60 1012
48 61 26
48 62 264
48 63 201
48 64 731
48 65 335
48 66 311
48 67 594
48 68 268
48 69 886
48 70 551
48 71 665
48 72 613
48 73 783
48 74 155
48 75 524
48 76 823
48 77 934
48 78 779
48 79 694
48 80 690
48 81 120
48 82 953
48 83 810
48 84 826
48 85 270
48 86 902
48 87 744
48 88 202
48 89 636
48 90 720
48 91 477
48 92 190
48 93 237
48 94 306
48 95 270
48 96 156
48 97 710
48 98 531
48 99 718
48 100 645
49 50 576
49 51 689
49 52 240
49 53 314
49 54 356
49 55 535
49 56 293
49 57 194
49 58 742
49 59 287
49 60 552
49 61 579
49 62 768
49 63 799
49 64 288
49 65 326
49 66 512
49 67 157
49 68 866
49 69 464
49 70 93
49 71 110
49 72 722
49 73 191
49 74 471
49 75 133
49 76 573
49 77 571
49 78 231
49 79 732
49 80 878
49 81 642
49 82 520
49 83 728
49 84 404
49 85 773
49 86 637
49 87 750
49 88 605
49 89 899
49 90 267
49 91 741
49 92 408
49 93 836
49 94 763
49 95 863
49 96 574
49 97 134
49 98 417
49 99 214
49 100 867
50 51 156
50 52 601
50 53 771
50 54 494
50 55 47
50 56 750
50 57 528
50 58 270
50 59 723
50 60 895
50 61 163
50 62 191
50 63 317
50 64 774
50 65 408
50 66 141
50 67 621
50 68 380
50 69 766
50 70 505
50 71 614
50 72 427
50 73 739
50 74 270
50 75 469
50 76 668
50 77 796
50 78 710
50 79 510
50 80 509
50 81 104
50 82 831
50 83 631
50 84 712
50 85 197
50 86 746
50 87 561
50 88 32
50 89 464
50 90 627
50 91 298
50 92 225
50 93 335
50 94 192
50 95 398
50 96 29
50 97 661
50 98 384
50 99 741
50 100 467
51 52 745
51 53 912
51 54 648
51 55 172
51 56 817
51 57 669
51 58 124
51 59 866
51 60 921
51 61 305
51 62 156
51 63 387
51 64 912
51 65 560
51 66 180
51 67 755
51 68 436
51 69 792
51 70 608
51 71 708
51 72 324
51 73 833
51 74 426
51 75 568
51 76 651
51 77 799
51 78 787
51 79 418
51 80 371
51 81 207
51 82 854
51 83 562
51 84 746
51 85 157
51 86 723
51 87 472
51 88 127
51 89 313
51 90 686
51 91 159
51 92 377
51 93 388
51 94 103
51 95 465
51 96 181
51 97 755
51 98 401
51 99 871
51 100 324
52 53 172
52 54 173
52 55 573
52 56 526
52 57 81
52 58 829
52 59 123
52 60 790
52 61 536
52 62 776
52 63 730
52 64 184
52 65 211
52 66 592
52 67 96
52 68 790
52 69 704
52 70 299
52 71 349
52 72 868
52 73 395
52 74 393
52 75 323
52 76 797
52 77 810
52 78 464
52 79 899
52 80 1011
52 81 630
52 82 760
52 83 926
52 84 644
52 85 783
52 86 866
52 87 928
52 88 633
52 89 1010
52 90 506
52 91 839
52 92 381
52 93 772
52 94 792
52 95 776
52 96 586
52 97 364
52 98 590
52 99 192
52 100 989
53 54 328
53 55 742
53 56 547
53 57 243
53 58 992
53 59 48
53 60 814
53 61 708
53 62 948
53 63 897
53 64 44
53 65 382
53 66 754
53 67 171
53 68 955
53 69 752
53 70 401
53 71 403
53 72 1013
53 73 395
53 74 563
53 75 435
53 76 886
53 77 868
53 78 490
53 79 1034
53 80 1162
53 81 803
53 82 798
53 83 1041
53 84 698
53 85 955
53 86 947
53 87 1057
53 88 803
53 89 1167
53 90 568
53 91 999
53 92 553
53 93 939
53 94 963
53 95 939
53 96 758
53 97 398
53 98 719
53 99 126
53 100 1143
54 55 478
54 56 649
54 57 166
54 58 750
54 59 281
54 60 899
54 61 396
54 62 651
54 63 570
54 64 351
54 65 93
54 66 524
54 67 257
54 68 627
54 69 798
54 70 377
54 71 463
54 72 832
54 73 538
54 74 246
54 75 383
54 76 846
54 77 890
54 78 587
54 79 880
54 80 959
54 81 501
54 82 859
54 83 936
54 84 735
54 85 657
54 86 922
54 87 917
54 88 526
54 89 940
54 90 598
54 91 767
54 92 270
54 93 613
54 94 677
54 95 610
54 96 474
54 97 491
54 98 595
54 99 365
54 100 929
55 56 703
55 57 498
55 58 273
55 59 694
55 60 848
55 61 186
55 62 235
55 63 360
55 64 743
55 65 388
55 66 101
55 67 587
55 68 424
55 69 719
55 70 462
55 71 569
55 72 407
55 73 695
55 74 268
55 75 425
55 76 626
55 77 751
55 78 664
55 79 484
55 80 502
55 81 148
55 82 785
55 83 599
55 84 665
55 85 240
55 86 704
55 87 534
55 88 70
55 89 467
55 90 580
55 91 296
55 92 207
55 93 380
55 94 228
55 95 441
55 96 64
55 97 617
55 98 339
55 99 706
55 100 464
56 57 487
56 58 828
56 59 538
56 60 268
56 61 804
56 62 934
56 63 1026
56 64 507
56 65 609
56 66 640
56 67 433
56 68 1094
56 69 217
56 70 288
56 71 186
56 72 725
56 73 154
56 74 727
56 75 306
56 76 415
56 77 338
56 78 61
56 79 695
56 80 884
56 81 838
56 82 253
56 83 627
56 84 180
56 85 939
56 86 451
56 87 692
56 88 772
56 89 937
56 90 134
56 91 812
56 92 644
56 93 1057
56 94 911
56 95 1098
56 96 757
56 97 161
56 98 436
56 99 421
56 100 891
57 58 751
57 59 196
57 60 744
57 61 478
57 62 709
57 63 682
57 64 246
57 65 164
57 66 513
57 67 105
57 68 744
57 69 651
57 70 234
57 71 303
57 72 787
57 73 372
57 74 341
57 75 252
57 76 727
57 77 751
57 78 426
57 79 819
57 80 930
57 81 566
57 82 709
57 83 849
57 84 588
57 85 715
57 86 799
57 87 848
57 88 560
57 89 930
57 90 450
57 91 759
57 92 314
57 93 723
57 94 720
57 95 734
57 96 516
57 97 328
57 98 511
57 99 227
57 100 908
58 59 947
58 60 895
58 61 427
58 62 258
58 63 504
58 64 987
58 65 658
58 66 238
58 67 828
58 68 548
58 69 770
58 70 654
58 71 743
58 72 223
58 73 866
58 74 539
58 75 613
58 76 600
58 77 758
58 78 807
58 79 320
58 80 248
58 81 331
58 82 827
58 83 475
58 84 731
58 85 257
58 86 664
58 87 374
58 88 245
58 89 194
58 90 694
58 91 40
58 92 480
58 93 500
58 94 194
58 95 579
58 96 298
58 97 789
58 98 394
58 99 938
58 100 200
59 60 807
59 61 659
59 62 900
59 63 849
59 64 72
59 65 333
59 66 709
59 67 135
59 68 907
59 69 738
59 70 369
59 71 384
59 72 973
59 73 390
59 74 514
59 75 401
59 76 861
59 77 851
59 78 479
59 79 997
59 80 1120
59 81 754
59 82 786
59 83 1009
59 84 681
59 85 906
59 86 924
59 87 1021
59 88 755
59 89 1124
59 90 549
59 91 955
59 92 504
59 93 891
59 94 915
59 95 892
59 96 710
59 97 384
59 98 683
59 99 129
59 100 1100
60 61 986
60 62 1061
60 63 1199
60 64 774
60 65 847
60 66 764
60 67 699
60 68 1266
60 69 129
60 70 523
60 71 441
60 72 733
60 73 419
60 74 938
60 75 527
60 76 328
60 77 168
60 78 328
60 79 671
60 80 875
60 81 995
60 82 68
60 83 550
60 84 185
60 85 1064
60 86 312
60 87 647
60 88 910
60 89 953
60 90 306
60 91 869
60 92 845
60 93 1225
60 94 1023
60 95 1277
60 96 910
60 97 426
60 98 520
60 99 688
60 100 898
61 62 259
61 63 222
61 64 720
61 65 326
61 66 285
61 67 581
61 68 290
61 69 860
61 70 529
61 71 643
61 72 590
61 73 762
61 74 149
61 75 502
61 76 796
61 77 908
61 78 756
61 79 670
61 80 671
61 81 111
61 82 927
61 83 784
61 84 801
61 85 265
61 86 876
61 87 720
61 88 183
61 89 619
61 90 695
61 91 458
61 92 172
61 93 257
61 94 297
61 95 294
61 96 133
61 97 689
61 98 504
61 99 704
61 100 627
62 63 251
62 64 955
62 65 572
62 66 298
62 67 805
62 68 290
62 69 931
62 70 697
62 71 805
62 72 476
62 73 930
62 74 406
62 75 660
62 76 803
62 77 947
62 78 898
62 79 572
62 80 498
62 81 150
62 82 995
62 83 718
62 84 881
62 85 6
62 86 876
62 87 626
62 88 164
62 89 418
62 90 808
62 91 299
62 92 395
62 93 242
62 94 65
62 95 322
62 96 195
62 97 852
62 98 540
62 99 927
62 100 445
63 64 915
63 65 520
63 66 458
63 67 787
63 68 67
63 69 1072
63 70 752
63 71 866
63 72 710
63 73 984
63 74 340
63 75 724
63 76 986
63 77 1110
63 78 978
63 79 803
63 80 748
63 81 212
63 82 1138
63 83 938
63 84 1014
63 85 254
63 86 1064
63 87 856
63 88 314
63 89 670
63 90 914
63 91 543
63 92 391
63 93 43
63 94 315
63 95 81
63 96 295
63 97 911
63 98 699
63 99 909
63 100 696
64 65 396
64 66 749
64 67 159
64 68 974
64 69 715
64 70 378
64 71 371
64 72 998
64 73 354
64 74 577
64 75 414
64 76 855
64 77 832
64 78 452
64 79 1016
64 80 1149
64 81 811
64 82 759
64 83 1017
64 84 662
64 85 961
64 86 915
64 87 1037
64 88 806
64 89 1159
64 90 535
64 91 992
64 92 560
64 93 957
64 94 966
64 95 960
64 96 762
64 97 362
64 98 700
64 99 86
64 100 1132
65 66 431
65 67 270
65 68 581
65 69 739
65 70 325
65 71 424
65 72 738
65 73 516
65 74 181
65 75 321
65 76 769
65 77 825
65 78 550
65 79 788
65 80 866
65 81 424
65 82 803
65 83 848
65 84 675
65 85 579
65 86 846
65 87 825
65 88 439
65 89 847
65 90 542
65 91 674
65 92 182
65 93 562
65 94 594
65 95 570
65 96 389
65 97 459
65 98 508
65 99 390
65 100 835
66 67 590
66 68 521
66 69 634
66 70 428
66 71 527
66 72 321
66 73 652
66 74 345
66 75 388
66 76 527
66 77 658
66 78 608
66 79 391
66 80 435
66 81 245
66 82 699
66 83 499
66 84 583
66 85 302
66 86 605
66 87 438
66 88 148
66 89 419
66 90 511
66 91 247
66 92 265
66 93 475
66 94 270
66 95 539
66 96 165
66 97 574
66 98 246
66 99 701
66 100 404
67 68 849
67 69 619
67 70 234
67 71 262
67 72 841
67 73 298
67 74 446
67 75 265
67 76 728
67 77 728
67 78 371
67 79 863
67 80 991
67 81 665
67 82 672
67 83 874
67 84 560
67 85 811
67 86 794
67 87 886
67 88 652
67 89 999
67 90 424
67 91 833
67 92 414
67 93 827
67 94 813
67 95 839
67 96 611
67 97 272
67 98 548
67 99 123
67 100 973
68 69 1139
68 70 819
68 71 933
68 72 761
68 73 1051
68 74 403
68 75 792
68 76 1048
68 77 1175
68 78 1046
68 79 854
68 80 787
68 81 276
68 82 1205
68 83 994
68 84 1081
68 85 292
68 86 1126
68 87 908
68 88 374
68 89 704
68 90 982
68 91 588
68 92 458
68 93 48
68 94 355
68 95 38
68 96 360
68 97 978
68 98 764
68 99 971
68 100 734
69 70 420
69 71 357
69 72 617
69 73 369
69 74 818
69 75 417
69 76 233
69 77 121
69 78 265
69 79 563
69 80 765
69 81 866
69 82 66
69 83 459
69 84 63
69 85 935
69 86 245
69 87 545
69 88 781
69 89 838
69 90 201
69 91 745
69 92 723
69 93 1097
69 94 894
69 95 1150
69 96 782
69 97 354
69 98 391
69 99 629
69 100 785
70 71 114
70 72 629
70 73 235
70 74 440
70 75 41
70 76 498
70 77 517
70 78 232
70 79 639
70 80 784
70 81 580
70 82 481
70 83 640
70 84 357
70 85 702
70 86 567
70 87 658
70 88 533
70 89 807
70 90 220
70 91 651
70 92 362
70 93 786
70 94 686
70 95 820
70 96 506
70 97 159
70 98 324
70 99 307
70 100 774
71 72 690
71 73 125
71 74 552
71 75 145
71 76 485
71 77 467
71 78 125
71 79 685
71 80 849
71 81 692
71 82 410
71 83 660
71 84 298
71 85 810
71 86 544
71 87 697
71 88 640
71 89 883
71 90 165
71 91 736
71 92 476
71 93 900
71 94 791
71 95 934
71 96 616
71 97 47
71 98 380
71 99 287
71 100 845
72 73 800
72 74 666
72 75 589
72 76 413
72 77 579
72 78 720
72 79 97
72 80 159
72 81 515
72 82 665
72 83 254
72 84 593
72 85 475
72 86 466
72 87 151
72 88 413
72 89 220
72 90 595
72 91 183
72 92 584
72 93 712
72 94 414
72 95 789
72 96 457
72 97 730
72 98 309
72 99 934
72 100 167
73 74 661
73 75 269
73 76 546
73 77 490
73 78 106
73 79 787
73 80 960
73 81 815
73 82 407
73 83 743
73 84 324
73 85 935
73 86 592
73 87 792
73 88 766
73 89 1000
73 90 224
73 91 857
73 92 592
73 93 1019
73 94 917
73 95 1049
73 96 741
73 97 78
73 98 493
73 99 268
73 100 959
74 75 421
74 76 795
74 77 884
74 78 673
74 79 734
74 80 771
74 81 256
74 82 884
74 83 826
74 84 755
74 85 413
74 86 876
74 87 779
74 88 299
74 89 733
74 90 634
74 91 564
74 92 99
74 93 381
74 94 438
74 95 395
74 96 244
74 97 594
74 98 508
74 99 569
74 100 732
75 76 475
75 77 507
75 78 254
75 79 601
75 80 744
75 81 547
75 82 481
75 83 608
75 84 354
75 85 665
75 86 547
75 87 622
75 88 496
75 89 766
75 90 220
75 91 610
75 92 338
75 93 757
75 94 648
75 95 794
75 96 471
75 97 192
75 98 286
75 99 345
75 100 733
76 77 166
76 78 442
76 79 343
76 80 549
76 81 773
76 82 264
76 83 226
76 84 239
76 85 805
76 86 80
76 87 318
76 88 674
76 89 631
76 90 326
76 91 568
76 92 696
76 93 1002
76 94 755
76 95 1067
76 96 690
76 97 503
76 98 292
76 99 773
76 100 575
77 78 384
77 79 510
77 80 715
77 81 900
77 82 114
77 83 382
77 84 169
77 85 949
77 86 143
77 87 482
77 88 807
77 89 798
77 90 304
77 91 728
77 92 786
77 93 1131
77 94 903
77 95 1190
77 96 815
77 97 469
77 98 412
77 99 746
77 100 741
78 79 698
78 80 879
78 81 796
78 82 307
78 83 644
78 84 217
78 85 902
78 86 486
78 87 700
78 88 734
78 89 927
78 90 127
78 91 793
78 92 593
78 93 1011
78 94 878
78 95 1049
78 96 716
78 97 99
78 98 420
78 99 365
78 100 883
79 80 205
79 81 603
79 82 605
79 83 160
79 84 547
79 85 571
79 86 386
79 87 54
79 88 499
79 89 293
79 90 571
79 91 280
79 92 646
79 93 806
79 94 510
79 95 882
79 96 539
79 97 721
79 98 315
79 99 946
79 100 234
80 81 578
80 82 809
80 83 351
80 84 745
80 85 495
80 86 589
80 87 238
80 88 488
80 89 106
80 90 754
80 91 213
80 92 699
80 93 740
80 94 433
80 95 821
80 96 538
80 97 889
80 98 468
80 99 1088
80 100 55
81 82 932
81 83 731
81 84 811
81 85 156
81 86 851
81 87 655
81 88 104
81 89 518
81 90 720
81 91 365
81 92 251
81 93 231
81 94 186
81 95 294
81 96 84
81 97 739
81 98 488
81 99 788
81 100 531
82 83 488
82 84 128
82 85 998
82 86 256
82 87 582
82 88 846
82 89 886
82 90 261
82 91 800
82 92 790
82 93 1163
82 94 956
82 95 1216
82 96 848
82 97 402
82 98 454
82 99 673
82 100 831
83 84 459
83 85 718
83 86 244
83 87 113
83 88 627
83 89 448
83 90 519
83 91 436
83 92 731
83 93 946
83 94 659
83 95 1019
83 96 659
83 97 688
83 98 341
83 99 940
83 100 389
84 85 885
84 86 271
84 87 535
84 88 728
84 89 812
84 90 138
84 91 708
84 92 661
84 93 1040
84 94 847
84 95 1092
84 96 726
84 97 299
84 98 344
84 99 576
84 100 760
85 86 878
85 87 625
85 88 169
85 89 415
85 90 812
85 91 297
85 92 401
85 93 244
85 94 63
85 95 325
85 96 201
85 97 857
85 98 543
85 99 933
85 100 442
86 87 351
86 88 751
86 89 678
86 90 380
86 91 630
86 92 777
86 93 1080
86 94 826
86 95 1145
86 96 769
86 97 557
86 98 372
86 99 831
86 100 620
87 88 551
87 89 334
87 90 572
87 91 334
87 92 690
87 93 860
87 94 564
87 95 936
87 96 590
87 97 730
87 98 338
87 99 964
87 100 275
88 89 438
88 90 647
88 91 275
88 92 257
88 93 328
88 94 160
88 95 395
88 96 54
88 97 688
88 98 395
88 99 772
88 100 444
89 90 805
89 91 173
89 92 672
89 93 658
89 94 354
89 95 739
89 96 492
89 97 926
89 98 507
89 99 1103
89 100 58
90 91 678
90 92 545
90 93 944
90 94 781
90 95 989
90 96 637
90 97 177
90 98 302
90 99 450
90 100 759
91 92 500
91 93 540
91 94 234
91 95 619
91 96 326
91 97 780
91 98 376
91 99 940
91 100 169
92 93 428
92 94 412
92 95 457
92 96 207
92 97 521
92 98 409
92 99 537
92 100 665
93 94 307
93 95 80
93 96 316
93 97 946
93 98 719
93 99 950
93 100 687
94 95 388
94 96 205
94 97 839
94 98 503
94 99 932
94 100 380
95 96 376
95 97 978
95 98 780
95 99 960
95 100 768
96 97 664
96 98 404
96 99 732
96 100 496
97 98 421
97 99 276
97 100 886
98 99 631
98 100 466
99 100 1074
