100 4950
1 2 207
1 3 421
1 4 544
1 5 414
1 6 442
1 7 528
1 8 534
1 9 124
1 10 529
1 11 323
1 12 678
1 13 234
1 14 391
1 15 834
1 16 217
1 17 211
1 18 207
1 19 678
1 20 292
1 21 480
1 22 541
1 23 354
1 24 814
1 25 170
1 26 146
1 27 179
1 28 230
1 29 171
1 30 351
1 31 822
1 32 346
1 33 137
1 34 299
1 35 602
1 36 636
1 37 672
1 38 651
1 39 377
1 40 179
1 41 833
1 42 423
1 43 415
1 44 170
1 45 350
1 46 214
1 47 619
1 48 269
1 49 553
1 50 24
1 51 565
1 52 242
1 53 294
1 54 232
1 55 137
1 56 312
1 57 687
1 58 591
1 59 120
1 60 398
1 61 428
1 62 571
1 63 283
1 64 455
1 65 101
1 66 350
1 67 361
1 68 516
1 69 558
1 70 398
1 71 485
1 72 200
1 73 561
1 74 620
1 75 302
1 76 714
1 77 419
1 78 372
1 79 159
1 80 376
1 81 870
1 82 594
1 83 868
1 84 303
1 85 321
1 86 275
1 87 407
1 88 468
1 89 218
1 90 427
1 91 313
1 92 432
1 93 251
1 94 200
1 95 258
1 96 245
1 97 557
1 98 373
1 99 124
1 100 394
2 3 214
2 4 483
2 5 206
2 6 407
2 7 333
2 8 388
2 9 282
2 10 321
2 11 529
2 12 493
2 13 161
2 14 275
2 15 626
2 16 422
2 17 248
2 18 402
2 19 490
2 20 500
2 21 287
2 22 564
2 23 402
2 24 610
2 25 346
2 26 214
2 27 143
2 28 369
2 29 66
2 30 523
2 31 615
2 32 219
2 33 147
2 34 506
2 35 399
2 36 486
2 37 494
2 38 475
2 39 357
2 40 381
2 41 626
2 42 464
2 43 402
2 44 356
2 45 482
2 46 377
2 47 479
2 48 73
2 49 347
2 50 212
2 51 383
2 52 355
2 53 467
2 54 84
2 55 168
2 56 416
2 57 497
2 58 429
2 59 239
2 60 192
2 61 223
2 62 414
2 63 350
2 64 329
2 65 280
2 66 455
2 67 568
2 68 486
2 69 468
2 70 193
2 71 309
2 72 252
2 73 363
2 74 443
2 75 502
2 76 506
2 77 453
2 78 377
2 79 363
2 80 319
2 81 663
2 82 440
2 83 660
2 84 511
2 85 315
2 86 140
2 87 217
2 88 263
2 89 405
2 90 386
2 91 122
2 92 266
2 93 459
2 94 321
2 95 403
2 96 287
2 97 437
2 98 489
2 99 243
2 100 331
3 4 525
3 5 41
3 6 459
3 7 153
3 8 338
3 9 481
3 10 112
3 11 741
3 12 317
3 13 284
3 14 276
3 15 412
3 16 634
3 17 402
3 18 608
3 19 311
3 20 713
3 21 126
3 22 643
3 23 549
3 24 398
3 25 547
3 26 396
3 27 307
3 28 551
3 29 259
3 30 714
3 31 404
3 32 267
3 33 344
3 34 719
3 35 191
3 36 374
3 37 333
3 38 320
3 39 436
3 40 595
3 41 412
3 42 572
3 43 504
3 44 567
3 45 652
3 46 570
3 47 383
3 48 168
3 49 135
3 50 424
3 51 260
3 52 542
3 53 660
3 54 229
3 55 353
3 56 594
3 57 311
3 58 339
3 59 432
3 60 30
3 61 71
3 62 302
3 63 516
3 64 293
3 65 486
3 66 610
3 67 782
3 68 528
3 69 480
3 70 38
3 71 222
3 72 413
3 73 197
3 74 319
3 75 715
3 76 292
3 77 558
3 78 472
3 79 577
3 80 403
3 81 449
3 82 328
3 83 446
3 84 724
3 85 443
3 86 218
3 87 105
3 88 85
3 89 616
3 90 469
3 91 130
3 92 185
3 93 673
3 94 515
3 95 587
3 96 433
3 97 416
3 98 647
3 99 436
3 100 374
4 5 485
4 6 890
4 7 675
4 8 235
4 9 668
4 10 540
4 11 785
4 12 828
4 13 644
4 14 743
4 15 763
4 16 707
4 17 709
4 18 727
4 19 821
4 20 733
4 21 652
4 22 1042
4 23 270
4 24 822
4 25 710
4 26 655
4 27 614
4 28 774
4 29 538
4 30 884
4 31 712
4 32 274
4 33 414
4 34 755
4 35 674
4 36 899
4 37 853
4 38 841
4 39 840
4 40 596
4 41 790
4 42 935
4 43 151
4 44 537
4 45 894
4 46 757
4 47 905
4 48 435
4 49 614
4 50 567
4 51 369
4 52 398
4 53 829
4 54 398
4 55 617
4 56 379
4 57 813
4 58 300
4 59 652
4 60 536
4 61 459
4 62 826
4 63 321
4 64 786
4 65 644
4 66 890
4 67 750
4 68 969
4 69 77
4 70 545
4 71 333
4 72 706
4 73 449
4 74 369
4 75 655
4 76 673
4 77 926
4 78 856
4 79 596
4 80 170
4 81 813
4 82 852
4 83 800
4 84 741
4 85 229
4 86 618
4 87 614
4 88 474
4 89 558
4 90 119
4 91 558
4 92 692
4 93 683
4 94 417
4 95 802
4 96 749
4 97 159
4 98 916
4 99 657
4 100 812
5 6 489
5 7 192
5 8 298
5 9 483
5 10 115
5 11 736
5 12 353
5 13 300
5 14 309
5 15 422
5 16 629
5 17 415
5 18 607
5 19 347
5 20 706
5 21 167
5 22 672
5 23 517
5 24 419
5 25 549
5 26 403
5 27 316
5 28 559
5 29 259
5 30 720
5 31 408
5 32 229
5 33 325
5 34 713
5 35 219
5 36 415
5 37 372
5 38 359
5 39 463
5 40 584
5 41 425
5 42 596
5 43 467
5 44 552
5 45 664
5 46 575
5 47 424
5 48 149
5 49 158
5 50 419
5 51 227
5 52 517
5 53 665
5 54 206
5 55 358
5 56 566
5 57 345
5 58 302
5 59 436
5 60 60
5 61 33
5 62 343
5 63 487
5 64 330
5 65 485
5 66 626
5 67 772
5 68 560
5 69 439
5 70 71
5 71 183
5 72 425
5 73 173
5 74 287
5 75 701
5 76 302
5 77 582
5 78 497
5 79 567
5 80 366
5 81 461
5 82 369
5 83 457
5 84 717
5 85 409
5 86 236
5 87 143
5 88 61
5 89 600
5 90 430
5 91 147
5 92 224
5 93 664
5 94 493
5 95 595
5 96 448
5 97 375
5 98 662
5 99 440
5 100 405
6 7 422
6 8 769
6 9 370
6 10 548
6 11 606
6 12 473
6 13 248
6 14 184
6 15 764
6 16 527
6 17 233
6 18 470
6 19 480
6 20 615
6 21 389
6 22 188
6 23 776
6 24 684
6 25 404
6 26 297
6 27 288
6 28 336
6 29 356
6 30 465
6 31 788
6 32 622
6 33 510
6 34 603
6 35 515
6 36 333
6 37 438
6 38 418
6 39 66
6 40 581
6 41 740
6 42 160
6 43 802
6 44 599
6 45 351
6 46 383
6 47 298
6 48 460
6 49 511
6 50 421
6 51 716
6 52 683
6 53 438
6 54 492
6 55 309
6 56 752
6 57 501
6 58 788
6 59 335
6 60 430
6 61 522
6 62 313
6 63 711
6 64 196
6 65 402
6 66 285
6 67 701
6 68 79
6 69 872
6 70 421
6 71 665
6 72 247
6 73 655
6 74 777
6 75 689
6 76 666
6 77 145
6 78 92
6 79 559
6 80 725
6 81 777
6 82 319
6 83 784
6 84 624
6 85 709
6 86 275
6 87 357
6 88 544
6 89 640
6 90 792
6 91 354
6 92 292
6 93 604
6 94 641
6 95 355
6 96 208
6 97 831
6 98 317
6 99 332
6 100 84
7 8 472
7 9 559
7 10 161
7 11 831
7 12 164
7 13 335
7 14 246
7 15 350
7 16 726
7 17 448
7 18 690
7 19 160
7 20 812
7 21 48
7 22 609
7 23 700
7 24 295
7 25 623
7 26 463
7 27 377
7 28 607
7 29 356
7 30 771
7 31 367
7 32 421
7 33 477
7 34 813
7 35 94
7 36 236
7 37 179
7 38 167
7 39 422
7 40 708
7 41 334
7 42 564
7 43 658
7 44 688
7 45 690
7 46 636
7 47 254
7 48 308
7 49 97
7 50 525
7 51 368
7 52 682
7 53 722
7 54 371
7 55 428
7 56 738
7 57 164
7 58 456
7 59 507
7 60 155
7 61 215
7 62 172
7 63 663
7 64 227
7 65 572
7 66 637
7 67 887
7 68 476
7 69 624
7 70 149
7 71 355
7 72 463
7 73 284
7 74 418
7 75 830
7 76 244
7 77 549
7 78 465
7 79 688
7 80 557
7 81 372
7 82 195
7 83 376
7 84 823
7 85 595
7 86 269
7 87 121
7 88 204
7 89 737
7 90 622
7 91 215
7 92 136
7 93 777
7 94 652
7 95 641
7 96 468
7 97 554
7 98 675
7 99 510
7 100 346
8 9 646
8 10 322
8 11 836
8 12 614
8 13 542
8 14 598
8 15 528
8 16 739
8 17 637
8 18 740
8 19 605
8 20 791
8 21 461
8 22 942
8 23 412
8 24 589
8 25 702
8 26 598
8 27 531
8 28 745
8 29 454
8 30 885
8 31 479
8 32 187
8 33 399
8 34 807
8 35 455
8 36 707
8 37 643
8 38 635
8 39 731
8 40 650
8 41 555
8 42 849
8 43 305
8 44 598
8 45 863
8 46 742
8 47 720
8 48 319
8 49 398
8 50 551
8 51 134
8 52 493
8 53 827
8 54 317
8 55 554
8 56 507
8 57 595
8 58 76
8 59 613
8 60 358
8 61 267
8 62 637
8 63 427
8 64 627
8 65 632
8 66 842
8 67 831
8 68 844
8 69 165
8 70 368
8 71 117
8 72 640
8 73 218
8 74 140
8 75 741
8 76 439
8 77 838
8 78 757
8 79 642
8 80 227
8 81 578
8 82 663
8 83 565
8 84 800
8 85 315
8 86 495
8 87 441
8 88 268
8 89 634
8 90 252
8 91 415
8 92 522
8 93 741
8 94 492
8 95 778
8 96 676
8 97 84
8 98 874
8 99 618
8 100 685
9 10 593
9 11 274
9 12 693
9 13 228
9 14 372
9 15 890
9 16 173
9 17 144
9 18 131
9 19 694
9 20 263
9 21 511
9 22 436
9 23 472
9 24 854
9 25 65
9 26 98
9 27 182
9 28 105
9 29 224
9 30 242
9 31 886
9 32 459
9 33 257
9 34 259
9 35 644
9 36 621
9 37 678
9 38 656
9 39 304
9 40 211
9 41 883
9 42 317
9 43 539
9 44 236
9 45 226
9 46 96
9 47 597
9 48 354
9 49 604
9 50 101
9 51 662
9 52 349
9 53 185
9 54 332
9 55 131
9 56 416
9 57 707
9 58 698
9 59 52
9 60 454
9 61 503
9 62 564
9 63 400
9 64 435
9 65 34
9 66 227
9 67 347
9 68 435
9 69 681
9 70 451
9 71 585
9 72 127
9 73 645
9 74 720
9 75 320
9 76 771
9 77 315
9 78 287
9 79 189
9 80 500
9 81 921
9 82 584
9 83 921
9 84 274
9 85 445
9 86 290
9 87 440
9 88 542
9 89 272
9 90 551
9 91 356
9 92 442
9 93 241
9 94 307
9 95 134
9 96 161
9 97 675
9 98 249
9 99 50
9 100 343
10 11 850
10 12 291
10 13 395
10 14 364
10 15 306
10 16 744
10 17 513
10 18 719
10 19 282
10 20 821
10 21 168
10 22 736
10 23 614
10 24 311
10 25 659
10 26 508
10 27 419
10 28 664
10 29 370
10 30 826
10 31 293
10 32 317
10 33 440
10 34 828
10 35 134
10 36 396
10 37 321
10 38 314
10 39 534
10 40 699
10 41 311
10 42 673
10 43 550
10 44 667
10 45 763
10 46 682
10 47 415
10 48 265
10 49 75
10 50 533
10 51 208
10 52 627
10 53 772
10 54 320
10 55 465
10 56 672
10 57 273
10 58 297
10 59 544
10 60 141
10 61 111
10 62 333
10 63 592
10 64 366
10 65 597
10 66 720
10 67 887
10 68 612
10 69 482
10 70 146
10 71 209
10 72 524
10 73 123
10 74 257
10 75 817
10 76 187
10 77 659
10 78 572
10 79 682
10 80 448
10 81 346
10 82 356
10 83 341
10 84 832
10 85 505
10 86 327
10 87 192
10 88 75
10 89 715
10 90 507
10 91 242
10 92 259
10 93 779
10 94 605
10 95 699
10 96 542
10 97 406
10 98 757
10 99 548
10 100 466
11 12 967
11 13 502
11 14 644
11 15 1153
11 16 106
11 17 409
11 18 144
11 19 969
11 20 55
11 21 783
11 22 604
11 23 529
11 24 1125
11 25 215
11 26 372
11 27 455
11 28 270
11 29 483
11 30 193
11 31 1144
11 32 652
11 33 442
11 34 30
11 35 913
11 36 890
11 37 952
11 38 930
11 39 545
11 40 190
11 41 1150
11 42 498
11 43 636
11 44 248
11 45 299
11 46 224
11 47 864
11 48 593
11 49 869
11 50 317
11 51 883
11 52 390
11 53 182
11 54 553
11 55 403
11 56 430
11 57 981
11 58 900
11 59 326
11 60 716
11 61 751
11 62 836
11 63 466
11 64 705
11 65 259
11 66 355
11 67 110
11 68 655
11 69 822
11 70 714
11 71 802
11 72 391
11 73 884
11 74 936
11 75 166
11 76 1033
11 77 504
11 78 514
11 79 194
11 80 639
11 81 1188
11 82 855
11 83 1186
11 84 51
11 85 559
11 86 563
11 87 711
11 88 792
11 89 231
11 90 668
11 91 623
11 92 717
11 93 103
11 94 367
11 95 254
11 96 412
11 97 842
11 98 345
11 99 324
11 100 600
12 13 464
12 14 335
12 15 319
12 16 864
12 17 566
12 18 823
12 19 11
12 20 953
12 21 206
12 22 646
12 23 865
12 24 217
12 25 753
12 26 594
12 27 514
12 28 724
12 29 507
12 30 884
12 31 363
12 32 583
12 33 639
12 34 951
12 35 160
12 36 169
12 37 46
12 38 58
12 39 495
12 40 858
12 41 285
12 42 631
12 43 821
12 44 843
12 45 790
12 46 759
12 47 205
12 48 473
12 49 215
12 50 672
12 51 494
12 52 845
12 53 840
12 54 535
12 55 565
12 56 902
12 57 33
12 58 584
12 59 640
12 60 320
12 61 373
12 62 160
12 63 828
12 64 287
12 65 710
12 66 731
12 67 1032
12 68 504
12 69 773
12 70 314
12 71 499
12 72 582
12 73 405
12 74 534
12 75 981
12 76 262
12 77 615
12 78 540
12 79 837
12 80 719
12 81 318
12 82 159
12 83 330
12 84 964
12 85 760
12 86 406
12 87 275
12 88 353
12 89 892
12 90 783
12 91 371
12 92 250
12 93 921
12 94 813
12 95 755
12 96 577
12 97 697
12 98 767
12 99 642
12 100 417
13 14 157
13 15 675
13 16 400
13 17 118
13 18 359
13 19 466
13 20 489
13 21 287
13 22 402
13 23 535
13 24 630
13 25 290
13 26 130
13 27 55
13 28 274
13 29 108
13 30 438
13 31 679
13 32 380
13 33 266
13 34 487
13 35 423
13 36 403
13 37 451
13 38 429
13 39 196
13 40 406
13 41 665
13 42 307
13 43 554
13 44 405
13 45 368
13 46 301
13 47 385
13 48 223
13 49 390
13 50 221
13 51 514
13 52 456
13 53 388
13 54 246
13 55 103
13 56 524
13 57 479
13 58 573
13 59 176
13 60 254
13 61 328
13 62 341
13 63 473
13 64 220
13 65 246
13 66 326
13 67 570
13 68 327
13 69 630
13 70 248
13 71 450
13 72 131
13 73 473
13 74 576
13 75 527
13 76 560
13 77 296
13 78 216
13 79 384
13 80 478
13 81 703
13 82 363
13 83 705
13 84 500
13 85 462
13 86 68
13 87 219
13 88 361
13 89 452
13 90 544
13 91 154
13 92 214
13 93 460
13 94 416
13 95 308
13 96 148
13 97 596
13 98 362
13 99 178
13 100 177
14 15 595
14 16 546
14 17 235
14 18 499
14 19 339
14 20 636
14 21 208
14 22 372
14 23 674
14 24 528
14 25 428
14 26 275
14 27 212
14 28 391
14 29 246
14 30 549
14 31 613
14 32 469
14 33 408
14 34 632
14 35 340
14 36 248
14 37 312
14 38 290
14 39 176
14 40 562
14 41 576
14 42 318
14 43 676
14 44 562
14 45 456
14 46 428
14 47 228
14 48 308
14 49 330
14 50 378
14 51 536
14 52 608
14 53 507
14 54 354
14 55 258
14 56 674
14 57 356
14 58 611
14 59 322
14 60 249
14 61 342
14 62 192
14 63 617
14 64 63
14 65 396
14 66 398
14 67 719
14 68 251
14 69 715
14 70 239
14 71 489
14 72 253
14 73 471
14 74 595
14 75 682
14 76 490
14 77 303
14 78 219
14 79 540
14 80 588
14 81 614
14 82 211
14 83 619
14 84 647
14 85 590
14 86 135
14 87 173
14 88 361
14 89 609
14 90 657
14 91 186
14 92 110
14 93 612
14 94 568
14 95 421
14 96 242
14 97 666
14 98 435
14 99 323
14 100 102
15 16 1046
15 17 792
15 18 1018
15 19 309
15 20 1126
15 21 393
15 22 947
15 23 897
15 24 119
15 25 955
15 26 799
15 27 709
15 28 950
15 29 670
15 30 1114
15 31 65
15 32 600
15 33 746
15 34 1132
15 35 255
15 36 488
15 37 365
15 38 377
15 39 770
15 40 1006
15 41 43
15 42 912
15 43 815
15 44 974
15 45 1038
15 46 974
15 47 523
15 48 571
15 49 286
15 50 837
15 51 395
15 52 927
15 53 1063
15 54 626
15 55 759
15 56 967
15 57 285
15 58 465
15 59 839
15 60 437
15 61 415
15 62 465
15 63 885
15 64 567
15 65 897
15 66 987
15 67 1194
15 68 808
15 69 691
15 70 439
15 71 451
15 72 806
15 73 328
15 74 398
15 75 1124
15 76 119
15 77 897
15 78 814
15 79 989
15 80 718
15 81 49
15 82 472
15 83 37
15 84 1137
15 85 788
15 86 607
15 87 455
15 88 375
15 89 1021
15 90 765
15 91 533
15 92 486
15 93 1085
15 94 907
15 95 984
15 96 815
15 97 606
15 98 1024
15 99 842
15 100 693
16 17 314
16 18 59
16 19 866
16 20 90
16 21 678
16 22 552
16 23 464
16 24 1019
16 25 123
16 26 271
16 27 351
16 28 197
16 29 376
16 30 194
16 31 1037
16 32 553
16 33 342
16 34 87
16 35 807
16 36 794
16 37 851
16 38 829
16 39 463
16 40 119
16 41 1043
16 42 438
16 43 561
16 44 177
16 45 265
16 46 149
16 47 770
16 48 487
16 49 762
16 50 210
16 51 780
16 52 324
16 53 154
16 54 448
16 55 299
16 56 376
16 57 878
16 58 801
16 59 224
16 60 609
16 61 645
16 62 738
16 63 395
16 64 608
16 65 154
16 66 306
16 67 175
16 68 583
16 69 737
16 70 607
16 71 700
16 72 297
16 73 778
16 74 834
16 75 172
16 76 927
16 77 442
16 78 437
16 79 112
16 80 553
16 81 1081
16 82 758
16 83 1079
16 84 100
16 85 478
16 86 459
16 87 606
16 88 685
16 89 181
16 90 588
16 91 516
16 92 614
16 93 81
16 94 293
16 95 193
16 96 323
16 97 750
16 98 308
16 99 223
16 100 511
17 18 264
17 19 568
17 20 405
17 21 401
17 22 337
17 23 558
17 24 743
17 25 194
17 26 65
17 27 105
17 28 159
17 29 182
17 30 323
17 31 797
17 32 462
17 33 301
17 34 398
17 35 538
17 36 480
17 37 547
17 38 525
17 39 167
17 40 351
17 41 780
17 42 225
17 43 600
17 44 367
17 45 250
17 46 193
17 47 455
17 48 320
17 49 508
17 50 189
17 51 623
17 52 454
17 53 275
17 54 324
17 55 92
17 56 524
17 57 584
17 58 676
17 59 102
17 60 372
17 61 442
17 62 428
17 63 489
17 64 295
17 65 174
17 66 211
17 67 490
17 68 304
17 69 706
17 70 366
17 71 554
17 72 17
17 73 588
17 74 684
17 75 464
17 76 677
17 77 218
17 78 161
17 79 329
17 80 538
17 81 819
17 82 446
17 83 821
17 84 415
17 85 505
17 86 186
17 87 336
17 88 477
17 89 408
17 90 600
17 91 271
17 92 320
17 93 385
17 94 411
17 95 193
17 96 40
17 97 682
17 98 247
17 99 101
17 100 199
18 19 825
18 20 145
18 21 642
18 22 493
18 23 496
18 24 985
18 25 70
18 26 228
18 27 313
18 28 137
18 29 349
18 30 158
18 31 1013
18 32 553
18 33 341
18 34 134
18 35 774
18 36 745
18 37 807
18 38 786
18 39 406
18 40 163
18 41 1013
18 42 378
18 43 585
18 44 215
18 45 210
18 46 89
18 47 720
18 48 470
18 49 733
18 50 194
18 51 772
18 52 358
18 53 107
18 54 438
18 55 262
18 56 415
18 57 838
18 58 799
18 59 183
18 60 582
18 61 625
18 62 691
18 63 425
18 64 560
18 65 121
18 66 247
18 67 231
18 68 524
18 69 752
18 70 579
18 71 692
18 72 247
18 73 763
18 74 828
18 75 231
18 76 899
18 77 382
18 78 379
18 79 149
18 80 567
18 81 1051
18 82 710
18 83 1050
18 84 154
18 85 497
18 86 421
18 87 571
18 88 665
18 89 229
18 90 608
18 91 485
18 92 573
18 93 141
18 94 323
18 95 133
18 96 269
18 97 758
18 98 251
18 99 181
18 100 458
19 20 954
19 21 203
19 22 654
19 23 860
19 24 208
19 25 755
19 26 596
19 27 514
19 28 727
19 29 506
19 30 888
19 31 352
19 32 577
19 33 636
19 34 953
19 35 150
19 36 179
19 37 56
19 38 68
19 39 501
19 40 858
19 41 275
19 42 637
19 43 815
19 44 842
19 45 794
19 46 761
19 47 214
19 48 469
19 49 207
19 50 672
19 51 485
19 52 842
19 53 844
19 54 532
19 55 566
19 56 898
19 57 23
19 58 575
19 59 642
19 60 316
19 61 366
19 62 167
19 63 824
19 64 292
19 65 711
19 66 735
19 67 1032
19 68 512
19 69 765
19 70 310
19 71 491
19 72 585
19 73 395
19 74 525
19 75 980
19 76 251
19 77 621
19 78 546
19 79 837
19 80 713
19 81 309
19 82 168
19 83 320
19 84 964
19 85 755
19 86 407
19 87 273
19 88 346
19 89 891
19 90 777
19 91 369
19 92 251
19 93 922
19 94 811
19 95 759
19 96 580
19 97 689
19 98 772
19 99 644
19 100 423
20 21 763
20 22 629
20 23 475
20 24 1102
20 25 213
20 26 361
20 27 439
20 28 281
20 29 458
20 30 234
20 31 1114
20 32 609
20 33 402
20 34 26
20 35 890
20 36 884
20 37 940
20 38 918
20 39 552
20 40 141
20 41 1124
20 42 518
20 43 583
20 44 197
20 45 329
20 46 233
20 47 860
20 48 560
20 49 844
20 50 289
20 51 843
20 52 337
20 53 212
20 54 516
20 55 387
20 56 375
20 57 965
20 58 857
20 59 314
20 60 690
20 61 719
20 62 828
20 63 413
20 64 698
20 65 242
20 66 380
20 67 86
20 68 668
20 69 772
20 70 688
20 71 762
20 72 388
20 73 848
20 74 895
20 75 115
20 76 1006
20 77 523
20 78 524
20 79 149
20 80 590
20 81 1162
20 82 848
20 83 1160
20 84 11
20 85 508
20 86 546
20 87 691
20 88 760
20 89 177
20 90 617
20 91 600
20 92 702
20 93 50
20 94 316
20 95 271
20 96 413
20 97 794
20 98 375
20 99 313
20 100 601
21 22 577
21 23 663
21 24 343
21 25 575
21 26 415
21 27 328
21 28 560
21 29 308
21 30 724
21 31 406
21 32 391
21 33 433
21 34 765
21 35 137
21 36 247
21 37 213
21 38 197
21 39 384
21 40 660
21 41 379
21 42 526
21 43 627
21 44 641
21 45 645
21 46 588
21 47 259
21 48 268
21 49 121
21 50 476
21 51 367
21 52 639
21 53 675
21 54 330
21 55 380
21 56 696
21 57 209
21 58 452
21 59 459
21 60 120
21 61 195
21 62 177
21 63 623
21 64 199
21 65 524
21 66 593
21 67 839
21 68 448
21 69 606
21 70 112
21 71 343
21 72 416
21 73 288
21 74 421
21 75 782
21 76 283
21 77 511
21 78 426
21 79 640
21 80 527
21 81 418
21 82 202
21 83 420
21 84 774
21 85 560
21 86 221
21 87 72
21 88 193
21 89 690
21 90 593
21 91 168
21 92 97
21 93 728
21 94 607
21 95 594
21 96 422
21 97 540
21 98 631
21 99 461
21 100 311
22 23 894
22 24 861
22 25 443
22 26 400
22 27 427
22 28 358
22 29 504
22 30 425
22 31 973
22 32 783
22 33 639
22 34 610
22 35 701
22 36 491
22 37 607
22 38 589
22 39 211
22 40 637
22 41 921
22 42 119
22 43 938
22 44 671
22 45 308
22 46 404
22 47 453
22 48 626
22 49 699
22 50 517
22 51 898
22 52 781
22 53 422
22 54 647
22 55 429
22 56 850
22 57 676
22 58 967
22 59 421
22 60 615
22 61 704
22 62 487
22 63 823
22 64 382
22 65 470
22 66 249
22 67 712
22 68 142
22 69 1032
22 70 605
22 71 842
22 72 345
22 73 841
22 74 959
22 75 724
22 76 852
22 77 121
22 78 186
22 79 617
22 80 872
22 81 958
22 82 487
22 83 966
22 84 636
22 85 843
22 86 446
22 87 544
22 88 728
22 89 703
22 90 936
22 91 531
22 92 480
22 93 634
22 94 739
22 95 359
22 96 299
22 97 998
22 98 262
22 99 417
22 100 270
23 24 925
23 25 497
23 26 494
23 27 489
23 28 574
23 29 430
23 30 653
23 31 861
23 32 299
23 33 268
23 34 499
23 35 736
23 36 885
23 37 876
23 38 860
23 39 716
23 40 346
23 41 914
23 42 777
23 43 121
23 44 287
23 45 688
23 46 546
23 47 880
23 48 396
23 49 674
23 50 379
23 51 519
23 52 140
23 53 603
23 54 335
23 55 469
23 56 109
23 57 861
23 58 488
23 59 474
23 60 545
23 61 506
23 62 812
23 63 72
23 64 731
23 65 441
23 66 699
23 67 483
23 68 854
23 69 326
23 70 551
23 71 449
23 72 549
23 73 570
23 74 548
23 75 388
23 76 788
23 77 772
23 78 718
23 79 352
23 80 186
23 81 944
23 82 838
23 83 935
23 84 482
23 85 110
23 86 539
23 87 602
23 88 539
23 89 297
23 90 169
23 91 517
23 92 664
23 93 426
23 94 172
23 95 595
23 96 595
23 97 377
23 98 718
23 99 479
23 100 713
24 25 918
24 26 759
24 27 671
24 28 903
24 29 644
24 30 1066
24 31 180
24 32 626
24 33 743
24 34 1105
24 35 212
24 36 385
24 37 261
24 38 276
24 39 698
24 40 991
24 41 77
24 42 838
24 43 854
24 44 965
24 45 981
24 46 931
24 47 422
24 48 566
24 49 263
24 50 813
24 51 455
24 52 937
24 53 1018
24 54 626
24 55 722
24 56 983
24 57 185
24 58 535
24 59 802
24 60 417
24 61 422
24 62 374
24 63 903
24 64 490
24 65 866
24 66 926
24 67 1175
24 68 720
24 69 754
24 70 417
24 71 494
24 72 758
24 73 373
24 74 471
24 75 1112
24 76 149
24 77 822
24 78 743
24 79 972
24 80 754
24 81 103
24 82 376
24 83 117
24 84 1114
24 85 815
24 86 564
24 87 413
24 88 386
24 89 1014
24 90 808
24 91 502
24 92 425
24 93 1065
24 94 912
24 95 936
24 96 761
24 97 670
24 98 963
24 99 805
24 100 620
25 26 160
25 27 246
25 28 85
25 29 289
25 30 182
25 31 951
25 32 515
25 33 307
25 34 204
25 35 708
25 36 674
25 37 737
25 38 715
25 39 340
25 40 195
25 41 948
25 42 325
25 43 575
25 44 235
25 45 190
25 46 48
25 47 649
25 48 417
25 49 669
25 50 151
25 51 724
25 52 365
25 53 124
25 54 392
25 55 196
25 56 429
25 57 769
25 58 757
25 59 116
25 60 520
25 61 568
25 62 621
25 63 425
25 64 489
25 65 70
25 66 209
25 67 299
25 68 462
25 69 728
25 70 516
25 71 646
25 72 176
25 73 709
25 74 781
25 75 287
25 76 836
25 77 327
25 78 315
25 79 175
25 80 545
25 81 986
25 82 640
25 83 986
25 84 223
25 85 483
25 86 353
25 87 504
25 88 608
25 89 261
25 90 592
25 91 422
25 92 504
25 93 200
25 94 326
25 95 98
25 96 200
25 97 727
25 98 223
25 99 113
25 100 388
26 27 89
26 28 156
26 29 149
26 30 318
26 31 798
26 32 418
26 33 242
26 34 358
26 35 549
26 36 524
26 37 579
26 38 558
26 39 232
26 40 293
26 41 790
26 42 285
26 43 541
26 44 304
26 45 267
26 46 175
26 47 501
26 48 288
26 49 512
26 50 124
26 51 597
26 52 388
26 53 264
26 54 282
26 55 46
26 56 458
26 57 609
26 58 643
26 59 47
26 60 367
26 61 426
26 62 466
26 63 424
26 64 338
26 65 120
26 66 243
26 67 444
26 68 370
26 69 656
26 70 363
26 71 524
26 72 55
26 73 570
26 74 657
26 75 410
26 76 681
26 77 279
26 78 226
26 79 270
26 80 484
26 81 829
26 82 487
26 83 829
26 84 372
26 85 445
26 86 194
26 87 346
26 88 463
26 89 347
26 90 543
26 91 267
26 92 344
26 93 336
26 94 346
26 95 192
26 96 100
26 97 638
26 98 275
26 99 48
26 100 256
27 28 244
27 29 78
27 30 407
27 31 709
27 32 359
27 33 221
27 34 438
27 35 461
27 36 458
27 37 502
27 38 481
27 39 230
27 40 352
27 41 702
27 42 323
27 43 515
27 44 349
27 45 349
27 46 264
27 47 440
27 48 214
27 49 423
27 50 165
27 51 518
27 52 404
27 53 353
27 54 222
27 55 51
27 56 472
27 57 526
27 58 570
27 59 130
27 60 278
27 61 341
27 62 395
27 63 424
27 64 276
27 65 197
27 66 315
27 67 518
27 68 367
27 69 606
27 70 273
27 71 448
27 72 111
27 73 486
27 74 579
27 75 473
27 76 592
27 77 313
27 78 241
27 79 330
27 80 445
27 81 740
27 82 418
27 83 740
27 84 450
27 85 422
27 86 108
27 87 258
27 88 377
27 89 396
27 90 509
27 91 178
27 92 263
27 93 408
27 94 363
27 95 279
27 96 144
27 97 579
27 98 350
27 99 133
27 100 225
28 29 305
28 30 164
28 31 952
28 32 560
28 33 362
28 34 267
28 35 697
28 36 629
28 37 703
28 38 682
28 39 275
28 40 280
28 41 939
28 42 242
28 43 645
28 44 319
28 45 120
28 46 48
28 47 601
28 48 442
28 49 664
28 50 206
28 51 752
28 52 446
28 53 116
28 54 428
28 55 202
28 56 511
28 57 743
28 58 794
28 59 131
28 60 523
28 61 583
28 62 582
28 63 501
28 64 447
28 65 133
28 66 126
28 67 367
28 68 387
28 69 786
28 70 517
28 71 677
28 72 144
28 73 727
28 74 811
28 75 367
28 76 833
28 77 245
28 78 244
28 79 261
28 80 605
28 81 978
28 82 599
28 83 979
28 84 289
28 85 551
28 86 342
28 87 494
28 88 620
28 89 346
28 90 657
28 91 421
28 92 479
28 93 277
28 94 406
28 95 35
28 96 149
28 97 777
28 98 144
28 99 126
28 100 334
29 30 462
29 31 663
29 32 281
29 33 162
29 34 462
29 35 432
29 36 478
29 37 503
29 38 482
29 39 301
29 40 351
29 41 667
29 42 401
29 43 446
29 44 336
29 45 417
29 46 316
29 47 465
29 48 139
29 49 386
29 50 169
29 51 448
29 52 362
29 53 406
29 54 144
29 55 103
29 56 428
29 57 515
29 58 495
29 59 177
29 60 233
29 61 280
29 62 409
29 63 371
29 64 307
29 65 227
29 66 389
29 67 531
29 68 435
29 69 528
29 70 231
29 71 375
29 72 185
29 73 423
29 74 508
29 75 474
29 76 551
29 77 391
29 78 317
29 79 331
29 80 371
29 81 704
29 82 434
29 83 703
29 84 469
29 85 354
29 86 114
29 87 235
29 88 318
29 89 385
29 90 436
29 91 142
29 92 265
29 93 421
29 94 324
29 95 340
29 96 221
29 97 501
29 98 423
29 99 181
29 100 285
30 31 1116
30 32 697
30 33 489
30 34 209
30 35 861
30 36 780
30 37 861
30 38 839
30 39 412
30 40 313
30 41 1103
30 42 330
30 43 743
30 44 370
30 45 119
30 46 146
30 47 749
30 48 596
30 49 828
30 50 333
30 51 904
30 52 515
30 53 57
30 54 574
30 55 362
30 56 570
30 57 904
30 58 939
30 59 285
30 60 685
30 61 742
30 62 738
30 63 583
30 64 603
30 65 252
30 66 184
30 67 304
30 68 498
30 69 906
30 70 681
30 71 827
30 72 308
30 73 885
30 74 962
30 75 347
30 76 998
30 77 340
30 78 373
30 79 303
30 80 722
30 81 1142
30 82 752
30 83 1143
30 84 237
30 85 655
30 86 506
30 87 658
30 88 780
30 89 376
30 90 765
30 91 585
30 92 642
30 93 261
30 94 481
30 95 130
30 96 307
30 97 909
30 98 163
30 99 280
30 100 481
31 32 566
31 33 726
31 34 1121
31 35 273
31 36 530
31 37 409
31 38 419
31 39 789
31 40 990
31 41 108
31 42 931
31 43 772
31 44 954
31 45 1046
31 46 973
31 47 563
31 48 555
31 49 289
31 50 827
31 51 349
31 52 899
31 53 1063
31 54 606
31 55 756
31 56 935
31 57 329
31 58 413
31 59 836
31 60 431
31 61 396
31 62 499
31 63 852
31 64 591
31 65 891
31 66 997
31 67 1179
31 68 837
31 69 638
31 70 435
31 71 411
31 72 810
31 73 291
31 74 344
31 75 1105
31 76 122
31 77 916
31 78 831
31 79 974
31 80 678
31 81 110
31 82 509
31 83 93
31 84 1125
31 85 752
31 86 610
31 87 462
31 88 355
31 89 1001
31 90 722
31 91 531
31 92 502
31 93 1072
31 94 881
31 95 987
31 96 823
31 97 554
31 98 1035
31 99 840
31 100 714
32 33 211
32 34 624
32 35 443
32 36 633
32 37 601
32 38 587
32 39 575
32 40 470
32 41 615
32 42 682
32 43 237
32 44 421
32 45 679
32 46 555
32 47 636
32 48 162
32 49 380
32 50 364
32 51 242
32 52 337
32 53 640
32 54 137
32 55 374
32 56 369
32 57 574
32 58 248
32 59 429
32 60 271
32 61 212
32 62 559
32 63 286
32 64 512
32 65 445
32 66 661
32 67 655
32 68 700
32 69 250
32 70 280
32 71 163
32 72 463
32 73 275
32 74 287
32 75 569
32 76 488
32 77 672
32 78 596
32 79 460
32 80 136
32 81 646
32 82 586
32 83 637
32 84 619
32 85 189
32 86 347
32 87 345
32 88 242
32 89 461
32 90 201
32 91 284
32 92 421
32 93 560
32 94 326
32 95 592
32 96 502
32 97 220
32 98 692
32 99 434
32 100 542
33 34 415
33 35 535
33 36 632
33 37 642
33 38 623
33 39 450
33 40 268
33 41 751
33 42 526
33 43 299
33 44 228
33 45 483
33 46 351
33 47 623
33 48 176
33 49 479
33 50 157
33 51 440
33 52 207
33 53 431
33 54 120
33 55 209
33 56 269
33 57 641
33 58 459
33 59 237
33 60 328
33 61 330
33 62 560
33 63 208
33 64 467
33 65 238
33 66 475
33 67 457
33 68 588
33 69 423
33 70 331
33 71 360
33 72 296
33 73 449
33 74 493
33 75 379
33 76 627
33 77 520
33 78 457
33 79 255
33 80 244
33 81 786
33 82 586
33 83 781
33 84 413
33 85 203
33 86 274
33 87 364
33 88 371
33 89 275
33 90 301
33 91 270
33 92 413
33 93 355
33 94 174
33 95 392
33 96 341
33 97 419
33 98 502
33 99 243
33 100 444
34 35 893
34 36 879
34 37 938
34 38 916
34 39 540
34 40 160
34 41 1129
34 42 501
34 43 605
34 44 218
34 45 308
34 46 219
34 47 854
34 48 569
34 49 848
34 50 295
34 51 856
34 52 360
34 53 190
34 54 527
34 55 386
34 56 400
34 57 965
34 58 872
34 59 311
34 60 695
34 61 727
34 62 824
34 63 435
34 64 693
34 65 241
34 66 360
34 67 101
34 68 654
34 69 792
34 70 693
34 71 775
34 72 381
34 73 859
34 74 908
34 75 141
34 76 1012
34 77 506
34 78 511
34 79 165
34 80 609
34 81 1167
34 82 843
34 83 1165
34 84 27
34 85 529
34 86 546
34 87 693
34 88 768
34 89 201
34 90 638
34 91 603
34 92 701
34 93 72
34 94 337
34 95 254
34 96 404
34 97 812
34 98 354
34 99 310
34 100 593
35 36 290
35 37 195
35 38 192
35 39 516
35 40 780
35 41 241
35 42 659
35 43 679
35 44 755
35 45 783
35 46 724
35 47 317
35 48 359
35 49 62
35 50 601
35 51 334
35 52 734
35 53 811
35 54 421
35 55 512
35 56 785
35 57 140
35 58 424
35 59 592
35 60 207
35 61 230
35 62 241
35 63 706
35 64 319
35 65 654
35 66 731
35 67 963
35 68 566
35 69 616
35 70 205
35 71 343
35 72 553
35 73 245
35 74 375
35 75 901
35 76 151
35 77 643
35 78 559
35 79 760
35 80 577
35 81 280
35 82 258
35 83 282
35 84 901
35 85 627
35 86 356
35 87 203
35 88 203
35 89 804
35 90 638
35 91 290
35 92 230
35 93 853
35 94 707
35 95 731
35 96 560
35 97 539
35 98 768
35 99 595
35 100 441
36 37 124
36 38 111
36 39 371
36 40 810
36 41 454
36 42 494
36 43 864
36 44 807
36 45 675
36 46 670
36 47 38
36 48 492
36 49 326
36 50 624
36 51 605
36 52 838
36 53 743
36 54 550
36 55 506
36 56 902
36 57 202
36 58 693
36 59 571
36 60 363
36 61 443
36 62 74
36 63 836
36 64 186
36 65 645
36 66 611
36 67 968
36 68 349
36 69 854
36 70 354
36 71 589
36 72 498
36 73 519
36 74 654
36 75 931
36 76 422
36 77 478
36 78 414
36 79 788
36 80 766
36 81 487
36 82 47
36 83 499
36 84 895
36 85 789
36 86 364
36 87 288
36 88 439
36 89 855
36 90 834
36 91 368
36 92 221
36 93 860
36 94 802
36 95 657
36 96 480
36 97 787
36 98 645
36 99 572
36 100 298
37 38 21
37 39 465
37 40 851
37 41 330
37 42 598
37 43 838
37 44 839
37 45 764
37 46 740
37 47 161
37 48 481
37 49 246
37 50 664
37 51 528
37 52 849
37 53 819
37 54 543
37 55 553
37 56 908
37 57 79
37 58 618
37 59 626
37 60 332
37 61 394
37 62 126
37 63 836
37 64 259
37 65 698
37 66 703
37 67 1020
37 68 465
37 69 800
37 70 326
37 71 528
37 72 564
37 73 439
37 74 571
37 75 973
37 76 307
37 77 582
37 78 509
37 79 829
37 80 737
37 81 363
37 82 120
37 83 374
37 84 951
37 85 773
37 86 397
37 87 278
37 88 379
37 89 888
37 90 802
37 91 372
37 92 239
37 93 911
37 94 816
37 95 734
37 96 555
37 97 726
37 98 739
37 99 628
37 100 388
38 39 443
38 40 830
38 41 344
38 42 577
38 43 824
38 44 818
38 45 742
38 46 718
38 47 146
38 48 464
38 49 239
38 50 643
38 51 522
38 52 830
38 53 797
38 54 526
38 55 532
38 56 890
38 57 91
38 58 612
38 59 605
38 60 317
38 61 382
38 62 105
38 63 818
38 64 238
38 65 676
38 66 681
38 67 999
38 68 447
38 69 790
38 70 310
38 71 518
38 72 542
38 73 434
38 74 566
38 75 952
38 76 313
38 77 561
38 78 488
38 79 808
38 80 723
38 81 377
38 82 101
38 83 388
38 84 929
38 85 757
38 86 376
38 87 259
38 88 369
38 89 867
38 90 789
38 91 353
38 92 218
38 93 889
38 94 797
38 95 712
38 96 533
38 97 718
38 98 717
38 99 606
38 100 366
39 40 515
39 41 750
39 42 142
39 43 745
39 44 533
39 45 304
39 46 321
39 47 338
39 48 416
39 49 505
39 50 356
39 51 688
39 52 619
39 53 381
39 54 442
39 55 247
39 56 688
39 57 520
39 58 755
39 59 269
39 60 406
39 61 495
39 62 338
39 63 649
39 64 208
39 65 336
39 66 240
39 67 638
39 68 139
39 69 825
39 70 397
39 71 631
39 72 181
39 73 633
39 74 749
39 75 623
39 76 666
39 77 127
39 78 44
39 79 493
39 80 673
39 81 788
39 82 348
39 83 793
39 84 561
39 85 652
39 86 235
39 87 341
39 88 520
39 89 574
39 90 738
39 91 320
39 92 286
39 93 540
39 94 576
39 95 296
39 96 142
39 97 789
39 98 275
39 99 266
39 100 78
40 41 1007
40 42 519
40 43 448
40 44 59
40 45 371
40 46 237
40 47 790
40 48 435
40 49 729
40 50 187
40 51 707
40 52 206
40 53 268
40 54 386
40 55 303
40 56 256
40 57 867
40 58 717
40 59 249
40 60 574
40 61 593
40 62 747
40 63 279
40 64 626
40 65 178
40 66 402
40 67 189
40 68 646
40 69 632
40 70 574
40 71 626
40 72 335
40 73 717
40 74 757
40 75 122
40 76 886
40 77 520
40 78 498
40 79 22
40 80 449
40 81 1044
40 82 770
40 83 1041
40 84 150
40 85 369
40 86 453
40 87 587
40 88 634
40 89 66
40 90 479
40 91 492
40 92 611
40 93 90
40 94 179
40 95 288
40 96 372
40 97 653
40 98 411
40 99 250
40 100 549
41 42 891
41 43 835
41 44 978
41 45 1024
41 46 965
41 47 490
41 48 575
41 49 280
41 50 835
41 51 421
41 52 937
41 53 1053
41 54 632
41 55 752
41 56 980
41 57 252
41 58 495
41 59 832
41 60 434
41 61 422
41 62 436
41 63 898
41 64 544
41 65 892
41 66 971
41 67 1194
41 68 781
41 69 719
41 70 436
41 71 471
41 72 795
41 73 348
41 74 429
41 75 1127
41 76 126
41 77 875
41 78 794
41 79 990
41 80 737
41 81 38
41 82 441
41 83 44
41 84 1136
41 85 804
41 86 597
41 87 445
41 88 383
41 89 1025
41 90 787
41 91 527
41 92 468
41 93 1085
41 94 916
41 95 973
41 96 801
41 97 634
41 98 1008
41 99 835
41 100 672
42 43 825
42 44 552
42 45 211
42 46 289
42 47 458
42 48 531
42 49 646
42 50 399
42 51 818
42 52 663
42 53 317
42 54 545
42 55 318
42 56 731
42 57 658
42 58 881
42 59 303
42 60 542
42 61 627
42 62 472
42 63 706
42 64 347
42 65 351
42 66 146
42 67 602
42 68 170
42 69 929
42 70 534
42 71 757
42 72 230
42 73 769
42 74 880
42 75 609
42 76 809
42 77 15
42 78 100
42 79 498
42 80 764
42 81 929
42 82 478
42 83 935
42 84 525
42 85 730
42 86 361
42 87 481
42 88 655
42 89 584
42 90 826
42 91 450
42 92 429
42 93 519
42 94 620
42 95 246
42 96 185
42 97 901
42 98 169
42 99 299
42 100 218
43 44 388
43 45 763
43 46 623
43 47 863
43 48 374
43 49 617
43 50 440
43 51 424
43 52 247
43 53 690
43 54 321
43 55 508
43 56 229
43 57 812
43 58 381
43 59 531
43 60 506
43 61 450
43 62 789
43 63 170
43 64 726
43 65 512
43 66 765
43 67 599
43 68 881
43 69 205
43 70 514
43 71 364
43 72 595
43 73 487
43 74 445
43 75 503
43 76 711
43 77 819
43 78 755
43 79 449
43 80 102
43 81 863
43 82 816
43 83 852
43 84 591
43 85 95
43 86 543
43 87 575
43 88 477
43 89 407
43 90 53
43 91 501
43 92 646
43 93 533
43 94 269
43 95 670
43 96 640
43 97 260
43 98 789
43 99 536
43 100 730
44 45 419
44 46 281
44 47 790
44 48 402
44 49 702
44 50 185
44 51 661
44 52 146
44 53 322
44 54 348
44 55 305
44 56 200
44 57 850
44 58 666
44 59 264
44 60 548
44 61 559
44 62 741
44 63 219
44 64 626
44 65 202
44 66 445
44 67 234
44 68 668
44 69 574
44 70 549
44 71 580
44 72 352
44 73 676
44 74 709
44 75 151
44 76 854
44 77 551
44 78 521
44 79 66
44 80 392
44 81 1013
44 82 765
44 83 1009
44 84 206
44 85 311
44 86 444
44 87 569
44 88 599
44 89 49
44 90 419
44 91 473
44 92 600
44 93 147
44 94 119
44 95 332
44 96 393
44 97 597
44 98 457
44 99 267
44 100 560
45 46 141
45 47 642
45 48 556
45 49 756
45 50 327
45 51 865
45 52 555
45 53 117
45 54 546
45 55 314
45 56 617
45 57 812
45 58 910
45 59 250
45 60 622
45 61 690
45 62 638
45 63 615
45 64 504
45 65 250
45 66 66
45 67 408
45 68 380
45 69 906
45 70 616
45 71 792
45 72 239
45 73 835
45 74 925
45 75 434
45 76 925
45 77 222
45 78 262
45 79 356
45 80 726
45 81 1062
45 82 651
45 83 1065
45 84 335
45 85 670
45 86 436
45 87 584
45 88 726
45 89 438
45 90 777
45 91 521
45 92 556
45 93 343
45 94 517
45 95 92
45 96 223
45 97 898
45 98 46
45 99 245
45 100 377
46 47 642
46 48 449
46 49 687
46 50 193
46 51 758
46 52 414
46 53 90
46 54 429
46 55 217
46 56 477
46 57 776
46 58 795
46 59 138
46 60 542
46 61 596
46 62 620
46 63 473
46 64 486
46 65 113
46 66 164
46 67 319
46 68 435
46 69 773
46 70 537
46 71 681
46 72 176
46 73 739
46 74 816
46 75 320
46 76 856
46 77 292
46 78 291
46 79 219
46 80 590
46 81 1003
46 82 638
46 83 1004
46 84 241
46 85 530
46 86 367
46 87 520
46 88 635
46 89 304
46 90 639
46 91 442
46 92 511
46 93 230
46 94 375
46 95 51
46 96 189
46 97 770
46 98 176
46 99 134
46 100 377
47 48 490
47 49 348
47 50 606
47 51 622
47 52 827
47 53 714
47 54 546
47 55 487
47 56 892
47 57 238
47 58 709
47 59 548
47 60 369
47 61 454
47 62 82
47 63 829
47 64 164
47 65 622
47 66 578
47 67 944
47 68 312
47 69 863
47 70 359
47 71 602
47 72 473
47 73 538
47 74 673
47 75 910
47 76 453
47 77 443
47 78 380
47 79 768
47 80 767
47 81 523
47 82 59
47 83 534
47 84 870
47 85 786
47 86 351
47 87 291
47 88 452
47 89 837
47 90 836
47 91 364
47 92 217
47 93 838
47 94 790
47 95 627
47 96 453
47 97 798
47 98 612
47 99 548
47 100 268
48 49 303
48 50 277
48 51 309
48 52 375
48 53 539
48 54 62
48 55 242
48 56 429
48 57 472
48 58 356
48 59 312
48 60 155
48 61 159
48 62 418
48 63 355
48 64 354
48 65 350
48 66 528
48 67 624
48 68 539
48 69 411
48 70 159
48 71 235
48 72 324
48 73 292
48 74 369
48 75 552
48 76 452
48 77 519
48 78 440
48 79 418
48 80 281
48 81 611
48 82 445
48 83 607
48 84 571
48 85 297
48 86 185
48 87 206
48 88 199
48 89 450
48 90 350
48 91 127
48 92 272
48 93 517
48 94 347
48 95 477
48 96 358
48 97 372
48 98 562
48 99 317
48 100 380
49 50 554
49 51 282
49 52 675
49 53 777
49 54 363
49 55 472
49 56 725
49 57 199
49 58 372
49 59 553
49 60 154
49 61 168
49 62 267
49 63 646
49 64 320
49 65 612
49 66 707
49 67 915
49 68 569
49 69 557
49 70 155
49 71 283
49 72 521
49 73 194
49 74 328
49 75 849
49 76 169
49 77 631
49 78 546
49 79 711
49 80 515
49 81 318
49 82 288
49 83 317
49 84 855
49 85 565
49 86 322
49 87 172
49 88 141
49 89 751
49 90 576
49 91 247
49 92 219
49 93 805
49 94 650
49 95 699
49 96 533
49 97 481
49 98 745
49 99 556
49 100 432
50 51 578
50 52 265
50 53 275
50 54 244
50 55 120
50 56 335
50 57 682
50 58 607
50 59 95
50 60 400
50 61 434
50 62 560
50 63 307
50 64 442
50 65 80
50 66 325
50 67 362
50 68 494
50 69 580
50 70 399
50 71 499
50 72 177
50 73 570
50 74 634
50 75 309
50 76 717
50 77 395
50 78 350
50 79 165
50 80 399
50 81 872
50 82 583
50 83 870
50 84 300
50 85 345
50 86 266
50 87 404
50 88 475
50 89 231
50 90 450
50 91 311
50 92 424
50 93 252
50 94 223
50 95 235
50 96 222
50 97 577
50 98 350
50 99 100
50 100 376
51 52 577
51 53 847
51 54 333
51 55 551
51 56 603
51 57 473
51 58 89
51 59 621
51 60 286
51 61 194
51 62 540
51 63 521
51 64 552
51 65 655
51 66 834
51 67 895
51 68 787
51 69 299
51 70 296
51 71 81
51 72 630
51 73 89
51 74 61
51 75 810
51 76 305
51 77 805
51 78 721
51 79 695
51 80 333
51 81 445
51 82 563
51 83 432
51 84 854
51 85 414
51 86 457
51 87 365
51 88 176
51 89 703
51 90 373
51 91 368
51 92 444
51 93 796
51 94 568
51 95 787
51 96 659
51 97 215
51 98 869
51 99 626
51 100 632
52 53 465
52 54 313
52 55 373
52 56 69
52 57 846
52 58 566
52 59 360
52 60 530
52 61 515
52 62 767
52 63 76
52 64 669
52 65 316
52 66 572
52 67 353
52 68 758
52 69 442
52 70 534
52 71 499
52 72 442
52 73 610
52 74 617
52 75 258
52 76 811
52 77 660
52 78 615
52 79 212
52 80 271
52 81 971
52 82 793
52 83 964
52 84 344
52 85 183
52 86 476
52 87 571
52 88 553
52 89 160
52 90 284
52 91 477
52 92 620
52 93 287
52 94 42
52 95 464
52 96 488
52 97 477
52 98 589
52 99 364
52 100 629
53 54 516
53 55 307
53 56 523
53 57 859
53 58 882
53 59 229
53 60 632
53 61 687
53 62 697
53 63 531
53 64 562
53 65 195
53 66 172
53 67 291
53 68 479
53 69 850
53 70 627
53 71 770
53 72 260
53 73 829
53 74 905
53 75 319
53 76 946
53 77 325
53 78 345
53 79 256
53 80 665
53 81 1092
53 82 713
53 83 1093
53 84 217
53 85 600
53 86 455
53 87 608
53 88 725
53 89 333
53 90 710
53 91 532
53 92 596
53 93 229
53 94 430
53 95 86
53 96 264
53 97 851
53 98 163
53 99 225
53 100 446
54 55 237
54 56 367
54 57 534
54 58 366
54 59 296
54 60 217
54 61 210
54 62 476
54 63 292
54 64 405
54 65 322
54 66 525
54 67 575
54 68 571
54 69 385
54 70 221
54 71 254
54 72 325
54 73 332
54 74 389
54 75 499
54 76 507
54 77 535
54 78 460
54 79 371
54 80 235
54 81 667
54 82 503
54 83 662
54 84 527
54 85 239
54 86 222
54 87 267
54 88 250
54 89 395
54 90 303
54 91 182
54 92 330
54 93 471
54 94 286
54 95 462
54 96 364
54 97 358
54 98 557
54 99 301
54 100 415
55 56 443
55 57 578
55 58 597
55 59 80
55 60 325
55 61 381
55 62 445
55 63 402
55 64 322
55 65 145
55 66 288
55 67 467
55 68 386
55 69 615
55 70 321
55 71 478
55 72 89
55 73 525
55 74 611
55 75 424
55 76 640
55 77 311
55 78 249
55 79 281
55 80 446
55 81 790
55 82 467
55 83 790
55 84 398
55 85 413
55 86 159
55 87 309
55 88 418
55 89 351
55 90 507
55 91 225
55 92 315
55 93 357
55 94 331
55 95 237
55 96 132
55 97 595
55 98 321
55 99 83
55 100 257
56 57 901
56 58 582
56 59 430
56 60 584
56 61 561
56 62 830
56 63 82
56 64 735
56 65 383
56 66 637
56 67 377
56 68 827
56 69 433
56 70 588
56 71 529
56 72 512
56 73 645
56 74 638
56 75 281
56 76 853
56 77 728
56 78 685
56 79 266
56 80 279
56 81 1012
56 82 856
56 83 1004
56 84 381
56 85 192
56 86 542
56 87 630
56 88 598
56 89 199
56 90 275
56 91 538
56 92 682
56 93 328
56 94 112
56 95 528
56 96 557
56 97 480
56 98 652
56 99 433
56 100 698
57 58 562
57 59 655
57 60 317
57 61 362
57 62 189
57 63 826
57 64 312
57 65 724
57 66 754
57 67 1043
57 68 534
57 69 756
57 70 312
57 71 483
57 72 600
57 73 383
57 74 511
57 75 990
57 76 230
57 77 642
57 78 565
57 79 846
57 80 710
57 81 286
57 82 190
57 83 296
57 84 976
57 85 754
57 86 419
57 87 281
57 88 340
57 89 899
57 90 773
57 91 376
57 92 265
57 93 933
57 94 816
57 95 775
57 96 597
57 97 679
57 98 790
57 99 657
57 100 442
58 59 662
58 60 363
58 61 269
58 62 627
58 63 502
58 64 632
58 65 687
58 66 884
58 67 901
58 68 861
58 69 225
58 70 373
58 71 124
58 72 681
58 73 179
58 74 68
58 75 812
58 76 386
58 77 868
58 78 785
58 79 708
58 80 303
58 81 515
58 82 650
58 83 501
58 84 867
58 85 390
58 86 521
58 87 445
58 88 259
58 89 704
58 90 328
58 91 435
58 92 525
58 93 807
58 94 564
58 95 828
58 96 714
58 97 141
58 98 918
58 99 667
58 100 704
59 60 404
59 61 457
59 62 513
59 63 403
59 64 385
59 65 73
59 66 237
59 67 397
59 68 404
59 69 659
59 70 400
59 71 546
59 72 87
59 73 600
59 74 680
59 75 364
59 76 721
59 77 299
59 78 258
59 79 226
59 80 482
59 81 870
59 82 534
59 83 870
59 84 325
59 85 435
59 86 237
59 87 388
59 88 496
59 89 305
59 90 538
59 91 306
59 92 390
59 93 289
59 94 318
59 95 165
59 96 129
59 97 647
59 98 266
59 99 5
59 100 300
60 61 93
60 62 290
60 63 508
60 64 270
60 65 460
60 66 580
60 67 760
60 68 501
60 69 494
60 70 10
60 71 244
60 72 384
60 73 226
60 74 346
60 75 695
60 76 317
60 77 528
60 78 442
60 79 556
60 80 406
60 81 472
60 82 316
60 83 470
60 84 701
60 85 440
60 86 188
60 87 83
60 88 113
60 89 597
60 90 473
60 91 101
60 92 164
60 93 650
60 94 501
60 95 558
60 96 403
60 97 433
60 98 617
60 99 408
60 100 346
61 62 372
61 63 481
61 64 363
61 65 504
61 66 653
61 67 782
61 68 594
61 69 410
61 70 104
61 71 151
61 72 451
61 73 145
61 74 255
61 75 709
61 76 297
61 77 614
61 78 528
61 79 577
61 80 348
61 81 456
61 82 398
61 83 451
61 84 730
61 85 397
61 86 266
61 87 176
61 88 40
61 89 606
61 90 410
61 91 176
61 92 257
61 93 676
61 94 493
61 95 618
61 96 476
61 97 344
61 98 689
61 99 462
61 100 437
62 63 764
62 64 135
62 65 586
62 66 577
62 67 910
62 68 346
62 69 782
62 70 280
62 71 520
62 72 445
62 73 456
62 74 591
62 75 869
62 76 384
62 77 456
62 78 383
62 79 725
62 80 692
62 81 472
62 82 27
62 83 481
62 84 838
62 85 715
62 86 296
62 87 214
62 88 370
62 89 789
62 90 760
62 91 294
62 92 147
62 93 801
62 94 731
62 95 611
62 96 433
62 97 717
62 98 613
62 99 514
62 100 261
63 64 675
63 65 369
63 66 626
63 67 429
63 68 788
63 69 367
63 70 513
63 71 446
63 72 480
63 73 562
63 74 557
63 75 334
63 76 771
63 77 702
63 78 650
63 79 283
63 80 201
63 81 930
63 82 790
63 83 922
63 84 420
63 85 112
63 86 482
63 87 559
63 88 517
63 89 236
63 90 208
63 91 469
63 92 616
63 93 363
63 94 102
63 95 523
63 96 525
63 97 406
63 98 646
63 99 408
63 100 650
64 65 459
64 66 443
64 67 782
64 68 249
64 69 753
64 70 259
64 71 514
64 72 313
64 73 481
64 74 610
64 75 746
64 76 470
64 77 331
64 78 253
64 79 604
64 80 636
64 81 582
64 82 151
64 83 588
64 84 709
64 85 643
64 86 193
64 87 187
64 88 376
64 89 673
64 90 704
64 91 227
64 92 108
64 93 674
64 94 630
64 95 476
64 96 298
64 97 699
64 98 480
64 99 386
64 100 130
65 66 257
65 67 323
65 68 468
65 69 660
65 70 457
65 71 577
65 72 157
65 73 643
65 74 712
65 75 290
65 76 778
65 77 350
65 78 320
65 79 156
65 80 477
65 81 930
65 82 607
65 83 929
65 84 253
65 85 419
65 86 305
65 87 452
65 88 543
65 89 238
65 90 526
65 91 365
65 92 460
65 93 215
65 94 275
65 95 158
65 96 194
65 97 657
65 98 277
65 99 74
65 100 372
66 67 462
66 68 314
66 69 897
66 70 573
66 71 764
66 72 204
66 73 798
66 74 895
66 75 478
66 76 876
66 77 156
66 78 197
66 79 384
66 80 720
66 81 1009
66 82 588
66 83 1013
66 84 386
66 85 670
66 86 392
66 87 535
66 88 687
66 89 469
66 90 775
66 91 480
66 92 502
66 93 387
66 94 532
66 95 114
66 96 177
66 97 882
66 98 37
66 99 232
66 100 315
67 68 754
67 69 796
67 70 759
67 71 814
67 72 472
67 73 906
67 74 943
67 75 95
67 76 1074
67 77 608
67 78 610
67 79 205
67 80 620
67 81 1231
67 82 931
67 83 1228
67 84 77
67 85 534
67 86 625
67 87 766
67 88 823
67 89 197
67 90 638
67 91 673
67 92 782
67 93 110
67 94 342
67 95 356
67 96 499
67 97 826
67 98 454
67 99 396
67 100 687
68 69 950
68 70 491
68 71 738
68 72 317
68 73 723
68 74 847
68 75 749
68 76 716
68 77 158
68 78 148
68 79 624
68 80 805
68 81 817
68 82 345
68 83 826
68 84 677
68 85 788
68 86 353
68 87 424
68 88 613
68 89 707
68 90 871
68 91 429
68 92 353
68 93 662
68 94 715
68 95 400
68 96 275
68 97 908
68 98 339
68 99 401
68 100 159
69 70 504
69 71 273
69 72 705
69 73 383
69 74 294
69 75 701
69 76 605
69 77 920
69 78 845
69 79 629
69 80 184
69 81 740
69 82 808
69 83 727
69 84 780
69 85 263
69 86 597
69 87 575
69 88 421
69 89 600
69 90 159
69 91 529
69 92 655
69 93 721
69 94 456
69 95 816
69 96 746
69 97 84
69 98 925
69 99 664
69 100 791
70 71 254
70 72 378
70 73 235
70 74 356
70 75 695
70 76 320
70 77 520
70 78 433
70 79 556
70 80 414
70 81 473
70 82 307
70 83 472
70 84 699
70 85 447
70 86 181
70 87 72
70 88 123
70 89 598
70 90 481
70 91 95
70 92 154
70 93 649
70 94 505
70 95 552
70 96 396
70 97 443
70 98 610
70 99 404
70 100 336
71 72 559
71 73 123
71 74 135
71 75 730
71 76 348
71 77 744
71 78 661
71 79 614
71 80 267
71 81 499
71 82 545
71 83 488
71 84 773
71 85 341
71 86 396
71 87 327
71 88 151
71 89 622
71 90 315
71 91 311
71 92 408
71 93 715
71 94 489
71 95 712
71 96 591
71 97 199
71 98 798
71 99 551
71 100 580
72 73 596
72 74 691
72 75 447
72 76 691
72 77 224
72 78 172
72 79 312
72 80 535
72 81 833
72 82 464
72 83 835
72 84 398
72 85 499
72 86 199
72 87 350
72 88 486
72 89 393
72 90 596
72 91 282
72 92 336
72 93 368
72 94 400
72 95 178
72 96 45
72 97 684
72 98 239
72 99 85
72 100 216
73 74 134
73 75 827
73 76 226
73 77 755
73 78 669
73 79 703
73 80 389
73 81 376
73 82 479
73 83 365
73 84 859
73 85 461
73 86 410
73 87 298
73 88 113
73 89 721
73 90 438
73 91 320
73 92 373
73 93 803
73 94 595
73 95 763
73 96 621
73 97 301
73 98 835
73 99 605
73 100 571
74 75 857
74 76 323
74 77 867
74 78 782
74 79 746
74 80 362
74 81 448
74 82 614
74 83 433
74 84 905
74 85 446
74 86 518
74 87 424
74 88 234
74 89 749
74 90 392
74 91 430
74 92 502
74 93 846
74 94 612
74 95 846
74 96 721
74 97 209
74 98 930
74 99 685
74 100 692
75 76 1004
75 77 612
75 78 601
75 79 143
75 80 527
75 81 1163
75 82 891
75 83 1159
75 84 115
75 85 440
75 86 576
75 87 709
75 88 750
75 89 107
75 90 543
75 91 614
75 92 734
75 93 91
75 94 249
75 95 365
75 96 481
75 97 733
75 98 479
75 99 364
75 100 663
76 77 793
76 78 709
76 79 869
76 80 612
76 81 159
76 82 397
76 83 154
76 84 1017
76 85 678
76 86 491
76 87 341
76 88 257
76 89 902
76 90 664
76 91 415
76 92 380
76 93 965
76 94 790
76 95 868
76 96 702
76 97 521
76 98 913
76 99 724
76 100 591
77 78 86
77 79 499
77 80 756
77 81 913
77 82 463
77 83 919
77 84 531
77 85 723
77 86 348
77 87 466
77 88 641
77 89 584
77 90 818
77 91 437
77 92 413
77 93 523
77 94 617
77 95 252
77 96 178
77 97 891
77 98 181
77 99 295
77 100 203
78 79 476
78 80 687
78 81 832
78 82 393
78 83 837
78 84 533
78 85 661
78 86 264
78 87 380
78 88 555
78 89 559
78 90 751
78 91 352
78 92 329
78 93 516
78 94 573
78 95 262
78 96 128
78 97 812
78 98 231
78 99 254
78 100 122
79 80 446
79 81 1026
79 82 748
79 83 1023
79 84 159
79 85 368
79 86 432
79 87 567
79 88 618
79 89 85
79 90 478
79 91 472
79 92 590
79 93 100
79 94 181
79 95 270
79 96 350
79 97 647
79 98 394
79 99 228
79 100 526
80 81 765
80 82 719
80 83 755
80 84 599
80 85 88
80 86 458
80 87 477
80 88 374
80 89 422
80 90 68
80 91 408
80 92 551
80 93 539
80 94 277
80 95 634
80 96 579
80 97 206
80 98 747
80 99 487
80 100 650
81 82 476
81 83 18
81 84 1173
81 85 834
81 86 636
81 87 483
81 88 417
81 89 1061
81 90 814
81 91 565
81 92 507
81 93 1122
81 94 950
81 95 1012
81 96 840
81 97 655
81 98 1047
81 99 873
81 100 710
82 83 486
82 84 859
82 85 742
82 86 321
82 87 241
82 88 395
82 89 813
82 90 787
82 91 321
82 92 174
82 93 822
82 94 757
82 95 627
82 96 449
82 97 742
82 98 624
82 99 534
82 100 273
83 84 1171
83 85 825
83 86 637
83 87 485
83 88 411
83 89 1057
83 90 803
83 91 565
83 92 511
83 93 1119
83 94 944
83 95 1013
83 96 843
83 97 642
83 98 1051
83 99 873
83 100 716
84 85 517
84 86 557
84 87 702
84 88 771
84 89 184
84 90 625
84 91 611
84 92 713
84 93 59
84 94 324
84 95 279
84 96 423
84 97 803
84 98 380
84 99 324
84 100 611
85 86 455
85 87 502
85 88 429
85 89 337
85 90 110
85 91 422
85 92 569
85 93 458
85 94 193
85 95 577
85 96 544
85 97 294
85 98 695
85 99 440
85 100 640
86 87 152
86 88 297
86 89 493
86 90 526
86 91 89
86 92 157
86 93 514
86 94 438
86 95 377
86 96 215
86 97 555
86 98 429
86 99 240
86 100 194
87 88 189
87 89 618
87 90 545
87 91 96
87 92 81
87 93 655
87 94 538
87 95 528
87 96 361
87 97 515
87 98 573
87 99 391
87 100 274
88 89 646
88 90 435
88 91 207
88 92 267
88 93 716
88 94 532
88 95 655
88 96 509
88 97 349
88 98 723
88 99 500
88 100 459
89 90 443
89 91 522
89 92 649
89 93 129
89 94 144
89 95 355
89 96 432
89 97 628
89 98 478
89 99 307
89 100 603
90 91 477
90 92 619
90 93 566
90 94 300
90 95 684
90 96 640
90 97 208
90 98 800
90 99 543
90 100 717
91 92 147
91 93 563
91 94 444
91 95 457
91 96 302
91 97 480
91 98 517
91 99 309
91 100 270
92 93 672
92 94 585
92 95 512
92 96 336
92 97 597
92 98 540
92 99 392
92 100 213
93 94 265
93 95 274
93 96 398
93 97 743
93 98 387
93 99 289
93 100 584
94 95 425
94 96 445
94 97 484
94 98 549
94 99 322
94 100 587
95 96 178
95 97 809
95 98 124
95 99 160
95 100 359
96 97 722
96 98 214
96 99 126
96 100 188
97 98 912
97 99 653
97 100 748
98 99 260
98 100 351
99 100 299
