50 1225
1 2 524
1 3 805
1 4 295
1 5 220
1 6 341
1 7 340
1 8 683
1 9 362
1 10 447
1 11 77
1 12 552
1 13 892
1 14 640
1 15 277
1 16 836
1 17 557
1 18 170
1 19 872
1 20 324
1 21 242
1 22 164
1 23 222
1 24 561
1 25 246
1 26 214
1 27 670
1 28 504
1 29 589
1 30 350
1 31 163
1 32 384
1 33 316
1 34 392
1 35 549
1 36 457
1 37 591
1 38 126
1 39 274
1 40 456
1 41 677
1 42 407
1 43 236
1 44 391
1 45 227
1 46 543
1 47 376
1 48 781
1 49 413
1 50 297
2 3 810
2 4 232
2 5 729
2 6 336
2 7 418
2 8 792
2 9 632
2 10 172
2 11 466
2 12 831
2 13 793
2 14 370
2 15 512
2 16 808
2 17 750
2 18 501
2 19 821
2 20 419
2 21 663
2 22 623
2 23 440
2 24 437
2 25 758
2 26 310
2 27 813
2 28 82
2 29 933
2 30 198
2 31 387
2 32 833
2 33 514
2 34 709
2 35 541
2 36 498
2 37 202
2 38 569
2 39 273
2 40 257
2 41 567
2 42 756
2 43 712
2 44 878
2 45 447
2 46 743
2 47 674
2 48 260
2 49 706
2 50 248
3 4 797
3 5 808
3 6 979
3 7 495
3 8 171
3 9 473
3 10 646
3 11 741
3 12 425
3 13 168
3 14 474
3 15 1042
3 16 51
3 17 311
3 18 949
3 19 96
3 20 1025
3 21 650
3 22 967
3 23 957
3 24 372
3 25 827
3 26 775
3 27 217
3 28 727
3 29 541
3 30 845
3 31 848
3 32 703
3 33 489
3 34 1195
3 35 286
3 36 366
3 37 639
3 38 702
3 39 685
3 40 558
3 41 252
3 42 535
3 43 733
3 44 801
3 45 965
3 46 324
3 47 485
3 48 968
3 49 468
3 50 841
4 5 509
4 6 184
4 7 316
4 8 731
4 9 488
4 10 216
4 11 247
4 12 700
4 13 828
4 14 463
4 15 311
4 16 811
4 17 649
4 18 276
4 19 835
4 20 247
4 21 469
4 22 392
4 23 227
4 24 453
4 25 536
4 26 82
4 27 738
4 28 232
4 29 780
4 30 65
4 31 155
4 32 637
4 33 380
4 34 508
4 35 511
4 36 436
4 37 350
4 38 360
4 39 115
4 40 276
4 41 592
4 42 593
4 43 502
4 44 668
4 45 235
4 46 638
4 47 524
4 48 486
4 49 561
4 50 44
5 6 558
5 7 440
5 8 656
5 9 335
5 10 624
5 11 263
5 12 455
5 13 928
5 14 771
5 15 458
5 16 848
5 17 511
5 18 359
5 19 890
5 20 530
5 21 158
5 22 264
5 23 427
5 24 659
5 25 29
5 26 426
5 27 628
5 28 697
5 29 445
5 30 567
5 31 384
5 32 198
5 33 365
5 34 497
5 35 605
5 36 521
5 37 761
5 38 169
5 39 461
5 40 610
5 41 746
5 42 300
5 43 76
5 44 175
5 45 430
5 46 497
5 47 323
5 48 989
5 49 346
5 50 516
6 7 489
6 8 903
6 9 633
6 10 388
6 11 333
6 12 843
6 13 1013
6 14 639
6 15 186
6 16 994
6 17 809
6 18 221
6 19 1019
6 20 83
6 21 569
6 22 356
6 23 144
6 24 638
6 25 581
6 26 210
6 27 906
6 28 373
6 29 906
6 30 157
6 31 183
6 32 724
6 33 537
6 34 378
6 35 693
6 36 614
6 37 506
6 38 449
6 39 293
6 40 458
6 41 776
6 42 717
6 43 577
6 44 732
6 45 146
6 46 797
6 47 662
6 48 539
6 49 700
6 50 139
7 8 414
7 9 219
7 10 255
7 11 265
7 12 412
7 13 559
7 14 331
7 15 548
7 16 517
7 17 339
7 18 461
7 19 548
7 20 530
7 21 310
7 22 503
7 23 462
7 24 224
7 25 469
7 26 282
7 27 422
7 28 350
7 29 517
7 30 374
7 31 353
7 32 464
7 33 103
7 34 712
7 35 217
7 36 128
7 37 357
7 38 279
7 39 201
7 40 198
7 41 336
7 42 350
7 43 388
7 44 535
7 45 471
7 46 330
7 47 262
7 48 658
7 49 291
7 50 357
8 9 329
8 10 620
8 11 628
8 12 254
8 13 332
8 14 512
8 15 939
8 16 221
8 17 146
8 18 840
8 19 267
8 20 938
8 21 500
8 22 839
8 23 859
8 24 376
8 25 673
8 26 693
8 27 50
8 28 712
8 29 372
8 30 787
8 31 752
8 32 536
8 33 376
8 34 1075
8 35 254
8 36 299
8 37 651
8 38 570
8 39 615
8 40 535
8 41 308
8 42 371
8 43 580
8 44 634
8 45 867
8 46 160
8 47 333
8 48 987
8 49 310
8 50 772
9 10 474
9 11 318
9 12 211
9 13 594
9 14 516
9 15 631
9 16 513
9 17 195
9 18 527
9 19 555
9 20 649
9 21 177
9 22 511
9 23 558
9 24 377
9 25 357
9 26 427
9 27 310
9 28 568
9 29 300
9 30 553
9 31 460
9 32 275
9 33 118
9 34 751
9 35 289
9 36 222
9 37 573
9 38 242
9 39 382
9 40 415
9 41 430
9 42 133
9 43 262
9 44 364
9 45 566
9 46 181
9 47 42
9 48 877
9 49 74
9 50 521
10 11 375
10 12 666
10 13 646
10 14 250
10 15 527
10 16 649
10 17 579
10 18 481
10 19 666
10 20 460
10 21 532
10 22 580
10 23 441
10 24 276
10 25 654
10 26 258
10 27 641
10 28 96
10 29 772
10 30 232
10 31 354
10 32 698
10 33 355
10 34 722
10 35 371
10 36 326
10 37 144
10 38 456
10 39 173
10 40 88
10 41 412
10 42 602
10 43 593
10 44 755
10 45 450
10 46 572
10 47 516
10 48 403
10 49 547
10 50 256
11 12 520
11 13 822
11 14 562
11 15 313
11 16 770
11 17 510
11 18 211
11 19 805
11 20 336
11 21 236
11 22 238
11 23 241
11 24 484
11 25 291
11 26 164
11 27 619
11 28 438
11 29 573
11 30 308
11 31 151
11 32 397
11 33 253
11 34 453
11 35 478
11 36 386
11 37 518
11 38 118
11 39 204
11 40 380
11 41 602
11 42 386
11 43 257
11 44 421
11 45 248
11 46 496
11 47 340
11 48 726
11 49 378
11 50 259
12 13 583
12 14 651
12 15 828
12 16 475
12 17 129
12 18 722
12 19 521
12 20 856
12 21 321
12 22 683
12 23 761
12 24 503
12 25 465
12 26 638
12 27 209
12 28 762
12 29 130
12 30 764
12 31 667
12 32 298
12 33 323
12 34 927
12 35 383
12 36 361
12 37 745
12 38 425
12 39 592
12 40 596
12 41 499
12 42 155
12 43 380
12 44 394
12 45 768
12 46 124
12 47 181
12 48 1066
12 49 142
12 50 733
13 14 427
13 15 1103
13 16 116
13 17 461
13 18 1020
13 19 78
13 20 1070
13 21 771
13 22 1056
13 23 1015
13 24 375
13 25 951
13 26 823
13 27 381
13 28 712
13 29 704
13 30 867
13 31 907
13 32 846
13 33 582
13 34 1271
13 35 343
13 36 435
13 37 601
13 38 804
13 39 725
13 40 562
13 41 236
13 42 677
13 43 856
13 44 943
13 45 1024
13 46 472
13 47 615
13 48 909
13 49 605
13 50 873
14 15 770
14 16 461
14 17 533
14 18 712
14 19 465
14 20 709
14 21 640
14 22 792
14 23 682
14 24 148
14 25 800
14 26 489
14 27 549
14 28 293
14 29 777
14 30 482
14 31 585
14 32 785
14 33 422
14 34 961
14 35 272
14 36 297
14 37 174
14 38 606
14 39 390
14 40 191
14 41 222
14 42 647
14 43 719
14 44 863
14 45 690
14 46 532
14 47 557
14 48 493
14 49 574
14 50 504
15 16 1065
15 17 824
15 18 107
15 19 1097
15 20 109
15 21 519
15 22 208
15 23 89
15 24 738
15 25 475
15 26 284
15 27 932
15 28 536
15 29 866
15 30 317
15 31 196
15 32 648
15 33 562
15 34 198
15 35 765
15 36 677
15 37 660
15 38 404
15 39 385
15 40 579
15 41 871
15 42 685
15 43 499
15 44 632
15 45 80
15 46 810
15 47 650
15 48 726
15 49 688
15 50 275
16 17 359
16 18 975
16 19 45
16 20 1043
16 21 690
16 22 998
16 23 979
16 24 372
16 25 869
16 26 794
16 27 269
16 28 726
16 29 593
16 30 856
16 31 870
16 32 750
16 33 520
16 34 1223
16 35 302
16 36 388
16 37 630
16 38 737
16 39 701
16 40 562
16 41 242
16 42 581
16 43 774
16 44 847
16 45 988
16 46 371
16 47 528
16 48 954
16 49 513
16 50 855
17 18 721
17 19 404
17 20 835
17 21 358
17 22 706
17 23 748
17 24 385
17 25 528
17 26 599
17 27 117
17 28 675
17 29 259
17 30 710
17 31 646
17 32 391
17 33 272
17 34 947
17 35 261
17 36 258
17 37 642
17 38 438
17 39 536
17 40 502
17 41 370
17 42 224
17 43 435
17 44 489
17 45 756
17 46 14
17 47 191
17 48 971
17 49 164
17 50 687
18 19 1008
18 20 173
18 21 412
18 22 135
18 23 76
18 24 663
18 25 378
18 26 223
18 27 831
18 28 508
18 29 759
18 30 303
18 31 127
18 32 544
18 33 464
18 34 253
18 35 678
18 36 588
18 37 622
18 38 297
18 39 321
18 40 520
18 41 792
18 42 577
18 43 395
18 44 534
18 45 76
18 46 707
18 47 545
18 48 738
18 49 582
18 50 252
19 20 1071
19 21 732
19 22 1035
19 23 1009
19 24 390
19 25 911
19 26 822
19 27 314
19 28 739
19 29 638
19 30 878
19 31 901
19 32 794
19 33 557
19 34 1258
19 35 331
19 36 420
19 37 637
19 38 776
19 39 727
19 40 579
19 41 254
19 42 626
19 43 816
19 44 892
19 45 1018
19 46 416
19 47 571
19 48 956
19 49 557
19 50 880
20 21 564
20 22 302
20 23 103
20 24 697
20 25 550
20 26 249
20 27 937
20 28 453
20 29 908
20 30 233
20 31 189
20 32 708
20 33 564
20 34 295
20 35 741
20 36 658
20 37 584
20 38 444
20 39 344
20 40 524
20 41 834
20 42 721
20 43 559
20 44 705
20 45 100
20 46 822
20 47 675
20 48 621
20 49 713
20 50 204
21 22 362
21 23 463
21 24 517
21 25 180
21 26 391
21 27 475
21 28 616
21 29 346
21 30 533
21 31 386
21 32 170
21 33 221
21 34 606
21 35 452
21 36 372
21 37 657
21 38 120
21 39 390
21 40 499
21 41 594
21 42 168
21 43 86
21 44 226
21 45 468
21 46 343
21 47 168
21 48 921
21 49 195
21 50 489
22 23 211
22 24 722
22 25 275
22 26 324
22 27 822
22 28 621
22 29 698
22 30 429
22 31 236
22 32 461
22 33 478
22 34 244
22 35 713
22 36 621
22 37 724
22 38 269
22 39 409
22 40 604
22 41 840
22 42 530
22 43 319
22 44 432
22 45 209
22 46 692
22 47 519
22 48 867
22 49 552
22 50 376
23 24 649
23 25 448
23 26 195
23 27 854
23 28 456
23 29 808
23 30 242
23 31 108
23 32 605
23 33 482
23 34 281
23 35 678
23 36 591
23 37 577
23 38 344
23 39 296
23 40 491
23 41 782
23 42 623
23 43 456
23 44 602
23 45 8
23 46 735
23 47 581
23 48 669
23 49 619
23 50 195
24 25 687
24 26 454
24 27 408
24 28 355
24 29 629
24 30 491
24 31 543
24 32 651
24 33 296
24 34 917
24 35 126
24 36 154
24 37 276
24 38 503
24 39 354
24 40 189
24 41 139
24 42 505
24 43 601
24 44 734
24 45 658
24 46 384
24 47 416
24 48 612
24 49 430
24 50 498
25 26 454
25 27 643
25 28 726
25 29 446
25 30 594
25 31 409
25 32 194
25 33 392
25 34 502
25 35 630
25 36 547
25 37 791
25 38 198
25 39 491
25 40 639
25 41 772
25 42 312
25 43 94
25 44 157
25 45 450
25 46 513
25 47 342
25 48 1018
25 49 363
25 50 543
26 27 696
26 28 297
26 29 711
26 30 143
26 31 96
26 32 557
26 33 327
26 34 471
26 35 492
26 36 409
26 37 401
26 38 279
26 39 101
26 40 297
26 41 589
26 42 523
26 43 421
26 44 586
26 45 204
26 46 587
26 47 459
26 48 567
26 49 497
26 50 98
27 28 735
27 29 324
27 30 796
27 31 749
27 32 498
27 33 372
27 34 1061
27 35 283
27 36 316
27 37 682
27 38 553
27 39 623
27 40 557
27 41 352
27 42 336
27 43 551
27 44 596
27 45 862
27 46 131
27 47 308
27 48 1016
27 49 281
27 50 778
28 29 868
28 30 220
28 31 386
28 32 784
28 33 450
28 34 734
28 35 460
28 36 420
28 37 134
28 38 531
28 39 235
28 40 177
28 41 485
28 42 695
28 43 672
28 44 836
28 45 464
28 46 669
28 47 610
28 48 309
28 49 642
28 50 261
29 30 845
29 31 724
29 32 255
29 33 419
29 34 939
29 35 511
29 36 483
29 37 862
29 38 464
29 39 679
29 40 708
29 41 629
29 42 188
29 43 379
29 44 336
29 45 814
29 46 254
29 47 260
29 48 1175
29 49 226
29 50 809
30 31 197
30 32 701
30 33 443
30 34 515
30 35 559
30 36 489
30 37 350
30 38 423
30 39 174
30 40 306
30 41 630
30 42 658
30 43 565
30 44 730
30 45 248
30 46 700
30 47 589
30 48 439
30 49 625
30 50 53
31 32 541
31 33 377
31 34 376
31 35 569
31 36 482
31 37 495
31 38 266
31 39 195
31 40 393
31 41 675
31 42 537
31 43 396
31 44 554
31 45 117
31 46 633
31 47 486
31 48 635
31 49 524
31 50 143
32 33 364
32 34 695
32 35 563
32 36 497
32 37 819
32 38 278
32 39 560
32 40 659
32 41 703
32 42 168
32 43 149
32 44 98
32 45 609
32 46 378
32 47 241
32 48 1091
32 49 242
32 50 655
33 34 706
33 35 244
33 36 156
33 37 461
33 38 222
33 39 270
33 40 301
33 41 382
33 42 247
33 43 304
33 44 441
33 45 490
33 46 260
33 47 160
33 48 758
33 49 192
33 50 416
34 35 929
34 36 838
34 37 858
34 38 509
34 39 571
34 40 769
34 41 1045
34 42 774
34 43 559
34 44 652
34 45 272
34 46 933
34 47 761
34 48 915
34 49 795
34 50 473
35 36 91
35 37 398
35 38 466
35 39 399
35 40 284
35 41 141
35 42 406
35 43 538
35 44 653
35 45 686
35 46 261
35 47 323
35 48 733
35 49 329
35 50 555
36 37 385
36 38 377
36 39 322
36 40 245
36 41 226
36 42 350
36 43 457
36 44 582
36 45 599
36 46 253
36 47 261
36 48 713
36 49 277
36 50 479
37 38 592
37 39 317
37 40 160
37 41 387
37 42 706
37 43 725
37 44 883
37 45 585
37 46 638
37 47 616
37 48 335
37 49 642
37 50 385
38 39 297
38 40 441
38 41 603
38 42 280
38 43 143
38 44 309
38 45 349
38 46 423
38 47 252
38 48 829
38 49 287
38 50 376
39 40 198
39 41 490
39 42 495
39 43 439
39 44 605
39 45 305
39 46 525
39 47 420
39 48 532
39 49 456
39 50 157
40 41 327
40 42 547
40 43 569
40 44 725
40 45 499
40 46 496
40 47 458
40 48 470
40 49 486
40 50 320
41 42 542
41 43 680
41 44 794
41 45 791
41 46 374
41 47 462
41 48 715
41 49 465
41 50 636
42 43 225
42 44 266
42 45 629
42 46 211
42 47 90
42 48 1005
42 49 77
42 50 621
43 44 166
43 45 460
43 46 420
43 47 247
43 48 972
43 49 270
43 50 516
44 45 605
44 46 476
44 47 333
44 48 1138
44 49 338
44 50 680
45 46 742
45 47 588
45 48 674
45 49 626
45 50 202
46 47 176
46 48 966
46 49 150
46 50 676
47 48 919
47 49 38
47 50 555
48 49 950
48 50 492
49 50 593
