50 1225
1 2 763
1 3 959
1 4 661
1 5 761
1 6 565
1 7 637
1 8 569
1 9 570
1 10 620
1 11 910
1 12 839
1 13 721
1 14 724
1 15 243
1 16 891
1 17 807
1 18 152
1 19 838
1 20 316
1 21 1053
1 22 414
1 23 803
1 24 804
1 25 630
1 26 814
1 27 227
1 28 673
1 29 719
1 30 1157
1 31 586
1 32 254
1 33 249
1 34 926
1 35 900
1 36 608
1 37 136
1 38 520
1 39 801
1 40 814
1 41 96
1 42 266
1 43 893
1 44 1062
1 45 386
1 46 710
1 47 677
1 48 761
1 49 409
1 50 449
2 3 774
2 4 413
2 5 118
2 6 857
2 7 744
2 8 445
2 9 618
2 10 556
2 11 928
2 12 341
2 13 910
2 14 885
2 15 696
2 16 470
2 17 314
2 18 709
2 19 166
2 20 466
2 21 819
2 22 770
2 23 1121
2 24 402
2 25 468
2 26 1129
2 27 615
2 28 524
2 29 267
2 30 750
2 31 237
2 32 576
2 33 579
2 34 164
2 35 738
2 36 157
2 37 807
2 38 648
2 39 289
2 40 475
2 41 677
2 42 578
2 43 401
2 44 721
2 45 384
2 46 71
2 47 530
2 48 35
2 49 361
2 50 313
3 4 398
3 5 887
3 6 522
3 7 358
3 8 443
3 9 388
3 10 348
3 11 244
3 12 449
3 13 416
3 14 384
3 15 723
3 16 330
3 17 466
3 18 810
3 19 644
3 20 729
3 21 97
3 22 601
3 23 612
3 24 373
3 25 380
3 26 614
3 27 735
3 28 316
3 29 510
3 30 299
3 31 617
3 32 718
3 33 981
3 34 800
3 35 58
3 36 732
3 37 1085
3 38 443
3 39 491
3 40 299
3 41 943
3 42 996
3 43 411
3 44 192
3 45 731
3 46 811
3 47 310
3 48 809
3 49 832
3 50 765
4 5 514
4 6 488
4 7 344
4 8 96
4 9 233
4 10 152
4 11 516
4 12 211
4 13 508
4 14 480
4 15 473
4 16 230
4 17 192
4 18 536
4 19 336
4 20 371
4 21 470
4 22 452
4 23 727
4 24 148
4 25 64
4 26 735
4 27 439
4 28 111
4 29 158
4 30 507
4 31 220
4 32 407
4 33 615
4 34 495
4 35 350
4 36 338
4 37 767
4 38 283
4 39 203
4 40 155
4 41 616
4 42 627
4 43 246
4 44 427
4 45 350
4 46 433
4 47 116
4 48 443
4 49 440
4 50 371
5 6 930
5 7 831
5 8 532
5 9 703
5 10 648
5 11 1031
5 12 459
5 13 997
5 14 974
5 15 731
5 16 587
5 17 431
5 18 730
5 19 281
5 20 491
5 21 935
5 22 828
5 23 1201
5 24 517
5 25 564
5 26 1210
5 27 645
5 28 624
5 29 377
5 30 868
5 31 313
5 32 607
5 33 550
5 34 226
5 35 849
5 36 201
5 37 785
5 38 725
5 39 406
5 40 589
5 41 669
5 42 544
5 43 519
5 44 839
5 45 407
5 46 82
5 47 630
5 48 82
5 49 351
5 50 325
6 7 175
6 8 420
6 9 254
6 10 339
6 11 377
6 12 691
6 13 160
6 14 171
6 15 333
6 16 653
6 17 678
6 18 419
6 19 819
6 20 508
6 21 617
6 22 153
6 23 279
6 24 610
6 25 423
6 26 290
6 27 404
6 28 402
6 29 640
6 30 802
6 31 621
6 32 417
6 33 706
6 34 971
6 35 472
6 36 728
6 37 702
6 38 210
6 39 691
6 40 565
6 41 597
6 42 726
6 43 706
6 44 691
6 45 570
6 46 849
6 47 399
6 48 879
6 49 678
6 50 648
7 8 300
7 9 129
7 10 192
7 11 276
7 12 534
7 13 166
7 14 142
7 15 393
7 16 483
7 17 525
7 18 484
7 19 681
7 20 485
7 21 455
7 22 246
7 23 382
7 24 449
7 25 281
7 26 390
7 27 431
7 28 244
7 29 502
7 30 629
7 31 518
7 32 428
7 33 720
7 34 839
7 35 304
7 36 635
7 37 771
7 38 133
7 39 541
7 40 397
7 41 643
7 42 739
7 43 542
7 44 518
7 45 525
7 46 749
7 47 240
7 48 770
7 49 637
7 50 591
8 9 173
8 10 120
8 11 516
8 12 303
8 13 466
8 14 442
8 15 377
8 16 324
8 17 279
8 18 441
8 19 400
8 20 292
8 21 525
8 22 365
8 23 676
8 24 244
8 25 65
8 26 685
8 27 345
8 28 127
8 29 223
8 30 591
8 31 219
8 32 315
8 33 543
8 34 551
8 35 389
8 36 338
8 37 679
8 38 209
8 39 285
8 40 244
8 41 530
8 42 557
8 43 341
8 44 503
8 45 287
8 46 449
8 47 133
8 48 470
8 49 390
8 50 327
9 10 87
9 11 381
9 12 438
9 13 294
9 14 271
9 15 336
9 16 413
9 17 423
9 18 421
9 19 566
9 20 372
9 21 484
9 22 244
9 23 502
9 24 359
9 25 168
9 26 511
9 27 349
9 28 154
9 29 387
9 30 615
9 31 389
9 32 336
9 33 617
9 34 721
9 35 330
9 36 505
9 37 698
9 38 63
9 39 436
9 40 324
9 41 560
9 42 635
9 43 458
9 44 511
9 45 403
9 46 621
9 47 153
9 48 644
9 49 515
9 50 464
10 11 396
10 12 351
10 13 357
10 14 330
10 15 397
10 16 327
10 17 338
10 18 477
10 19 489
10 20 382
10 21 438
10 22 328
10 23 574
10 24 272
10 25 89
10 26 582
10 27 393
10 28 67
10 29 310
10 30 545
10 31 337
10 32 372
10 33 634
10 34 647
10 35 290
10 36 457
10 37 742
10 38 147
10 39 352
10 40 237
10 41 597
10 42 650
10 43 370
10 44 444
10 45 394
10 46 566
10 47 67
10 48 583
10 49 502
10 50 443
11 12 640
11 13 227
11 14 206
11 15 666
11 16 540
11 17 647
11 18 758
11 19 824
11 20 753
11 21 309
11 22 504
11 23 380
11 24 554
11 25 470
11 26 380
11 27 708
11 28 407
11 29 663
11 30 538
11 31 729
11 32 704
11 33 994
11 34 986
11 35 233
11 36 849
11 37 1045
11 38 406
11 39 670
11 40 481
11 41 919
11 42 1012
11 43 618
11 44 435
11 45 782
11 46 949
11 47 401
11 48 959
11 49 893
11 50 838
12 13 688
12 14 657
12 15 674
12 16 128
12 17 36
12 18 729
12 19 195
12 20 528
12 21 483
12 22 664
12 23 912
12 24 88
12 25 272
12 26 918
12 27 628
12 28 291
12 29 129
12 30 417
12 31 283
12 32 593
12 33 745
12 34 350
12 35 423
12 36 355
12 37 930
12 38 492
12 39 55
12 40 158
12 41 781
12 42 753
12 43 66
12 44 380
12 45 480
12 46 392
12 47 294
12 48 377
12 49 537
12 50 464
13 14 33
13 15 483
13 16 622
13 17 682
13 18 573
13 19 843
13 20 626
13 21 503
13 22 306
13 23 223
13 24 601
13 25 446
13 26 230
13 27 544
13 28 403
13 29 666
13 30 712
13 31 683
13 32 550
13 33 845
13 34 1003
13 35 377
13 36 799
13 37 858
13 38 282
13 39 700
13 40 541
13 41 746
13 42 864
13 43 688
13 44 601
13 45 676
13 46 915
13 47 398
13 48 937
13 49 788
13 50 746
14 15 484
14 16 589
14 17 652
14 18 574
14 19 815
14 20 614
14 21 473
14 22 310
14 23 255
14 24 570
14 25 419
14 26 261
14 27 540
14 28 373
14 29 638
14 30 680
14 31 660
14 32 544
14 33 838
14 34 975
14 35 344
14 36 777
14 37 861
14 38 266
14 39 670
14 40 510
14 41 745
14 42 858
14 43 656
14 44 569
14 45 661
14 46 891
14 47 369
14 48 912
14 49 773
14 50 729
15 16 700
15 17 646
15 18 91
15 19 723
15 20 242
15 21 819
15 22 179
15 23 594
15 24 621
15 25 427
15 26 605
15 27 92
15 28 458
15 29 571
15 30 942
15 31 473
15 32 125
15 33 380
15 34 844
15 35 665
15 36 541
15 37 379
15 38 280
15 39 647
15 40 615
15 41 263
15 42 400
15 43 718
15 44 842
15 45 325
15 46 662
15 47 460
15 48 705
15 49 410
15 50 409
16 17 156
16 18 766
16 19 322
16 20 594
16 21 355
16 22 655
16 23 845
16 24 93
16 25 272
16 26 850
16 27 669
16 28 259
16 29 233
16 30 300
16 31 381
16 32 638
16 33 828
16 34 472
16 35 312
16 36 471
16 37 994
16 38 475
16 39 181
16 40 89
16 41 843
16 42 839
16 43 81
16 44 252
16 45 560
16 46 519
16 47 260
16 48 505
16 49 632
16 50 559
17 18 698
17 19 178
17 20 495
17 21 505
17 22 643
17 23 905
17 24 94
17 25 255
17 26 912
17 27 598
17 28 281
17 29 93
17 30 450
17 31 247
17 32 562
17 33 709
17 34 339
17 35 436
17 36 321
17 37 896
17 38 475
17 39 25
17 40 169
17 41 747
17 42 717
17 43 102
17 44 408
17 45 445
17 46 363
17 47 285
17 48 350
17 49 501
17 50 428
18 19 756
18 20 242
18 21 906
18 22 266
18 23 671
18 24 683
18 25 497
18 26 683
18 27 101
18 28 534
18 29 616
18 30 1020
18 31 502
18 32 139
18 33 313
18 34 864
18 35 752
18 36 551
18 37 287
18 38 369
18 39 696
18 40 684
18 41 180
18 42 333
18 43 777
18 44 922
18 45 325
18 46 667
18 47 537
18 48 714
18 49 389
18 50 404
19 20 524
19 21 677
19 22 759
19 23 1063
19 24 272
19 25 399
19 26 1071
19 27 657
19 28 441
19 29 179
19 30 588
19 31 255
19 32 617
19 33 690
19 34 162
19 35 615
19 36 253
19 37 904
19 38 609
19 39 154
19 40 347
19 41 763
19 42 693
19 43 246
19 44 568
19 45 453
19 46 232
19 47 446
19 48 201
19 49 468
19 50 404
20 21 815
20 22 373
20 23 787
20 24 503
20 25 357
20 26 798
20 27 154
20 28 415
20 29 404
20 30 878
20 31 270
20 32 117
20 33 252
20 34 623
20 35 672
20 36 309
20 37 402
20 38 351
20 39 487
20 40 526
20 41 252
20 42 267
20 43 586
20 44 794
20 45 83
20 46 425
20 47 420
20 48 471
20 49 173
20 50 166
21 22 698
21 23 688
21 24 418
21 25 461
21 26 689
21 27 829
21 28 399
21 29 562
21 30 233
21 31 683
21 32 810
21 33 1067
21 34 827
21 35 154
21 36 793
21 37 1179
21 38 539
21 39 531
21 40 348
21 41 1035
21 42 1082
21 43 434
21 44 145
21 45 812
21 46 862
21 47 394
21 48 855
21 49 909
21 50 840
22 23 421
22 24 593
22 25 392
22 26 432
22 27 253
22 28 396
22 29 587
22 30 854
22 31 533
22 32 271
22 33 555
22 34 900
22 35 545
22 36 627
22 37 551
22 38 181
22 39 651
22 40 566
22 41 443
22 42 575
22 43 693
22 44 747
22 45 443
22 46 751
22 47 396
22 48 787
22 49 546
22 50 525
23 24 824
23 25 664
23 26 11
23 27 674
23 28 624
23 29 885
23 30 911
23 31 888
23 32 692
23 33 974
23 34 1221
23 35 582
23 36 1000
23 37 935
23 38 475
23 39 922
23 40 765
23 41 852
23 42 994
23 43 912
23 44 803
23 45 849
23 46 1119
23 47 620
23 48 1145
23 49 958
23 50 927
24 25 201
24 26 831
24 27 584
24 28 208
24 29 147
24 30 392
24 31 290
24 32 552
24 33 735
24 34 433
24 35 342
24 36 385
24 37 904
24 38 417
24 39 118
24 40 74
24 41 753
24 42 746
24 43 99
24 44 334
24 45 467
24 46 444
24 47 210
24 48 437
24 49 539
24 50 467
25 26 672
25 27 404
25 28 66
25 29 221
25 30 528
25 31 258
25 32 376
25 33 608
25 34 557
25 35 327
25 36 378
25 37 742
25 38 220
25 39 267
25 40 187
25 41 593
25 42 622
25 43 301
25 44 438
25 45 351
25 46 482
25 47 72
25 48 497
25 49 451
25 50 386
26 27 685
26 28 632
26 29 893
26 30 913
26 31 897
26 32 703
26 33 985
26 34 1229
26 35 585
26 36 1009
26 37 947
26 38 484
26 39 929
26 40 771
26 41 863
26 42 1006
26 43 917
26 44 805
26 45 860
26 46 1128
26 47 627
26 48 1154
26 49 968
26 50 937
27 28 446
27 29 515
27 30 930
27 31 403
27 32 39
27 33 302
27 34 768
27 35 677
27 36 459
27 37 350
27 38 305
27 39 595
27 40 590
27 41 212
27 42 322
27 43 678
27 44 835
27 45 237
27 46 578
27 47 449
27 48 623
27 49 318
27 50 320
28 29 266
28 30 485
28 31 323
28 32 421
28 33 667
28 34 602
28 35 262
28 36 443
28 37 791
28 38 215
28 39 298
28 40 170
28 41 643
28 42 682
28 43 305
28 44 389
28 45 415
28 46 542
28 47 6
28 48 554
28 49 517
28 50 452
29 30 534
29 31 154
29 32 478
29 33 616
29 34 336
29 35 472
29 36 237
29 37 804
29 38 431
29 39 82
29 40 214
29 41 656
29 42 624
29 43 194
29 44 481
29 45 351
29 46 301
29 47 271
29 48 300
29 49 407
29 50 334
30 31 682
30 32 904
30 33 1121
30 34 712
30 35 335
30 36 770
30 37 1270
30 38 678
30 39 472
30 40 352
30 41 1121
30 42 1132
30 43 351
30 44 111
30 45 853
30 46 807
30 47 482
30 48 786
30 49 931
30 50 858
31 32 363
31 33 463
31 34 372
31 35 571
31 36 120
31 37 661
31 38 413
31 39 233
31 40 342
31 41 515
31 42 470
31 43 348
31 44 620
31 45 205
31 46 231
31 47 329
31 48 258
31 49 253
31 50 180
32 33 294
32 34 729
32 35 660
32 36 420
32 37 369
32 38 297
32 39 559
32 40 560
32 41 225
32 42 313
32 43 643
32 44 811
32 45 199
32 46 539
32 47 425
32 48 584
32 49 285
32 50 283
33 34 743
33 35 924
33 36 438
33 37 236
33 38 587
33 39 697
33 40 768
33 41 155
33 42 20
33 43 808
33 44 1042
33 45 268
33 46 516
33 47 673
33 48 568
33 49 221
33 50 287
34 35 774
34 36 318
34 37 972
34 38 760
34 39 315
34 40 507
34 41 841
34 42 741
34 43 392
34 44 708
34 45 543
34 46 229
34 47 607
34 48 176
34 49 526
34 50 476
35 36 687
35 37 1027
35 38 385
35 39 461
35 40 267
35 41 885
35 42 940
35 43 392
35 44 224
35 45 677
35 46 771
35 47 256
35 48 772
35 49 779
35 50 714
36 37 659
36 38 524
36 39 300
36 40 446
36 41 524
36 42 440
36 43 422
36 44 719
36 45 227
36 46 123
36 47 449
36 48 164
36 49 216
36 50 159
37 38 651
37 39 887
37 40 922
37 41 150
37 42 245
37 43 988
37 44 1179
37 45 455
37 46 747
37 47 795
37 48 800
37 49 445
37 50 501
38 39 486
38 40 385
38 41 517
38 42 606
38 43 516
38 44 572
38 45 394
38 46 644
38 47 215
38 48 671
38 49 507
38 50 464
39 40 193
39 41 738
39 42 704
39 43 122
39 44 433
39 45 434
39 46 338
39 47 302
39 48 325
39 49 485
39 50 413
40 41 772
40 42 780
40 43 146
40 44 279
40 45 501
40 46 514
40 47 170
40 48 510
40 49 584
40 50 512
41 42 173
41 43 838
41 44 1031
41 45 310
41 46 622
41 47 648
41 48 673
41 49 319
41 50 365
42 43 816
42 44 1054
42 45 279
42 46 513
42 47 687
42 48 566
42 49 224
42 50 293
43 44 322
43 45 541
43 46 456
43 47 307
43 48 437
43 49 602
43 50 529
44 45 777
44 46 772
44 47 385
44 48 757
44 49 863
44 50 791
45 46 342
45 47 421
45 48 388
45 49 112
45 50 84
46 47 548
46 48 52
46 49 303
46 50 264
47 48 560
47 49 523
47 50 458
48 49 355
48 50 313
49 50 73
