100 4950
1 2 612
1 3 897
1 4 688
1 5 879
1 6 720
1 7 608
1 8 1286
1 9 510
1 10 83
1 11 372
1 12 974
1 13 929
1 14 1174
1 15 665
1 16 591
1 17 164
1 18 181
1 19 779
1 20 916
1 21 807
1 22 665
1 23 73
1 24 270
1 25 415
1 26 612
1 27 906
1 28 437
1 29 362
1 30 566
1 31 393
1 32 915
1 33 532
1 34 1064
1 35 1076
1 36 248
1 37 922
1 38 1092
1 39 706
1 40 1030
1 41 440
1 42 868
1 43 496
1 44 760
1 45 1205
1 46 792
1 47 239
1 48 421
1 49 818
1 50 647
1 51 859
1 52 134
1 53 920
1 54 209
1 55 657
1 56 674
1 57 719
1 58 762
1 59 768
1 60 607
1 61 932
1 62 534
1 63 772
1 64 1002
1 65 397
1 66 1243
1 67 875
1 68 418
1 69 552
1 70 256
1 71 106
1 72 626
1 73 813
1 74 479
1 75 544
1 76 628
1 77 95
1 78 511
1 79 678
1 80 360
1 81 1069
1 82 771
1 83 352
1 84 334
1 85 882
1 86 474
1 87 659
1 88 977
1 89 1158
1 90 567
1 91 730
1 92 799
1 93 1100
1 94 1018
1 95 771
1 96 972
1 97 839
1 98 171
1 99 644
1 100 744
2 3 453
2 4 744
2 5 306
2 6 170
2 7 357
2 8 896
2 9 774
2 10 665
2 11 313
2 12 865
2 13 322
2 14 728
2 15 82
2 16 566
2 17 506
2 18 606
2 19 202
2 20 564
2 21 200
2 22 617
2 23 617
2 24 345
2 25 196
2 26 690
2 27 796
2 28 742
2 29 494
2 30 266
2 31 220
2 32 322
2 33 247
2 34 669
2 35 653
2 36 368
2 37 310
2 38 866
2 39 430
2 40 698
2 41 362
2 42 256
2 43 411
2 44 179
2 45 803
2 46 265
2 47 389
2 48 758
2 49 835
2 50 790
2 51 623
2 52 507
2 53 774
2 54 602
2 55 714
2 56 64
2 57 860
2 58 842
2 59 281
2 60 256
2 61 796
2 62 293
2 63 202
2 64 824
2 65 690
2 66 865
2 67 396
2 68 583
2 69 753
2 70 620
2 71 523
2 72 702
2 73 201
2 74 136
2 75 317
2 76 509
2 77 582
2 78 364
2 79 141
2 80 516
2 81 573
2 82 598
2 83 487
2 84 318
2 85 373
2 86 597
2 87 58
2 88 403
2 89 870
2 90 46
2 91 527
2 92 739
2 93 702
2 94 495
2 95 794
2 96 459
2 97 804
2 98 679
2 99 127
2 100 609
3 4 600
3 5 243
3 6 286
3 7 300
3 8 444
3 9 772
3 10 914
3 11 525
3 12 546
3 13 360
3 14 287
3 15 373
3 16 472
3 17 740
3 18 798
3 19 286
3 20 152
3 21 465
3 22 463
3 23 865
3 24 689
3 25 563
3 26 592
3 27 497
3 28 783
3 29 593
3 30 330
3 31 595
3 32 299
3 33 367
3 34 217
3 35 201
3 36 667
3 37 452
3 38 468
3 39 233
3 40 266
3 41 465
3 42 422
3 43 434
3 44 529
3 45 350
3 46 197
3 47 662
3 48 814
3 49 622
3 50 692
3 51 291
3 52 763
3 53 454
3 54 778
3 55 586
3 56 446
3 57 733
3 58 675
3 59 171
3 60 292
3 61 477
3 62 362
3 63 277
3 64 465
3 65 750
3 66 412
3 67 67
3 68 624
3 69 715
3 70 767
3 71 790
3 72 596
3 73 409
3 74 503
3 75 355
3 76 383
3 77 825
3 78 399
3 79 312
3 80 611
3 81 178
3 82 342
3 83 597
3 84 567
3 85 114
3 86 597
3 87 471
3 88 254
3 89 438
3 90 465
3 91 300
3 92 504
3 93 249
3 94 165
3 95 601
3 96 126
3 97 562
3 98 877
3 99 331
3 100 381
4 5 774
4 6 684
4 7 402
4 8 776
4 9 252
4 10 647
4 11 500
4 12 309
4 13 888
4 14 757
4 15 716
4 16 177
4 17 545
4 18 510
4 19 738
4 20 498
4 21 896
4 22 141
4 23 620
4 24 675
4 25 670
4 26 77
4 27 256
4 28 309
4 29 353
4 30 481
4 31 686
4 32 837
4 33 496
4 34 623
4 35 663
4 36 610
4 37 951
4 38 479
4 39 387
4 40 533
4 41 404
4 42 900
4 43 338
4 44 914
4 45 728
4 46 671
4 47 575
4 48 343
4 49 129
4 50 103
4 51 351
4 52 582
4 53 293
4 54 482
4 55 34
4 56 790
4 57 133
4 58 98
4 59 617
4 60 503
4 61 294
4 62 450
4 63 724
4 64 375
4 65 318
4 66 730
4 67 635
4 68 272
4 69 180
4 70 439
4 71 610
4 72 62
4 73 858
4 74 664
4 75 427
4 76 247
4 77 593
4 78 380
4 79 666
4 80 344
4 81 754
4 82 264
4 83 366
4 84 536
4 85 678
4 86 218
4 87 798
4 88 832
4 89 580
4 90 714
4 91 300
4 92 151
4 93 650
4 94 764
4 95 83
4 96 725
4 97 161
4 98 559
4 99 649
4 100 221
5 6 158
5 7 390
5 8 644
5 9 894
5 10 917
5 11 522
5 12 778
5 13 120
5 14 459
5 15 228
5 16 615
5 17 744
5 18 827
5 19 104
5 20 394
5 21 237
5 22 633
5 23 867
5 24 627
5 25 480
5 26 747
5 27 723
5 28 886
5 29 656
5 30 355
5 31 509
5 32 63
5 33 374
5 34 440
5 35 408
5 36 631
5 37 208
5 38 711
5 39 387
5 40 507
5 41 509
5 42 180
5 43 514
5 44 312
5 45 551
5 46 107
5 47 640
5 48 911
5 49 824
5 50 852
5 51 518
5 52 756
5 53 684
5 54 814
5 55 753
5 56 269
5 57 907
5 58 862
5 59 158
5 60 314
5 61 707
5 62 398
5 63 108
5 64 705
5 65 842
5 66 622
5 67 177
5 68 718
5 69 851
5 70 818
5 71 778
5 72 754
5 73 180
5 74 412
5 75 407
5 76 531
5 77 828
5 78 465
5 79 200
5 80 677
5 81 290
5 82 544
5 83 654
5 84 549
5 85 128
5 86 708
5 87 296
5 88 100
5 89 678
5 90 339
5 91 484
5 92 709
5 93 466
5 94 203
5 95 794
5 96 179
5 97 772
5 98 906
5 99 234
5 100 575
6 7 282
6 8 728
6 9 770
6 10 759
6 11 367
6 12 749
6 13 228
6 14 558
6 15 88
6 16 513
6 17 587
6 18 674
6 19 63
6 20 411
6 21 217
6 22 547
6 23 709
6 24 470
6 25 324
6 26 645
6 27 685
6 28 754
6 29 514
6 30 221
6 31 354
6 32 199
6 33 230
6 34 504
6 35 485
6 36 472
6 37 269
6 38 723
6 39 319
6 40 542
6 41 367
6 42 216
6 43 386
6 44 259
6 45 634
6 46 95
6 47 482
6 48 776
6 49 755
6 50 750
6 51 494
6 52 599
6 53 655
6 54 663
6 55 659
6 56 160
6 57 812
6 58 778
6 59 118
6 60 186
6 61 678
6 62 263
6 63 53
6 64 694
6 65 707
6 66 698
6 67 227
6 68 586
6 69 734
6 70 670
6 71 620
6 72 654
6 73 174
6 74 256
6 75 277
6 76 438
6 77 671
6 78 336
6 79 42
6 80 536
6 81 404
6 82 491
6 83 511
6 84 392
6 85 203
6 86 584
6 87 184
6 88 258
6 89 715
6 90 192
6 91 422
6 92 648
6 93 536
6 94 329
6 95 719
6 96 290
6 97 713
6 98 752
6 99 76
6 100 512
7 8 681
7 9 504
7 10 618
7 11 249
7 12 514
7 13 495
7 14 566
7 15 316
7 16 231
7 17 447
7 18 498
7 19 338
7 20 310
7 21 494
7 22 266
7 23 571
7 24 438
7 25 353
7 26 362
7 27 443
7 28 501
7 29 294
7 30 94
7 31 381
7 32 450
7 33 127
7 34 456
7 35 467
7 36 400
7 37 551
7 38 549
7 39 104
7 40 433
7 41 168
7 42 499
7 43 135
7 44 516
7 45 598
7 46 283
7 47 385
7 48 529
7 49 481
7 50 468
7 51 296
7 52 474
7 53 426
7 54 478
7 55 376
7 56 394
7 57 529
7 58 497
7 59 233
7 60 102
7 61 447
7 62 91
7 63 325
7 64 487
7 65 462
7 66 640
7 67 298
7 68 335
7 69 460
7 70 467
7 71 502
7 72 372
7 73 456
7 74 317
7 75 70
7 76 157
7 77 531
7 78 99
7 79 264
7 80 312
7 81 478
7 82 247
7 83 297
7 84 296
7 85 325
7 86 319
7 87 407
7 88 466
7 89 583
7 90 337
7 91 178
7 92 382
7 93 492
7 94 447
7 95 442
7 96 401
7 97 447
7 98 578
7 99 249
7 100 252
8 9 1016
8 10 1285
8 11 930
8 12 531
8 13 733
8 14 190
8 15 816
8 16 742
8 17 1122
8 18 1154
8 19 718
8 20 371
8 21 881
8 22 689
8 23 1241
8 24 1112
8 25 999
8 26 812
8 27 541
8 28 1055
8 29 940
8 30 745
8 31 1030
8 32 679
8 33 785
8 34 232
8 35 243
8 36 1080
8 37 832
8 38 337
8 39 581
8 40 260
8 41 846
8 42 820
8 43 790
8 44 954
8 45 94
8 46 635
8 47 1067
8 48 1090
8 49 718
8 50 879
8 51 448
8 52 1151
8 53 493
8 54 1129
8 55 782
8 56 886
8 57 882
8 58 802
8 59 615
8 60 715
8 61 501
8 62 766
8 63 711
8 64 428
8 65 1040
8 66 46
8 67 501
8 68 932
8 69 946
8 70 1105
8 71 1181
8 72 807
8 73 825
8 74 942
8 75 750
8 76 674
8 77 1202
8 78 775
8 79 756
8 80 951
8 81 361
8 82 546
8 83 947
8 84 976
8 85 532
8 86 886
8 87 912
8 88 595
8 89 221
8 90 909
8 91 566
8 92 627
8 93 196
8 94 450
8 95 727
8 96 465
8 97 648
8 98 1228
8 99 775
8 100 587
9 10 449
9 11 471
9 12 559
9 13 994
9 14 975
9 15 773
9 16 300
9 17 405
9 18 330
9 19 832
9 20 703
9 21 958
9 22 331
9 23 436
9 24 589
9 25 641
9 26 203
9 27 508
9 28 74
9 29 285
9 30 549
9 31 646
9 32 953
9 33 545
9 34 843
9 35 877
9 36 521
9 37 1038
9 38 730
9 39 539
9 40 764
9 41 413
9 42 983
9 43 383
9 44 954
9 45 960
9 46 787
9 47 483
9 48 100
9 49 362
9 50 164
9 51 574
9 52 440
9 53 544
9 54 306
9 55 236
9 56 832
9 57 219
9 58 284
9 59 738
9 60 585
9 61 546
9 62 507
9 63 819
9 64 627
9 65 116
9 66 969
9 67 790
9 68 191
9 69 71
9 70 257
9 71 460
9 72 209
9 73 933
9 74 661
9 75 492
9 76 389
9 77 421
9 78 434
9 79 740
9 80 264
9 81 943
9 82 477
9 83 294
9 84 488
9 85 825
9 86 186
9 87 833
9 88 970
9 89 828
9 90 734
9 91 485
9 92 402
9 93 873
9 94 934
9 95 326
9 96 890
9 97 410
9 98 352
9 99 714
9 100 434
10 11 398
10 12 943
10 13 975
10 14 1184
10 15 712
10 16 568
10 17 175
10 18 139
10 19 821
10 20 919
10 21 864
10 22 640
10 23 50
10 24 332
10 25 470
10 26 572
10 27 877
10 28 375
10 29 347
10 30 588
10 31 452
10 32 958
10 33 557
10 34 1069
10 35 1084
10 36 297
10 37 976
10 38 1073
10 39 710
10 40 1026
10 41 449
10 42 921
10 43 495
10 44 821
10 45 1208
10 46 825
10 47 279
10 48 355
10 49 776
10 50 596
10 51 849
10 52 160
10 53 895
10 54 167
10 55 617
10 56 729
10 57 664
10 58 714
10 59 796
10 60 631
10 61 906
10 62 552
10 63 813
10 64 979
10 65 341
10 66 1241
10 67 898
10 68 384
10 69 498
10 70 208
10 71 142
10 72 585
10 73 866
10 74 530
10 75 558
10 76 616
10 77 89
10 78 518
10 79 718
10 80 340
10 81 1089
10 82 757
10 83 338
10 84 367
10 85 910
10 86 440
10 87 715
10 88 1014
10 89 1145
10 90 619
10 91 722
10 92 768
10 93 1105
10 94 1044
10 95 730
10 96 997
10 97 803
10 98 98
10 99 684
10 100 726
11 12 711
11 13 591
11 14 806
11 15 335
11 16 337
11 17 223
11 18 307
11 19 430
11 20 559
11 21 510
11 22 408
11 23 348
11 24 196
11 25 173
11 26 431
11 27 638
11 28 432
11 29 186
11 30 195
11 31 186
11 32 567
11 33 160
11 34 703
11 35 710
11 36 150
11 37 608
11 38 783
11 39 353
11 40 682
11 41 105
11 42 552
11 43 180
11 44 491
11 45 845
11 46 427
11 47 137
11 48 446
11 49 616
11 50 519
11 51 533
11 52 240
11 53 636
11 54 296
11 55 467
11 56 376
11 57 594
11 58 597
11 59 398
11 60 235
11 61 654
11 62 165
11 63 421
11 64 709
11 65 379
11 66 889
11 67 503
11 68 282
11 69 462
11 70 309
11 71 266
11 72 446
11 73 497
11 74 190
11 75 180
11 76 326
11 77 308
11 78 167
11 79 327
11 80 208
11 81 696
11 82 462
11 83 177
11 84 47
11 85 512
11 86 310
11 87 371
11 88 618
11 89 828
11 90 270
11 91 404
11 92 550
11 93 739
11 94 647
11 95 569
11 96 600
11 97 608
11 98 385
11 99 294
11 100 450
12 13 898
12 14 577
12 15 810
12 16 389
12 17 818
12 18 804
12 19 783
12 20 398
12 21 964
12 22 312
12 23 910
12 24 905
12 25 857
12 26 375
12 27 72
12 28 619
12 29 616
12 30 608
12 31 880
12 32 839
12 33 639
12 34 457
12 35 508
12 36 848
12 37 982
12 38 197
12 39 435
12 40 349
12 41 605
12 42 942
12 43 531
12 44 1006
12 45 513
12 46 696
12 47 819
12 48 652
12 49 205
12 50 398
12 51 260
12 52 855
12 53 94
12 54 775
12 55 332
12 56 892
12 57 376
12 58 293
12 59 646
12 60 608
12 61 71
12 62 597
12 63 770
12 64 106
12 65 625
12 66 489
12 67 605
12 68 558
12 69 488
12 70 736
12 71 884
12 72 364
12 73 915
12 74 829
12 75 571
12 76 386
12 77 879
12 78 552
12 79 748
12 80 615
12 81 643
12 82 267
12 83 628
12 84 756
12 85 655
12 86 502
12 87 909
12 88 800
12 89 312
12 90 849
12 91 337
12 92 174
12 93 470
12 94 688
12 95 234
12 96 662
12 97 149
12 98 860
12 99 744
12 100 265
13 14 544
13 15 263
13 16 725
13 17 807
13 18 898
13 19 164
13 20 512
13 21 176
13 22 747
13 23 926
13 24 665
13 25 516
13 26 856
13 27 843
13 28 981
13 29 743
13 30 447
13 31 542
13 32 60
13 33 458
13 34 545
13 35 507
13 36 681
13 37 98
13 38 827
13 39 503
13 40 620
13 41 595
13 42 97
13 43 611
13 44 259
13 45 643
13 46 217
13 47 696
13 48 1004
13 49 942
13 50 962
13 51 638
13 52 815
13 53 804
13 54 888
13 55 865
13 56 268
13 57 1019
13 58 977
13 59 270
13 60 409
13 61 827
13 62 490
13 63 176
13 64 824
13 65 935
13 66 716
13 67 295
13 68 812
13 69 955
13 70 897
13 71 834
13 72 865
13 73 133
13 74 450
13 75 502
13 76 642
13 77 888
13 78 561
13 79 265
13 80 765
13 81 372
13 82 663
13 83 739
13 84 611
13 85 245
13 86 808
13 87 291
13 88 138
13 89 787
13 90 365
13 91 602
13 92 827
13 93 567
13 94 283
13 95 911
13 96 275
13 97 891
13 98 975
13 99 297
13 100 693
14 15 646
14 16 681
14 17 1013
14 18 1060
14 19 540
14 20 275
14 21 696
14 22 644
14 23 1137
14 24 975
14 25 851
14 26 775
14 27 562
14 28 1002
14 29 848
14 30 613
14 31 882
14 32 491
14 33 651
14 34 133
14 35 100
14 36 951
14 37 642
14 38 412
14 39 476
14 40 232
14 41 735
14 42 632
14 43 691
14 44 771
14 45 107
14 46 463
14 47 944
14 48 1035
14 49 730
14 50 859
14 51 405
14 52 1039
14 53 511
14 54 1038
14 55 755
14 56 711
14 57 879
14 58 805
14 59 452
14 60 577
14 61 527
14 62 641
14 63 535
14 64 472
14 65 978
14 66 180
14 67 333
14 68 859
14 69 909
14 70 1020
14 71 1067
14 72 774
14 73 640
14 74 789
14 75 629
14 76 600
14 77 1097
14 78 665
14 79 590
14 80 863
14 81 172
14 82 499
14 83 854
14 84 849
14 85 356
14 86 821
14 87 738
14 88 405
14 89 318
14 90 746
14 91 494
14 92 622
14 93 109
14 94 261
14 95 727
14 96 280
14 97 660
14 98 1138
14 99 613
14 100 543
15 16 540
15 17 545
15 18 639
15 19 124
15 20 491
15 21 185
15 22 583
15 23 662
15 24 404
15 25 255
15 26 668
15 27 743
15 28 748
15 29 502
15 30 235
15 31 283
15 32 253
15 33 229
15 34 590
15 35 573
15 36 417
15 37 273
15 38 799
15 39 375
15 40 624
15 41 360
15 42 217
15 43 395
15 44 199
15 45 722
15 46 183
15 47 432
15 48 768
15 49 798
15 50 771
15 51 562
15 52 551
15 53 718
15 54 631
15 55 687
15 56 82
15 57 838
15 58 812
15 59 202
15 60 214
15 61 740
15 62 271
15 63 122
15 64 763
15 65 698
15 66 785
15 67 315
15 68 583
15 69 745
15 70 644
15 71 570
15 72 679
15 73 163
15 74 188
15 75 291
15 76 473
15 77 625
15 78 346
15 79 65
15 80 525
15 81 491
15 82 546
15 83 496
15 84 350
15 85 291
15 86 590
15 87 102
15 88 327
15 89 796
15 90 110
15 91 476
15 92 696
15 93 623
15 94 414
15 95 759
15 96 376
15 97 761
15 98 715
15 99 67
15 100 562
16 17 431
16 18 430
16 19 569
16 20 406
16 21 722
16 22 76
16 23 531
16 24 523
16 25 500
16 26 131
16 27 318
16 28 321
16 29 228
16 30 305
16 31 519
16 32 677
16 33 319
16 34 551
16 35 581
16 36 463
16 37 782
16 38 504
16 39 241
16 40 483
16 41 234
16 42 730
16 43 164
16 44 737
16 45 677
16 46 509
16 47 432
16 48 354
16 49 281
16 50 237
16 51 294
16 52 467
16 53 329
16 54 402
16 55 147
16 56 613
16 57 299
16 58 275
16 59 457
16 60 329
16 61 342
16 62 273
16 63 556
16 64 411
16 65 299
16 66 696
16 67 495
16 68 191
16 69 243
16 70 370
16 71 497
16 72 140
16 73 686
16 74 490
16 75 250
16 76 89
16 77 497
16 78 204
16 79 493
16 80 230
16 81 642
16 82 196
16 83 240
16 84 377
16 85 533
16 86 143
16 87 621
16 88 683
16 89 581
16 90 537
16 91 186
16 92 218
16 93 583
16 94 636
16 95 234
16 96 592
16 97 271
16 98 496
16 99 474
16 100 160
17 18 108
17 19 649
17 20 752
17 21 706
17 22 507
17 23 126
17 24 206
17 25 318
17 26 468
17 27 749
17 28 340
17 29 202
17 30 413
17 31 306
17 32 786
17 33 381
17 34 901
17 35 914
17 36 149
17 37 813
17 38 929
17 39 542
17 40 865
17 41 278
17 42 758
17 43 331
17 44 671
17 45 1042
17 46 650
17 47 118
17 48 337
17 49 674
17 50 519
17 51 695
17 52 37
17 53 760
17 54 116
17 55 512
17 56 570
17 57 594
17 58 626
17 59 621
17 60 455
17 61 773
17 62 377
17 63 641
17 64 841
17 65 290
17 66 1078
17 67 722
17 68 273
17 69 431
17 70 156
17 71 66
17 72 482
17 73 703
17 74 370
17 75 385
17 76 464
17 77 86
17 78 348
17 79 546
17 80 204
17 81 914
17 82 607
17 83 190
17 84 195
17 85 734
17 86 326
17 87 559
17 88 840
17 89 993
17 90 459
17 91 565
17 92 644
17 93 937
17 94 868
17 95 626
17 96 822
17 97 688
17 98 173
17 99 512
17 100 582
18 19 737
18 20 791
18 21 807
18 22 501
18 23 110
18 24 314
18 25 423
18 26 435
18 27 738
18 28 258
18 29 214
18 30 482
18 31 413
18 32 874
18 33 456
18 34 941
18 35 960
18 36 257
18 37 911
18 38 934
18 39 584
18 40 894
18 41 334
18 42 855
18 43 369
18 44 776
18 45 1079
18 46 729
18 47 224
18 48 247
18 49 640
18 50 466
18 51 714
18 52 128
18 53 756
18 54 28
18 55 480
18 56 670
18 57 537
18 58 581
18 59 695
18 60 525
18 61 766
18 62 442
18 63 728
18 64 840
18 65 215
18 66 1109
18 67 788
18 68 245
18 69 370
18 70 74
18 71 138
18 72 448
18 73 800
18 74 471
18 75 445
18 76 481
18 77 90
18 78 398
18 79 634
18 80 204
18 81 975
18 82 620
18 83 207
18 84 289
18 85 805
18 86 301
18 87 661
18 88 922
18 89 1008
18 90 560
18 91 588
18 92 629
18 93 977
18 94 937
18 95 594
18 96 890
18 97 664
18 98 80
18 99 601
18 100 588
19 20 425
19 21 183
19 22 598
19 23 771
19 24 524
19 25 376
19 26 701
19 27 722
19 28 817
19 29 578
19 30 283
19 31 405
19 32 136
19 33 293
19 34 500
19 35 475
19 36 531
19 37 213
19 38 742
19 39 363
19 40 551
19 41 431
19 42 164
19 43 448
19 44 242
19 45 624
19 46 91
19 47 542
19 48 840
19 49 803
19 50 806
19 51 524
19 52 660
19 53 689
19 54 726
19 55 713
19 56 172
19 57 867
19 58 830
19 59 137
19 60 246
19 61 712
19 62 325
19 63 13
19 64 721
19 65 770
19 66 691
19 67 221
19 68 648
19 69 794
19 70 734
19 71 681
19 72 710
19 73 131
19 74 308
19 75 339
19 76 491
19 77 732
19 78 398
19 79 103
19 80 600
19 81 377
19 82 531
19 83 575
19 84 454
19 85 185
19 86 645
19 87 199
19 88 204
19 89 724
19 90 234
19 91 465
19 92 692
19 93 530
19 94 295
19 95 768
19 96 262
19 97 757
19 98 816
19 99 137
19 100 556
20 21 608
20 22 375
20 23 874
20 24 743
20 25 637
20 26 507
20 27 355
20 28 728
20 29 578
20 30 377
20 31 668
20 32 451
20 33 416
20 34 150
20 35 174
20 36 709
20 37 603
20 38 318
20 39 210
20 40 134
20 41 475
20 42 570
20 43 423
20 44 665
20 45 289
20 46 333
20 47 695
20 48 760
20 49 497
20 50 597
20 51 155
20 52 781
20 53 309
20 54 768
20 55 491
20 56 570
20 57 627
20 58 560
20 59 293
20 60 350
20 61 330
20 62 395
20 63 414
20 64 314
20 65 703
20 66 330
20 67 216
20 68 584
20 69 639
20 70 748
20 71 810
20 72 507
20 73 553
20 74 585
20 75 379
20 76 325
20 77 834
20 78 404
20 79 426
20 80 591
20 81 260
20 82 233
20 83 584
20 84 604
20 85 266
20 86 546
20 87 593
20 88 404
20 89 305
20 90 567
20 91 219
20 92 380
20 93 185
20 94 291
20 95 483
20 96 264
20 97 432
20 98 868
20 99 437
20 100 277
21 22 761
21 23 816
21 24 538
21 25 393
21 26 851
21 27 901
21 28 932
21 29 684
21 30 419
21 31 414
21 32 211
21 33 414
21 34 674
21 35 644
21 36 566
21 37 119
21 38 926
21 39 537
21 40 731
21 41 545
21 42 80
21 43 581
21 44 82
21 45 788
21 46 275
21 47 589
21 48 950
21 49 972
21 50 955
21 51 707
21 52 707
21 53 870
21 54 801
21 55 869
21 56 136
21 57 1021
21 58 992
21 59 320
21 60 393
21 61 893
21 62 456
21 63 196
21 64 905
21 65 881
21 66 858
21 67 399
21 68 768
21 69 930
21 70 819
21 71 722
21 72 862
21 73 56
21 74 336
21 75 476
21 76 651
21 77 781
21 78 531
21 79 229
21 80 707
21 81 526
21 82 708
21 83 678
21 84 518
21 85 356
21 86 776
21 87 149
21 88 304
21 89 904
21 90 246
21 91 640
21 92 865
21 93 701
21 94 437
21 95 935
21 96 416
21 97 930
21 98 879
21 99 248
21 100 729
22 23 604
22 24 598
22 25 567
22 26 132
22 27 242
22 28 366
22 29 304
22 30 352
22 31 587
22 32 695
22 33 372
22 34 512
22 35 547
22 36 538
22 37 811
22 38 434
22 39 246
22 40 434
22 41 304
22 42 761
22 43 230
22 44 782
22 45 630
22 46 530
22 47 508
22 48 400
22 49 218
22 50 228
22 51 244
22 52 543
22 53 255
22 54 473
22 55 123
22 56 659
22 57 274
22 58 232
22 59 476
22 60 369
22 61 267
22 62 326
22 63 584
22 64 339
22 65 352
22 66 643
22 67 495
22 68 258
22 69 264
22 70 438
22 71 573
22 72 133
22 73 721
22 74 552
22 75 301
22 76 109
22 77 571
22 78 263
22 79 531
22 80 304
22 81 624
22 82 146
22 83 316
22 84 450
22 85 538
22 86 205
22 87 670
22 88 691
22 89 517
22 90 592
22 91 163
22 92 143
22 93 542
22 94 628
22 95 176
22 96 588
22 97 199
22 98 564
22 99 516
22 100 103
23 24 288
23 25 423
23 26 544
23 27 843
23 28 363
23 29 306
23 30 539
23 31 405
23 32 908
23 33 507
23 34 1023
23 35 1038
23 36 249
23 37 927
23 38 1035
23 39 664
23 40 983
23 41 402
23 42 872
23 43 450
23 44 775
23 45 1163
23 46 775
23 47 229
23 48 348
23 49 750
23 50 576
23 51 808
23 52 110
23 53 860
23 54 138
23 55 589
23 56 681
23 57 646
23 58 691
23 59 747
23 60 581
23 61 871
23 62 503
23 63 763
23 64 943
23 65 323
23 66 1197
23 67 849
23 68 352
23 69 479
23 70 184
23 71 94
23 72 558
23 73 817
23 74 481
23 75 510
23 76 575
23 77 40
23 78 472
23 79 668
23 80 301
23 81 1040
23 82 717
23 83 297
23 84 317
23 85 860
23 86 408
23 87 667
23 88 964
23 89 1105
23 90 571
23 91 679
23 92 736
23 93 1059
23 94 994
23 95 703
23 96 948
23 97 773
23 98 102
23 99 634
23 100 688
24 25 149
24 26 601
24 27 832
24 28 532
24 29 326
24 30 366
24 31 124
24 32 658
24 33 327
24 34 881
24 35 883
24 36 68
24 37 653
24 38 979
24 39 542
24 40 870
24 41 300
24 42 601
24 43 375
24 44 490
24 45 1024
24 46 551
24 47 106
24 48 534
24 49 797
24 50 674
24 51 728
24 52 190
24 53 831
24 54 322
24 55 640
24 56 406
24 57 751
24 58 767
24 59 538
24 60 399
24 61 849
24 62 348
24 63 519
24 64 905
24 65 478
24 66 1072
24 67 654
24 68 422
24 69 600
24 70 359
24 71 195
24 72 615
24 73 546
24 74 216
24 75 368
24 76 521
24 77 259
24 78 362
24 79 428
24 80 341
24 81 849
24 82 659
24 83 313
24 84 149
24 85 651
24 86 465
24 87 389
24 88 727
24 89 1021
24 90 301
24 91 600
24 92 740
24 93 918
24 94 787
24 95 749
24 96 743
24 97 795
24 98 370
24 99 395
24 100 645
25 26 603
25 27 784
25 28 596
25 29 357
25 30 265
25 31 31
25 32 508
25 33 227
25 34 767
25 35 763
25 36 173
25 37 506
25 38 902
25 39 453
25 40 770
25 41 266
25 42 453
25 43 337
25 44 353
25 45 908
25 46 410
25 47 199
25 48 606
25 49 781
25 50 692
25 51 649
25 52 315
25 53 774
25 54 423
25 55 636
25 56 259
25 57 768
25 58 767
25 59 403
25 60 287
25 61 794
25 62 263
25 63 372
25 64 840
25 65 542
25 66 962
25 67 522
25 68 455
25 69 635
25 70 449
25 71 328
25 72 617
25 73 398
25 74 67
25 75 287
25 76 472
25 77 389
25 78 306
25 79 282
25 80 377
25 81 714
25 82 595
25 83 346
25 84 153
25 85 514
25 86 484
25 87 244
25 88 580
25 89 930
25 90 151
25 91 529
25 92 705
25 93 803
25 94 647
25 95 735
25 96 605
25 97 766
25 98 491
25 99 251
25 100 592
26 27 316
26 28 250
26 29 277
26 30 433
26 31 618
26 32 808
26 33 443
26 34 643
26 35 679
26 36 535
26 37 914
26 38 532
26 39 367
26 40 560
26 41 339
26 42 861
26 43 279
26 44 863
26 45 757
26 46 641
26 47 500
26 48 284
26 49 206
26 50 105
26 51 372
26 52 505
26 53 346
26 54 406
26 55 44
26 56 739
26 57 170
26 58 166
26 59 588
26 60 459
26 61 350
26 62 398
26 63 687
26 64 430
26 65 250
26 66 766
26 67 620
26 68 195
26 69 134
26 70 364
26 71 533
26 72 14
26 73 817
26 74 602
26 75 376
26 76 216
26 77 516
26 78 325
26 79 623
26 80 268
26 81 756
26 82 276
26 83 290
26 84 465
26 85 660
26 86 141
26 87 746
26 88 812
26 89 627
26 90 657
26 91 294
26 92 206
26 93 672
26 94 757
26 95 159
26 96 715
26 97 231
26 98 486
26 99 603
26 100 233
27 28 564
27 29 546
27 30 537
27 31 808
27 32 785
27 33 567
27 34 436
27 35 484
27 36 776
27 37 925
27 38 224
27 39 368
27 40 330
27 41 533
27 42 883
27 43 458
27 44 941
27 45 510
27 46 637
27 47 747
27 48 598
27 49 176
27 50 353
27 51 206
27 52 785
27 53 51
27 54 709
27 55 275
27 56 825
27 57 343
27 58 261
27 59 585
27 60 539
27 61 40
27 62 525
27 63 708
27 64 120
27 65 566
27 66 497
27 67 553
27 68 492
27 69 437
27 70 671
27 71 815
27 72 306
27 73 853
27 74 757
27 75 499
27 76 313
27 77 811
27 78 479
27 79 682
27 80 546
27 81 609
27 82 197
27 83 558
27 84 683
27 85 603
27 86 436
27 87 841
27 88 752
27 89 331
27 90 779
27 91 268
27 92 110
27 93 454
27 94 647
27 95 191
27 96 618
27 97 108
27 98 796
27 99 677
27 100 192
28 29 248
28 30 534
28 31 598
28 32 943
28 33 525
28 34 872
28 35 902
28 36 465
28 37 1018
28 38 782
28 39 549
28 40 799
28 41 388
28 42 962
28 43 372
28 44 921
28 45 995
28 46 779
28 47 426
28 48 34
28 49 428
28 50 233
28 51 609
28 52 372
28 53 596
28 54 235
28 55 288
28 56 802
28 57 293
28 58 353
28 59 733
28 60 572
28 61 600
28 62 491
28 63 804
28 64 680
28 65 53
28 66 1009
28 67 796
28 68 168
28 69 133
28 70 187
28 71 391
28 72 258
28 73 910
28 74 622
28 75 479
28 76 405
28 77 349
28 78 420
28 79 721
28 80 225
28 81 958
28 82 510
28 83 255
28 84 443
28 85 827
28 86 186
28 87 800
28 88 967
28 89 876
28 90 700
28 91 508
28 92 455
28 93 904
28 94 942
28 95 388
28 96 897
28 97 470
28 98 277
28 99 693
28 100 469
29 30 300
29 31 364
29 32 709
29 33 284
29 34 728
29 35 748
29 36 259
29 37 773
29 38 729
29 39 372
29 40 680
29 41 147
29 42 717
29 43 159
29 44 673
29 45 865
29 46 551
29 47 223
29 48 265
29 49 480
29 50 348
29 51 502
29 52 239
29 53 558
29 54 190
29 55 319
29 56 554
29 57 425
29 58 442
29 59 510
29 60 342
29 61 571
29 62 257
29 63 566
29 64 640
29 65 196
29 66 895
29 67 591
29 68 98
29 69 279
29 70 173
29 71 268
29 72 292
29 73 665
29 74 377
29 75 252
29 76 269
29 77 270
29 78 197
29 79 479
29 80 22
29 81 772
29 82 410
29 83 13
29 84 205
29 85 614
29 86 138
29 87 552
29 88 744
29 89 798
29 90 452
29 91 375
29 92 442
29 93 764
29 94 740
29 95 432
29 96 694
29 97 489
29 98 289
29 99 449
29 100 382
30 31 294
30 32 409
30 33 39
30 34 515
30 35 518
30 36 338
30 37 489
30 38 638
30 39 188
30 40 507
30 41 153
30 42 435
30 43 165
30 44 432
30 45 658
30 46 251
30 47 331
30 48 557
30 49 569
30 50 536
30 51 386
30 52 434
30 53 521
30 54 466
30 55 452
30 56 308
30 57 603
30 58 578
30 59 213
30 60 43
30 61 542
30 62 43
30 63 270
30 64 580
30 65 488
30 66 706
30 67 309
30 68 365
30 69 514
30 70 465
30 71 461
30 72 443
30 73 387
30 74 224
30 75 57
30 76 243
30 77 499
30 78 115
30 79 192
30 80 321
30 81 502
30 82 342
30 83 298
30 84 236
30 85 323
30 86 363
30 87 318
30 88 444
30 89 665
30 90 243
30 91 272
30 92 474
30 93 552
30 94 455
30 95 528
30 96 409
30 97 539
30 98 562
30 99 170
30 100 347
31 32 536
31 33 256
31 34 798
31 35 794
31 36 158
31 37 529
31 38 930
31 39 482
31 40 800
31 41 284
31 42 476
31 43 356
31 44 369
31 45 940
31 46 441
31 47 188
31 48 606
31 49 800
31 50 704
31 51 677
31 52 300
31 53 799
31 54 415
31 55 652
31 56 281
31 57 780
31 58 783
31 59 434
31 60 318
31 61 819
31 62 290
31 63 401
31 64 866
31 65 544
31 66 993
31 67 553
31 68 462
31 69 643
31 70 444
31 71 311
31 72 632
31 73 421
31 74 97
31 75 314
31 76 495
31 77 373
31 78 328
31 79 313
31 80 383
31 81 746
31 82 621
31 83 352
31 84 158
31 85 545
31 86 495
31 87 265
31 88 609
31 89 960
31 90 177
31 91 555
31 92 727
31 93 834
31 94 678
31 95 753
31 96 636
31 97 787
31 98 478
31 99 282
31 100 616
32 33 425
32 34 486
32 35 450
32 36 667
32 37 156
32 38 767
32 39 450
32 40 560
32 41 561
32 42 141
32 43 571
32 44 292
32 45 588
32 46 167
32 47 679
32 48 967
32 49 887
32 50 914
32 51 579
32 52 797
32 53 745
32 54 862
32 55 815
32 56 276
32 57 969
32 58 924
32 59 219
32 60 370
32 61 768
32 62 453
32 63 145
32 64 764
32 65 898
32 66 660
32 67 235
32 68 774
32 69 911
32 70 868
32 71 818
32 72 816
32 73 159
32 74 441
32 75 463
32 76 593
32 77 869
32 78 522
32 79 240
32 80 731
32 81 319
32 82 607
32 83 706
32 84 591
32 85 185
32 86 766
32 87 301
32 88 92
32 89 728
32 90 361
32 91 547
32 92 772
32 93 509
32 94 230
32 95 857
32 96 217
32 97 835
32 98 952
32 99 273
32 100 638
33 34 554
33 35 556
33 36 300
33 37 493
33 38 675
33 39 225
33 40 546
33 41 137
33 42 437
33 43 167
33 44 420
33 45 697
33 46 273
33 47 295
33 48 547
33 49 590
33 50 545
33 51 422
33 52 401
33 53 553
33 54 441
33 55 466
33 56 296
33 57 614
33 58 594
33 59 239
33 60 75
33 61 574
33 62 46
33 63 282
33 64 615
33 65 477
33 66 745
33 67 342
33 68 358
33 69 515
33 70 444
33 71 427
33 72 454
33 73 387
33 74 190
33 75 70
33 76 266
33 77 467
33 78 118
33 79 196
33 80 306
33 81 536
33 82 373
33 83 281
33 84 200
33 85 352
33 86 361
33 87 303
33 88 466
33 89 704
33 90 219
33 91 305
33 92 500
33 93 590
33 94 486
33 95 547
33 96 440
33 97 564
33 98 536
33 99 168
33 100 375
34 35 51
34 36 851
34 37 642
34 38 314
34 39 359
34 40 108
34 41 623
34 42 621
34 43 573
34 44 742
34 45 143
34 46 413
34 47 840
34 48 905
34 49 600
34 50 726
34 51 272
34 52 929
34 53 384
34 54 918
34 55 622
34 56 663
34 57 746
34 58 673
34 59 388
34 60 483
34 61 402
34 62 537
34 63 492
34 64 355
34 65 849
34 66 196
34 67 279
34 68 733
34 69 776
34 70 898
34 71 958
34 72 641
34 73 617
34 74 710
34 75 523
34 76 472
34 77 983
34 78 552
34 79 528
34 80 741
34 81 201
34 82 366
34 83 734
34 84 748
34 85 318
34 86 692
34 87 688
34 88 415
34 89 246
34 90 679
34 91 365
34 92 489
34 93 36
34 94 273
34 95 595
34 96 270
34 97 530
34 98 1018
34 99 546
34 100 409
35 36 857
35 37 605
35 38 365
35 39 375
35 40 159
35 41 636
35 42 587
35 43 590
35 44 714
35 45 149
35 46 391
35 47 848
35 48 935
35 49 646
35 50 765
35 51 312
35 52 941
35 53 433
35 54 937
35 55 660
35 56 642
35 57 789
35 58 717
35 59 372
35 60 483
35 61 451
35 62 544
35 63 468
35 64 407
35 65 878
35 66 215
35 67 257
35 68 759
35 69 812
35 70 920
35 71 969
35 72 678
35 73 587
35 74 704
35 75 532
35 76 499
35 77 998
35 78 566
35 79 513
35 80 762
35 81 152
35 82 402
35 83 753
35 84 754
35 85 290
35 86 721
35 87 668
35 88 374
35 89 293
35 90 667
35 91 394
35 92 534
35 93 60
35 94 229
35 95 639
35 96 232
35 97 577
35 98 1037
35 99 533
35 100 446
36 37 678
36 38 930
36 39 503
36 40 833
36 41 249
36 42 624
36 43 321
36 44 527
36 45 994
36 46 547
36 47 38
36 48 468
36 49 734
36 50 607
36 51 682
36 52 141
36 53 777
36 54 261
36 55 575
36 56 431
36 57 684
36 58 701
36 59 527
36 60 375
36 61 794
36 62 314
36 63 524
36 64 853
36 65 411
36 66 1039
36 67 639
36 68 354
36 69 532
36 70 295
36 71 155
36 72 550
36 73 568
36 74 232
36 75 330
36 76 467
36 77 215
36 78 316
36 79 430
36 80 273
36 81 834
36 82 608
36 83 246
36 84 104
36 85 641
36 86 398
36 87 418
36 88 730
36 89 979
36 90 322
36 91 552
36 92 681
36 93 888
36 94 777
36 95 686
36 96 732
36 97 734
36 98 320
36 99 396
36 100 592
37 38 920
37 39 574
37 40 715
37 41 629
37 42 56
37 43 655
37 44 194
37 45 742
37 46 289
37 47 698
37 48 1039
37 49 1014
37 50 1019
37 51 722
37 52 817
37 53 888
37 54 904
37 55 926
37 56 247
37 57 1080
37 58 1043
37 59 342
37 60 456
37 61 912
37 62 530
37 63 227
37 64 912
37 65 969
37 66 814
37 67 386
37 68 851
37 69 1004
37 70 918
37 71 833
37 72 923
37 73 111
37 74 445
37 75 546
37 76 704
37 77 891
37 78 604
37 79 297
37 80 796
37 81 470
37 82 739
37 83 769
37 84 621
37 85 337
37 86 852
37 87 264
37 88 236
37 89 883
37 90 356
37 91 675
37 92 902
37 93 665
37 94 382
37 95 981
37 96 373
37 97 966
37 98 986
37 99 324
37 100 766
38 39 450
38 40 213
38 41 681
38 42 889
38 43 610
38 44 981
38 45 331
38 46 651
38 47 907
38 48 817
38 49 396
38 50 577
38 51 253
38 52 964
38 53 186
38 54 907
38 55 494
38 56 880
38 57 566
38 58 483
38 59 608
38 60 625
38 61 185
38 62 640
38 63 731
38 64 103
38 65 779
38 66 297
38 67 534
38 68 692
38 69 658
38 70 873
38 71 994
38 72 524
38 73 872
38 74 862
38 75 617
38 76 467
38 77 1000
38 78 616
38 79 734
38 80 734
38 81 514
38 82 323
38 83 740
38 84 830
38 85 583
38 86 639
38 87 901
38 88 710
38 89 116
38 90 861
38 91 378
38 92 328
38 93 314
38 94 578
38 95 415
38 96 564
38 97 331
38 98 999
38 99 739
38 100 347
39 40 329
39 41 265
39 42 527
39 43 215
39 44 572
39 45 499
39 46 287
39 47 488
39 48 580
39 49 440
39 50 470
39 51 198
39 52 571
39 53 343
39 54 562
39 55 368
39 56 457
39 57 520
39 58 474
39 59 233
39 60 177
39 61 366
39 62 194
39 63 349
39 64 396
39 65 517
39 66 538
39 67 253
39 68 393
39 69 484
39 70 545
39 71 600
39 72 372
39 73 491
39 74 412
39 75 174
39 76 151
39 77 624
39 78 194
39 79 314
39 80 387
39 81 408
39 82 172
39 83 378
39 84 399
39 85 293
39 86 363
39 87 473
39 88 445
39 89 480
39 90 418
39 91 103
39 92 329
39 93 395
39 94 395
39 95 408
39 96 351
39 97 394
39 98 662
39 99 309
39 100 193
40 41 592
40 42 687
40 43 533
40 44 793
40 45 196
40 46 459
40 47 817
40 48 833
40 49 498
40 50 636
40 51 190
40 52 896
40 53 278
40 54 869
40 55 535
40 56 702
40 57 650
40 58 574
40 59 424
40 60 482
40 61 295
40 62 521
40 63 540
40 64 247
40 65 782
40 66 215
40 67 333
40 68 672
40 69 695
40 70 844
40 71 925
40 72 557
40 73 676
40 74 719
40 75 503
40 76 414
40 77 944
40 78 521
40 79 559
40 80 690
40 81 303
40 82 288
40 83 688
40 84 729
40 85 379
40 86 626
40 87 725
40 88 498
40 89 173
40 90 701
40 91 305
40 92 392
40 93 123
40 94 365
40 95 497
40 96 352
40 97 428
40 98 968
40 99 571
40 100 330
41 42 573
41 43 74
41 44 541
41 45 764
41 46 405
41 47 227
41 48 409
41 49 515
41 50 433
41 51 434
41 52 306
41 53 531
41 54 315
41 55 370
41 56 419
41 57 507
41 58 502
41 59 366
41 60 196
41 61 548
41 62 111
41 63 419
41 64 604
41 65 340
41 66 803
41 67 454
41 68 223
41 69 390
41 70 312
41 71 335
41 72 352
41 73 522
41 74 263
41 75 111
41 76 220
41 77 362
41 78 71
41 79 333
41 80 169
41 81 641
41 82 359
41 83 145
41 84 150
41 85 473
41 86 234
41 87 421
41 88 598
41 89 731
41 90 325
41 91 303
41 92 445
41 93 660
41 94 603
41 95 468
41 96 556
41 97 503
41 98 414
41 99 304
41 100 344
42 43 600
42 44 162
42 45 728
42 46 246
42 47 643
42 48 982
42 49 967
42 50 967
42 51 682
42 52 762
42 53 848
42 54 848
42 55 875
42 56 194
42 57 1029
42 58 993
42 59 297
42 60 403
42 61 871
42 62 475
42 63 177
42 64 876
42 65 913
42 66 800
42 67 355
42 68 795
42 69 949
42 70 861
42 71 779
42 72 871
42 73 55
42 74 391
42 75 492
42 76 653
42 77 836
42 78 549
42 79 242
42 80 740
42 81 460
42 82 694
42 83 712
42 84 565
42 85 308
42 86 797
42 87 213
42 88 232
42 89 858
42 90 301
42 91 629
42 92 856
42 93 646
42 94 371
42 95 932
42 96 356
42 97 921
42 98 930
42 99 268
42 100 719
43 44 586
43 45 712
43 46 407
43 47 296
43 48 398
43 49 444
43 50 379
43 51 366
43 52 363
43 53 456
43 54 347
43 55 306
43 56 462
43 57 449
43 58 436
43 59 361
43 60 201
43 61 474
43 62 125
43 63 435
43 64 531
43 65 329
43 66 747
43 67 434
43 68 204
43 69 349
43 70 333
43 71 392
43 72 291
43 73 551
43 74 326
43 75 108
43 76 146
43 77 411
43 78 50
43 79 358
43 80 177
43 81 612
43 82 287
43 83 163
43 84 225
43 85 460
43 86 197
43 87 468
43 88 596
43 89 665
43 90 378
43 91 236
43 92 371
43 93 609
43 94 583
43 95 398
43 96 536
43 97 430
43 98 447
43 99 333
43 100 270
44 45 861
44 46 333
44 47 553
44 48 937
44 49 998
44 50 965
44 51 753
44 52 668
44 53 913
44 54 773
44 55 885
44 56 124
44 57 1034
44 58 1011
44 59 372
44 60 413
44 61 936
44 62 465
44 63 252
44 64 953
44 65 869
44 66 930
44 67 463
44 68 762
44 69 931
44 70 795
44 71 680
44 72 875
44 73 133
44 74 305
44 75 487
44 76 673
44 77 742
44 78 538
44 79 258
44 80 696
44 81 602
44 82 744
44 83 666
44 84 492
44 85 424
44 86 776
44 87 121
44 88 385
44 89 966
44 90 221
44 91 675
44 92 896
44 93 770
44 94 515
44 95 958
44 96 491
44 97 961
44 98 845
44 99 267
44 100 761
45 46 541
45 47 983
45 48 1029
45 49 684
45 50 832
45 51 386
45 52 1071
45 53 459
45 54 1055
45 55 731
45 56 792
45 57 843
45 58 764
45 59 522
45 60 625
45 61 472
45 62 680
45 63 617
45 64 407
45 65 977
45 66 74
45 67 407
45 68 864
45 69 892
45 70 1033
45 71 1100
45 72 754
45 73 732
45 74 850
45 75 666
45 76 604
45 77 1124
45 78 693
45 79 662
45 80 877
45 81 272
45 82 485
45 83 872
45 84 890
45 85 438
45 86 820
45 87 817
45 88 506
45 89 225
45 90 816
45 91 495
45 92 584
45 93 106
45 94 359
45 95 688
45 96 372
45 97 614
45 98 1155
45 99 682
45 100 527
46 47 552
46 48 805
46 49 727
46 50 746
46 51 436
46 52 666
46 53 602
46 54 715
46 55 648
46 56 251
46 57 802
46 58 760
46 59 53
46 60 209
46 61 625
46 62 294
46 63 81
46 64 631
46 65 736
46 66 606
46 67 134
46 68 611
46 69 743
46 70 716
46 71 689
46 72 648
46 73 221
46 74 344
46 75 301
46 76 425
46 77 735
46 78 359
46 79 130
46 80 572
46 81 309
46 82 450
46 83 550
46 84 458
46 85 108
46 86 600
46 87 276
46 88 193
46 89 633
46 90 286
46 91 387
46 92 613
46 93 444
46 94 237
46 95 695
46 96 196
46 97 678
46 98 809
46 99 159
46 100 478
47 48 430
47 49 700
47 50 570
47 51 661
47 52 119
47 53 750
47 54 227
47 55 541
47 56 453
47 57 647
47 58 665
47 59 528
47 60 371
47 61 766
47 62 303
47 63 534
47 64 827
47 65 373
47 66 1026
47 67 637
47 68 317
47 69 494
47 70 259
47 71 138
47 72 514
47 73 588
47 74 253
47 75 317
47 76 442
47 77 193
47 78 296
47 79 440
47 80 236
47 81 832
47 82 584
47 83 210
47 84 95
47 85 643
47 86 362
47 87 441
47 88 738
47 89 959
47 90 343
47 91 531
47 92 651
47 93 877
47 94 778
47 95 652
47 96 733
47 97 702
47 98 291
47 99 406
47 100 565
48 49 459
48 50 263
48 51 643
48 52 367
48 53 630
48 54 226
48 55 322
48 56 819
48 57 320
48 58 383
48 59 759
48 60 597
48 61 634
48 62 514
48 63 828
48 64 714
48 65 69
48 66 1043
48 67 825
48 68 194
48 69 165
48 70 180
48 71 383
48 72 292
48 73 930
48 74 636
48 75 504
48 76 437
48 77 337
48 78 445
48 79 743
48 80 243
48 81 989
48 82 544
48 83 272
48 84 454
48 85 855
48 86 217
48 87 817
48 88 994
48 89 910
48 90 716
48 91 541
48 92 489
48 93 937
48 94 972
48 95 420
48 96 926
48 97 503
48 98 257
48 99 714
48 100 503
49 50 198
49 51 341
49 52 712
49 53 225
49 54 612
49 55 162
49 56 876
49 57 170
49 58 88
49 59 673
49 60 584
49 61 216
49 62 544
49 63 789
49 64 294
49 65 442
49 66 673
49 67 668
49 68 402
49 69 294
49 70 568
49 71 739
49 72 192
49 73 929
49 74 769
49 75 519
49 76 326
49 77 723
49 78 481
49 79 743
49 80 472
49 81 758
49 82 282
49 83 493
49 84 655
49 85 716
49 86 347
49 87 887
49 88 869
49 89 507
49 90 810
49 91 340
49 92 118
49 93 621
49 94 782
49 95 48
49 96 748
49 97 70
49 98 686
49 99 730
49 100 249
50 51 453
50 52 556
50 53 393
50 54 438
50 55 106
50 56 841
50 57 77
50 58 120
50 59 694
50 60 564
50 61 392
50 62 500
50 63 793
50 64 473
50 65 255
50 66 833
50 67 723
50 68 253
50 69 99
50 70 391
50 71 581
50 72 97
50 73 922
50 74 697
50 75 480
50 76 321
50 77 553
50 78 427
50 79 727
50 80 333
50 81 851
50 82 364
50 83 360
50 84 548
50 85 764
50 86 210
50 87 847
50 88 916
50 89 681
50 90 756
50 91 392
50 92 253
50 93 753
50 94 857
50 95 164
50 96 816
50 97 250
50 98 502
50 99 707
50 100 320
51 52 728
51 53 166
51 54 688
51 55 349
51 56 644
51 57 476
51 58 406
51 59 387
51 60 374
51 61 189
51 62 387
51 63 512
51 64 201
51 65 592
51 66 402
51 67 346
51 68 485
51 69 506
51 70 661
51 71 758
51 72 370
51 73 656
51 74 610
51 75 364
51 76 232
51 77 770
51 78 366
51 79 497
51 80 510
51 81 416
51 82 99
51 83 511
51 84 580
51 85 396
51 86 438
51 87 663
51 88 545
51 89 298
51 90 614
51 91 130
51 92 225
51 93 300
51 94 444
51 95 329
51 96 413
51 97 276
51 98 785
51 99 498
51 100 140
52 53 796
52 54 142
52 55 549
52 56 571
52 57 631
52 58 664
52 59 639
52 60 475
52 61 810
52 62 400
52 63 652
52 64 877
52 65 323
52 66 1108
52 67 743
52 68 310
52 69 467
52 70 186
52 71 30
52 72 520
52 73 707
52 74 371
52 75 409
52 76 498
52 77 74
52 78 377
52 79 557
52 80 241
52 81 936
52 82 642
52 83 227
52 84 207
52 85 753
52 86 364
52 87 559
52 88 854
52 89 1027
52 90 461
52 91 597
52 92 682
52 93 966
52 94 888
52 95 664
52 96 841
52 97 726
52 98 180
52 99 523
52 100 617
53 54 728
53 55 308
53 56 800
53 57 389
53 58 308
53 59 551
53 60 518
53 61 23
53 62 512
53 63 676
53 64 84
53 65 594
53 66 448
53 67 512
53 68 511
53 69 472
53 70 692
53 71 826
53 72 338
53 73 820
53 74 743
53 75 487
53 76 310
53 77 826
53 78 472
53 79 655
53 80 560
53 81 560
53 82 179
53 83 569
53 84 681
53 85 562
53 86 457
53 87 817
53 88 709
53 89 287
53 90 760
53 91 248
53 92 142
53 93 402
53 94 600
53 95 235
53 96 573
53 97 155
53 98 818
53 99 652
53 100 186
54 55 451
54 56 665
54 57 510
54 58 553
54 59 679
54 60 509
54 61 738
54 62 426
54 63 716
54 64 812
54 65 190
54 66 1084
54 67 770
54 68 217
54 69 343
54 70 48
54 71 157
54 72 420
54 73 793
54 74 468
54 75 426
54 76 456
54 77 115
54 78 378
54 79 623
54 80 178
54 81 956
54 82 594
54 83 184
54 84 283
54 85 788
54 86 273
54 87 657
54 88 908
54 89 982
54 90 556
54 91 563
54 92 601
54 93 954
54 94 919
54 95 565
54 96 872
54 97 636
54 98 100
54 99 590
54 100 562
55 56 760
55 57 154
55 58 131
55 59 595
55 60 476
55 61 311
55 62 420
55 63 699
55 64 392
55 65 292
55 66 736
55 67 619
55 68 239
55 69 164
55 70 409
55 71 577
55 72 32
55 73 832
55 74 632
55 75 397
55 76 223
55 77 561
55 78 349
55 79 639
55 80 310
55 81 745
55 82 258
55 83 332
55 84 502
55 85 661
55 86 185
55 87 769
55 88 814
55 89 592
55 90 683
55 91 286
55 92 166
55 93 650
55 94 751
55 95 114
55 96 711
55 97 186
55 98 530
55 99 621
55 100 214
56 57 910
56 58 887
56 59 278
56 60 292
56 61 822
56 62 341
56 63 176
56 64 845
56 65 751
56 66 857
56 67 385
56 68 641
56 69 808
56 70 684
56 71 587
56 72 750
56 73 140
56 74 200
56 75 363
56 76 550
56 77 646
56 78 414
56 79 146
56 80 576
56 81 550
56 82 628
56 83 547
56 84 382
56 85 355
56 86 653
56 87 26
56 88 362
56 89 875
56 90 110
56 91 557
56 92 775
56 93 695
56 94 467
56 95 836
56 96 435
56 97 841
56 98 743
56 99 148
56 100 642
57 58 82
57 59 749
57 60 628
57 61 383
57 62 569
57 63 853
57 64 463
57 65 323
57 66 837
57 67 769
57 68 329
57 69 166
57 70 462
57 71 655
57 72 159
57 73 985
57 74 771
57 75 547
57 76 377
57 77 625
57 78 496
57 79 792
57 80 410
57 81 885
57 82 395
57 83 438
57 84 625
57 85 812
57 86 287
57 87 916
57 88 966
57 89 675
57 90 828
57 91 434
57 92 258
57 93 771
57 94 898
57 95 154
57 96 859
57 97 235
57 98 568
57 99 773
57 100 353
58 59 706
58 60 599
58 61 301
58 62 548
58 63 816
58 64 381
58 65 374
58 66 757
58 67 715
58 68 354
58 69 219
58 70 507
58 71 690
58 72 152
58 73 953
58 74 763
58 75 525
58 76 340
58 77 667
58 78 479
58 79 762
58 80 431
58 81 820
58 82 332
58 83 455
58 84 632
58 85 760
58 86 304
58 87 896
58 88 915
58 89 593
58 90 813
58 91 380
58 92 183
58 93 696
58 94 838
58 95 77
58 96 801
58 97 153
58 98 621
58 99 745
58 100 293
59 60 169
59 61 575
59 62 254
59 63 124
59 64 584
59 65 691
59 66 584
59 67 119
59 68 565
59 69 693
59 70 678
59 71 664
59 72 596
59 73 269
59 74 339
59 75 258
59 76 373
59 77 707
59 78 315
59 79 140
59 80 531
59 81 311
59 82 397
59 83 510
59 84 433
59 85 114
59 86 552
59 87 302
59 88 234
59 89 597
59 90 294
59 91 333
59 92 560
59 93 421
59 94 250
59 95 641
59 96 205
59 97 624
59 98 775
59 99 161
59 100 424
60 61 540
60 62 85
60 63 234
60 64 573
60 65 528
60 66 676
60 67 267
60 68 404
60 69 547
60 70 508
60 71 502
60 72 469
60 73 357
60 74 238
60 75 93
60 76 259
60 77 541
60 78 152
60 79 163
60 80 363
60 81 461
60 82 341
60 83 341
60 84 275
60 85 280
60 86 398
60 87 305
60 88 401
60 89 645
60 90 241
60 91 271
60 92 484
60 93 519
60 94 413
60 95 545
60 96 366
60 97 549
60 98 606
60 99 146
60 100 352
61 62 532
61 63 699
61 64 81
61 65 600
61 66 457
61 67 535
61 68 521
61 69 474
61 70 701
61 71 839
61 72 341
61 73 844
61 74 764
61 75 507
61 76 327
61 77 838
61 78 491
61 79 678
61 80 572
61 81 581
61 82 200
61 83 582
61 84 699
61 85 585
61 86 466
61 87 839
61 88 732
61 89 291
61 90 781
61 91 269
61 92 144
61 93 418
61 94 622
61 95 231
61 96 595
61 97 148
61 98 827
61 99 675
61 100 203
62 63 313
62 64 576
62 65 445
62 66 725
62 67 346
62 68 322
62 69 474
62 70 423
62 71 428
62 72 409
62 73 426
62 74 232
62 75 25
62 76 220
62 77 463
62 78 74
62 79 233
62 80 278
62 81 537
62 82 332
62 83 256
62 84 210
62 85 362
62 86 322
62 87 348
62 88 486
62 89 674
62 90 265
62 91 266
62 92 454
62 93 574
62 94 494
62 95 501
62 96 447
62 97 518
62 98 523
62 99 208
62 100 332
63 64 709
63 65 758
63 66 683
63 67 213
63 68 636
63 69 781
63 70 723
63 71 673
63 72 696
63 73 144
63 74 304
63 75 326
63 76 477
63 77 724
63 78 385
63 79 94
63 80 589
63 81 374
63 82 518
63 83 563
63 84 445
63 85 178
63 86 632
63 87 203
63 88 208
63 89 714
63 90 232
63 91 452
63 92 678
63 93 522
63 94 293
63 95 754
63 96 258
63 97 743
63 98 806
63 99 128
63 100 542
64 65 679
64 66 384
64 67 528
64 68 596
64 69 555
64 70 777
64 71 907
64 72 422
64 73 853
64 74 804
64 75 552
64 76 385
64 77 909
64 78 543
64 79 698
64 80 642
64 81 546
64 82 246
64 83 651
64 84 755
64 85 578
64 86 542
64 87 864
64 88 718
64 89 213
64 90 814
64 91 310
64 92 225
64 93 366
64 94 597
64 95 311
64 96 576
64 97 227
64 98 902
64 99 699
64 100 261
65 66 994
65 67 759
65 68 126
65 69 157
65 70 142
65 71 343
65 72 261
65 73 861
65 74 569
65 75 435
65 76 378
65 77 306
65 78 377
65 79 673
65 80 174
65 81 926
65 82 493
65 83 203
65 84 389
65 85 788
65 86 157
65 87 749
65 88 926
65 89 868
65 90 648
65 91 484
65 92 456
65 93 883
65 94 907
65 95 400
65 96 861
65 97 479
65 98 246
65 99 644
65 100 454
66 67 471
66 68 886
66 69 899
66 70 1060
66 71 1138
66 72 761
66 73 802
66 74 906
66 75 709
66 76 629
66 77 1158
66 78 732
66 79 724
66 80 906
66 81 346
66 82 500
66 83 903
66 84 935
66 85 506
66 86 840
66 87 882
66 88 579
66 89 182
66 90 876
66 91 521
66 92 581
66 93 162
66 94 432
66 95 682
66 96 444
66 97 604
66 98 1183
66 99 742
66 100 540
67 68 632
67 69 738
67 70 763
67 71 769
67 72 625
67 73 343
67 74 458
67 75 343
67 76 405
67 77 808
67 78 394
67 79 257
67 80 610
67 81 195
67 82 386
67 83 593
67 84 541
67 85 50
67 86 610
67 87 410
67 88 201
67 89 505
67 90 412
67 91 335
67 92 550
67 93 310
67 94 149
67 95 643
67 96 102
67 97 611
67 98 868
67 99 280
67 100 422
68 69 181
68 70 180
68 71 337
68 72 209
68 73 744
68 74 471
68 75 311
68 76 260
68 77 322
68 78 252
68 79 554
68 80 81
68 81 801
68 82 387
68 83 110
68 84 304
68 85 661
68 86 55
68 87 641
68 88 800
68 89 772
68 90 543
68 91 368
68 92 383
68 93 767
68 94 780
68 95 354
68 96 734
68 97 421
68 98 306
68 99 526
68 100 351
69 70 296
69 71 491
69 72 138
69 73 901
69 74 648
69 75 457
69 76 333
69 77 459
69 78 400
69 79 707
69 80 261
69 81 883
69 82 410
69 83 291
69 84 485
69 85 775
69 86 155
69 87 811
69 88 923
69 89 757
69 90 716
69 91 423
69 92 330
69 93 806
69 94 879
69 95 255
69 96 836
69 97 339
69 98 403
69 99 683
69 100 366
70 71 204
70 72 377
70 73 807
70 74 489
70 75 421
70 76 430
70 77 164
70 78 370
70 79 632
70 80 157
70 81 945
70 82 565
70 83 170
70 84 303
70 85 785
70 86 235
70 87 677
70 88 909
70 89 951
70 90 575
70 91 539
70 92 562
70 93 933
70 94 913
70 95 522
70 96 866
70 97 595
70 98 126
70 99 600
70 100 530
71 72 547
71 73 723
71 74 387
71 75 438
71 76 528
71 77 64
71 78 406
71 79 578
71 80 270
71 81 963
71 82 672
71 83 256
71 84 230
71 85 778
71 86 392
71 87 573
71 88 877
71 89 1057
71 90 477
71 91 627
71 92 711
71 93 995
71 94 913
71 95 692
71 96 867
71 97 754
71 98 177
71 99 544
71 100 647
72 73 827
72 74 615
72 75 387
72 76 223
72 77 530
72 78 337
72 79 633
72 80 282
72 81 758
72 82 275
72 83 305
72 84 480
72 85 666
72 86 155
72 87 757
72 88 818
72 89 620
72 90 670
72 91 297
72 92 197
72 93 670
72 94 761
72 95 145
72 96 720
72 97 218
72 98 498
72 99 613
72 100 231
73 74 336
73 75 444
73 76 612
73 77 781
73 78 501
73 79 194
73 80 687
73 81 470
73 82 661
73 83 660
73 84 510
73 85 299
73 86 748
73 87 161
73 88 252
73 89 848
73 90 246
73 91 594
73 92 820
73 93 644
73 94 382
73 95 893
73 96 360
73 97 886
73 98 875
73 99 218
73 100 684
74 75 257
74 76 451
74 77 445
74 78 288
74 79 215
74 80 398
74 81 649
74 82 564
74 83 368
74 84 186
74 85 448
74 86 494
74 87 189
74 88 512
74 89 883
74 90 89
74 91 495
74 92 685
74 93 746
74 94 581
74 95 724
74 96 539
74 97 748
74 98 543
74 99 184
74 100 565
75 76 195
75 77 470
75 78 58
75 79 250
75 80 272
75 81 531
75 82 308
75 83 252
75 84 226
75 85 363
75 86 306
75 87 371
75 88 492
75 89 653
75 90 290
75 91 241
75 92 429
75 93 560
75 94 492
75 95 477
75 96 445
75 97 493
75 98 525
75 99 227
75 100 307
76 77 538
76 78 166
76 79 421
76 80 277
76 81 554
76 82 143
76 83 278
76 84 371
76 85 444
76 86 221
76 87 561
76 88 595
76 89 530
76 90 485
76 91 108
76 92 234
76 93 506
76 94 546
76 95 285
76 96 503
76 97 297
76 98 554
76 99 406
76 100 124
77 78 432
77 79 629
77 80 266
77 81 1000
77 82 680
77 83 260
77 84 278
77 85 820
77 86 378
77 87 633
77 88 925
77 89 1068
77 90 535
77 91 642
77 92 704
77 93 1020
77 94 954
77 95 676
77 96 908
77 97 743
77 98 113
77 99 596
77 100 652
78 79 307
78 80 217
78 81 577
78 82 296
78 83 199
78 84 214
78 85 417
78 86 248
78 87 420
78 88 549
78 89 663
78 90 333
78 91 237
78 92 399
78 93 589
78 94 543
78 95 436
78 96 496
78 97 461
78 98 478
78 99 283
78 100 287
79 80 502
79 81 440
79 82 486
79 83 475
79 84 351
79 85 238
79 86 555
79 87 167
79 88 300
79 89 732
79 90 156
79 91 416
79 92 638
79 93 561
79 94 367
79 95 705
79 96 327
79 97 704
79 98 712
79 99 34
79 100 503
80 81 789
80 82 417
80 83 30
80 84 225
80 85 634
80 86 127
80 87 575
80 88 765
80 89 805
80 90 475
80 91 385
80 92 441
80 93 776
80 94 759
80 95 424
80 96 713
80 97 484
80 98 277
80 99 472
80 100 386
81 82 490
81 83 775
81 84 736
81 85 202
81 86 772
81 87 577
81 88 234
81 89 445
81 90 596
81 91 461
81 92 641
81 93 211
81 94 89
81 95 743
81 96 115
81 97 692
81 98 1055
81 99 467
81 100 533
82 83 420
82 84 509
82 85 433
82 86 339
82 87 644
82 88 587
82 89 388
82 90 582
82 91 70
82 92 164
82 93 396
82 94 505
82 95 258
82 96 468
82 97 227
82 98 690
82 99 480
82 100 44
83 84 194
83 85 615
83 86 152
83 87 545
83 88 743
83 89 808
83 90 445
83 91 383
83 92 455
83 93 770
83 94 742
83 95 445
83 96 695
83 97 501
83 98 284
83 99 445
83 100 392
84 85 548
84 86 338
84 87 374
84 88 647
84 89 875
84 90 272
84 91 451
84 92 593
84 93 784
84 94 683
84 95 608
84 96 637
84 97 649
84 98 364
84 99 317
84 100 495
85 86 642
85 87 381
85 88 154
85 89 550
85 90 394
85 91 380
85 92 598
85 93 346
85 94 135
85 95 690
85 96 91
85 97 659
85 98 885
85 99 265
85 100 468
86 87 655
86 88 786
86 89 721
86 90 560
86 91 327
86 92 327
86 93 726
86 94 756
86 95 299
86 96 711
86 97 365
86 98 360
86 99 530
86 100 302
87 88 388
87 89 898
87 90 101
87 91 573
87 92 789
87 93 720
87 94 494
87 95 846
87 96 461
87 97 854
87 98 732
87 99 164
87 100 657
88 89 660
88 90 438
88 91 534
88 92 752
88 93 434
88 94 146
88 95 844
88 96 146
88 97 812
88 98 1001
88 99 334
88 100 622
89 90 871
89 91 429
89 92 428
89 93 235
89 94 519
89 95 522
89 96 514
89 97 439
89 98 1077
89 99 742
89 100 420
90 91 512
90 92 718
90 93 714
90 94 521
90 95 767
90 96 482
90 97 782
90 98 633
90 99 133
90 100 590
91 92 226
91 93 398
91 94 465
91 95 310
91 96 425
91 97 291
91 98 662
91 99 409
91 100 90
92 93 513
92 94 664
92 95 105
92 96 629
92 97 65
92 98 687
92 99 628
92 100 136
93 94 289
93 95 619
93 96 291
93 97 551
93 98 1053
93 99 580
93 100 439
94 95 763
94 96 46
94 97 720
94 98 1017
94 99 397
94 100 545
95 96 727
95 97 85
95 98 642
95 99 691
95 100 221
96 97 687
96 98 970
96 99 355
96 100 507
97 98 717
97 99 694
97 100 201
98 99 679
98 100 656
99 100 494
