100 4950
1 2 619
1 3 695
1 4 696
1 5 611
1 6 574
1 7 268
1 8 262
1 9 986
1 10 538
1 11 786
1 12 205
1 13 258
1 14 675
1 15 863
1 16 948
1 17 524
1 18 955
1 19 322
1 20 155
1 21 882
1 22 652
1 23 520
1 24 465
1 25 706
1 26 760
1 27 557
1 28 600
1 29 494
1 30 842
1 31 993
1 32 218
1 33 231
1 34 789
1 35 498
1 36 46
1 37 882
1 38 580
1 39 266
1 40 592
1 41 320
1 42 664
1 43 816
1 44 554
1 45 998
1 46 986
1 47 870
1 48 715
1 49 497
1 50 284
1 51 324
1 52 881
1 53 243
1 54 321
1 55 1034
1 56 643
1 57 288
1 58 217
1 59 636
1 60 884
1 61 478
1 62 737
1 63 261
1 64 662
1 65 543
1 66 709
1 67 569
1 68 761
1 69 212
1 70 451
1 71 624
1 72 837
1 73 526
1 74 289
1 75 240
1 76 562
1 77 731
1 78 832
1 79 462
1 80 618
1 81 956
1 82 922
1 83 887
1 84 483
1 85 557
1 86 967
1 87 950
1 88 342
1 89 811
1 90 1187
1 91 763
1 92 993
1 93 657
1 94 919
1 95 636
1 96 484
1 97 229
1 98 834
1 99 665
1 100 688
2 3 941
2 4 178
2 5 152
2 6 871
2 7 475
2 8 675
2 9 1083
2 10 899
2 11 440
2 12 417
2 13 765
2 14 263
2 15 714
2 16 822
2 17 926
2 18 1074
2 19 722
2 20 634
2 21 892
2 22 783
2 23 897
2 24 358
2 25 309
2 26 160
2 27 705
2 28 363
2 29 133
2 30 765
2 31 660
2 32 823
2 33 389
2 34 702
2 35 635
2 36 573
2 37 595
2 38 117
2 39 674
2 40 208
2 41 841
2 42 359
2 43 483
2 44 624
2 45 747
2 46 1187
2 47 1126
2 48 303
2 49 158
2 50 483
2 51 340
2 52 650
2 53 376
2 54 365
2 55 695
2 56 36
2 57 331
2 58 438
2 59 544
2 60 413
2 61 150
2 62 948
2 63 561
2 64 182
2 65 137
2 66 639
2 67 132
2 68 1069
2 69 509
2 70 793
2 71 308
2 72 448
2 73 482
2 74 356
2 75 686
2 76 364
2 77 177
2 78 1044
2 79 453
2 80 615
2 81 1181
2 82 698
2 83 514
2 84 136
2 85 325
2 86 604
2 87 621
2 88 278
2 89 406
2 90 876
2 91 868
2 92 884
2 93 601
2 94 542
2 95 378
2 96 781
2 97 848
2 98 422
2 99 785
2 100 821
3 4 868
3 5 816
3 6 123
3 7 539
3 8 432
3 9 323
3 10 192
3 11 714
3 12 698
3 13 470
3 14 769
3 15 514
3 16 518
3 17 245
3 18 285
3 19 373
3 20 539
3 21 339
3 22 183
3 23 217
3 24 582
3 25 756
3 26 1095
3 27 236
3 28 620
3 29 826
3 30 426
3 31 770
3 32 633
3 33 717
3 34 429
3 35 306
3 36 690
3 37 675
3 38 830
3 39 428
3 40 758
3 41 459
3 42 670
3 43 707
3 44 324
3 45 680
3 46 292
3 47 190
3 48 770
3 49 786
3 50 520
3 51 654
3 52 612
3 53 744
3 54 624
3 55 799
3 56 977
3 57 773
3 58 628
3 59 458
3 60 880
3 61 814
3 62 56
3 63 474
3 64 830
3 65 803
3 66 413
3 67 813
3 68 140
3 69 553
3 70 245
3 71 687
3 72 772
3 73 467
3 74 670
3 75 456
3 76 599
3 77 912
3 78 137
3 79 487
3 80 365
3 81 266
3 82 617
3 83 772
3 84 866
3 85 635
3 86 794
3 87 746
3 88 799
3 89 781
3 90 858
3 91 194
3 92 522
3 93 409
3 94 788
3 95 629
3 96 211
3 97 714
3 98 796
3 99 190
3 100 164
4 5 85
4 6 820
4 7 491
4 8 685
4 9 964
4 10 863
4 11 270
4 12 493
4 13 788
4 14 108
4 15 563
4 16 669
4 17 900
4 18 960
4 19 719
4 20 672
4 21 763
4 22 695
4 23 866
4 24 311
4 25 145
4 26 264
4 27 633
4 28 250
4 29 223
4 30 626
4 31 483
4 32 879
4 33 469
4 34 567
4 35 572
4 36 650
4 37 425
4 38 122
4 39 683
4 40 121
4 41 860
4 42 217
4 43 312
4 44 543
4 45 576
4 46 1088
4 47 1043
4 48 136
4 49 202
4 50 492
4 51 377
4 52 487
4 53 466
4 54 391
4 55 517
4 56 199
4 57 429
4 58 488
4 59 429
4 60 238
4 61 235
4 62 865
4 63 569
4 64 40
4 65 155
4 66 515
4 67 129
4 68 1004
4 69 539
4 70 763
4 71 183
4 72 271
4 73 401
4 74 408
4 75 703
4 76 269
4 77 44
4 78 954
4 79 396
4 80 514
4 81 1088
4 82 534
4 83 337
4 84 264
4 85 234
4 86 426
4 87 446
4 88 384
4 89 230
4 90 699
4 91 764
4 92 731
4 93 487
4 94 364
4 95 250
4 96 740
4 97 918
4 98 244
4 99 694
4 100 729
5 6 759
5 7 410
5 8 606
5 9 937
5 10 797
5 11 294
5 12 407
5 13 707
5 14 117
5 15 562
5 16 669
5 17 831
5 18 930
5 19 643
5 20 588
5 21 743
5 22 650
5 23 798
5 24 242
5 25 165
5 26 284
5 27 579
5 28 214
5 29 147
5 30 614
5 31 522
5 32 794
5 33 384
5 34 552
5 35 514
5 36 564
5 37 448
5 38 48
5 39 604
5 40 59
5 41 780
5 42 206
5 43 338
5 44 493
5 45 600
5 46 1050
5 47 996
5 48 162
5 49 119
5 50 411
5 51 292
5 52 500
5 53 381
5 54 307
5 55 559
5 56 184
5 57 346
5 58 403
5 59 397
5 60 304
5 61 157
5 62 818
5 63 490
5 64 54
5 65 73
5 66 491
5 67 47
5 68 949
5 69 456
5 70 694
5 71 157
5 72 312
5 73 349
5 74 323
5 75 622
5 76 222
5 77 123
5 78 910
5 79 333
5 80 474
5 81 1047
5 82 548
5 83 378
5 84 196
5 85 183
5 86 470
5 87 481
5 88 303
5 89 272
5 90 740
5 91 727
5 92 731
5 93 456
5 94 409
5 95 227
5 96 675
5 97 832
5 98 291
5 99 650
5 100 686
6 7 439
6 8 312
6 9 441
6 10 86
6 11 702
6 12 592
6 13 346
6 14 728
6 15 552
6 16 578
6 17 145
6 18 404
6 19 252
6 20 420
6 21 421
6 22 203
6 23 108
6 24 517
6 25 722
6 26 1029
6 27 199
6 28 580
6 29 750
6 30 475
6 31 794
6 32 511
6 33 614
6 34 461
6 35 247
6 36 572
6 37 690
6 38 766
6 39 309
6 40 703
6 41 338
6 42 638
6 43 702
6 44 290
6 45 721
6 46 412
6 47 298
6 48 737
6 49 714
6 50 422
6 51 564
6 52 636
6 53 641
6 54 534
6 55 827
6 56 907
6 57 673
6 58 525
6 59 441
6 60 864
6 61 737
6 62 173
6 63 367
6 64 780
6 65 736
6 66 423
6 67 750
6 68 204
6 69 446
6 70 123
6 71 645
6 72 762
6 73 421
6 74 575
6 75 335
6 76 553
6 77 864
6 78 260
6 79 425
6 80 352
6 81 382
6 82 651
6 83 772
6 84 784
6 85 585
6 86 808
6 87 764
6 88 704
6 89 765
6 90 909
6 91 270
6 92 593
6 93 404
6 94 793
6 95 595
6 96 98
6 97 592
6 98 782
6 99 217
6 100 209
7 8 200
7 9 781
7 10 444
7 11 527
7 12 163
7 13 297
7 14 442
7 15 599
7 16 688
7 17 461
7 18 757
7 19 247
7 20 185
7 21 646
7 22 439
7 23 437
7 24 208
7 25 465
7 26 634
7 27 341
7 28 342
7 29 342
7 30 586
7 31 726
7 32 398
7 33 178
7 34 529
7 35 268
7 36 232
7 37 615
7 38 395
7 39 199
7 40 373
7 41 370
7 42 409
7 43 554
7 44 309
7 45 730
7 46 823
7 47 729
7 48 475
7 49 321
7 50 20
7 51 137
7 52 613
7 53 205
7 54 110
7 55 768
7 56 508
7 57 234
7 58 93
7 59 369
7 60 642
7 61 327
7 62 566
7 63 86
7 64 452
7 65 358
7 66 448
7 67 380
7 68 644
7 69 57
7 70 336
7 71 378
7 72 582
7 73 258
7 74 137
7 75 213
7 76 303
7 77 533
7 78 667
7 79 194
7 80 362
7 81 803
7 82 654
7 83 627
7 84 363
7 85 306
7 86 704
7 87 684
7 88 265
7 89 560
7 90 919
7 91 550
7 92 737
7 93 395
7 94 659
7 95 376
7 96 341
7 97 451
7 98 583
7 99 449
7 100 479
8 9 728
8 10 284
8 11 678
8 12 309
8 13 109
8 14 625
8 15 669
8 16 738
8 17 284
8 18 695
8 19 63
8 20 107
8 21 642
8 22 404
8 23 270
8 24 383
8 25 640
8 26 834
8 27 316
8 28 503
8 29 542
8 30 627
8 31 849
8 32 262
8 33 336
8 34 584
8 35 274
8 36 260
8 37 735
8 38 595
8 39 4
8 40 565
8 41 175
8 42 572
8 43 697
8 44 340
8 45 823
8 46 724
8 47 609
8 48 652
8 49 521
8 50 195
8 51 335
8 52 712
8 53 362
8 54 310
8 55 888
8 56 708
8 57 403
8 58 253
8 59 464
8 60 813
8 61 526
8 62 474
8 63 116
8 64 646
8 65 558
8 66 511
8 67 579
8 68 505
8 69 172
8 70 190
8 71 552
8 72 738
8 73 373
8 74 327
8 75 31
8 76 466
8 77 728
8 78 569
8 79 328
8 80 416
8 81 694
8 82 746
8 83 773
8 84 559
8 85 480
8 86 839
8 87 809
8 88 446
8 89 723
8 90 1019
8 91 512
8 92 775
8 93 465
8 94 802
8 95 533
8 96 222
8 97 336
8 98 745
8 99 417
8 100 436
9 10 516
9 11 736
9 12 945
9 13 783
9 14 856
9 15 444
9 16 380
9 17 568
9 18 41
9 19 676
9 20 832
9 21 206
9 22 342
9 23 541
9 24 745
9 25 825
9 26 1220
9 27 441
9 28 723
9 29 994
9 30 354
9 31 690
9 32 951
9 33 957
9 34 403
9 35 513
9 36 972
9 37 633
9 38 966
9 39 724
9 40 878
9 41 780
9 42 746
9 43 711
9 44 486
9 45 564
9 46 190
9 47 272
9 48 838
9 49 948
9 50 761
9 51 867
9 52 553
9 53 983
9 54 838
9 55 703
9 56 1118
9 57 1001
9 58 874
9 59 540
9 60 892
9 61 986
9 62 268
9 63 739
9 64 932
9 65 949
9 66 448
9 67 951
9 68 371
9 69 812
9 70 555
9 71 784
9 72 780
9 73 611
9 74 893
9 75 755
9 76 719
9 77 1003
9 78 212
9 79 659
9 80 471
9 81 226
9 82 532
9 83 752
9 84 1044
9 85 758
9 86 736
9 87 683
9 88 1014
9 89 805
9 90 692
9 91 232
9 92 344
9 93 482
9 94 756
9 95 715
9 96 510
9 97 1032
9 98 811
9 99 332
9 100 302
10 11 767
10 12 585
10 13 292
10 14 778
10 15 634
10 16 664
10 17 59
10 18 477
10 19 221
10 20 388
10 21 507
10 22 287
10 23 24
10 24 554
10 25 776
10 26 1059
10 27 268
10 28 632
10 29 772
10 30 559
10 31 872
10 32 447
10 33 609
10 34 543
10 35 300
10 36 542
10 37 765
10 38 800
10 39 282
10 40 744
10 41 270
10 42 693
10 43 770
10 44 354
10 45 803
10 46 463
10 47 337
10 48 790
10 49 740
10 50 430
10 51 577
10 52 715
10 53 637
10 54 547
10 55 905
10 56 934
10 57 673
10 58 522
10 59 508
10 60 926
10 61 758
10 62 248
10 63 364
10 64 823
10 65 767
10 66 500
10 67 783
10 68 223
10 69 439
10 70 108
10 71 695
10 72 828
10 73 473
10 74 581
10 75 300
10 76 602
10 77 908
10 78 321
10 79 466
10 80 422
10 81 427
10 82 732
10 83 842
10 84 802
10 85 631
10 86 883
10 87 840
10 88 709
10 89 827
10 90 992
10 91 356
10 92 680
10 93 476
10 94 865
10 95 650
10 96 123
10 97 527
10 98 846
10 99 301
10 100 295
11 12 606
11 13 788
11 14 178
11 15 306
11 16 406
11 17 816
11 18 740
11 19 689
11 20 707
11 21 530
11 22 531
11 23 777
11 24 321
11 25 130
11 26 531
11 27 502
11 28 185
11 29 427
11 30 384
11 31 231
11 32 920
11 33 593
11 34 333
11 35 468
11 36 743
11 37 155
11 38 342
11 39 675
11 40 257
11 41 848
11 42 123
11 43 43
11 44 413
11 45 307
11 46 884
11 47 866
11 48 136
11 49 384
11 50 517
11 51 472
11 52 218
11 53 602
11 54 468
11 55 270
11 56 466
11 57 582
11 58 570
11 59 260
11 60 165
11 61 431
11 62 696
11 63 578
11 64 257
11 65 352
11 66 309
11 67 335
11 68 855
11 69 584
11 70 685
11 71 173
11 72 61
11 73 309
11 74 513
11 75 704
11 76 223
11 77 296
11 78 770
11 79 350
11 80 352
11 81 894
11 82 264
11 83 101
11 84 482
11 85 229
11 86 188
11 87 188
11 88 554
11 89 69
11 90 448
11 91 568
11 92 468
11 93 305
11 94 134
11 95 150
11 96 647
11 97 978
11 98 81
11 99 525
11 100 556
12 13 372
12 14 479
12 15 735
12 16 831
12 17 592
12 18 921
12 19 370
12 20 234
12 21 805
12 22 603
12 23 574
12 24 295
12 25 514
12 26 565
12 27 504
12 28 425
12 29 289
12 30 734
12 31 826
12 32 406
12 33 29
12 34 674
12 35 431
12 36 158
12 37 720
12 38 375
12 39 310
12 40 393
12 41 447
12 42 483
12 43 640
12 44 468
12 45 850
12 46 985
12 47 887
12 48 521
12 49 292
12 50 184
12 51 133
12 52 732
12 53 53
12 54 142
12 55 867
12 56 444
12 57 98
12 58 70
12 59 504
12 60 689
12 61 273
12 62 727
12 63 225
12 64 460
12 65 338
12 66 592
12 67 365
12 68 796
12 69 147
12 70 480
12 71 437
12 72 653
12 73 392
12 74 93
12 75 307
12 76 390
12 77 527
12 78 829
12 79 326
12 80 513
12 81 964
12 82 777
12 83 708
12 84 284
12 85 377
12 86 793
12 87 782
12 88 148
12 89 623
12 90 1031
12 91 713
12 92 884
12 93 539
12 94 741
12 95 461
12 96 494
12 97 431
12 98 646
12 99 613
12 100 643
13 14 732
13 15 769
13 16 832
13 17 269
13 18 748
13 19 119
13 20 138
13 21 721
13 22 480
13 23 271
13 24 491
13 25 749
13 26 922
13 27 402
13 28 613
13 29 631
13 30 721
13 31 956
13 32 171
13 33 401
13 34 682
13 35 372
13 36 275
13 37 842
13 38 692
13 39 113
13 40 669
13 41 76
13 42 682
13 43 807
13 44 440
13 45 926
13 46 754
13 47 630
13 48 760
13 49 615
13 50 296
13 51 426
13 52 818
13 53 425
13 54 403
13 55 996
13 56 796
13 57 470
13 58 330
13 59 571
13 60 922
13 61 615
13 62 519
13 63 219
13 64 749
13 65 655
13 66 612
13 67 677
13 68 514
13 69 256
13 70 228
13 71 660
13 72 848
13 73 482
13 74 410
13 75 85
13 76 575
13 77 830
13 78 606
13 79 438
13 80 517
13 81 719
13 82 849
13 83 883
13 84 642
13 85 588
13 86 948
13 87 917
13 88 518
13 89 832
13 90 1122
13 91 582
13 92 866
13 93 568
13 94 912
13 95 643
13 96 275
13 97 251
13 98 855
13 99 494
13 100 507
14 15 458
14 16 564
14 17 818
14 18 852
14 19 652
14 20 627
14 21 655
14 22 593
14 23 782
14 24 241
14 25 48
14 26 370
14 27 537
14 28 149
14 29 256
14 30 518
14 31 405
14 32 840
14 33 460
14 34 459
14 35 481
14 36 630
14 37 332
14 38 164
14 39 622
14 40 90
14 41 801
14 42 109
14 43 221
14 44 445
14 45 484
14 46 982
14 47 941
14 48 47
14 49 217
14 50 438
14 51 350
14 52 387
14 53 463
14 54 356
14 55 442
14 56 291
14 57 434
14 58 459
14 59 323
14 60 210
14 61 262
14 62 763
14 63 512
14 64 83
14 65 179
14 66 407
14 67 159
14 68 907
14 69 495
14 70 681
14 71 83
14 72 197
14 73 307
14 74 387
14 75 646
14 76 175
14 77 147
14 78 851
14 79 314
14 80 410
14 81 983
14 82 435
14 83 262
14 84 308
14 85 149
14 86 354
14 87 364
14 88 398
14 89 158
14 90 623
14 91 658
14 92 626
14 93 381
14 94 293
14 95 144
14 96 654
14 97 886
14 98 179
14 99 592
14 100 626
15 16 107
15 17 692
15 18 454
15 19 651
15 20 739
15 21 239
15 22 348
15 23 652
15 24 453
15 25 418
15 26 828
15 27 381
15 28 363
15 29 662
15 30 95
15 31 261
15 32 931
15 33 734
15 34 91
15 35 397
15 36 831
15 37 188
15 38 602
15 39 664
15 40 509
15 41 807
15 42 355
15 43 274
15 44 329
15 45 169
15 46 611
15 47 622
15 48 428
15 49 613
15 50 581
15 51 615
15 52 110
15 53 752
15 54 596
15 55 286
15 56 746
15 57 750
15 58 676
15 59 231
15 60 451
15 61 660
15 62 477
15 63 608
15 64 540
15 65 598
15 66 157
15 67 590
15 68 646
15 69 651
15 70 590
15 71 406
15 72 341
15 73 343
15 74 653
15 75 700
15 76 379
15 77 596
15 78 525
15 79 409
15 80 253
15 81 629
15 82 103
15 83 309
15 84 717
15 85 413
15 86 297
15 87 245
15 88 741
15 89 371
15 90 360
15 91 329
15 92 169
15 93 206
15 94 312
15 95 339
15 96 539
15 97 1004
15 98 374
15 99 336
15 100 353
16 17 723
16 18 399
16 19 712
16 20 816
16 21 195
16 22 377
16 23 684
16 24 555
16 25 523
16 26 933
16 27 432
16 28 470
16 29 769
16 30 110
16 31 311
16 32 999
16 33 832
16 34 159
16 35 464
16 36 918
16 37 271
16 38 709
16 39 733
16 40 616
16 41 863
16 42 463
16 43 370
16 44 399
16 45 185
16 46 561
16 47 594
16 48 533
16 49 721
16 50 669
16 51 715
16 52 192
16 53 851
16 54 694
16 55 323
16 56 853
16 57 852
16 58 770
16 59 328
16 60 540
16 61 767
16 62 473
16 63 689
16 64 647
16 65 705
16 66 240
16 67 698
16 68 639
16 69 738
16 70 636
16 71 514
16 72 435
16 73 439
16 74 752
16 75 769
16 76 486
16 77 700
16 78 501
16 79 504
16 80 330
16 81 586
16 82 159
16 83 393
16 84 824
16 85 520
16 86 361
16 87 309
16 88 845
16 89 468
16 90 340
16 91 324
16 92 62
16 93 293
16 94 390
16 95 447
16 96 584
16 97 1074
16 98 468
16 99 363
16 100 370
17 18 528
17 19 222
17 20 381
17 21 566
17 22 347
17 23 40
17 24 589
17 25 819
17 26 1086
17 27 322
17 28 675
17 29 797
17 30 618
17 31 928
17 32 411
17 33 618
17 34 601
17 35 347
17 36 533
17 37 820
17 38 831
17 39 282
17 40 780
17 41 233
17 42 738
17 43 821
17 44 405
17 45 861
17 46 501
17 47 371
17 48 833
17 49 768
17 50 448
17 51 597
17 52 772
17 53 644
17 54 568
17 55 962
17 56 961
17 57 683
17 58 532
17 59 559
17 60 973
17 61 782
17 62 301
17 63 377
17 64 860
17 65 797
17 66 556
17 67 814
17 68 249
17 69 449
17 70 137
17 71 737
17 72 877
17 73 517
17 74 597
17 75 294
17 76 643
17 77 945
17 78 367
17 79 504
17 80 475
17 81 462
17 82 790
17 83 894
17 84 823
17 85 670
17 86 937
17 87 895
17 88 722
17 89 875
17 90 1051
17 91 415
17 92 739
17 93 530
17 94 917
17 95 695
17 96 168
17 97 489
17 98 894
17 99 360
17 100 354
18 19 642
18 20 800
18 21 215
18 22 317
18 23 502
18 24 730
18 25 824
18 26 1214
18 27 416
18 28 715
18 29 981
18 30 362
18 31 706
18 32 915
18 33 934
18 34 406
18 35 490
18 36 943
18 37 643
18 38 957
18 39 691
18 40 870
18 41 743
18 42 743
18 43 716
18 44 468
18 45 584
18 46 162
18 47 232
18 48 837
18 49 935
18 50 736
18 51 847
18 52 565
18 53 960
18 54 818
18 55 722
18 56 1109
18 57 979
18 58 850
18 59 532
18 60 898
18 61 972
18 62 230
18 63 711
18 64 927
18 65 939
18 66 444
18 67 941
18 68 329
18 69 785
18 70 519
18 71 779
18 72 786
18 73 597
18 74 872
18 75 722
18 76 709
18 77 1000
18 78 170
18 79 643
18 80 459
18 81 194
18 82 547
18 83 761
18 84 1029
18 85 749
18 86 750
18 87 697
18 88 994
18 89 808
18 90 719
18 91 211
18 92 368
18 93 474
18 94 767
18 95 710
18 96 476
18 97 996
18 98 816
18 99 309
18 100 277
19 20 169
19 21 603
19 22 362
19 23 207
19 24 411
19 25 663
19 26 881
19 27 282
19 28 522
19 29 589
19 30 602
19 31 846
19 32 289
19 33 396
19 34 563
19 35 254
19 36 322
19 37 732
19 38 635
19 39 61
19 40 598
19 41 161
19 42 590
19 43 704
19 44 322
19 45 810
19 46 664
19 47 548
19 48 675
19 49 565
19 50 238
19 51 384
19 52 703
19 53 422
19 54 357
19 55 885
19 56 755
19 57 462
19 58 311
19 59 459
19 60 831
19 61 574
19 62 418
19 63 161
19 64 679
19 65 599
19 66 495
19 67 619
19 68 441
19 69 228
19 70 128
19 71 575
19 72 750
19 73 380
19 74 380
19 75 82
19 76 485
19 77 763
19 78 511
19 79 344
19 80 400
19 81 634
19 82 733
19 83 780
19 84 611
19 85 504
19 86 841
19 87 808
19 88 502
19 89 738
19 90 1006
19 91 467
19 92 746
19 93 453
19 94 808
19 95 549
19 96 166
19 97 368
19 98 760
19 99 376
19 100 391
20 21 736
20 22 502
20 23 372
20 24 392
20 25 650
20 26 789
20 27 409
20 28 524
20 29 501
20 30 708
20 31 896
20 32 214
20 33 263
20 34 659
20 35 356
20 36 153
20 37 783
20 38 568
20 39 111
20 40 556
20 41 213
20 42 592
20 43 731
20 44 417
20 45 885
20 46 831
20 47 717
20 48 660
20 49 489
20 50 191
20 51 299
20 52 770
20 53 286
20 54 281
20 55 937
20 56 664
20 57 332
20 58 196
20 59 521
20 60 827
20 61 484
20 62 581
20 63 133
20 64 634
20 65 531
20 66 582
20 67 555
20 68 610
20 69 132
20 70 297
20 71 563
20 72 763
20 73 418
20 74 278
20 75 88
20 76 485
20 77 712
20 78 677
20 79 361
20 80 487
20 81 802
20 82 807
20 83 806
20 84 508
20 85 491
20 86 879
20 87 855
20 88 380
20 89 743
20 90 1078
20 91 612
20 92 858
20 93 532
20 94 837
20 95 557
20 96 329
20 97 272
20 98 766
20 99 515
20 100 536
21 22 241
21 23 530
21 24 570
21 25 622
21 26 1023
21 27 327
21 28 529
21 29 813
21 30 148
21 31 493
21 32 892
21 33 812
21 34 198
21 35 385
21 36 861
21 37 428
21 38 775
21 39 638
21 40 684
21 41 738
21 42 546
21 43 504
21 44 337
21 45 377
21 46 372
21 47 399
21 48 635
21 49 765
21 50 626
21 51 709
21 52 349
21 53 836
21 54 683
21 55 512
21 56 926
21 57 847
21 58 737
21 59 349
21 60 685
21 61 807
21 62 289
21 63 622
21 64 734
21 65 762
21 66 252
21 67 760
21 68 449
21 69 687
21 70 503
21 71 587
21 72 573
21 73 437
21 74 741
21 75 673
21 76 530
21 77 801
21 78 306
21 79 494
21 80 298
21 81 394
21 82 333
21 83 547
21 84 865
21 85 569
21 86 535
21 87 483
21 88 852
21 89 598
21 90 532
21 91 151
21 92 184
21 93 294
21 94 551
21 95 517
21 96 451
21 97 972
21 98 604
21 99 227
21 100 217
22 23 307
22 24 428
22 25 577
22 26 933
22 27 99
22 28 445
22 29 678
22 30 271
22 31 596
22 32 651
22 33 616
22 34 258
22 35 172
22 36 635
22 37 496
22 38 669
22 39 399
22 40 591
22 41 498
22 42 491
22 43 523
22 44 159
22 45 517
22 46 405
22 47 347
22 48 591
22 49 635
22 50 419
22 51 531
22 52 437
22 53 642
22 54 501
22 55 627
22 56 819
22 57 662
22 58 533
22 59 276
22 60 696
22 61 669
22 62 170
22 63 399
22 64 659
22 65 646
22 66 231
22 67 653
22 68 324
22 69 470
22 70 264
22 71 512
22 72 589
22 73 301
22 74 555
22 75 434
22 76 429
22 77 739
22 78 260
22 79 335
22 80 184
22 81 398
22 82 449
22 83 589
22 84 724
22 85 466
22 86 615
22 87 569
22 88 678
22 89 598
22 90 705
22 91 111
22 92 398
22 93 226
22 94 607
22 95 451
22 96 212
22 97 730
22 98 613
22 99 14
22 100 40
23 24 556
23 25 782
23 26 1057
23 27 282
23 28 638
23 29 769
23 30 579
23 31 887
23 32 424
23 33 599
23 34 560
23 35 309
23 36 525
23 37 779
23 38 799
23 39 268
23 40 746
23 41 246
23 42 700
23 43 781
23 44 365
23 45 821
23 46 486
23 47 359
23 48 796
23 49 738
23 50 423
23 51 571
23 52 731
23 53 626
23 54 542
23 55 921
23 56 932
23 57 664
23 58 512
23 59 520
23 60 934
23 61 755
23 62 272
23 63 355
23 64 826
23 65 766
23 66 515
23 67 783
23 68 242
23 69 429
23 70 104
23 71 700
23 72 838
23 73 479
23 74 574
23 75 284
23 76 607
23 77 911
23 78 345
23 79 469
23 80 435
23 81 449
23 82 749
23 83 854
23 84 797
23 85 635
23 86 897
23 87 855
23 88 701
23 89 836
23 90 1011
23 91 379
23 92 701
23 93 490
23 94 877
23 95 657
23 96 129
23 97 504
23 98 855
23 99 321
23 100 316
24 25 258
24 26 513
24 27 347
24 28 135
24 29 251
24 30 469
24 31 532
24 32 607
24 33 288
24 34 406
24 35 277
24 36 423
24 37 425
24 38 249
24 39 381
24 40 190
24 41 559
24 42 201
24 43 351
24 44 268
24 45 555
24 46 834
24 47 767
24 48 270
24 49 207
24 50 201
24 51 165
24 52 438
24 53 303
24 54 152
24 55 573
24 56 394
24 57 297
24 58 250
24 59 230
24 60 434
24 61 242
24 62 590
24 63 271
24 64 271
24 65 221
24 66 327
24 67 232
24 68 712
24 69 265
24 70 452
24 71 170
24 72 374
24 73 134
24 74 206
24 75 405
24 76 97
24 77 356
24 78 687
24 79 94
24 80 274
24 81 825
24 82 484
24 83 422
24 84 298
24 85 98
24 86 503
24 87 488
24 88 290
24 89 351
24 90 736
24 91 520
24 92 612
24 93 278
24 94 454
24 95 170
24 96 433
24 97 660
24 98 374
24 99 431
24 100 467
25 26 410
25 27 527
25 28 144
25 29 302
25 30 483
25 31 357
25 32 863
25 33 496
25 34 425
25 35 476
25 36 662
25 37 285
25 38 212
25 39 637
25 40 134
25 41 815
25 42 86
25 43 173
25 44 435
25 45 437
25 46 958
25 47 923
25 48 14
25 49 263
25 50 459
25 51 383
25 52 343
25 53 501
25 54 386
25 55 395
25 56 337
25 57 475
25 58 489
25 59 302
25 60 178
25 61 308
25 62 747
25 63 530
25 64 127
25 65 226
25 66 379
25 67 207
25 68 895
25 69 519
25 70 683
25 71 88
25 72 150
25 73 303
25 74 422
25 75 663
25 76 178
25 77 179
25 78 831
25 79 320
25 80 393
25 81 962
25 82 390
25 83 215
25 84 356
25 85 160
25 86 307
25 87 316
25 88 441
25 89 113
25 90 575
25 91 635
25 92 585
25 93 358
25 94 246
25 95 128
25 96 653
25 97 913
25 98 135
25 99 574
25 100 608
26 27 859
26 28 498
26 29 292
26 30 889
26 31 729
26 32 971
26 33 535
26 34 829
26 35 790
26 36 716
26 37 684
26 38 265
26 39 833
26 40 344
26 41 998
26 42 478
26 43 572
26 44 775
26 45 833
26 46 1334
26 47 1278
26 48 400
26 49 318
26 50 643
26 51 498
26 52 750
26 53 519
26 54 524
26 55 758
26 56 126
26 57 472
26 58 593
26 59 681
26 60 455
26 61 308
26 62 1099
26 63 720
26 64 289
26 65 293
26 66 772
26 67 281
26 68 1225
26 69 666
26 70 953
26 71 436
26 72 522
26 73 631
26 74 511
26 75 843
26 76 506
26 77 235
26 78 1194
26 79 608
26 80 759
26 81 1331
26 82 796
26 83 584
26 84 281
26 85 467
26 86 667
26 87 695
26 88 419
26 89 482
26 90 936
26 91 1012
26 92 995
26 93 739
26 94 607
26 95 506
26 96 940
26 97 989
26 98 491
26 99 934
26 100 970
27 28 387
27 29 594
27 30 321
27 31 606
27 32 571
27 33 518
27 34 289
27 35 75
27 36 538
27 37 497
27 38 594
27 39 311
27 40 522
27 41 431
27 42 441
27 43 503
27 44 92
27 45 547
27 46 494
27 47 420
27 48 541
27 49 553
27 50 320
27 51 436
27 52 451
27 53 544
27 54 406
27 55 641
27 56 741
27 57 565
27 58 434
27 59 242
27 60 664
27 61 583
27 62 243
27 63 301
27 64 594
27 65 568
27 66 235
27 67 577
27 68 371
27 69 371
27 70 209
27 71 454
27 72 563
27 73 231
27 74 458
27 75 347
27 76 364
27 77 678
27 78 342
27 79 252
27 80 154
27 81 481
27 82 473
27 83 574
27 84 636
27 85 399
27 86 615
27 87 573
27 88 583
27 89 565
27 90 741
27 91 210
27 92 463
27 93 208
27 94 596
27 95 399
27 96 160
27 97 649
27 98 583
27 99 109
27 100 138
28 29 298
28 30 404
28 31 401
28 32 738
28 33 414
28 34 340
28 35 333
28 36 558
28 37 298
28 38 246
28 39 500
28 40 155
28 41 677
28 42 68
28 43 216
28 44 296
28 45 438
28 46 839
28 47 793
28 48 158
28 49 250
28 50 333
28 51 292
28 52 324
28 53 426
28 54 284
28 55 442
28 56 397
28 57 412
28 58 385
28 59 183
28 60 309
28 61 296
28 62 615
28 63 397
28 64 214
28 65 237
28 66 276
28 67 232
28 68 758
28 69 399
28 70 539
28 71 67
28 72 239
28 73 159
28 74 333
28 75 528
28 76 38
28 77 293
28 78 704
28 79 177
28 80 264
28 81 838
28 82 373
28 83 287
28 84 354
28 85 52
28 86 369
28 87 357
28 88 392
28 89 220
28 90 609
28 91 515
28 92 531
28 93 241
28 94 319
28 95 35
28 96 509
28 97 794
28 98 243
28 99 444
28 100 479
29 30 698
29 31 658
29 32 693
29 33 262
29 34 634
29 35 521
29 36 447
29 37 574
29 38 101
29 39 541
29 40 169
29 41 707
29 42 319
29 43 469
29 44 519
29 45 723
29 46 1084
29 47 1014
29 48 303
29 49 48
29 50 351
29 51 206
29 52 616
29 53 253
29 54 232
29 55 696
29 56 166
29 57 211
29 58 305
29 59 464
29 60 451
29 61 16
29 62 838
29 63 428
29 64 201
29 65 76
29 66 563
29 67 99
29 68 950
29 69 375
29 70 665
29 71 264
29 72 453
29 73 383
29 74 222
29 75 552
29 76 286
29 77 248
29 78 936
29 79 343
29 80 522
29 81 1075
29 82 665
29 83 518
29 84 56
29 85 249
29 86 609
29 87 616
29 88 163
29 89 414
29 90 876
29 91 771
29 92 830
29 93 519
29 94 549
29 95 324
29 96 657
29 97 721
29 98 435
29 99 682
29 100 718
30 31 356
30 32 888
30 33 736
30 34 64
30 35 354
30 36 814
30 37 281
30 38 650
30 39 623
30 40 557
30 41 753
30 42 411
30 43 356
30 44 290
30 45 254
30 46 516
30 47 527
30 48 495
30 49 650
30 50 566
30 51 623
30 52 204
30 53 757
30 54 601
30 55 379
30 56 798
30 57 761
30 58 670
30 59 239
30 60 537
30 61 694
30 62 386
30 63 581
30 64 599
30 65 641
30 66 142
30 67 636
30 68 555
30 69 634
30 70 527
30 71 457
30 72 425
30 73 345
30 74 659
30 75 659
30 76 412
30 77 662
30 78 430
30 79 409
30 80 224
30 81 534
30 82 196
30 83 399
30 84 753
30 85 449
30 86 392
30 87 340
30 88 759
30 89 451
30 90 434
30 91 236
30 92 151
30 93 194
30 94 405
30 95 387
30 96 475
30 97 964
30 98 457
30 99 258
30 100 269
31 32 1104
31 33 815
31 34 341
31 35 598
31 36 953
31 37 114
31 38 570
31 39 845
31 40 488
31 41 1007
31 42 349
31 43 190
31 44 532
31 45 134
31 46 866
31 47 883
31 48 360
31 49 615
31 50 713
31 51 693
31 52 158
31 53 826
31 54 684
31 55 41
31 56 683
31 57 809
31 58 782
31 59 386
31 60 280
31 61 663
31 62 736
31 63 763
31 64 479
31 65 583
31 66 371
31 67 564
31 68 905
31 69 784
31 70 811
31 71 402
31 72 212
31 73 479
31 74 734
31 75 878
31 76 435
31 77 499
31 78 786
31 79 535
31 80 455
31 81 887
31 82 160
31 83 146
31 84 713
31 85 451
31 86 64
31 87 43
31 88 784
31 89 253
31 90 217
31 91 589
31 92 358
31 93 400
31 94 121
31 95 365
31 96 765
31 97 1169
31 98 239
31 99 585
31 100 607
32 33 435
32 34 846
32 35 535
32 36 258
32 37 990
32 38 770
32 39 266
32 40 766
32 41 178
32 42 806
32 43 944
32 44 602
32 45 1084
32 46 910
32 47 782
32 48 874
32 49 688
32 50 405
32 51 502
32 52 972
32 53 452
32 54 488
32 55 1145
32 56 850
32 57 499
32 58 392
32 59 723
32 60 1041
32 61 677
32 62 685
32 63 343
32 64 842
32 65 732
32 66 774
32 67 757
32 68 660
32 69 344
32 70 398
32 71 777
32 72 977
32 73 626
32 74 474
32 75 231
32 76 699
32 77 917
32 78 767
32 79 573
32 80 678
32 81 873
32 82 1007
32 83 1019
32 84 690
32 85 705
32 86 1090
32 87 1064
32 88 552
32 89 957
32 90 1280
32 91 753
32 92 1034
32 93 727
32 94 1049
32 95 771
32 96 446
32 97 81
32 98 981
32 99 665
32 100 678
33 34 675
33 35 443
33 36 185
33 37 711
33 38 350
33 39 336
33 40 372
33 41 477
33 42 469
33 43 628
33 44 476
33 45 843
33 46 1002
33 47 906
33 48 503
33 49 267
33 50 198
33 51 122
33 52 726
33 53 27
33 54 137
33 55 856
33 56 414
33 57 68
33 58 88
33 59 504
33 60 670
33 61 246
33 62 745
33 63 247
33 64 437
33 65 314
33 66 594
33 67 340
33 68 817
33 69 170
33 70 504
33 71 422
33 72 638
33 73 392
33 74 81
33 75 334
33 76 380
33 77 502
33 78 846
33 79 327
33 80 518
33 81 982
33 82 772
33 83 694
33 84 255
33 85 364
33 86 780
33 87 771
33 88 118
33 89 606
33 90 1022
33 91 725
33 92 885
33 93 541
33 94 727
33 95 449
33 96 515
33 97 459
33 98 629
33 99 625
33 100 656
34 35 310
34 36 759
34 37 251
34 38 587
34 39 579
34 40 494
34 41 718
34 42 350
34 43 310
34 44 243
34 45 260
34 46 554
34 47 550
34 48 437
34 49 586
34 50 510
34 51 561
34 52 182
34 53 696
34 54 539
34 55 370
34 56 736
34 57 699
34 58 611
34 59 175
34 60 492
34 61 630
34 62 396
34 63 530
34 64 539
34 65 577
34 66 81
34 67 573
34 68 564
34 69 579
34 70 499
34 71 395
34 72 380
34 73 283
34 74 597
34 75 615
34 76 348
34 77 604
34 78 453
34 79 348
34 80 171
34 81 567
34 82 190
34 83 361
34 84 688
34 85 385
34 86 368
34 87 318
34 88 695
34 89 402
34 90 451
34 91 251
34 92 209
34 93 134
34 94 371
34 95 324
34 96 448
34 97 920
34 98 410
34 99 246
34 100 266
35 36 475
35 37 486
35 38 525
35 39 269
35 40 458
35 41 412
35 42 393
35 43 475
35 44 68
35 45 556
35 46 570
35 47 493
35 48 491
35 49 480
35 50 247
35 51 360
35 52 451
35 53 469
35 54 330
35 55 636
35 56 671
35 57 490
35 58 361
35 59 216
35 60 625
35 61 509
35 62 317
35 63 237
35 64 533
35 65 498
35 66 241
35 67 509
35 68 435
35 69 303
35 70 218
35 71 398
35 72 530
35 73 173
35 74 383
35 75 305
35 76 305
35 77 617
35 78 417
35 79 182
35 80 146
35 81 556
35 82 480
35 83 549
35 84 562
35 85 338
35 86 599
35 87 562
35 88 507
35 89 527
35 90 752
35 91 281
35 92 503
35 93 200
35 94 574
35 95 350
35 96 179
35 97 610
35 98 546
35 99 181
35 100 212
36 37 843
36 38 533
36 39 262
36 40 546
36 41 342
36 42 621
36 43 774
36 44 528
36 45 962
36 46 982
36 47 869
36 48 670
36 49 450
36 50 250
36 51 279
36 52 845
36 53 197
36 54 277
36 55 995
36 56 597
36 57 243
36 58 173
36 59 602
36 60 839
36 61 431
36 62 729
36 63 238
36 64 616
36 65 496
36 66 678
36 67 523
36 68 764
36 69 179
36 70 450
36 71 581
36 72 794
36 73 491
36 74 243
36 75 241
36 76 521
36 77 684
36 78 827
36 79 426
36 80 589
36 81 954
36 82 886
36 83 845
36 84 438
36 85 515
36 86 926
36 87 910
36 88 296
36 89 767
36 90 1150
36 91 747
36 92 965
36 93 626
36 94 877
36 95 594
36 96 479
36 97 274
36 98 790
36 99 647
36 100 672
37 38 494
37 39 730
37 40 406
37 41 894
37 42 256
37 43 112
37 44 420
37 45 151
37 46 798
37 47 801
37 48 291
37 49 529
37 50 601
37 51 588
37 52 80
37 53 724
37 54 578
37 55 154
37 56 622
37 57 710
37 58 674
37 59 272
37 60 269
37 61 577
37 62 645
37 63 649
37 64 412
37 65 501
37 66 266
37 67 486
37 68 813
37 69 672
37 70 701
37 71 311
37 72 167
37 73 365
37 74 629
37 75 764
37 76 330
37 77 449
37 78 704
37 79 422
37 80 345
37 81 815
37 82 115
37 83 122
37 84 630
37 85 350
37 86 119
37 87 76
37 88 688
37 89 204
37 90 311
37 91 502
37 92 329
37 93 290
37 94 123
37 95 264
37 96 655
37 97 1055
37 98 200
37 99 486
37 100 511
38 39 593
38 40 93
38 41 766
38 42 248
38 43 385
38 44 510
38 45 646
38 46 1072
38 47 1013
38 48 210
38 49 83
38 50 399
38 51 269
38 52 543
38 53 345
38 54 288
38 55 607
38 56 152
38 57 307
38 58 378
38 59 427
38 60 351
38 61 113
38 62 835
38 63 478
38 64 100
38 65 37
38 66 522
38 67 16
38 68 961
38 69 437
38 70 695
38 71 195
38 72 361
38 73 368
38 74 296
38 75 609
38 76 247
38 77 151
38 78 930
38 79 343
38 80 498
38 81 1067
38 82 592
38 83 426
38 84 147
38 85 208
38 86 518
38 87 529
38 88 261
38 89 321
38 90 788
38 91 751
38 92 771
38 93 484
38 94 457
38 95 263
38 96 679
38 97 805
38 98 340
38 99 671
38 100 706
39 40 563
39 41 178
39 42 569
39 43 693
39 44 336
39 45 818
39 46 720
39 47 606
39 48 649
39 49 519
39 50 193
39 51 334
39 52 708
39 53 363
39 54 309
39 55 884
39 56 707
39 57 404
39 58 253
39 59 460
39 60 810
39 61 525
39 62 471
39 63 114
39 64 643
39 65 556
39 66 507
39 67 578
39 68 502
39 69 171
39 70 187
39 71 549
39 72 734
39 73 369
39 74 326
39 75 35
39 76 462
39 77 726
39 78 566
39 79 325
39 80 411
39 81 691
39 82 741
39 83 769
39 84 559
39 85 477
39 86 835
39 87 805
39 88 446
39 89 719
39 90 1014
39 91 508
39 92 771
39 93 461
39 94 798
39 95 530
39 96 218
39 97 340
39 98 742
39 99 413
39 100 432
40 41 740
40 42 155
40 43 299
40 44 434
40 45 556
40 46 990
40 47 937
40 48 137
40 49 128
40 50 372
40 51 268
40 52 452
40 53 374
40 54 278
40 55 527
40 56 241
40 57 344
40 58 378
40 59 338
40 60 298
40 61 174
40 62 759
40 63 449
40 64 80
40 65 95
40 66 432
40 67 81
40 68 892
40 69 423
40 70 643
40 71 102
40 72 285
40 73 291
40 74 303
40 75 583
40 76 162
40 77 165
40 78 851
40 79 278
40 80 415
40 81 987
40 82 501
40 83 349
40 84 224
40 85 124
40 86 440
40 87 446
40 88 308
40 89 247
40 90 706
40 91 668
40 92 678
40 93 396
40 94 381
40 95 170
40 96 622
40 97 808
40 98 269
40 99 591
40 100 627
41 42 746
41 43 865
41 44 481
41 45 969
41 46 732
41 47 603
41 48 827
41 49 690
41 50 368
41 51 501
41 52 864
41 53 500
41 54 478
41 55 1046
41 56 872
41 57 545
41 58 406
41 59 621
41 60 987
41 61 691
41 62 512
41 63 290
41 64 820
41 65 729
41 66 653
41 67 751
41 68 482
41 69 331
41 70 234
41 71 727
41 72 909
41 73 540
41 74 486
41 75 157
41 76 640
41 77 902
41 78 591
41 79 500
41 80 559
41 81 695
41 82 892
41 83 941
41 84 719
41 85 655
41 86 1002
41 87 969
41 88 593
41 89 895
41 90 1165
41 91 593
41 92 892
41 93 613
41 94 969
41 95 706
41 96 286
41 97 257
41 98 917
41 99 513
41 100 521
42 43 159
42 44 349
42 45 404
42 46 874
42 47 837
42 48 100
42 49 273
42 50 400
42 51 349
42 52 297
42 53 479
42 54 345
42 55 390
42 56 390
42 57 460
42 58 447
42 59 217
42 60 241
42 61 321
42 62 661
42 63 466
42 64 188
42 65 248
42 66 298
42 67 237
42 68 809
42 69 466
42 70 603
42 71 55
42 72 173
42 73 221
42 74 390
42 75 597
42 76 107
42 77 256
42 78 745
42 79 245
42 80 306
42 81 877
42 82 346
42 83 225
42 84 375
42 85 106
42 86 311
42 87 306
42 88 434
42 89 151
42 90 563
42 91 551
42 92 525
42 93 273
42 94 257
42 95 42
42 96 571
42 97 861
42 98 174
42 99 488
42 100 522
43 44 416
43 45 264
43 46 864
43 47 852
43 48 179
43 49 426
43 50 542
43 51 507
43 52 180
43 53 638
43 54 501
43 55 230
43 56 509
43 57 620
43 58 601
43 59 261
43 60 181
43 61 473
43 62 685
43 63 600
43 64 300
43 65 394
43 66 295
43 67 378
43 68 847
43 69 611
43 70 693
43 71 212
43 72 69
43 73 324
43 74 548
43 75 724
43 76 253
43 77 337
43 78 755
43 79 371
43 80 350
43 81 875
43 82 224
43 83 76
43 84 524
43 85 263
43 86 152
43 87 147
43 88 593
43 89 97
43 90 406
43 91 552
43 92 431
43 93 299
43 94 105
43 95 180
43 96 652
43 97 1003
43 98 100
43 99 516
43 100 546
44 45 487
44 46 565
44 47 503
44 48 449
44 49 475
44 50 288
44 51 380
44 52 383
44 53 501
44 54 352
44 55 569
44 56 660
44 57 516
44 58 399
44 59 154
44 60 574
44 61 509
44 62 324
44 63 292
44 64 505
44 65 486
44 66 172
44 67 494
44 68 462
44 69 351
44 70 280
44 71 363
44 72 474
44 73 143
44 74 408
44 75 371
44 76 274
44 77 588
44 78 419
44 79 176
44 80 78
44 81 557
44 82 411
44 83 489
44 84 564
44 85 311
44 86 535
44 87 496
44 88 527
44 89 475
44 90 683
44 91 256
44 92 440
44 93 132
44 94 512
44 95 307
44 96 237
44 97 676
44 98 493
44 99 163
44 100 198
45 46 746
45 47 774
45 48 443
45 49 677
45 50 713
45 51 721
45 52 117
45 53 858
45 54 707
45 55 139
45 56 773
45 57 849
45 58 798
45 59 363
45 60 400
45 61 725
45 62 640
45 63 751
45 64 564
45 65 651
45 66 315
45 67 637
45 68 809
45 69 785
45 70 756
45 71 460
45 72 311
45 73 472
45 74 761
45 75 853
45 76 466
45 77 599
45 78 679
45 79 535
45 80 410
45 81 770
45 82 77
45 83 253
45 84 779
45 85 491
45 86 193
45 87 147
45 88 830
45 89 351
45 90 195
45 91 490
45 92 226
45 93 357
45 94 238
45 95 406
45 96 707
45 97 1154
45 98 343
45 99 505
45 100 521
46 47 134
46 48 972
46 49 1041
46 50 804
46 51 930
46 52 721
46 53 1029
46 54 899
46 55 883
46 56 1223
46 57 1055
46 58 915
46 59 658
46 60 1046
46 61 1074
46 62 257
46 63 764
46 64 1053
46 65 1050
46 66 580
46 67 1056
46 68 259
46 69 842
46 70 535
46 71 905
46 72 934
46 73 705
46 74 950
46 75 747
46 76 828
46 77 1130
46 78 156
46 79 741
46 80 575
46 81 48
46 82 706
46 83 914
46 84 1129
46 85 866
46 86 907
46 87 855
46 88 1076
46 89 953
46 90 881
46 91 323
46 92 531
46 93 601
46 94 921
46 95 838
46 96 503
46 97 990
46 98 963
46 99 402
46 100 366
47 48 937
47 49 973
47 50 710
47 51 845
47 52 729
47 53 934
47 54 814
47 55 905
47 56 1162
47 57 963
47 58 818
47 59 620
47 60 1031
47 61 1003
47 62 178
47 63 662
47 64 1006
47 65 988
47 66 557
47 67 997
47 68 125
47 69 741
47 70 419
47 71 860
47 72 920
47 73 646
47 74 861
47 75 630
47 76 776
47 77 1087
47 78 97
47 79 673
47 80 530
47 81 91
47 82 723
47 83 910
47 84 1055
47 85 813
47 86 917
47 87 866
47 88 989
47 89 934
47 90 930
47 91 299
47 92 578
47 93 566
47 94 922
47 95 798
47 96 394
47 97 861
47 98 947
47 99 349
47 100 314
48 49 264
48 50 470
48 51 391
48 52 351
48 53 507
48 54 394
48 55 396
48 56 330
48 57 480
48 58 498
48 59 317
48 60 168
48 61 309
48 62 761
48 63 541
48 64 121
48 65 226
48 66 393
48 67 206
48 68 910
48 69 530
48 70 697
48 71 100
48 72 150
48 73 317
48 74 429
48 75 675
48 76 191
48 77 167
48 78 845
48 79 333
48 80 407
48 81 976
48 82 398
48 83 216
48 84 355
48 85 172
48 86 308
48 87 319
48 88 445
48 89 111
48 90 577
48 91 649
48 92 595
48 93 372
48 94 247
48 95 142
48 96 667
48 97 923
48 98 132
48 99 588
48 100 622
49 50 327
49 51 190
49 52 569
49 53 263
49 54 211
49 55 654
49 56 194
49 57 227
49 58 296
49 59 416
49 60 420
49 61 47
49 62 796
49 63 405
49 64 174
49 65 46
49 66 515
49 67 73
49 68 913
49 69 359
49 70 634
49 71 217
49 72 413
49 73 338
49 74 214
49 75 533
49 76 238
49 77 234
49 78 894
49 79 301
49 80 476
49 81 1032
49 82 618
49 83 477
49 84 104
49 85 201
49 86 569
49 87 573
49 88 184
49 89 376
49 90 832
49 91 726
49 92 781
49 93 471
49 94 509
49 95 276
49 96 623
49 97 721
49 98 397
49 99 638
49 100 674
50 51 148
50 52 596
50 53 225
50 54 119
50 55 754
50 56 517
50 57 252
50 58 113
50 59 352
50 60 636
50 61 336
50 62 546
50 63 78
50 64 452
50 65 363
50 66 429
50 67 384
50 68 627
50 69 71
50 70 321
50 71 371
50 72 572
50 73 241
50 74 152
50 75 211
50 76 294
50 77 534
50 78 648
50 79 179
50 80 342
50 81 784
50 82 637
50 83 616
50 84 375
50 85 299
50 86 692
50 87 670
50 88 281
50 89 552
50 90 904
50 91 529
50 92 718
50 93 376
50 94 648
50 95 366
50 96 324
50 97 461
50 98 575
50 99 428
50 100 458
51 52 604
51 53 138
51 54 30
51 55 734
51 56 372
51 57 138
51 58 110
51 59 387
51 60 559
51 61 190
51 62 675
51 63 223
51 64 341
51 65 232
51 66 480
51 67 256
51 68 768
51 69 169
51 70 469
51 71 304
51 72 519
51 73 278
51 74 41
51 75 345
51 76 258
51 77 415
51 78 776
51 79 216
51 80 411
51 81 914
51 82 650
51 83 574
51 84 226
51 85 243
51 86 659
51 87 649
51 88 147
51 89 490
51 90 900
51 91 635
51 92 770
51 93 429
51 94 607
51 95 327
51 96 468
51 97 541
51 98 513
51 99 538
51 100 571
52 53 742
52 54 590
52 55 190
52 56 679
52 57 733
52 58 680
52 59 249
52 60 348
52 61 616
52 62 578
52 63 636
52 64 470
52 65 546
52 66 216
52 67 534
52 68 747
52 69 668
52 70 659
52 71 352
52 72 242
52 73 355
52 74 644
52 75 742
52 76 350
52 77 515
52 78 632
52 79 418
52 80 305
52 81 739
52 82 49
52 83 202
52 84 672
52 85 377
52 86 187
52 87 136
52 88 716
52 89 276
52 90 308
52 91 432
52 92 252
52 93 251
52 94 202
52 95 294
52 96 611
52 97 1041
52 98 275
52 99 426
52 100 448
53 54 156
53 55 867
53 56 400
53 57 47
53 58 116
53 59 523
53 60 673
53 61 237
53 62 772
53 63 274
53 64 435
53 65 310
53 66 615
53 67 336
53 68 845
53 69 197
53 70 531
53 71 430
53 72 645
53 73 413
53 74 99
53 75 360
53 76 394
53 77 497
53 78 873
53 79 348
53 80 541
53 81 1009
53 82 788
53 83 703
53 84 240
53 85 375
53 86 790
53 87 782
53 88 99
53 89 613
53 90 1035
53 91 750
53 92 906
53 93 562
53 94 735
53 95 461
53 96 542
53 97 472
53 98 635
53 99 651
53 100 682
54 55 726
54 56 398
54 57 163
54 58 103
54 59 366
54 60 563
54 61 217
54 62 644
54 63 196
54 64 354
54 65 251
54 66 458
54 67 274
54 68 738
54 69 149
54 70 439
54 71 304
54 72 517
54 73 256
54 74 58
54 75 321
54 76 249
54 77 431
54 78 745
54 79 192
54 80 386
54 81 884
54 82 635
54 83 570
54 84 255
54 85 238
54 86 653
54 87 640
54 88 177
54 89 490
54 90 888
54 91 606
54 92 749
54 93 406
54 94 602
54 95 320
54 96 437
54 97 531
54 98 513
54 99 509
54 100 542
55 56 717
55 57 850
55 58 824
55 59 425
55 60 305
55 61 701
55 62 763
55 63 803
55 64 515
55 65 621
55 66 406
55 67 602
55 68 932
55 69 825
55 70 847
55 71 443
55 72 247
55 73 519
55 74 775
55 75 918
55 76 477
55 77 530
55 78 809
55 79 576
55 80 492
55 81 906
55 82 183
55 83 181
55 84 751
55 85 492
55 86 91
55 87 85
55 88 824
55 89 288
55 90 181
55 91 615
55 92 365
55 93 437
55 94 152
55 95 406
55 96 800
55 97 1210
55 98 273
55 99 616
55 100 636
56 57 354
56 58 468
56 59 579
56 60 429
56 61 181
56 62 984
56 63 594
56 64 209
56 65 173
56 66 674
56 67 167
56 68 1105
56 69 540
56 70 828
56 71 341
56 72 471
56 73 518
56 74 386
56 75 717
56 76 399
56 77 191
56 78 1080
56 79 489
56 80 651
56 81 1218
56 82 727
56 83 536
56 84 159
56 85 360
56 86 625
56 87 645
56 88 301
56 89 429
56 90 898
56 91 903
56 92 915
56 93 636
56 94 564
56 95 411
56 96 817
56 97 872
56 98 444
56 99 821
56 100 857
57 58 151
57 59 524
57 60 643
57 61 197
57 62 798
57 63 309
57 64 401
57 65 273
57 66 619
57 67 300
57 68 878
57 69 234
57 70 566
57 71 409
57 72 622
57 73 416
57 74 107
57 75 403
57 76 382
57 77 458
57 78 899
57 79 354
57 80 549
57 81 1036
57 82 780
57 83 681
57 84 195
57 85 360
57 86 770
57 87 766
57 88 53
57 89 588
57 90 1021
57 91 769
57 92 907
57 93 567
57 94 714
57 95 446
57 96 575
57 97 518
57 98 610
57 99 670
57 100 702
58 59 445
58 60 667
58 61 289
58 62 657
58 63 158
58 64 452
58 65 340
58 66 530
58 67 365
58 68 729
58 69 83
58 70 415
58 71 407
58 72 620
58 73 332
58 74 83
58 75 256
58 76 348
58 77 526
58 78 758
58 79 266
58 80 448
58 81 894
58 82 724
58 83 672
58 84 313
58 85 341
58 86 754
58 87 739
58 88 192
58 89 593
58 90 983
58 91 643
58 92 821
58 93 477
58 94 704
58 95 421
58 96 426
58 97 430
58 98 617
58 99 542
58 100 572
59 60 424
59 61 458
59 62 445
59 63 387
59 64 396
59 65 412
59 66 99
59 67 412
59 68 598
59 69 423
59 70 433
59 71 247
59 72 321
59 73 112
59 74 424
59 75 494
59 76 180
59 77 471
59 78 528
59 79 178
59 80 92
59 81 660
59 82 287
59 83 334
59 84 517
59 85 219
59 86 383
59 87 348
59 88 520
59 89 325
59 90 557
59 91 334
59 92 383
59 93 58
59 94 358
59 95 179
59 96 392
59 97 791
59 98 341
59 99 272
59 100 305
60 61 461
60 62 861
60 63 705
60 64 251
60 65 377
60 66 473
60 67 352
60 68 1020
60 69 697
60 70 840
60 71 264
60 72 112
60 73 458
60 74 597
60 75 837
60 76 347
60 77 237
60 78 935
60 79 487
60 80 516
60 81 1057
60 82 384
60 83 148
60 84 499
60 85 336
60 86 216
60 87 253
60 88 604
60 89 99
60 90 481
60 91 732
60 92 598
60 93 470
60 94 161
60 95 282
60 96 805
60 97 1091
60 98 83
60 99 690
60 100 721
61 62 827
61 63 413
61 64 211
61 65 84
61 66 557
61 67 109
61 68 938
61 69 359
61 70 651
61 71 265
61 72 459
61 73 375
61 74 206
61 75 536
61 76 282
61 77 261
61 78 925
61 79 333
61 80 515
61 81 1064
61 82 665
61 83 523
61 84 58
61 85 246
61 86 615
61 87 620
61 88 149
61 89 421
61 90 880
61 91 762
61 92 827
61 93 513
61 94 555
61 95 323
61 96 643
61 97 705
61 98 442
61 99 673
61 100 708
62 63 507
62 64 828
62 65 810
62 66 389
62 67 818
62 68 168
62 69 585
62 70 291
62 71 682
62 72 752
62 73 468
62 74 693
62 75 500
62 76 598
62 77 909
62 78 101
62 79 495
62 80 354
62 81 239
62 82 580
62 83 747
62 84 880
62 85 635
62 86 763
62 87 714
62 88 821
62 89 764
62 90 813
62 91 149
62 92 473
62 93 393
62 94 762
62 95 621
62 96 252
62 97 766
62 98 777
62 99 172
62 100 140
63 64 530
63 65 442
63 66 452
63 67 463
63 68 571
63 69 78
63 70 257
63 71 442
63 72 636
63 73 284
63 74 220
63 75 134
63 76 359
63 77 612
63 78 607
63 79 229
63 80 358
63 81 741
63 82 674
63 83 676
63 84 449
63 85 369
63 86 747
63 87 721
63 88 345
63 89 618
63 90 945
63 91 511
63 92 733
63 93 401
63 94 706
63 95 429
63 96 269
63 97 406
63 98 640
63 99 410
63 100 436
64 65 128
64 66 484
64 67 102
64 68 966
64 69 501
64 70 722
64 71 148
64 72 267
64 73 363
64 74 374
64 75 663
64 76 230
64 77 85
64 78 918
64 79 356
64 80 478
64 81 1053
64 82 518
64 83 333
64 84 248
64 85 195
64 86 424
64 87 439
64 88 358
64 89 226
64 90 696
64 91 729
64 92 709
64 93 454
64 94 363
64 95 217
64 96 700
64 97 882
64 98 243
64 99 658
64 100 693
65 66 509
65 67 26
65 68 933
65 69 400
65 70 662
65 71 193
65 72 377
65 73 345
65 74 258
65 75 572
65 76 232
65 77 188
65 78 906
65 79 316
65 80 479
65 81 1044
65 82 595
65 83 442
65 84 129
65 85 193
65 86 533
65 87 541
65 88 229
65 89 338
65 90 800
65 91 731
65 92 767
65 93 469
65 94 473
65 95 258
65 96 648
65 97 767
65 98 358
65 99 648
65 100 684
66 67 508
66 68 552
66 69 498
66 70 443
66 71 336
66 72 363
66 73 202
66 74 516
66 75 542
66 76 278
66 77 555
66 78 461
66 79 266
66 80 95
66 81 586
66 82 239
66 83 359
66 84 616
66 85 316
66 86 385
66 87 341
66 88 617
66 89 377
66 90 511
66 91 260
66 92 291
66 93 53
66 94 376
66 95 266
66 96 395
66 97 846
66 98 390
66 99 222
66 100 250
67 68 944
67 69 423
67 70 678
67 71 183
67 72 357
67 73 351
67 74 284
67 75 594
67 76 232
67 77 161
67 78 913
67 79 326
67 80 483
67 81 1051
67 82 583
67 83 422
67 84 149
67 85 192
67 86 514
67 87 523
67 88 256
67 89 317
67 90 782
67 91 736
67 92 759
67 93 469
67 94 453
67 95 251
67 96 663
67 97 793
67 98 337
67 99 654
67 100 690
68 69 649
68 70 317
68 71 825
68 72 913
68 73 603
68 74 780
68 75 522
68 76 735
68 77 1049
68 78 160
68 79 617
68 80 505
68 81 216
68 82 749
68 83 911
68 84 987
68 85 770
68 86 931
68 87 882
68 88 909
68 89 922
68 90 979
68 91 318
68 92 634
68 93 550
68 94 928
68 95 768
68 96 303
68 97 739
68 98 937
68 99 330
68 100 302
69 70 334
69 71 433
69 72 639
69 73 313
69 74 155
69 75 177
69 76 360
69 77 579
69 78 685
69 79 250
69 80 410
69 81 819
69 82 709
69 83 685
69 84 389
69 85 362
69 86 762
69 87 741
69 88 274
69 89 616
69 90 975
69 91 582
69 92 786
69 93 446
69 94 716
69 95 433
69 96 347
69 97 395
69 98 640
69 99 481
69 100 509
70 71 600
70 72 747
70 73 382
70 74 473
70 75 211
70 76 507
70 77 808
70 78 382
70 79 367
70 80 356
70 81 505
70 82 682
70 83 767
70 84 694
70 85 533
70 86 816
70 87 777
70 88 601
70 89 742
70 90 950
70 91 358
70 92 661
70 93 411
70 94 792
70 95 560
70 96 52
70 97 478
70 98 762
70 99 279
70 100 286
71 72 215
71 73 224
71 74 344
71 75 575
71 76 93
71 77 226
71 78 771
71 79 234
71 80 331
71 81 905
71 82 401
71 83 272
71 84 320
71 85 72
71 86 361
71 87 359
71 88 381
71 89 186
71 90 618
71 91 581
71 92 576
71 93 305
71 94 305
71 95 70
71 96 572
71 97 828
71 98 209
71 99 511
71 100 546
72 73 370
72 74 559
72 75 763
72 76 278
72 77 289
72 78 824
72 79 409
72 80 412
72 81 945
72 82 282
72 83 66
72 84 506
72 85 279
72 86 157
72 87 174
72 88 590
72 89 41
72 90 428
72 91 621
72 92 494
72 93 363
72 94 96
72 95 206
72 96 709
72 97 1033
72 98 33
72 99 582
72 100 612
73 74 314
73 75 401
73 76 133
73 77 446
73 78 562
73 79 65
73 80 140
73 81 699
73 82 396
73 83 401
73 84 433
73 85 168
73 86 465
73 87 438
73 88 417
73 89 362
73 90 663
73 91 387
73 92 492
73 93 150
73 94 429
73 95 178
73 96 350
73 97 690
73 98 382
73 99 303
73 100 338
74 75 333
74 76 299
74 77 445
74 78 795
74 79 250
74 80 444
74 81 932
74 82 690
74 83 615
74 84 233
74 85 284
74 86 700
74 87 690
74 88 129
74 89 530
74 90 941
74 91 661
74 92 807
74 93 464
74 94 647
74 95 368
74 96 477
74 97 509
74 98 553
74 99 563
74 100 595
75 76 490
75 77 745
75 78 593
75 79 354
75 80 447
75 81 716
75 82 776
75 83 800
75 84 566
75 85 502
75 86 867
75 87 838
75 88 447
75 89 748
75 90 1049
75 91 542
75 92 806
75 93 496
75 94 830
75 95 558
75 96 247
75 97 304
75 98 770
75 99 447
75 100 465
76 77 313
76 78 689
76 79 141
76 80 252
76 81 825
76 82 398
76 83 325
76 84 340
76 85 39
76 86 405
76 87 391
76 88 366
76 89 258
76 90 642
76 91 505
76 92 545
76 93 237
76 94 357
76 95 73
76 96 479
76 97 755
76 98 281
76 99 429
76 100 464
77 78 997
77 79 441
77 80 557
77 81 1131
77 82 561
77 83 353
77 84 283
77 85 279
77 86 439
77 87 463
77 88 411
77 89 248
77 90 711
77 91 806
77 92 762
77 93 529
77 94 378
77 95 291
77 96 785
77 97 954
77 98 259
77 99 738
77 100 773
78 79 593
78 80 440
78 81 138
78 82 627
78 83 813
78 84 979
78 85 727
78 86 820
78 87 769
78 88 922
78 89 839
78 90 839
78 91 203
78 92 488
78 93 473
78 94 825
78 95 707
78 96 348
78 97 848
78 98 851
78 99 260
78 100 224
79 80 195
79 81 731
79 82 460
79 83 446
79 84 388
79 85 165
79 86 517
79 87 493
79 88 358
79 89 395
79 90 725
79 91 431
79 92 557
79 93 214
79 94 476
79 95 205
79 96 343
79 97 634
79 98 417
79 99 339
79 100 375
80 81 574
80 82 333
80 83 420
80 84 572
80 85 291
80 86 461
80 87 421
80 88 554
80 89 417
80 90 605
80 91 253
80 92 376
80 93 55
80 94 442
80 95 267
80 96 310
80 97 750
80 98 433
80 99 181
80 100 215
81 82 727
81 83 928
81 84 1118
81 85 863
81 86 926
81 87 874
81 88 1060
81 89 963
81 90 912
81 91 327
81 92 560
81 93 603
81 94 937
81 95 839
81 96 476
81 97 952
81 98 973
81 99 396
81 100 360
82 83 235
82 84 721
82 85 426
82 86 203
82 87 151
82 88 764
82 89 319
82 90 273
82 91 432
82 92 215
82 93 280
82 94 230
82 95 342
82 96 633
82 97 1077
82 98 316
82 99 437
82 100 455
83 84 571
83 85 331
83 86 91
83 87 110
83 88 651
83 89 107
83 90 362
83 91 610
83 92 450
83 93 368
83 94 32
83 95 251
83 96 726
83 97 1078
83 98 93
83 99 581
83 100 609
84 85 304
84 86 663
84 87 671
84 88 142
84 89 467
84 90 930
84 91 818
84 92 885
84 93 571
84 94 602
84 95 380
84 96 690
84 97 713
84 98 486
84 99 728
84 100 763
85 86 416
85 87 407
85 88 339
85 89 254
85 90 661
85 91 544
85 92 580
85 93 276
85 94 364
85 95 86
85 96 508
85 97 757
85 98 277
85 99 467
85 100 502
86 87 52
86 88 742
86 89 198
86 90 272
86 91 619
86 92 412
86 93 406
86 94 61
86 95 333
86 96 771
86 97 1152
86 98 181
86 99 605
86 100 630
87 88 740
87 89 216
87 90 259
87 91 569
87 92 361
87 93 366
87 94 91
87 95 321
87 96 731
87 97 1127
87 98 204
87 99 559
87 100 582
88 89 554
88 90 998
88 91 782
88 92 902
88 93 566
88 94 684
88 95 425
88 96 606
88 97 571
88 98 576
88 99 685
88 100 719
89 90 470
89 91 637
89 92 528
89 93 372
89 94 136
89 95 189
89 96 706
89 97 1011
89 98 23
89 99 592
89 100 624
90 91 664
90 92 352
90 93 553
90 94 334
90 95 575
90 96 900
90 97 1349
90 98 454
90 99 691
90 100 704
91 92 329
91 93 277
91 94 622
91 95 514
91 96 308
91 97 834
91 98 649
91 99 100
91 100 76
92 93 344
92 94 445
92 95 508
92 96 609
92 97 1111
92 98 528
92 99 383
92 100 384
93 94 389
93 95 237
93 96 365
93 97 798
93 98 386
93 99 220
93 100 252
94 95 283
94 96 750
94 97 1109
94 98 120
94 99 598
94 100 625
95 96 528
95 97 828
95 98 211
95 99 448
95 100 483
96 97 527
96 98 726
96 99 226
96 100 234
97 98 1035
97 99 745
97 100 758
98 99 607
98 100 637
99 100 35
