100 4950
1 2 163
1 3 852
1 4 660
1 5 551
1 6 627
1 7 245
1 8 624
1 9 630
1 10 933
1 11 474
1 12 272
1 13 663
1 14 359
1 15 159
1 16 231
1 17 815
1 18 410
1 19 534
1 20 774
1 21 321
1 22 848
1 23 606
1 24 326
1 25 266
1 26 910
1 27 589
1 28 920
1 29 412
1 30 899
1 31 537
1 32 701
1 33 605
1 34 620
1 35 739
1 36 411
1 37 397
1 38 944
1 39 259
1 40 580
1 41 520
1 42 869
1 43 556
1 44 381
1 45 621
1 46 119
1 47 468
1 48 428
1 49 66
1 50 320
1 51 685
1 52 423
1 53 911
1 54 366
1 55 537
1 56 355
1 57 563
1 58 265
1 59 501
1 60 110
1 61 383
1 62 645
1 63 99
1 64 108
1 65 284
1 66 550
1 67 40
1 68 691
1 69 620
1 70 690
1 71 359
1 72 462
1 73 269
1 74 808
1 75 141
1 76 553
1 77 698
1 78 830
1 79 586
1 80 254
1 81 267
1 82 645
1 83 418
1 84 259
1 85 535
1 86 721
1 87 867
1 88 845
1 89 255
1 90 149
1 91 670
1 92 835
1 93 718
1 94 741
1 95 583
1 96 637
1 97 925
1 98 378
1 99 472
1 100 539
2 3 736
2 4 502
2 5 427
2 6 466
2 7 336
2 8 586
2 9 641
2 10 872
2 11 329
2 12 373
2 13 619
2 14 307
2 15 21
2 16 251
2 17 760
2 18 397
2 19 397
2 20 705
2 21 439
2 22 776
2 23 443
2 24 331
2 25 219
2 26 749
2 27 426
2 28 768
2 29 405
2 30 862
2 31 374
2 32 590
2 33 492
2 34 457
2 35 678
2 36 248
2 37 413
2 38 884
2 39 246
2 40 433
2 41 431
2 42 839
2 43 484
2 44 325
2 45 475
2 46 82
2 47 485
2 48 273
2 49 161
2 50 443
2 51 657
2 52 335
2 53 756
2 54 240
2 55 385
2 56 306
2 57 566
2 58 391
2 59 390
2 60 138
2 61 258
2 62 566
2 63 67
2 64 61
2 65 249
2 66 565
2 67 194
2 68 580
2 69 470
2 70 625
2 71 450
2 72 363
2 73 215
2 74 754
2 75 130
2 76 593
2 77 577
2 78 708
2 79 430
2 80 91
2 81 219
2 82 505
2 83 359
2 84 355
2 85 566
2 86 558
2 87 764
2 88 747
2 89 106
2 90 226
2 91 627
2 92 675
2 93 675
2 94 580
2 95 521
2 96 474
2 97 778
2 98 254
2 99 393
2 100 500
3 4 415
3 5 309
3 6 469
3 7 795
3 8 421
3 9 608
3 10 359
3 11 426
3 12 823
3 13 397
3 14 977
3 15 755
3 16 679
3 17 345
3 18 555
3 19 827
3 20 275
3 21 889
3 22 269
3 23 594
3 24 620
3 25 919
3 26 483
3 27 525
3 28 342
3 29 568
3 30 471
3 31 534
3 32 150
3 33 246
3 34 590
3 35 316
3 36 586
3 37 624
3 38 372
3 39 629
3 40 782
3 41 999
3 42 494
3 43 346
3 44 983
3 45 320
3 46 818
3 47 620
3 48 702
3 49 799
3 50 905
3 51 459
3 52 435
3 53 371
3 54 495
3 55 738
3 56 980
3 57 574
3 58 889
3 59 916
3 60 874
3 61 477
3 62 269
3 63 770
3 64 791
3 65 951
3 66 615
3 67 893
3 68 161
3 69 346
3 70 305
3 71 822
3 72 932
3 73 591
3 74 349
3 75 712
3 76 705
3 77 158
3 78 48
3 79 715
3 80 688
3 81 597
3 82 268
3 83 1003
3 84 808
3 85 668
3 86 613
3 87 86
3 88 113
3 89 631
3 90 769
3 91 399
3 92 435
3 93 396
3 94 446
3 95 356
3 96 616
3 97 278
3 98 481
3 99 398
3 100 441
4 5 259
4 6 58
4 7 732
4 8 610
4 9 777
4 10 730
4 11 213
4 12 770
4 13 614
4 14 640
4 15 513
4 16 598
4 17 664
4 18 589
4 19 429
4 20 583
4 21 845
4 22 622
4 23 182
4 24 600
4 25 610
4 26 253
4 27 120
4 28 275
4 29 605
4 30 802
4 31 153
4 32 348
4 33 310
4 34 175
4 35 595
4 36 264
4 37 655
4 38 744
4 39 552
4 40 374
4 41 617
4 42 806
4 43 462
4 44 640
4 45 128
4 46 576
4 47 695
4 48 338
4 49 635
4 50 857
4 51 683
4 52 399
4 53 257
4 54 334
4 55 338
4 56 645
4 57 710
4 58 818
4 59 531
4 60 630
4 61 323
4 62 467
4 63 562
4 64 563
4 65 639
4 66 738
4 67 695
4 68 347
4 69 99
4 70 549
4 71 812
4 72 558
4 73 489
4 74 664
4 75 555
4 76 815
4 77 303
4 78 368
4 79 306
4 80 419
4 81 499
4 82 173
4 83 650
4 84 751
4 85 776
4 86 206
4 87 490
4 88 499
4 89 406
4 90 652
4 91 621
4 92 175
4 93 650
4 94 88
4 95 507
4 96 201
4 97 304
4 98 328
4 99 423
4 100 565
5 6 282
5 7 540
5 8 352
5 9 518
5 10 521
5 11 130
5 12 574
5 13 359
5 14 675
5 15 445
5 16 409
5 17 434
5 18 348
5 19 566
5 20 357
5 21 647
5 22 413
5 23 383
5 24 380
5 25 612
5 26 477
5 27 311
5 28 418
5 29 364
5 30 567
5 31 293
5 32 168
5 33 77
5 34 385
5 35 356
5 36 298
5 37 418
5 38 535
5 39 358
5 40 539
5 41 718
5 42 564
5 43 202
5 44 683
5 45 136
5 46 509
5 47 447
5 48 422
5 49 503
5 50 660
5 51 427
5 52 167
5 53 423
5 54 187
5 55 486
5 56 677
5 57 453
5 58 633
5 59 639
5 60 565
5 61 169
5 62 222
5 63 464
5 64 483
5 65 644
5 66 483
5 67 591
5 68 160
5 69 161
5 70 305
5 71 597
5 72 647
5 73 307
5 74 432
5 75 415
5 76 564
5 77 150
5 78 281
5 79 482
5 80 380
5 81 315
5 82 120
5 83 706
5 84 556
5 85 524
5 86 453
5 87 346
5 88 336
5 89 322
5 90 488
5 91 367
5 92 399
5 93 400
5 94 340
5 95 249
5 96 416
5 97 400
5 98 173
5 99 171
5 100 305
6 7 716
6 8 634
6 9 793
6 10 774
6 11 208
6 12 755
6 13 641
6 14 586
6 15 475
6 16 584
6 17 702
6 18 592
6 19 371
6 20 622
6 21 830
6 22 664
6 23 126
6 24 595
6 25 560
6 26 283
6 27 62
6 28 326
6 29 608
6 30 838
6 31 100
6 32 391
6 33 342
6 34 121
6 35 629
6 36 220
6 37 655
6 38 788
6 39 540
6 40 317
6 41 559
6 42 840
6 43 484
6 44 585
6 45 165
6 46 536
6 47 700
6 48 283
6 49 606
6 50 840
6 51 709
6 52 404
6 53 306
6 54 321
6 55 279
6 56 591
6 57 724
6 58 800
6 59 473
6 60 589
6 61 314
6 62 499
6 63 528
6 64 526
6 65 588
6 66 749
6 67 660
6 68 389
6 69 134
6 70 582
6 71 802
6 72 500
6 73 476
6 74 701
6 75 530
6 76 823
6 77 348
6 78 422
6 79 248
6 80 379
6 81 486
6 82 215
6 83 594
6 84 736
6 85 783
6 86 171
6 87 541
6 88 547
6 89 375
6 90 630
6 91 649
6 92 211
6 93 680
6 94 114
6 95 531
6 96 148
6 97 360
6 98 319
6 99 435
6 100 582
7 8 465
7 9 416
7 10 782
7 11 519
7 12 39
7 13 506
7 14 601
7 15 347
7 16 133
7 17 664
7 18 253
7 19 733
7 20 643
7 21 114
7 22 716
7 23 736
7 24 176
7 25 506
7 26 983
7 27 697
7 28 954
7 29 246
7 30 719
7 31 648
7 32 649
7 33 566
7 34 749
7 35 599
7 36 536
7 37 204
7 38 791
7 39 183
7 40 764
7 41 753
7 42 684
7 43 455
7 44 622
7 45 652
7 46 343
7 47 261
7 48 600
7 49 192
7 50 124
7 51 508
7 52 374
7 53 954
7 54 398
7 55 714
7 56 597
7 57 360
7 58 94
7 59 722
7 60 353
7 61 409
7 62 544
7 63 281
7 64 316
7 65 527
7 66 336
7 67 265
7 68 638
7 69 662
7 70 561
7 71 116
7 72 690
7 73 243
7 74 656
7 75 211
7 76 319
7 77 661
7 78 787
7 79 752
7 80 413
7 81 233
7 82 656
7 83 659
7 84 20
7 85 308
7 86 849
7 87 786
7 88 757
7 89 366
7 90 110
7 91 512
7 92 904
7 93 557
7 94 820
7 95 462
7 96 772
7 97 940
7 98 404
7 99 398
7 100 393
8 9 188
8 10 317
8 11 450
8 12 480
8 13 41
8 14 890
8 15 607
8 16 396
8 17 199
8 18 218
8 19 870
8 20 188
8 21 528
8 22 256
8 23 727
8 24 305
8 25 805
8 26 803
8 27 658
8 28 706
8 29 221
8 30 277
8 31 632
8 32 321
8 33 305
8 34 732
8 35 139
8 36 594
8 37 262
8 38 326
8 39 365
8 40 860
8 41 984
8 42 253
8 43 150
8 44 905
8 45 483
8 46 651
8 47 224
8 48 715
8 49 559
8 50 545
8 51 78
8 52 276
8 53 723
8 54 405
8 55 804
8 56 890
8 57 155
8 58 547
8 59 918
8 60 695
8 61 396
8 62 164
8 63 582
8 64 617
8 65 836
8 66 197
8 67 662
8 68 313
8 69 511
8 70 119
8 71 448
8 72 911
8 73 372
8 74 190
8 75 492
8 76 286
8 77 360
8 78 437
8 79 812
8 80 594
8 81 370
8 82 449
8 83 937
8 84 471
8 85 252
8 86 805
8 87 375
8 88 340
8 89 516
8 90 491
8 91 47
8 92 731
8 93 94
8 94 687
8 95 102
8 96 762
8 97 661
8 98 395
8 99 221
8 100 86
9 10 428
9 11 594
9 12 415
9 13 211
9 14 947
9 15 660
9 16 404
9 17 327
9 18 246
9 19 980
9 20 353
9 21 439
9 22 407
9 23 873
9 24 312
9 25 855
9 26 984
9 27 808
9 28 893
9 29 236
9 30 327
9 31 775
9 32 509
9 33 483
9 34 879
9 35 304
9 36 714
9 37 234
9 38 432
9 39 395
9 40 982
9 41 1066
9 42 285
9 43 319
9 44 965
9 45 654
9 46 689
9 47 162
9 48 825
9 49 565
9 50 455
9 51 158
9 52 399
9 53 908
9 54 519
9 55 925
9 56 945
9 57 76
9 58 475
9 59 1011
9 60 722
9 61 515
9 62 352
9 63 617
9 64 655
9 65 883
9 66 80
9 67 661
9 68 500
9 69 679
9 70 303
9 71 353
9 72 994
9 73 430
9 74 318
9 75 523
9 76 128
9 77 547
9 78 626
9 79 943
9 80 674
9 81 424
9 82 625
9 83 1000
9 84 413
9 85 114
9 86 961
9 87 556
9 88 519
9 89 599
9 90 482
9 91 210
9 92 910
9 93 226
9 94 858
9 95 279
9 96 909
9 97 849
9 98 513
9 99 358
9 100 212
10 11 650
10 12 795
10 13 276
10 14 1164
10 15 893
10 16 710
10 17 118
10 18 535
10 19 1088
10 20 169
10 21 839
10 22 109
10 23 892
10 24 621
10 25 1086
10 26 841
10 27 818
10 28 702
10 29 539
10 30 139
10 31 810
10 32 383
10 33 446
10 34 891
10 35 195
10 36 816
10 37 578
10 38 13
10 39 674
10 40 1060
10 41 1232
10 42 179
10 43 388
10 44 1177
10 45 609
10 46 945
10 47 533
10 48 942
10 49 869
10 50 856
10 51 283
10 52 538
10 53 731
10 54 655
10 55 1008
10 56 1165
10 57 443
10 58 863
10 59 1157
10 60 994
10 61 641
10 62 313
10 63 880
10 64 913
10 65 1119
10 66 481
10 67 972
10 68 384
10 69 639
10 70 247
10 71 756
10 72 1159
10 73 669
10 74 126
10 75 796
10 76 555
10 77 427
10 78 403
10 79 1000
10 80 861
10 81 670
10 82 559
10 83 1205
10 84 787
10 85 533
10 86 937
10 87 273
10 88 248
10 89 787
10 90 806
10 91 270
10 92 788
10 93 226
10 94 782
10 95 352
10 96 920
10 97 637
10 98 642
10 99 479
10 100 396
11 12 557
11 13 465
11 14 551
11 15 345
11 16 385
11 17 557
11 18 384
11 19 438
11 20 483
11 21 632
11 22 541
11 23 279
11 24 387
11 25 494
11 26 463
11 27 214
11 28 449
11 29 400
11 30 687
11 31 182
11 32 295
11 33 207
11 34 285
11 35 477
11 36 168
11 37 447
11 38 663
11 39 338
11 40 415
11 41 588
11 42 680
11 43 302
11 44 558
11 45 147
11 46 411
11 47 493
11 48 293
11 49 438
11 50 644
11 51 528
11 52 198
11 53 443
11 54 121
11 55 361
11 56 554
11 57 522
11 58 607
11 59 509
11 60 467
11 61 110
11 62 343
11 63 379
11 64 390
11 65 526
11 66 545
11 67 512
11 68 287
11 69 148
11 70 424
11 71 598
11 72 517
11 73 276
11 74 555
11 75 353
11 76 616
11 77 269
11 78 391
11 79 363
11 80 267
11 81 286
11 82 176
11 83 580
11 84 538
11 85 577
11 86 369
11 87 471
11 88 464
11 89 224
11 90 444
11 91 474
11 92 384
11 93 512
11 94 302
11 95 351
11 96 315
11 97 451
11 98 115
11 99 236
11 100 387
12 13 521
12 14 630
12 15 383
12 16 171
12 17 678
12 18 274
12 19 770
12 20 661
12 21 75
12 22 733
12 23 776
12 24 203
12 25 537
12 26 1021
12 27 737
12 28 990
12 29 265
12 30 726
12 31 687
12 32 678
12 33 597
12 34 788
12 35 616
12 36 575
12 37 218
12 38 803
12 39 219
12 40 802
12 41 786
12 42 689
12 43 480
12 44 653
12 45 688
12 46 375
12 47 266
12 48 638
12 49 224
12 50 87
12 51 517
12 52 407
12 53 990
12 54 436
12 55 752
12 56 626
12 57 365
12 58 68
12 59 757
12 60 382
12 61 447
12 62 567
12 63 316
12 64 349
12 65 556
12 66 337
12 67 288
12 68 667
12 69 699
12 70 580
12 71 87
12 72 724
12 73 280
12 74 669
12 75 249
12 76 309
12 77 692
12 78 816
12 79 791
12 80 451
12 81 270
12 82 691
12 83 690
12 84 19
12 85 303
12 86 888
12 87 810
12 88 780
12 89 405
12 90 146
12 91 526
12 92 941
12 93 569
12 94 858
12 95 484
12 96 811
12 97 974
12 98 441
12 99 428
12 100 411
13 14 922
13 15 640
13 16 436
13 17 157
13 18 259
13 19 892
13 20 150
13 21 569
13 22 216
13 23 739
13 24 345
13 25 838
13 26 798
13 27 669
13 28 694
13 29 262
13 30 242
13 31 645
13 32 308
13 33 305
13 34 743
13 35 100
13 36 615
13 37 303
13 38 285
13 39 403
13 40 879
13 41 1011
13 42 223
13 43 163
13 44 937
13 45 486
13 46 686
13 47 264
13 48 738
13 49 598
13 50 586
13 51 70
13 52 302
13 53 712
13 54 430
13 55 823
13 56 922
13 57 189
13 58 589
13 59 944
13 60 731
13 61 419
13 62 153
13 63 618
13 64 653
13 65 869
13 66 231
13 67 700
13 68 301
13 69 515
13 70 91
13 71 488
13 72 938
13 73 407
13 74 149
13 75 529
13 76 318
13 77 350
13 78 416
13 79 829
13 80 623
13 81 406
13 82 449
13 83 967
13 84 512
13 85 286
13 86 813
13 87 345
13 88 309
13 89 546
13 90 531
13 91 8
13 92 728
13 93 56
13 94 688
13 95 114
13 96 774
13 97 646
13 98 419
13 99 244
13 100 123
14 15 287
14 16 548
14 17 1056
14 18 704
14 19 289
14 20 995
14 21 679
14 22 1063
14 23 497
14 24 635
14 25 94
14 26 842
14 27 527
14 28 913
14 29 712
14 30 1164
14 31 487
14 32 844
14 33 750
14 34 512
14 35 973
14 36 395
14 37 716
14 38 1177
14 39 552
14 40 361
14 41 175
14 42 1144
14 43 777
14 44 23
14 45 672
14 46 262
14 47 789
14 48 303
14 49 408
14 50 677
14 51 963
14 52 627
14 53 891
14 54 510
14 55 351
14 56 6
14 57 873
14 58 623
14 59 198
14 60 248
14 61 525
14 62 852
14 63 333
14 64 294
14 65 76
14 66 870
14 67 352
14 68 835
14 69 655
14 70 919
14 71 716
14 72 146
14 73 523
14 74 1050
14 75 426
14 76 891
14 77 820
14 78 941
14 79 408
14 80 303
14 81 527
14 82 716
14 83 59
14 84 617
14 85 867
14 86 590
14 87 1021
14 88 1011
14 89 377
14 90 495
14 91 930
14 92 785
14 93 978
14 94 691
14 95 819
14 96 511
14 97 944
14 98 523
14 99 687
14 100 805
15 16 267
15 17 781
15 18 417
15 19 388
15 20 726
15 21 447
15 22 797
15 23 447
15 24 349
15 25 198
15 26 758
15 27 433
15 28 780
15 29 425
15 30 883
15 31 381
15 32 609
15 33 511
15 34 461
15 35 699
15 36 255
15 37 431
15 38 905
15 39 265
15 40 427
15 41 415
15 42 860
15 43 505
15 44 305
15 45 490
15 46 65
15 47 503
15 48 270
15 49 166
15 50 450
15 51 678
15 52 356
15 53 768
15 54 260
15 55 381
15 56 286
15 57 586
15 58 398
15 59 376
15 60 121
15 61 277
15 62 587
15 63 69
15 64 52
15 65 228
15 66 584
15 67 187
15 68 599
15 69 484
15 70 646
15 71 462
15 72 348
15 73 236
15 74 775
15 75 145
15 76 611
15 77 596
15 78 726
15 79 428
15 80 96
15 81 240
15 82 522
15 83 339
15 84 366
15 85 584
15 86 562
15 87 783
15 88 767
15 89 123
15 90 237
15 91 648
15 92 685
15 93 696
15 94 590
15 95 542
15 96 477
15 97 792
15 98 274
15 99 414
15 100 521
16 17 592
16 18 179
16 19 634
16 20 557
16 21 246
16 22 631
16 23 611
16 24 95
16 25 455
16 26 849
16 27 568
16 28 821
16 29 181
16 30 668
16 31 520
16 32 529
16 33 442
16 34 623
16 35 518
16 36 413
16 37 170
16 38 720
16 39 51
16 40 657
16 41 682
16 42 638
16 43 350
16 44 568
16 45 518
16 46 287
16 47 242
16 48 491
16 49 165
16 50 258
16 51 455
16 52 248
16 53 821
16 54 264
16 55 604
16 56 546
16 57 334
16 58 224
16 59 639
16 60 318
16 61 275
16 62 441
16 63 215
16 64 254
16 65 481
16 66 325
16 67 266
16 68 518
16 69 528
16 70 473
16 71 223
16 72 614
16 73 109
16 74 584
16 75 122
16 76 343
16 77 538
16 78 666
16 79 638
16 80 310
16 81 99
16 82 524
16 83 604
16 84 152
16 85 318
16 86 722
16 87 678
16 88 651
16 89 250
16 90 96
16 91 443
16 92 770
16 93 491
16 94 687
16 95 368
16 96 647
16 97 809
16 98 270
16 99 280
16 100 313
17 18 416
17 19 995
17 20 81
17 21 724
17 22 86
17 23 814
17 24 502
17 25 975
17 26 806
17 27 741
17 28 679
17 29 420
17 30 137
17 31 727
17 32 320
17 33 362
17 34 815
17 35 82
17 36 720
17 37 460
17 38 128
17 39 556
17 40 972
17 41 1131
17 42 150
17 43 278
17 44 1069
17 45 538
17 46 831
17 47 417
17 48 845
17 49 751
17 50 741
17 51 173
17 52 428
17 53 705
17 54 550
17 55 919
17 56 1056
17 57 331
17 58 745
17 59 1058
17 60 878
17 61 537
17 62 214
17 63 765
17 64 798
17 65 1007
17 66 371
17 67 854
17 68 318
17 69 568
17 70 137
17 71 642
17 72 1058
17 73 554
17 74 9
17 75 679
17 76 451
17 77 366
17 78 380
17 79 916
17 80 753
17 81 554
17 82 491
17 83 1098
17 84 670
17 85 425
17 86 870
17 87 268
17 88 234
17 89 678
17 90 687
17 91 151
17 92 745
17 93 109
17 94 725
17 95 238
17 96 845
17 97 620
17 98 537
17 99 369
17 100 278
18 19 738
18 20 390
18 21 335
18 22 463
18 23 653
18 24 86
18 25 614
18 26 823
18 27 595
18 28 763
18 29 16
18 30 489
18 31 555
18 32 416
18 33 348
18 34 662
18 35 347
18 36 479
18 37 71
18 38 544
18 39 155
18 40 744
18 41 820
18 42 459
18 43 209
18 44 722
18 45 480
18 46 451
18 47 109
18 48 584
18 49 344
18 50 351
18 51 275
18 52 189
18 53 770
18 54 288
18 55 688
18 56 703
18 57 170
18 58 342
18 59 765
18 60 489
18 61 288
18 62 294
18 63 380
18 64 417
18 65 643
18 66 176
18 67 446
18 68 405
18 69 500
18 70 307
18 71 266
18 72 748
18 73 184
18 74 408
18 75 286
18 76 233
18 77 438
18 78 554
18 79 710
18 80 428
18 81 178
18 82 468
18 83 756
18 84 262
18 85 196
18 86 752
18 87 537
18 88 506
18 89 353
18 90 273
18 91 266
18 92 745
18 93 313
18 94 676
18 95 210
18 96 690
18 97 736
18 98 285
18 99 179
18 100 140
19 20 922
19 21 836
19 22 979
19 23 253
19 24 695
19 25 320
19 26 583
19 27 309
19 28 680
19 29 751
19 30 1122
19 31 292
19 32 720
19 33 643
19 34 264
19 35 914
19 36 277
19 37 776
19 38 1101
19 39 614
19 40 74
19 41 194
19 42 1113
19 43 730
19 44 276
19 45 507
19 46 415
19 47 842
19 48 155
19 49 555
19 50 839
19 51 949
19 52 594
19 53 652
19 54 466
19 55 91
19 56 296
19 57 904
19 58 787
19 59 111
19 60 440
19 61 474
19 62 781
19 63 458
19 64 430
19 65 333
19 66 914
19 67 547
19 68 715
19 69 481
19 70 861
19 71 846
19 72 154
19 73 561
19 74 992
19 75 523
19 76 962
19 77 685
19 78 783
19 79 135
19 80 324
19 81 569
19 82 559
19 83 268
19 84 753
19 85 929
19 86 319
19 87 889
19 88 889
19 89 389
19 90 624
19 91 900
19 92 538
19 93 943
19 94 453
19 95 778
19 96 252
19 97 725
19 98 475
19 99 649
19 100 794
20 21 714
20 22 74
20 23 735
20 24 473
20 25 917
20 26 726
20 27 661
20 28 603
20 29 397
20 30 219
20 31 649
20 32 238
20 33 284
20 34 735
20 35 50
20 36 648
20 37 444
20 38 182
20 39 517
20 40 896
20 41 1063
20 42 229
20 43 221
20 44 1007
20 45 457
20 46 779
20 47 413
20 48 774
20 49 711
20 50 731
20 51 196
20 52 370
20 53 627
20 54 485
20 55 844
20 56 995
20 57 340
20 58 730
20 59 988
20 60 829
20 61 471
20 62 143
20 63 716
20 64 747
20 65 950
20 66 381
20 67 813
20 68 237
20 69 488
20 70 84
20 71 635
20 72 990
20 73 507
20 74 82
20 75 634
20 76 467
20 77 284
20 78 306
20 79 839
20 80 691
20 81 508
20 82 410
20 83 1035
20 84 651
20 85 436
20 86 789
20 87 207
20 88 171
20 89 618
20 90 654
20 91 148
20 92 664
20 93 128
20 94 644
20 95 190
20 96 765
20 97 546
20 98 472
20 99 311
20 100 250
21 22 784
21 23 850
21 24 271
21 25 587
21 26 1096
21 27 812
21 28 1064
21 29 323
21 30 760
21 31 762
21 32 746
21 33 668
21 34 862
21 35 667
21 36 649
21 37 271
21 38 846
21 39 294
21 40 871
21 41 840
21 42 721
21 43 543
21 44 702
21 45 763
21 46 432
21 47 306
21 48 707
21 49 283
21 50 17
21 51 557
21 52 480
21 53 1065
21 54 511
21 55 821
21 56 675
21 57 399
21 58 57
21 59 817
21 60 431
21 61 522
21 62 629
21 63 378
21 64 409
21 65 604
21 66 366
21 67 329
21 68 735
21 69 774
21 70 634
21 71 85
21 72 781
21 73 356
21 74 715
21 75 320
21 76 321
21 77 762
21 78 884
21 79 862
21 80 520
21 81 346
21 82 765
21 83 739
21 84 94
21 85 324
21 86 963
21 87 872
21 88 841
21 89 478
21 90 214
21 91 574
21 92 1017
21 93 614
21 94 934
21 95 544
21 96 885
21 97 1047
21 98 517
21 99 497
21 100 466
22 23 782
22 24 547
22 25 987
22 26 743
22 27 708
22 28 610
22 29 470
22 30 202
22 31 700
22 32 274
22 33 336
22 34 781
22 35 117
22 36 708
22 37 515
22 38 123
22 39 591
22 40 950
22 41 1126
22 42 226
22 43 293
22 44 1075
22 45 499
22 46 851
22 47 481
22 48 834
22 49 785
22 50 801
22 51 249
22 52 441
22 53 637
22 54 553
22 55 899
22 56 1064
22 57 402
22 58 802
22 59 1050
22 60 902
22 61 538
22 62 211
22 63 789
22 64 819
22 65 1020
22 66 443
22 67 887
22 68 275
22 69 530
22 70 158
22 71 704
22 72 1053
22 73 580
22 74 94
22 75 708
22 76 527
22 77 318
22 78 308
22 79 890
22 80 759
22 81 581
22 82 449
22 83 1102
22 84 723
22 85 498
22 86 828
22 87 188
22 88 156
22 89 687
22 90 728
22 91 213
22 92 686
22 93 181
22 94 676
22 95 264
22 96 811
22 97 547
22 98 539
22 99 383
22 100 323
23 24 640
23 25 488
23 26 345
23 27 73
23 28 428
23 29 669
23 30 949
23 31 98
23 32 510
23 33 451
23 34 15
23 35 738
23 36 201
23 37 710
23 38 905
23 39 573
23 40 193
23 41 446
23 42 947
23 43 577
23 44 492
23 45 284
23 46 501
23 47 763
23 48 203
23 49 598
23 50 858
23 51 804
23 52 474
23 53 401
23 54 366
23 55 162
23 56 503
23 57 800
23 58 812
23 59 360
23 60 547
23 61 365
23 62 605
23 63 509
23 64 499
23 65 513
23 66 821
23 67 634
23 68 507
23 69 254
23 70 688
23 71 834
23 72 394
23 73 510
23 74 813
23 75 534
23 76 887
23 77 469
23 78 548
23 79 124
23 80 351
23 81 520
23 82 336
23 83 496
23 84 757
23 85 849
23 86 115
23 87 665
23 88 671
23 89 373
23 90 639
23 91 747
23 92 290
23 93 783
23 94 200
23 95 626
23 96 37
23 97 471
23 98 368
23 99 515
23 100 666
24 25 542
24 26 844
24 27 589
24 28 799
24 29 86
24 30 574
24 31 544
24 32 475
24 33 397
24 34 650
24 35 432
24 36 452
24 37 82
24 38 630
24 39 84
24 40 710
24 41 761
24 42 544
24 43 279
24 44 654
24 45 503
24 46 377
24 47 154
24 48 545
24 49 260
24 50 286
24 51 360
24 52 212
24 53 802
24 54 275
24 55 655
24 56 633
24 57 240
24 58 268
24 59 712
24 60 411
24 61 280
24 62 368
24 63 305
24 64 343
24 65 570
24 66 235
24 67 361
24 68 464
24 69 518
24 70 390
24 71 217
24 72 691
24 73 135
24 74 494
24 75 210
24 76 267
24 77 490
24 78 613
24 79 683
24 80 376
24 81 127
24 82 500
24 83 689
24 84 188
24 85 236
24 86 745
24 87 610
24 88 581
24 89 306
24 90 186
24 91 352
24 92 765
24 93 399
24 94 689
24 95 288
24 96 677
24 97 778
24 98 276
24 99 225
24 100 225
25 26 830
25 27 504
25 28 886
25 29 621
25 30 1080
25 31 459
25 32 780
25 33 684
25 34 503
25 35 893
25 36 351
25 37 623
25 38 1099
25 39 460
25 40 385
25 41 256
25 42 1058
25 43 698
25 44 116
25 45 625
25 46 168
25 47 696
25 48 285
25 49 314
25 50 586
25 51 876
25 52 548
25 53 867
25 54 437
25 55 361
25 56 91
25 57 781
25 58 531
25 59 254
25 60 155
25 61 454
25 62 776
25 63 239
25 64 200
25 65 32
25 66 777
25 67 262
25 68 771
25 69 611
25 70 840
25 71 622
25 72 208
25 73 434
25 74 970
25 75 333
25 76 797
25 77 760
25 78 885
25 79 418
25 80 231
25 81 438
25 82 666
25 83 152
25 84 523
25 85 773
25 86 592
25 87 957
25 88 944
25 89 300
25 90 400
25 91 846
25 92 767
25 93 894
25 94 671
25 95 737
25 96 508
25 97 910
25 98 451
25 99 607
25 100 719
26 27 328
26 28 156
26 29 840
26 30 941
26 31 378
26 32 494
26 33 500
26 34 330
26 35 752
26 36 503
26 37 892
26 38 854
26 39 802
26 40 512
26 41 777
26 42 956
26 43 666
26 44 837
26 45 342
26 46 819
26 47 924
26 48 545
26 49 887
26 50 1108
26 51 868
26 52 636
26 53 120
26 54 585
26 55 499
26 56 848
26 57 925
26 58 1071
26 59 694
26 60 871
26 61 574
26 62 644
26 63 811
26 64 810
26 65 856
26 66 958
26 67 943
26 68 499
26 69 325
26 70 718
26 71 1059
26 72 733
26 73 740
26 74 808
26 75 808
26 76 1040
26 77 449
26 78 438
26 79 447
26 80 662
26 81 750
26 82 360
26 83 839
26 84 1002
26 85 1000
26 86 265
26 87 570
26 88 593
26 89 656
26 90 905
26 91 803
26 92 79
26 93 821
26 94 168
26 95 705
26 96 334
26 97 227
26 98 579
26 99 648
26 100 775
27 28 386
27 29 611
27 30 876
27 31 52
27 32 437
27 33 378
27 34 74
27 35 665
27 36 177
27 37 655
27 38 832
27 39 527
27 40 257
27 41 496
27 42 875
27 43 508
27 44 524
27 45 211
27 46 492
27 47 705
27 48 224
27 49 574
27 50 821
27 51 735
27 52 412
27 53 364
27 54 313
27 55 218
27 56 531
27 57 736
27 58 778
27 59 410
27 60 543
27 61 309
27 62 532
27 63 491
27 64 486
27 65 532
27 66 759
27 67 621
27 68 434
27 69 181
27 70 615
27 71 790
27 72 438
27 73 463
27 74 739
27 75 502
27 76 828
27 77 396
27 78 479
27 79 190
27 80 337
27 81 474
27 82 263
27 83 533
27 84 717
27 85 790
27 86 157
27 87 594
27 88 598
27 89 343
27 90 606
27 91 676
27 92 262
27 93 711
27 94 166
27 95 556
27 96 105
27 97 422
27 98 313
27 99 449
27 100 599
28 29 779
28 30 811
28 31 427
28 32 385
28 33 418
28 34 416
28 35 635
28 36 538
28 37 835
28 38 714
28 39 771
28 40 615
28 41 874
28 42 830
28 43 582
28 44 911
28 45 304
28 46 845
28 47 856
28 48 610
28 49 887
28 50 1077
28 51 763
28 52 586
28 53 36
28 54 567
28 55 590
28 56 918
28 57 841
28 58 1046
28 59 788
28 60 900
28 61 552
28 62 542
28 63 823
28 64 830
28 65 915
28 66 877
28 67 958
28 68 393
28 69 301
28 70 607
28 71 1016
28 72 821
28 73 714
28 74 683
28 75 802
28 76 964
28 77 346
28 78 301
28 79 546
28 80 690
28 81 723
28 82 298
28 83 919
28 84 972
28 85 925
28 86 381
28 87 429
28 88 455
28 89 666
28 90 890
28 91 698
28 92 149
28 93 710
28 94 227
28 95 614
28 96 429
28 97 71
28 98 558
28 99 584
28 100 692
29 30 488
29 31 571
29 32 430
29 33 364
29 34 678
29 35 353
29 36 493
29 37 56
29 38 548
29 39 161
29 40 758
29 41 830
29 42 457
29 43 222
29 44 730
29 45 497
29 46 457
29 47 94
29 48 597
29 49 346
29 50 340
29 51 274
29 52 205
29 53 786
29 54 303
29 55 702
29 56 711
29 57 160
29 58 333
29 59 776
29 60 494
29 61 304
29 62 305
29 63 386
29 64 423
29 65 650
29 66 164
29 67 447
29 68 419
29 69 516
29 70 315
29 71 253
29 72 759
29 73 194
29 74 412
29 75 291
29 76 218
29 77 452
29 78 567
29 79 725
29 80 439
29 81 188
29 82 484
29 83 764
29 84 254
29 85 181
29 86 768
29 87 548
29 88 517
29 89 365
29 90 272
29 91 269
29 92 761
29 93 315
29 94 693
29 95 220
29 96 706
29 97 751
29 98 300
29 99 195
29 100 146
30 31 860
30 32 458
30 33 498
30 34 950
30 35 210
30 36 845
30 37 517
30 38 134
30 39 640
30 40 1103
30 41 1250
30 42 45
30 43 394
30 44 1179
30 45 675
30 46 928
30 47 459
30 48 970
30 49 833
30 50 777
30 51 214
30 52 541
30 53 838
30 54 668
30 55 1049
30 56 1164
30 57 362
30 58 791
30 59 1180
30 60 972
30 61 656
30 62 344
30 63 859
30 64 894
30 65 1112
30 66 394
30 67 935
30 68 456
30 69 705
30 70 262
30 71 675
30 72 1177
30 73 649
30 74 137
30 75 769
30 76 455
30 77 504
30 78 510
30 79 1048
30 80 865
30 81 647
30 82 628
30 83 1209
30 84 721
30 85 440
30 86 1007
30 87 389
30 88 358
30 89 788
30 90 761
30 91 234
30 92 881
30 93 186
30 94 863
30 95 349
30 96 980
30 97 750
30 98 656
30 99 482
30 100 363
31 32 433
31 33 365
31 34 106
31 35 649
31 36 125
31 37 613
31 38 824
31 39 480
31 40 251
31 41 471
31 42 856
31 43 482
31 44 487
31 45 214
31 46 441
31 47 665
31 48 185
31 49 522
31 50 771
31 51 709
31 52 376
31 53 407
31 54 269
31 55 203
31 56 492
31 57 702
31 58 727
31 59 386
31 60 492
31 61 267
31 62 515
31 63 439
31 64 434
31 65 488
31 66 723
31 67 569
31 68 430
31 69 188
31 70 598
31 71 742
31 72 409
31 73 417
31 74 725
31 75 451
31 76 789
31 77 396
31 78 490
31 79 190
31 80 285
31 81 427
31 82 267
31 83 498
31 84 668
31 85 751
31 86 202
31 87 598
31 88 599
31 89 292
31 90 555
31 91 653
31 92 309
31 93 690
31 94 213
31 95 531
31 96 135
31 97 457
31 98 271
31 99 418
31 100 569
32 33 97
32 34 509
32 35 259
32 36 462
32 37 487
32 38 396
32 39 479
32 40 685
32 41 881
32 42 467
32 43 211
32 44 851
32 45 226
32 46 671
32 47 492
32 48 584
32 49 649
32 50 761
32 51 378
32 52 284
32 53 404
32 54 349
32 55 636
32 56 846
32 57 462
32 58 743
32 59 801
32 60 726
32 61 331
32 62 157
32 63 621
32 64 644
32 65 813
32 66 500
32 67 742
32 68 11
32 69 256
32 70 224
32 71 683
32 72 811
32 73 440
32 74 321
32 75 561
32 76 589
32 77 46
32 78 138
32 79 622
32 80 548
32 81 446
32 82 175
32 83 874
32 84 663
32 85 551
32 86 554
32 87 177
32 88 169
32 89 487
32 90 618
32 91 313
32 92 428
32 93 328
32 94 405
32 95 235
32 96 538
32 97 340
32 98 335
32 99 250
32 100 317
33 34 452
33 35 288
33 36 375
33 37 420
33 38 459
33 39 391
33 40 614
33 41 795
33 42 498
33 43 165
33 44 759
33 45 181
33 46 574
33 47 437
33 48 500
33 49 554
33 50 683
33 51 375
33 52 194
33 53 430
33 54 251
33 55 562
33 56 752
33 57 426
33 58 660
33 59 717
33 60 629
33 61 234
33 62 157
33 63 524
33 64 546
33 65 717
33 66 460
33 67 646
33 68 87
33 69 211
33 70 240
33 71 610
33 72 724
33 73 348
33 74 361
33 75 466
33 76 546
33 77 95
33 78 226
33 79 555
33 80 452
33 81 354
33 82 143
33 83 782
33 84 581
33 85 506
33 86 512
33 87 273
33 88 260
33 89 390
33 90 528
33 91 312
33 92 427
33 93 340
33 94 383
33 95 205
33 96 482
33 97 387
33 98 237
33 99 172
33 100 276
34 35 740
34 36 214
34 37 719
34 38 905
34 39 584
34 40 202
34 41 458
34 42 949
34 43 581
34 44 506
34 45 282
34 46 515
34 47 772
34 48 217
34 49 612
34 50 870
34 51 809
34 52 481
34 53 389
34 54 376
34 55 174
34 56 517
34 57 807
34 58 825
34 59 372
34 60 562
34 61 374
34 62 607
34 63 523
34 64 513
34 65 527
34 66 829
34 67 648
34 68 507
34 69 252
34 70 690
34 71 845
34 72 406
34 73 521
34 74 814
34 75 547
34 76 895
34 77 467
34 78 543
34 79 133
34 80 366
34 81 531
34 82 334
34 83 510
34 84 769
34 85 857
34 86 101
34 87 662
34 88 668
34 89 386
34 90 652
34 91 751
34 92 276
34 93 786
34 94 188
34 95 630
34 96 30
34 97 461
34 98 377
34 99 521
34 100 672
35 36 638
35 37 398
35 38 206
35 39 480
35 40 893
35 41 1048
35 42 211
35 43 195
35 44 986
35 45 467
35 46 750
35 47 364
35 48 764
35 49 675
35 50 684
35 51 147
35 52 346
35 53 657
35 54 467
35 55 839
35 56 973
35 57 289
35 58 684
35 59 976
35 60 799
35 61 454
35 62 134
35 63 685
35 64 718
35 65 925
35 66 331
35 67 778
35 68 255
35 69 497
35 70 54
35 71 587
35 72 975
35 73 474
35 74 78
35 75 601
35 76 417
35 77 305
35 78 343
35 79 838
35 80 670
35 81 475
35 82 422
35 83 1015
35 84 606
35 85 386
35 86 799
35 87 254
35 88 217
35 89 595
35 90 615
35 91 98
35 92 687
35 93 80
35 94 660
35 95 157
35 96 770
35 97 581
35 98 455
35 99 286
35 100 207
36 37 527
36 38 829
36 39 379
36 40 268
36 41 419
36 42 835
36 43 453
36 44 399
36 45 277
36 46 316
36 47 587
36 48 125
36 49 399
36 50 656
36 51 673
36 52 320
36 53 521
36 54 194
36 55 212
36 56 398
36 57 638
36 58 611
36 59 341
36 60 368
36 61 199
36 62 506
36 63 313
36 64 308
36 65 382
36 66 653
36 67 443
36 68 455
36 69 260
36 70 584
36 71 636
36 72 349
36 73 318
36 74 717
36 75 332
36 76 710
36 77 433
36 78 548
36 79 231
36 80 159
36 81 327
36 82 322
36 83 417
36 84 556
36 85 674
36 86 316
36 87 637
36 88 631
36 89 171
36 90 438
36 91 623
36 92 431
36 93 665
36 94 335
36 95 501
36 96 236
36 97 559
36 98 201
36 99 373
36 100 520
37 38 586
37 39 167
37 40 788
37 41 843
37 42 482
37 43 278
37 44 735
37 45 549
37 46 456
37 47 72
37 48 625
37 49 331
37 50 288
37 51 304
37 52 256
37 53 841
37 54 343
37 55 733
37 56 714
37 57 166
37 58 286
37 59 794
37 60 488
37 61 345
37 62 359
37 63 384
37 64 423
37 65 650
37 66 154
37 67 429
37 68 476
37 69 568
37 70 363
37 71 198
37 72 773
37 73 215
37 74 452
37 75 290
37 76 185
37 77 509
37 78 624
37 79 759
37 80 458
37 81 207
37 82 539
37 83 770
37 84 209
37 85 153
37 86 812
37 87 602
37 88 571
37 89 387
37 90 250
37 91 308
37 92 813
37 93 352
37 94 743
37 95 273
37 96 747
37 97 808
37 98 341
37 99 250
37 100 195
38 39 684
38 40 1073
38 41 1245
38 42 176
38 43 400
38 44 1189
38 45 623
38 46 957
38 47 540
38 48 955
38 49 879
38 50 863
38 51 289
38 52 551
38 53 744
38 54 668
38 55 1022
38 56 1177
38 57 449
38 58 870
38 59 1170
38 60 1005
38 61 654
38 62 326
38 63 892
38 64 924
38 65 1131
38 66 486
38 67 982
38 68 398
38 69 653
38 70 259
38 71 763
38 72 1173
38 73 681
38 74 136
38 75 807
38 76 560
38 77 440
38 78 416
38 79 1014
38 80 873
38 81 681
38 82 572
38 83 1217
38 84 795
38 85 538
38 86 950
38 87 285
38 88 261
38 89 799
38 90 816
38 91 279
38 92 801
38 93 234
38 94 795
38 95 364
38 96 934
38 97 649
38 98 655
38 99 491
38 100 406
39 40 631
39 41 676
39 42 612
39 43 305
39 44 570
39 45 468
39 46 296
39 47 238
39 48 466
39 49 195
39 50 306
39 51 428
39 52 197
39 53 771
39 54 219
39 55 577
39 56 550
39 57 321
39 58 275
39 59 627
39 60 334
39 61 228
39 62 396
39 63 224
39 64 262
39 65 488
39 66 318
39 67 298
39 68 468
39 69 479
39 70 433
39 71 262
39 72 606
39 73 63
39 74 549
39 75 130
39 76 350
39 77 487
39 78 616
39 79 608
39 80 292
39 81 53
39 82 473
39 83 605
39 84 201
39 85 321
39 86 683
39 87 630
39 88 604
39 89 224
39 90 141
39 91 410
39 92 722
39 93 459
39 94 641
39 95 327
39 96 610
39 97 758
39 98 223
39 99 231
39 100 280
40 41 266
40 42 1096
40 43 715
40 44 349
40 45 464
40 46 462
40 47 851
40 48 165
40 49 594
40 50 875
40 51 938
40 52 588
40 53 586
40 54 462
40 55 56
40 56 368
40 57 906
40 58 824
40 59 185
40 60 493
40 61 468
40 62 759
40 63 497
40 64 473
40 65 400
40 66 920
40 67 597
40 68 681
40 69 436
40 70 840
40 71 874
40 72 229
40 73 574
40 74 970
40 75 553
40 76 973
40 77 647
40 78 737
40 79 69
40 80 351
40 81 583
40 82 517
40 83 342
40 84 784
40 85 938
40 86 246
40 87 849
40 88 851
40 89 407
40 90 656
40 91 887
40 92 470
40 93 927
40 94 388
40 95 764
40 96 185
40 97 663
40 98 469
40 99 639
40 100 788
41 42 1235
41 43 856
41 44 152
41 45 681
41 46 410
41 47 914
41 48 297
41 49 561
41 50 840
41 51 1061
41 52 709
41 53 847
41 54 582
41 55 283
41 56 181
41 57 990
41 58 786
41 59 86
41 60 410
41 61 595
41 62 919
41 63 474
41 64 438
41 65 248
41 66 993
41 67 518
41 68 875
41 69 657
41 70 994
41 71 870
41 72 73
41 73 635
41 74 1127
41 75 560
41 76 1025
41 77 850
41 78 958
41 79 330
41 80 393
41 81 641
41 82 731
41 83 122
41 84 771
41 85 997
41 86 512
41 87 1055
41 88 1051
41 89 470
41 90 644
41 91 1020
41 92 733
41 93 1065
41 94 646
41 95 901
41 96 446
41 97 917
41 98 594
41 99 768
41 100 902
42 43 382
42 44 1159
42 45 678
42 46 903
42 47 423
42 48 959
42 49 803
42 50 737
42 51 184
42 52 525
42 53 855
42 54 653
42 55 1041
42 56 1143
42 57 324
42 58 753
42 59 1167
42 60 946
42 61 642
42 62 342
42 63 833
42 64 869
42 65 1089
42 66 354
42 67 905
42 68 464
42 69 708
42 70 259
42 71 635
42 72 1162
42 73 625
42 74 147
42 75 742
42 76 413
42 77 513
42 78 530
42 79 1043
42 80 847
42 81 622
42 82 633
42 83 1190
42 84 684
42 85 399
42 86 1010
42 87 415
42 88 381
42 89 769
42 90 729
42 91 215
42 92 894
42 93 170
42 94 871
42 95 335
42 96 980
42 97 771
42 98 642
42 99 467
42 100 339
43 44 790
43 45 336
43 46 558
43 47 280
43 48 576
43 49 495
43 50 559
43 51 227
43 52 150
43 53 594
43 54 273
43 55 660
43 56 778
43 57 260
43 58 547
43 59 785
43 60 608
43 61 261
43 62 90
43 63 495
43 64 526
43 65 730
43 66 295
43 67 596
43 68 201
43 69 363
43 70 141
43 71 475
43 72 782
43 73 287
43 74 273
43 75 415
43 76 382
43 77 240
43 78 347
43 79 665
43 80 475
43 81 289
43 82 306
43 83 819
43 84 466
43 85 343
43 86 655
43 87 331
43 88 302
43 89 399
43 90 446
43 91 171
43 92 591
43 93 212
43 94 541
43 95 48
43 96 612
43 97 545
43 98 261
43 99 90
43 100 110
44 45 676
44 46 283
44 47 808
44 48 301
44 49 430
44 50 700
44 51 979
44 52 640
44 53 888
44 54 521
44 55 342
44 56 29
44 57 891
44 58 646
44 59 180
44 60 270
44 61 536
44 62 864
44 63 353
44 64 314
44 65 99
44 66 889
44 67 375
44 68 844
44 69 657
44 70 932
44 71 738
44 72 128
44 73 540
44 74 1064
44 75 445
44 76 911
44 77 827
44 78 946
44 79 398
44 80 315
44 81 544
44 82 721
44 83 36
44 84 639
44 85 886
44 86 582
44 87 1029
44 88 1019
44 89 391
44 90 516
44 91 945
44 92 781
44 93 992
44 94 688
44 95 832
44 96 504
44 97 944
44 98 535
44 99 700
44 100 820
45 46 556
45 47 583
45 48 385
45 49 584
45 50 775
45 51 555
45 52 294
45 53 302
45 54 262
45 55 418
45 56 675
45 57 590
45 58 743
45 59 597
45 60 612
45 61 247
45 62 339
45 63 526
45 64 536
45 65 656
45 66 620
45 67 659
45 68 224
45 69 30
45 70 421
45 71 720
45 72 615
45 73 410
45 74 537
45 75 498
45 76 700
45 77 184
45 78 277
45 79 399
45 80 407
45 81 419
45 82 52
45 83 693
45 84 670
45 85 660
45 86 332
45 87 384
45 88 387
45 89 370
45 90 585
45 91 493
45 92 264
45 93 522
45 94 204
45 95 381
45 96 311
45 97 304
45 98 253
45 99 306
45 100 442
46 47 529
46 48 314
46 49 151
46 50 433
46 51 720
46 52 411
46 53 832
46 54 322
46 55 420
46 56 259
46 57 617
46 58 379
46 59 385
46 60 56
46 61 340
46 62 642
46 63 72
46 64 34
46 65 194
46 66 611
46 67 136
46 68 661
46 69 549
46 70 698
46 71 459
46 72 349
46 73 279
46 74 825
46 75 166
46 76 629
46 77 660
46 78 790
46 79 471
46 80 157
46 81 280
46 82 587
46 83 319
46 84 360
46 85 605
46 86 615
46 87 844
46 88 827
46 89 188
46 90 234
46 91 694
46 92 747
46 93 743
46 94 651
46 95 593
46 96 529
46 97 857
46 98 336
46 99 468
46 100 565
47 48 690
47 49 403
47 50 323
47 51 251
47 52 296
47 53 865
47 54 398
47 55 796
47 56 787
47 57 99
47 58 332
47 59 864
47 60 560
47 61 398
47 62 350
47 63 457
47 64 496
47 65 723
47 66 82
47 67 499
47 68 482
47 69 603
47 70 338
47 71 224
47 72 844
47 73 282
47 74 408
47 75 363
47 76 123
47 77 520
47 78 625
47 79 819
47 80 527
47 81 275
47 82 566
47 83 843
47 84 261
47 85 87
47 86 862
47 87 588
47 88 554
47 89 454
47 90 320
47 91 268
47 92 847
47 93 307
47 94 781
47 95 263
47 96 800
47 97 824
47 98 394
47 99 276
47 100 178
48 49 434
48 50 713
48 51 794
48 52 439
48 53 588
48 54 310
48 55 113
48 56 307
48 57 749
48 58 662
48 59 217
48 60 354
48 61 319
48 62 632
48 63 339
48 64 319
48 65 311
48 66 760
48 67 450
48 68 578
48 69 363
48 70 710
48 71 709
48 72 229
48 73 410
48 74 842
48 75 388
48 76 810
48 77 553
48 78 661
48 79 158
48 80 186
48 81 418
48 82 434
48 83 312
48 84 620
48 85 776
48 86 310
48 87 758
48 88 753
48 89 241
48 90 493
48 91 746
48 92 484
48 93 789
48 94 389
48 95 624
48 96 224
48 97 643
48 98 320
48 99 494
48 100 639
49 50 285
49 51 619
49 52 366
49 53 880
49 54 324
49 55 547
49 56 405
49 57 497
49 58 232
49 59 534
49 60 163
49 61 340
49 62 585
49 63 96
49 64 126
49 65 336
49 66 485
49 67 103
49 68 638
49 69 586
49 70 627
49 71 308
49 72 500
49 73 210
49 74 744
49 75 88
49 76 491
49 77 648
49 78 780
49 79 592
49 80 250
49 81 207
49 82 604
49 83 467
49 84 209
49 85 471
49 86 714
49 87 811
49 88 788
49 89 231
49 90 87
49 91 605
49 92 810
49 93 653
49 94 718
49 95 520
49 96 631
49 97 887
49 98 335
49 99 413
49 100 474
50 51 574
50 52 494
50 53 1077
50 54 523
50 55 826
50 56 673
50 57 416
50 58 54
50 59 818
50 60 430
50 61 534
50 62 645
50 63 381
50 64 411
50 65 601
50 66 383
50 67 326
50 68 750
50 69 786
50 70 651
50 71 102
50 72 782
50 73 367
50 74 732
50 75 326
50 76 336
50 77 777
50 78 900
50 79 868
50 80 526
50 81 358
50 82 778
50 83 737
50 84 105
50 85 341
50 86 971
50 87 888
50 88 857
50 89 485
50 90 220
50 91 591
50 92 1029
50 93 631
50 94 945
50 95 560
50 96 893
50 97 1061
50 98 528
50 99 512
50 100 483
51 52 354
51 53 782
51 54 484
51 55 883
51 56 962
51 57 160
51 58 583
51 59 996
51 60 762
51 61 474
51 62 224
51 63 650
51 64 686
51 65 907
51 66 198
51 67 721
51 68 371
51 69 584
51 70 156
51 71 473
51 72 987
51 73 442
51 74 164
51 75 558
51 76 278
51 77 420
51 78 481
51 79 891
51 80 670
51 81 439
51 82 519
51 83 1011
51 84 511
51 85 251
51 86 880
51 87 401
51 88 364
51 89 592
51 90 547
51 91 64
51 92 798
51 93 68
51 94 758
51 95 178
51 96 839
51 97 714
51 98 474
51 99 299
51 100 159
52 53 590
52 54 129
52 55 532
52 56 627
52 57 326
52 58 468
52 59 642
52 60 463
52 61 120
52 62 230
52 63 352
52 64 380
52 65 580
52 66 347
52 67 463
52 68 273
52 69 311
52 70 292
52 71 429
52 72 636
52 73 156
52 74 423
52 75 281
52 76 418
52 77 290
52 78 419
52 79 545
52 80 325
52 81 162
52 82 287
52 83 669
52 84 390
52 85 379
52 86 567
52 87 444
52 88 422
52 89 249
52 90 334
52 91 310
52 92 557
52 93 355
52 94 487
52 95 192
52 96 511
52 97 567
52 98 119
52 99 59
52 100 200
53 54 563
53 55 563
53 56 896
53 57 855
53 58 1045
53 59 761
53 60 886
53 61 549
53 62 560
53 63 813
53 64 818
53 65 895
53 66 890
53 67 948
53 68 411
53 69 295
53 70 628
53 71 1019
53 72 795
53 73 712
53 74 708
53 75 796
53 76 976
53 77 362
53 78 328
53 79 518
53 80 676
53 81 722
53 82 302
53 83 895
53 84 972
53 85 936
53 86 349
53 87 458
53 88 483
53 89 656
53 90 887
53 91 717
53 92 117
53 93 730
53 94 201
53 95 629
53 96 401
53 97 106
53 98 554
53 99 591
53 100 705
54 55 406
54 56 511
54 57 444
54 58 486
54 59 513
54 60 378
54 61 17
54 62 342
54 63 277
54 64 296
54 65 470
54 66 460
54 67 406
54 68 339
54 69 267
54 70 413
54 71 481
54 72 509
54 73 155
54 74 545
54 75 236
54 76 521
54 77 337
54 78 469
54 79 423
54 80 207
54 81 165
54 82 280
54 83 549
54 84 417
54 85 484
54 86 470
54 87 524
54 88 508
54 89 138
54 90 324
54 91 439
54 92 506
54 93 483
54 94 422
54 95 319
54 96 404
54 97 564
54 98 14
54 99 186
54 100 328
55 56 357
55 57 850
55 58 776
55 59 198
55 60 456
55 61 412
55 62 705
55 63 451
55 64 429
55 65 380
55 66 864
55 67 557
55 68 631
55 69 391
55 70 786
55 71 822
55 72 234
55 73 519
55 74 916
55 75 502
55 76 917
55 77 599
55 78 693
55 79 57
55 80 300
55 81 528
55 82 471
55 83 341
55 84 734
55 85 883
55 86 240
55 87 802
55 88 803
55 89 353
55 90 607
55 91 831
55 92 450
55 93 872
55 94 363
55 95 708
55 96 165
55 97 634
55 98 413
55 99 583
55 100 732
56 57 871
56 58 618
56 59 204
56 60 244
56 61 527
56 62 853
56 63 330
56 64 292
56 65 71
56 66 868
56 67 347
56 68 837
56 69 658
56 70 919
56 71 713
56 72 153
56 73 522
56 74 1051
56 75 424
56 76 889
56 77 823
56 78 944
56 79 414
56 80 304
56 81 526
56 82 720
56 83 64
56 84 613
56 85 864
56 86 596
56 87 1023
56 88 1012
56 89 378
56 90 492
56 91 930
56 92 790
56 93 977
56 94 696
56 95 819
56 96 516
56 97 949
56 98 524
56 99 687
56 100 804
57 58 429
57 59 934
57 60 651
57 61 441
57 62 308
57 63 545
57 64 583
57 65 810
57 66 41
57 67 595
57 68 453
57 69 614
57 70 275
57 71 315
57 72 918
57 73 354
57 74 322
57 75 450
57 76 130
57 77 497
57 78 587
57 79 868
57 80 598
57 81 349
57 82 565
57 83 925
57 84 361
57 85 96
57 86 891
57 87 531
57 88 495
57 89 522
57 90 416
57 91 191
57 92 850
57 93 222
57 94 794
57 95 227
57 96 837
57 97 802
57 98 438
57 99 289
57 100 150
58 59 764
58 60 376
58 61 498
58 62 635
58 63 328
58 64 358
58 65 547
58 66 400
58 67 272
58 68 732
58 69 752
58 70 648
58 71 127
58 72 727
58 73 332
58 74 737
58 75 278
58 76 364
58 77 755
58 78 881
58 79 818
58 80 476
58 81 323
58 82 749
58 83 682
58 84 80
58 85 362
58 86 926
58 87 878
58 88 848
58 89 439
58 90 172
58 91 594
58 92 992
58 93 637
58 94 906
58 95 552
58 96 847
58 97 1033
58 98 493
58 99 492
58 100 479
59 60 396
59 61 525
59 62 845
59 63 441
59 64 408
59 65 257
59 66 940
59 67 506
59 68 795
59 69 573
59 70 922
59 71 838
59 72 51
59 73 582
59 74 1055
59 75 520
59 76 978
59 77 769
59 78 874
59 79 246
59 80 337
59 81 588
59 82 647
59 83 164
59 84 741
59 85 948
59 86 430
59 87 974
59 88 970
59 89 412
59 90 612
59 91 952
59 92 648
59 93 997
59 94 561
59 95 832
59 96 362
59 97 831
59 98 524
59 99 700
59 100 838
60 61 396
60 62 693
60 63 113
60 64 83
60 65 173
60 66 643
60 67 110
60 68 716
60 69 605
60 70 747
60 71 468
60 72 355
60 73 324
60 74 872
60 75 203
60 76 654
60 77 716
60 78 846
60 79 508
60 80 210
60 81 325
60 82 643
60 83 307
60 84 369
60 85 633
60 86 660
60 87 899
60 88 881
60 89 244
60 90 251
60 91 739
60 92 800
60 93 788
60 94 704
60 95 641
60 96 574
60 97 913
60 98 392
60 99 519
60 100 609
61 62 327
61 63 295
61 64 314
61 65 487
61 66 458
61 67 423
61 68 322
61 69 254
61 70 399
61 71 489
61 72 521
61 73 166
61 74 532
61 75 252
61 76 522
61 77 319
61 78 451
61 79 427
61 80 223
61 81 176
61 82 263
61 83 563
61 84 428
61 85 484
61 86 466
61 87 506
61 88 491
61 89 156
61 90 338
61 91 428
61 92 494
61 93 472
61 94 412
61 95 307
61 96 402
61 97 548
61 98 5
61 99 175
61 100 321
62 63 581
62 64 611
62 65 808
62 66 348
62 67 686
62 68 149
62 69 368
62 70 83
62 71 557
62 72 846
62 73 376
62 74 211
62 75 504
62 76 438
62 77 197
62 78 278
62 79 704
62 80 548
62 81 378
62 82 298
62 83 891
62 84 554
62 85 400
62 86 670
62 87 243
62 88 213
62 89 475
62 90 536
62 91 159
62 92 574
62 93 183
62 94 538
62 95 87
62 96 637
62 97 497
62 98 329
62 99 174
62 100 171
63 64 38
63 65 265
63 66 539
63 67 134
63 68 611
63 69 523
63 70 634
63 71 397
63 72 410
63 73 211
63 74 758
63 75 94
63 76 558
63 77 613
63 78 745
63 79 497
63 80 158
63 81 212
63 82 552
63 83 389
63 84 299
63 85 534
63 86 625
63 87 791
63 88 772
63 89 157
63 90 170
63 91 626
63 92 736
63 93 674
63 94 642
63 95 528
63 96 541
63 97 830
63 98 290
63 99 407
63 100 496
64 65 227
64 66 577
64 67 135
64 68 634
64 69 532
64 70 666
64 71 432
64 72 374
64 73 245
64 74 792
64 75 132
64 76 597
64 77 634
64 78 765
64 79 477
64 80 148
64 81 247
64 82 566
64 83 350
64 84 333
64 85 572
64 86 614
64 87 816
64 88 798
64 89 166
64 90 206
64 91 661
64 92 736
64 93 709
64 94 641
64 95 560
64 96 529
64 97 839
64 98 310
64 99 437
64 100 531
65 66 805
65 67 276
65 68 804
65 69 642
65 70 872
65 71 642
65 72 208
65 73 465
65 74 1002
65 75 360
65 76 822
65 77 793
65 78 918
65 79 437
65 80 264
65 81 468
65 82 698
65 83 135
65 84 543
65 85 799
65 86 614
65 87 990
65 88 977
65 89 333
65 90 423
65 91 877
65 92 794
65 93 925
65 94 698
65 95 769
65 96 531
65 97 941
65 98 484
65 99 639
65 100 749
66 67 581
66 68 491
66 69 643
66 70 316
66 71 281
66 72 922
66 73 358
66 74 362
66 75 445
66 76 89
66 77 534
66 78 627
66 79 884
66 80 603
66 81 351
66 82 597
66 83 924
66 84 335
66 85 55
66 86 915
66 87 572
66 88 537
66 89 529
66 90 401
66 91 232
66 92 882
66 93 263
66 94 823
66 95 265
66 96 858
66 97 839
66 98 455
66 99 315
66 100 185
67 68 732
67 69 657
67 70 730
67 71 375
67 72 465
67 73 310
67 74 847
67 75 182
67 76 579
67 77 738
67 78 871
67 79 607
67 80 284
67 81 307
67 82 684
67 83 411
67 84 277
67 85 563
67 86 749
67 87 908
67 88 886
67 89 291
67 90 179
67 91 708
67 92 869
67 93 756
67 94 775
67 95 623
67 96 664
67 97 963
67 98 418
67 99 513
67 100 577
68 69 255
68 70 218
68 71 672
68 72 804
68 73 430
68 74 319
68 75 551
68 76 580
68 77 49
68 78 149
68 79 619
68 80 539
68 81 435
68 82 174
68 83 867
68 84 651
68 85 541
68 86 554
68 87 186
68 88 176
68 89 477
68 90 607
68 91 306
68 92 432
68 93 322
68 94 407
68 95 225
68 96 536
68 97 349
68 98 325
68 99 239
68 100 307
69 70 451
69 71 734
69 72 592
69 73 419
69 74 568
69 75 501
69 76 722
69 77 214
69 78 302
69 79 371
69 80 397
69 81 428
69 82 81
69 83 673
69 84 680
69 85 683
69 86 302
69 87 412
69 88 416
69 89 366
69 90 591
69 91 522
69 92 246
69 93 551
69 94 179
69 95 408
69 96 281
69 97 307
69 98 259
69 99 328
69 100 467
70 71 557
70 72 921
70 73 424
70 74 133
70 75 551
70 76 405
70 77 268
70 78 325
70 79 786
70 80 616
70 81 425
70 82 378
70 83 961
70 84 569
70 85 371
70 86 752
70 87 256
70 88 220
70 89 541
70 90 570
70 91 93
70 92 650
70 93 104
70 94 618
70 95 106
70 96 721
70 97 557
70 98 400
70 99 232
70 100 168
71 72 807
71 73 326
71 74 633
71 75 322
71 76 237
71 77 702
71 78 820
71 79 859
71 80 524
71 81 316
71 82 717
71 83 775
71 84 99
71 85 239
71 86 944
71 87 800
71 88 768
71 89 471
71 90 226
71 91 492
71 92 980
71 93 532
71 94 901
71 95 471
71 96 870
71 97 995
71 98 484
71 99 438
71 100 391
72 73 564
72 74 1054
72 75 493
72 76 956
72 77 781
72 78 891
72 79 286
72 80 320
72 81 570
72 82 664
72 83 114
72 84 708
72 85 927
72 86 471
72 87 986
72 88 981
72 89 397
72 90 580
72 91 946
72 92 683
72 93 992
72 94 594
72 95 828
72 96 399
72 97 860
72 98 521
72 99 695
72 100 829
73 74 547
73 75 128
73 76 401
73 77 443
73 78 574
73 79 548
73 80 244
73 81 10
73 82 418
73 83 573
73 84 261
73 85 368
73 86 619
73 87 600
73 88 577
73 89 171
73 90 181
73 91 415
73 92 661
73 93 464
73 94 578
73 95 317
73 96 547
73 97 704
73 98 161
73 99 203
73 100 286
74 75 672
74 76 442
74 77 367
74 78 384
74 79 914
74 80 748
74 81 547
74 82 491
74 83 1093
74 84 661
74 85 416
74 86 870
74 87 274
74 88 240
74 89 672
74 90 680
74 91 143
74 92 747
74 93 101
74 94 726
74 95 232
74 96 844
74 97 624
74 98 533
74 99 363
74 100 270
75 76 466
75 77 559
75 78 692
75 79 542
75 80 202
75 81 126
75 82 516
75 83 481
75 84 231
75 85 441
75 86 648
75 87 725
75 88 703
75 89 160
75 90 106
75 91 537
75 92 730
75 93 585
75 94 640
75 95 444
75 96 568
75 97 801
75 98 247
75 99 331
75 100 406
76 77 622
76 78 716
76 79 942
76 80 643
76 81 392
76 82 680
76 83 947
76 84 312
76 85 39
76 86 985
76 87 661
76 88 626
76 89 572
76 90 404
76 91 319
76 92 963
76 93 345
76 94 901
76 95 354
76 96 924
76 97 927
76 98 518
76 99 394
76 100 272
77 78 132
77 79 584
77 80 530
77 81 450
77 82 133
77 83 849
77 84 676
77 85 583
77 86 510
77 87 205
77 88 203
77 89 473
77 90 623
77 91 355
77 92 382
77 93 372
77 94 359
77 95 269
77 96 496
77 97 305
77 98 324
77 99 265
77 100 349
78 79 670
78 80 656
78 81 581
78 82 227
78 83 965
78 84 801
78 85 679
78 86 565
78 87 133
78 88 155
78 89 603
78 90 754
78 91 419
78 92 388
78 93 421
78 94 397
78 95 363
78 96 569
78 97 240
78 98 455
78 99 389
78 100 447
79 80 342
79 81 557
79 82 452
79 83 396
79 84 773
79 85 906
79 86 185
79 87 784
79 88 787
79 89 388
79 90 648
79 91 837
79 92 403
79 93 876
79 94 320
79 95 714
79 96 117
79 97 593
79 98 429
79 99 593
79 100 744
80 81 251
80 82 442
80 83 344
80 84 433
80 85 612
80 86 467
80 87 725
80 88 712
80 89 77
80 90 306
80 91 632
80 92 590
80 93 679
80 94 494
80 95 517
80 96 383
80 97 704
80 98 220
80 99 384
80 100 510
81 82 427
81 83 578
81 84 252
81 85 360
81 86 629
81 87 604
81 88 581
81 89 179
81 90 173
81 91 414
81 92 671
81 93 462
81 94 588
81 95 318
81 96 557
81 97 712
81 98 171
81 99 206
81 100 284
82 83 739
82 84 673
82 85 640
82 86 379
82 87 332
82 88 334
82 89 399
82 90 597
82 91 455
82 92 284
82 93 481
82 94 239
82 95 348
82 96 363
82 97 285
82 98 268
82 99 290
82 100 415
83 84 676
83 85 922
83 86 581
83 87 1051
83 88 1043
83 89 421
83 90 553
83 91 976
83 92 786
83 93 1023
83 94 694
83 95 862
83 96 505
83 97 955
83 98 562
83 99 729
83 100 852
84 85 304
84 86 869
84 87 797
84 88 767
84 89 386
84 90 129
84 91 518
84 92 923
84 93 561
84 94 839
84 95 472
84 96 792
84 97 957
84 98 423
84 99 412
84 100 401
85 86 946
85 87 627
85 88 592
85 89 540
85 90 385
85 91 288
85 92 923
85 93 317
85 94 862
85 95 316
85 96 886
85 97 888
85 98 481
85 99 354
85 100 234
86 87 691
86 88 702
86 89 488
86 90 754
86 91 820
86 92 232
86 93 851
86 94 171
86 95 702
86 96 85
86 97 438
86 98 470
86 99 602
86 100 751
87 88 36
87 89 662
87 90 771
87 91 345
87 92 521
87 93 334
87 94 527
87 95 329
87 96 689
87 97 363
87 98 510
87 99 399
87 100 410
88 89 647
88 90 745
88 91 309
88 92 540
88 93 298
88 94 541
88 95 297
88 96 696
88 97 392
88 98 494
88 99 374
88 100 377
89 90 266
89 91 555
89 92 581
89 93 602
89 94 488
89 95 441
89 96 408
89 97 673
89 98 152
89 99 309
89 100 433
90 91 538
90 92 827
90 93 585
90 94 739
90 95 465
90 96 674
90 97 883
90 98 332
90 99 372
90 100 409
91 92 733
91 93 48
91 94 695
91 95 123
91 96 781
91 97 650
91 98 428
91 99 252
91 100 131
92 93 754
92 94 96
92 95 632
92 96 286
92 97 210
92 98 500
92 99 570
92 100 700
93 94 721
93 95 165
93 96 816
93 97 657
93 98 472
93 99 297
93 100 179
94 95 585
94 96 203
94 97 274
94 98 417
94 99 508
94 100 646
95 96 660
95 97 574
95 98 307
95 99 133
95 100 84
96 97 477
96 98 406
96 99 551
96 100 702
97 98 553
97 99 558
97 100 654
98 99 175
98 100 319
99 100 151
