100 4950
1 2 472
1 3 894
1 4 566
1 5 173
1 6 367
1 7 553
1 8 139
1 9 361
1 10 469
1 11 762
1 12 379
1 13 376
1 14 386
1 15 517
1 16 144
1 17 282
1 18 292
1 19 327
1 20 111
1 21 372
1 22 176
1 23 720
1 24 451
1 25 439
1 26 423
1 27 845
1 28 709
1 29 678
1 30 581
1 31 249
1 32 509
1 33 154
1 34 211
1 35 520
1 36 912
1 37 267
1 38 701
1 39 656
1 40 64
1 41 156
1 42 47
1 43 645
1 44 560
1 45 232
1 46 671
1 47 495
1 48 708
1 49 651
1 50 101
1 51 106
1 52 506
1 53 509
1 54 145
1 55 665
1 56 687
1 57 54
1 58 320
1 59 384
1 60 542
1 61 737
1 62 353
1 63 409
1 64 485
1 65 634
1 66 695
1 67 504
1 68 134
1 69 683
1 70 274
1 71 665
1 72 604
1 73 493
1 74 409
1 75 618
1 76 404
1 77 794
1 78 220
1 79 712
1 80 812
1 81 551
1 82 666
1 83 786
1 84 469
1 85 561
1 86 324
1 87 569
1 88 141
1 89 702
1 90 444
1 91 530
1 92 216
1 93 364
1 94 306
1 95 539
1 96 541
1 97 703
1 98 566
1 99 576
1 100 398
2 3 479
2 4 464
2 5 644
2 6 174
2 7 580
2 8 572
2 9 658
2 10 12
2 11 402
2 12 451
2 13 544
2 14 92
2 15 272
2 16 327
2 17 388
2 18 744
2 19 348
2 20 375
2 21 392
2 22 636
2 23 252
2 24 694
2 25 345
2 26 77
2 27 407
2 28 356
2 29 464
2 30 517
2 31 233
2 32 423
2 33 597
2 34 634
2 35 228
2 36 540
2 37 726
2 38 239
2 39 223
2 40 533
2 41 620
2 42 519
2 43 235
2 44 683
2 45 322
2 46 397
2 47 27
2 48 394
2 49 359
2 50 570
2 51 516
2 52 42
2 53 50
2 54 350
2 55 439
2 56 624
2 57 516
2 58 792
2 59 411
2 60 632
2 61 784
2 62 185
2 63 244
2 64 57
2 65 489
2 66 647
2 67 464
2 68 525
2 69 599
2 70 707
2 71 429
2 72 236
2 73 65
2 74 416
2 75 201
2 76 556
2 77 376
2 78 512
2 79 247
2 80 843
2 81 452
2 82 221
2 83 383
2 84 150
2 85 387
2 86 388
2 87 483
2 88 531
2 89 576
2 90 643
2 91 607
2 92 334
2 93 420
2 94 561
2 95 414
2 96 275
2 97 234
2 98 280
2 99 274
2 100 412
3 4 512
3 5 1065
3 6 527
3 7 669
3 8 952
3 9 926
3 10 489
3 11 163
3 12 929
3 13 770
3 14 531
3 15 400
3 16 759
3 17 684
3 18 1114
3 19 828
3 20 822
3 21 869
3 22 1027
3 23 276
3 24 909
3 25 808
3 26 489
3 27 93
3 28 206
3 29 378
3 30 561
3 31 696
3 32 874
3 33 979
3 34 1086
3 35 381
3 36 118
3 37 1161
3 38 265
3 39 256
3 40 959
3 41 1016
3 42 941
3 43 540
3 44 805
3 45 677
3 46 305
3 47 452
3 48 246
3 49 294
3 50 995
3 51 898
3 52 472
3 53 476
3 54 750
3 55 819
3 56 597
3 57 925
3 58 1206
3 59 627
3 60 749
3 61 794
3 62 541
3 63 714
3 64 510
3 65 466
3 66 622
3 67 575
3 68 980
3 69 564
3 70 1063
3 71 806
3 72 290
3 73 427
3 74 610
3 75 524
3 76 764
3 77 103
3 78 983
3 79 270
3 80 817
3 81 893
3 82 470
3 83 108
3 84 426
3 85 813
3 86 867
3 87 531
3 88 986
3 89 508
3 90 843
3 91 725
3 92 807
3 93 650
3 94 839
3 95 853
3 96 692
3 97 295
3 98 349
3 99 667
3 100 886
4 5 702
4 6 326
4 7 159
4 8 555
4 9 443
4 10 476
4 11 348
4 12 805
4 13 286
4 14 416
4 15 200
4 16 490
4 17 285
4 18 684
4 19 700
4 20 555
4 21 759
4 22 630
4 23 535
4 24 406
4 25 755
4 26 397
4 27 523
4 28 314
4 29 149
4 30 58
4 31 510
4 32 843
4 33 579
4 34 777
4 35 249
4 36 462
4 37 808
4 38 503
4 39 418
4 40 622
4 41 627
4 42 600
4 43 687
4 44 294
4 45 346
4 46 206
4 47 456
4 48 266
4 49 223
4 50 650
4 51 516
4 52 498
4 53 508
4 54 437
4 55 898
4 56 161
4 57 570
4 58 815
4 59 185
4 60 237
4 61 330
4 62 326
4 63 659
4 64 521
4 65 72
4 66 182
4 67 75
4 68 693
4 69 139
4 70 626
4 71 890
4 72 314
4 73 409
4 74 159
4 75 654
4 76 271
4 77 453
4 78 748
4 79 522
4 80 382
4 81 881
4 82 649
4 83 424
4 84 314
4 85 832
4 86 729
4 87 22
4 88 701
4 89 138
4 90 340
4 91 213
4 92 612
4 93 208
4 94 374
4 95 847
4 96 732
4 97 534
4 98 221
4 99 737
4 100 786
5 6 538
5 7 657
5 8 154
5 9 386
5 10 641
5 11 928
5 12 464
5 13 463
5 14 560
5 15 680
5 16 317
5 17 420
5 18 182
5 19 447
5 20 272
5 21 477
5 22 99
5 23 893
5 24 486
5 25 561
5 26 596
5 27 1017
5 28 875
5 29 827
5 30 706
5 31 416
5 32 615
5 33 138
5 34 133
5 35 687
5 36 1078
5 37 106
5 38 874
5 39 829
5 40 110
5 41 88
5 42 125
5 43 805
5 44 630
5 45 392
5 46 829
5 47 668
5 48 870
5 49 812
5 50 73
5 51 186
5 52 677
5 53 679
5 54 314
5 55 789
5 56 803
5 57 140
5 58 148
5 59 516
5 60 627
5 61 816
5 62 524
5 63 553
5 64 653
5 65 773
5 66 806
5 67 632
5 68 169
5 69 804
5 70 201
5 71 791
5 72 774
5 73 666
5 74 542
5 75 780
5 76 491
5 77 966
5 78 265
5 79 885
5 80 891
5 81 655
5 82 832
5 83 957
5 84 640
5 85 683
5 86 431
5 87 700
5 88 170
5 89 832
5 90 503
5 91 621
5 92 356
5 93 493
5 94 373
5 95 651
5 96 684
5 97 876
5 98 730
5 99 723
5 100 498
6 7 418
6 8 437
6 9 489
6 10 181
6 11 401
6 12 491
6 13 370
6 14 96
6 15 176
6 16 235
6 17 217
6 18 607
6 19 384
6 20 300
6 21 440
6 22 509
6 23 375
6 24 520
6 25 429
6 26 97
6 27 479
6 28 347
6 29 373
6 30 372
6 31 202
6 32 517
6 33 464
6 34 562
6 35 160
6 36 551
6 37 634
6 38 351
6 39 293
6 40 432
6 41 496
6 42 414
6 43 409
6 44 512
6 45 165
6 46 334
6 47 182
6 48 358
6 49 305
6 50 468
6 51 382
6 52 216
6 53 224
6 54 224
6 55 580
6 56 486
6 57 400
6 58 682
6 59 239
6 60 463
6 61 627
6 62 15
6 63 333
6 64 222
6 65 369
6 66 505
6 67 308
6 68 458
6 69 465
6 70 563
6 71 573
6 72 237
6 73 153
6 74 246
6 75 375
6 76 382
6 77 427
6 78 479
6 79 365
6 80 690
6 81 554
6 82 393
6 83 419
6 84 101
6 85 508
6 86 417
6 87 341
6 88 465
6 89 455
6 90 468
6 91 439
6 92 315
6 93 246
6 94 392
6 95 521
6 96 413
6 97 362
6 98 214
6 99 425
6 100 467
7 8 503
7 9 331
7 10 590
7 11 507
7 12 853
7 13 195
7 14 515
7 15 341
7 16 516
7 17 285
7 18 600
7 19 756
7 20 573
7 21 815
7 22 571
7 23 686
7 24 270
7 25 829
7 26 506
7 27 682
7 28 473
7 29 297
7 30 109
7 31 568
7 32 917
7 33 522
7 34 754
7 35 389
7 36 613
7 37 762
7 38 654
7 39 570
7 40 597
7 41 573
7 42 577
7 43 813
7 44 135
7 45 372
7 46 365
7 47 578
7 48 424
7 49 382
7 50 619
7 51 477
7 52 619
7 53 628
7 54 451
7 55 998
7 56 151
7 57 542
7 58 749
7 59 194
7 60 79
7 61 209
7 62 413
7 63 741
7 64 635
7 65 207
7 66 150
7 67 118
7 68 687
7 69 163
7 70 540
7 71 991
7 72 466
7 73 534
7 74 177
7 75 779
7 76 170
7 77 613
7 78 759
7 79 673
7 80 278
7 81 958
7 82 782
7 83 583
7 84 439
7 85 921
7 86 779
7 87 138
7 88 694
7 89 211
7 90 207
7 91 60
7 92 653
7 93 203
7 94 290
7 95 927
7 96 832
7 97 683
7 98 372
7 99 843
7 100 844
8 9 245
8 10 572
8 11 807
8 12 515
8 13 309
8 14 481
8 15 557
8 16 257
8 17 281
8 18 172
8 19 466
8 20 245
8 21 510
8 22 76
8 23 809
8 24 343
8 25 578
8 26 512
8 27 914
8 28 754
8 29 687
8 30 556
8 31 370
8 32 648
8 33 26
8 34 267
8 35 571
8 36 954
8 37 259
8 38 787
8 39 731
8 40 130
8 41 71
8 42 118
8 43 766
8 44 478
8 45 276
8 46 697
8 47 592
8 48 742
8 49 684
8 50 132
8 51 56
8 52 610
8 53 615
8 54 222
8 55 803
8 56 650
8 57 87
8 58 262
8 59 371
8 60 473
8 61 664
8 62 422
8 63 543
8 64 594
8 65 627
8 66 652
8 67 484
8 68 240
8 69 652
8 70 139
8 71 803
8 72 663
8 73 581
8 74 396
8 75 736
8 76 337
8 77 857
8 78 340
8 79 800
8 80 738
8 81 690
8 82 780
8 83 844
8 84 537
8 85 700
8 86 463
8 87 552
8 88 246
8 89 682
8 90 352
8 91 467
8 92 354
8 93 347
8 94 220
8 95 678
8 96 674
8 97 794
8 98 608
8 99 708
8 100 536
9 10 663
9 11 765
9 12 736
9 13 157
9 14 568
9 15 533
9 16 418
9 17 272
9 18 279
9 19 667
9 20 441
9 21 719
9 22 287
9 23 853
9 24 100
9 25 770
9 26 584
9 27 912
9 28 719
9 29 591
9 30 419
9 31 520
9 32 849
9 33 251
9 34 510
9 35 565
9 36 897
9 37 479
9 38 825
9 39 752
9 40 373
9 41 297
9 42 358
9 43 884
9 44 258
9 45 339
9 46 632
9 47 670
9 48 688
9 49 633
9 50 378
9 51 255
9 52 700
9 53 708
9 54 354
9 55 983
9 56 482
9 57 321
9 58 440
9 59 299
9 60 273
9 61 443
9 62 475
9 63 711
9 64 698
9 65 511
9 66 476
9 67 368
9 68 482
9 69 494
9 70 221
9 71 980
9 72 662
9 73 642
9 74 315
9 75 851
9 76 172
9 77 846
9 78 578
9 79 842
9 80 515
9 81 893
9 82 879
9 83 824
9 84 567
9 85 886
9 86 673
9 87 431
9 88 488
9 89 539
9 90 131
9 91 278
9 92 550
9 93 277
9 94 97
9 95 873
9 96 834
9 97 843
9 98 581
9 99 860
9 100 747
10 11 414
10 12 440
10 13 551
10 14 95
10 15 284
10 16 325
10 17 394
10 18 744
10 19 338
10 20 371
10 21 381
10 22 635
10 23 258
10 24 700
10 25 332
10 26 85
10 27 416
10 28 369
10 29 477
10 30 529
10 31 228
10 32 411
10 33 597
10 34 628
10 35 241
10 36 551
10 37 722
10 38 246
10 39 233
10 40 530
10 41 618
10 42 517
10 43 227
10 44 692
10 45 325
10 46 410
10 47 37
10 48 407
10 49 371
10 50 567
10 51 516
10 52 38
10 53 44
10 54 350
10 55 426
10 56 636
10 57 515
10 58 789
10 59 420
10 60 641
10 61 795
10 62 192
10 63 232
10 64 45
10 65 501
10 66 658
10 67 475
10 68 520
10 69 611
10 70 708
10 71 417
10 72 249
10 73 78
10 74 425
10 75 193
10 76 563
10 77 386
10 78 504
10 79 253
10 80 854
10 81 439
10 82 216
10 83 394
10 84 162
10 85 374
10 86 377
10 87 494
10 88 525
10 89 589
10 90 650
10 91 616
10 92 327
10 93 428
10 94 566
10 95 401
10 96 262
10 97 239
10 98 293
10 99 262
10 100 401
11 12 850
11 13 609
11 14 429
11 15 249
11 16 636
11 17 532
11 18 964
11 19 744
11 20 701
11 21 792
11 22 883
11 23 286
11 24 746
11 25 747
11 26 388
11 27 186
11 28 53
11 29 220
11 30 399
11 31 589
11 32 822
11 33 833
11 34 963
11 35 242
11 36 150
11 37 1029
11 38 260
11 39 200
11 40 826
11 41 873
11 42 807
11 43 532
11 44 642
11 45 536
11 46 141
11 47 377
11 48 82
11 49 132
11 50 862
11 51 755
11 52 409
11 53 415
11 54 616
11 55 802
11 56 443
11 57 788
11 58 1065
11 59 468
11 60 586
11 61 641
11 62 413
11 63 646
11 64 447
11 65 306
11 66 469
11 67 411
11 68 859
11 69 410
11 70 911
11 71 790
11 72 171
11 73 339
11 74 450
11 75 508
11 76 601
11 77 121
11 78 876
11 79 274
11 80 670
11 81 848
11 82 469
11 83 86
11 84 306
11 85 775
11 86 782
11 87 368
11 88 866
11 89 357
11 90 680
11 91 562
11 92 704
11 93 492
11 94 680
11 95 808
11 96 655
11 97 297
11 98 199
11 99 639
11 100 814
12 13 714
12 14 427
12 15 665
12 16 340
12 17 571
12 18 640
12 19 107
12 20 297
12 21 60
12 22 529
12 23 675
12 24 819
12 25 145
12 26 465
12 27 850
12 28 802
12 29 864
12 30 841
12 31 294
12 32 158
12 33 526
12 34 363
12 35 638
12 36 991
12 37 482
12 38 673
12 39 674
12 40 393
12 41 508
12 42 399
12 43 471
12 44 899
12 45 481
12 46 819
12 47 478
12 48 830
12 49 785
12 50 412
12 51 485
12 52 456
12 53 452
12 54 409
12 55 343
12 56 957
12 57 428
12 58 585
12 59 659
12 60 867
12 61 1058
12 62 486
12 63 217
12 64 418
12 65 857
12 66 972
12 67 766
12 68 296
12 69 942
12 70 639
12 71 349
12 72 680
12 73 511
12 74 679
12 75 461
12 76 740
12 77 826
12 78 201
12 79 674
12 80 1130
12 81 194
12 82 527
12 83 835
12 84 557
12 85 242
12 86 75
12 87 816
12 88 294
12 89 940
12 90 800
12 91 849
12 92 200
12 93 649
12 94 666
12 95 199
12 96 300
12 97 654
12 98 695
12 99 342
12 100 51
13 14 460
13 15 383
13 16 375
13 17 162
13 18 407
13 19 628
13 20 419
13 21 686
13 22 376
13 23 715
13 24 151
13 25 718
13 26 467
13 27 760
13 28 564
13 29 434
13 30 267
13 31 455
13 32 804
13 33 327
13 34 567
13 35 419
13 36 739
13 37 568
13 38 686
13 39 609
13 40 413
13 41 378
13 42 393
13 43 778
13 44 186
13 45 252
13 46 475
13 47 552
13 48 530
13 49 477
13 50 430
13 51 288
13 52 586
13 53 594
13 54 305
13 55 914
13 56 346
13 57 356
13 58 553
13 59 149
13 60 166
13 61 362
13 62 359
13 63 644
13 64 590
13 65 356
13 66 345
13 67 211
13 68 510
13 69 353
13 70 348
13 71 909
13 72 514
13 73 517
13 74 161
13 75 744
13 76 28
13 77 694
13 78 592
13 79 703
13 80 437
13 81 846
13 82 764
13 83 670
13 84 433
13 85 825
13 86 644
13 87 276
13 88 517
13 89 392
13 90 98
13 91 158
13 92 516
13 93 131
13 94 94
13 95 821
13 96 755
13 97 707
13 98 429
13 99 776
13 100 715
14 15 244
14 16 242
14 17 301
14 18 654
14 19 320
14 20 297
14 21 372
14 22 547
14 23 333
14 24 607
14 25 347
14 26 41
14 27 469
14 28 378
14 29 445
14 30 465
14 31 164
14 32 433
14 33 507
14 34 560
14 35 212
14 36 575
14 37 646
14 38 315
14 39 279
14 40 449
14 41 531
14 42 434
14 43 318
14 44 608
14 45 230
14 46 392
14 47 111
14 48 403
14 49 357
14 50 486
14 51 425
14 52 133
14 53 140
14 54 259
14 55 484
14 56 577
14 57 429
14 58 707
14 59 335
14 60 559
14 61 723
14 62 103
14 63 247
14 64 130
14 65 453
14 66 598
14 67 404
14 68 452
14 69 555
14 70 615
14 71 477
14 72 257
14 73 107
14 74 343
14 75 285
14 76 474
14 77 428
14 78 452
14 79 325
14 80 786
14 81 468
14 82 311
14 83 427
14 84 129
14 85 416
14 86 356
14 87 433
14 88 458
14 89 540
14 90 559
14 91 535
14 92 276
14 93 340
14 94 471
14 95 432
14 96 317
14 97 316
14 98 269
14 99 328
14 100 396
15 16 400
15 17 284
15 18 715
15 19 557
15 20 468
15 21 612
15 22 633
15 23 346
15 24 530
15 25 591
15 26 214
15 27 379
15 28 197
15 29 200
15 30 257
15 31 378
15 32 677
15 33 583
15 34 723
15 35 48
15 36 397
15 37 782
15 38 315
15 39 232
15 40 581
15 41 623
15 42 561
15 43 488
15 44 465
15 45 288
15 46 159
15 47 260
15 48 190
15 49 133
15 50 615
15 51 505
15 52 302
15 53 312
15 54 372
15 55 710
15 56 356
15 57 540
15 58 815
15 59 234
15 60 408
15 61 530
15 62 185
15 63 490
15 64 328
15 65 217
15 66 380
15 67 224
15 68 623
15 69 329
15 70 663
15 71 701
15 72 132
15 73 212
15 74 222
15 75 455
15 76 382
15 77 314
15 78 653
15 79 333
15 80 583
15 81 710
15 82 448
15 83 294
15 84 122
15 85 654
15 86 591
15 87 221
15 88 631
15 89 304
15 90 468
15 91 383
15 92 491
15 93 255
15 94 442
15 95 674
15 96 545
15 97 342
15 98 51
15 99 546
15 100 638
16 17 231
16 18 426
16 19 254
16 20 68
16 21 311
16 22 313
16 23 575
16 24 490
16 25 352
16 26 280
16 27 705
16 28 582
16 29 580
16 30 517
16 31 113
16 32 434
16 33 280
16 34 327
16 35 394
16 36 786
16 37 405
16 38 557
16 39 516
16 40 206
16 41 295
16 42 192
16 43 509
16 44 558
16 45 146
16 46 559
16 47 350
16 48 589
16 49 534
16 50 244
16 51 204
16 52 361
16 53 365
16 54 69
16 55 566
16 56 631
16 57 190
16 58 465
16 59 325
16 60 526
16 61 718
16 62 222
16 63 296
16 64 341
16 65 551
16 66 643
16 67 440
16 68 224
16 69 620
16 70 397
16 71 563
16 72 471
16 73 349
16 74 348
16 75 480
16 76 399
16 77 658
16 78 259
16 79 568
16 80 791
16 81 477
16 82 525
16 83 652
16 84 334
16 85 467
16 86 269
16 87 497
16 88 231
16 89 628
16 90 463
16 91 509
16 92 141
16 93 312
16 94 336
16 95 456
16 96 423
16 97 558
16 98 445
16 99 455
16 100 340
17 18 432
17 19 478
17 20 288
17 21 536
17 22 358
17 23 583
17 24 306
17 25 561
17 26 313
17 27 656
17 28 481
17 29 407
17 30 299
17 31 297
17 32 648
17 33 306
17 34 492
17 35 306
17 36 676
17 37 526
17 38 556
17 39 486
17 40 337
17 41 351
17 42 315
17 43 619
17 44 334
17 45 92
17 46 417
17 47 399
17 48 463
17 49 406
17 50 365
17 51 235
17 52 431
17 53 438
17 54 166
17 55 752
17 56 408
17 57 286
17 58 543
17 59 101
17 60 297
17 61 487
17 62 204
17 63 483
17 64 432
17 65 354
17 66 418
17 67 221
17 68 412
17 69 402
17 70 379
17 71 747
17 72 403
17 73 369
17 74 127
17 75 586
17 76 181
17 77 595
17 78 476
17 79 572
17 80 560
17 81 690
17 82 609
17 83 577
17 84 297
17 85 664
17 86 497
17 87 286
17 88 419
17 89 420
17 90 261
17 91 278
17 92 370
17 93 83
17 94 175
17 95 663
17 96 592
17 97 572
17 98 335
17 99 613
17 100 565
18 19 610
18 20 404
18 21 647
18 22 116
18 23 981
18 24 373
18 25 724
18 26 684
18 27 1081
18 28 913
18 29 825
18 30 673
18 31 538
18 32 785
18 33 147
18 34 312
18 35 734
18 36 1108
18 37 234
18 38 958
18 39 900
18 40 253
18 41 137
18 42 254
18 43 935
18 44 538
18 45 444
18 46 847
18 47 765
18 48 895
18 49 838
18 50 228
18 51 228
18 52 782
18 53 787
18 54 394
18 55 952
18 56 752
18 57 239
18 58 165
18 59 508
18 60 551
18 61 722
18 62 592
18 63 701
18 64 766
18 65 756
18 66 749
18 67 609
18 68 344
18 69 760
18 70 59
18 71 953
18 72 828
18 73 753
18 74 532
18 75 906
18 76 431
18 77 1022
18 78 444
18 79 971
18 80 794
18 81 827
18 82 951
18 83 1007
18 84 706
18 85 847
18 86 599
18 87 677
18 88 347
18 89 799
18 90 410
18 91 552
18 92 506
18 93 483
18 94 313
18 95 819
18 96 833
18 97 966
18 98 767
18 99 869
18 100 669
19 20 226
19 21 58
19 22 494
19 23 581
19 24 743
19 25 114
19 26 358
19 27 752
19 28 695
19 29 757
19 30 738
19 31 190
19 32 183
19 33 481
19 34 372
19 35 530
19 36 887
19 37 488
19 38 576
19 39 572
19 40 357
19 41 473
19 42 357
19 43 402
19 44 810
19 45 386
19 46 711
19 47 376
19 48 723
19 49 677
19 50 384
19 51 426
19 52 357
19 53 354
19 54 323
19 55 342
19 56 854
19 57 380
19 58 583
19 59 561
19 60 775
19 61 963
19 62 379
19 63 132
19 64 320
19 65 751
19 66 871
19 67 665
19 68 281
19 69 838
19 70 599
19 71 344
19 72 573
19 73 406
19 74 580
19 75 386
19 76 652
19 77 725
19 78 212
19 79 579
19 80 1034
19 81 226
19 82 449
19 83 731
19 84 449
19 85 237
19 86 39
19 87 713
19 88 282
19 89 835
19 90 718
19 91 756
19 92 116
19 93 553
19 94 590
19 95 212
19 96 247
19 97 560
19 98 588
19 99 289
19 100 87
20 21 277
20 22 288
20 23 627
20 24 521
20 25 335
20 26 336
20 27 765
20 28 648
20 29 648
20 30 580
20 31 144
20 32 410
20 33 264
20 34 264
20 35 460
20 36 852
20 37 350
20 38 611
20 39 574
20 40 163
20 41 268
20 42 154
20 43 536
20 44 605
20 45 209
20 46 627
20 47 400
20 48 656
20 49 601
20 50 198
20 51 201
20 52 406
20 53 408
20 54 121
20 55 558
20 56 693
20 57 165
20 58 421
20 59 386
20 60 578
20 61 772
20 62 288
20 63 298
20 64 381
20 65 617
20 66 705
20 67 503
20 68 158
20 69 684
20 70 383
20 71 557
20 72 535
20 73 405
20 74 409
20 75 509
20 76 446
20 77 719
20 78 192
20 79 621
20 80 846
20 81 453
20 82 560
20 83 715
20 84 397
20 85 455
20 86 232
20 87 562
20 88 165
20 89 694
20 90 502
20 91 561
20 92 110
20 93 371
20 94 369
20 95 437
20 96 429
20 97 609
20 98 512
20 99 465
20 100 305
21 22 533
21 23 615
21 24 798
21 25 95
21 26 409
21 27 790
21 28 744
21 29 812
21 30 797
21 31 249
21 32 138
21 33 524
21 34 389
21 35 584
21 36 932
21 37 507
21 38 613
21 39 614
21 40 395
21 41 512
21 42 398
21 43 415
21 44 868
21 45 444
21 46 764
21 47 419
21 48 774
21 49 729
21 50 418
21 51 474
21 52 396
21 53 392
21 54 380
21 55 313
21 56 913
21 57 424
21 58 607
21 59 620
21 60 833
21 61 1022
21 62 436
21 63 157
21 64 358
21 65 808
21 66 929
21 67 724
21 68 308
21 69 897
21 70 640
21 71 317
21 72 622
21 73 452
21 74 639
21 75 404
21 76 710
21 77 767
21 78 224
21 79 614
21 80 1093
21 81 180
21 82 469
21 83 775
21 84 502
21 85 208
21 86 47
21 87 771
21 88 308
21 89 893
21 90 774
21 91 814
21 92 170
21 93 612
21 94 644
21 95 173
21 96 247
21 97 594
21 98 641
21 99 290
21 100 29
22 23 878
22 24 387
22 25 608
22 26 580
22 27 988
22 28 831
22 29 763
22 30 629
22 31 423
22 32 671
22 33 51
22 34 230
22 35 646
22 36 1030
22 37 194
22 38 857
22 39 803
22 40 137
22 41 20
22 42 137
22 43 820
22 44 535
22 45 350
22 46 774
22 47 658
22 48 819
22 49 761
22 50 118
22 51 128
22 52 673
22 53 677
22 54 289
22 55 836
22 56 720
22 57 123
22 58 185
22 59 447
22 60 536
22 61 722
22 62 494
22 63 584
22 64 655
22 65 702
22 66 721
22 67 558
22 68 237
22 69 724
22 70 111
22 71 837
22 72 738
22 73 649
22 74 472
22 75 792
22 76 403
22 77 932
22 78 339
22 79 869
22 80 796
22 81 713
22 82 839
22 83 919
22 84 610
22 85 731
22 86 485
22 87 627
22 88 240
22 89 755
22 90 407
22 91 532
22 92 389
22 93 422
22 94 283
22 95 704
22 96 716
22 97 862
22 98 684
22 99 752
22 100 556
23 24 867
23 25 545
23 26 297
23 27 185
23 28 271
23 29 460
23 30 593
23 31 486
23 32 604
23 33 835
23 34 886
23 35 301
23 36 373
23 37 978
23 38 31
23 39 117
23 40 782
23 41 862
23 42 767
23 43 264
23 44 812
23 45 540
23 46 371
23 47 226
23 48 332
23 49 335
23 50 819
23 51 753
23 52 228
23 53 229
23 54 588
23 55 543
23 56 673
23 57 761
23 58 1040
23 59 567
23 60 755
23 61 863
23 62 390
23 63 457
23 64 263
23 65 525
23 66 699
23 67 570
23 68 778
23 69 642
23 70 938
23 71 530
23 72 220
23 73 228
23 74 560
23 75 248
23 76 719
23 77 191
23 78 761
23 79 13
23 80 906
23 81 620
23 82 194
23 83 218
23 84 286
23 85 538
23 86 621
23 87 557
23 88 783
23 89 599
23 90 807
23 91 729
23 92 584
23 93 584
23 94 757
23 95 580
23 96 419
23 97 20
23 98 314
23 99 392
23 100 629
24 25 842
24 26 617
24 27 905
24 28 704
24 29 554
24 30 370
24 31 584
24 32 924
24 33 351
24 34 609
24 35 569
24 36 868
24 37 579
24 38 837
24 39 759
24 40 469
24 41 397
24 42 452
24 43 926
24 44 170
24 45 389
24 46 607
24 47 702
24 48 665
24 49 615
24 50 475
24 51 347
24 52 736
24 53 744
24 54 422
24 55 1047
24 56 413
24 57 415
24 58 537
24 59 299
24 60 199
24 61 349
24 62 508
24 63 775
24 64 738
24 65 468
24 66 404
24 67 335
24 68 577
24 69 431
24 70 317
24 71 1044
24 72 663
24 73 668
24 74 308
24 75 892
24 76 148
24 77 837
24 78 670
24 79 855
24 80 420
24 81 967
24 82 914
24 83 812
24 84 585
24 85 954
24 86 753
24 87 390
24 88 583
24 89 481
24 90 66
24 91 211
24 92 627
24 93 282
24 94 153
24 95 945
24 96 892
24 97 859
24 98 575
24 99 916
24 100 826
25 26 378
25 27 725
25 28 702
25 29 792
25 30 799
25 31 264
25 32 88
25 33 594
25 34 481
25 35 556
25 36 881
25 37 598
25 38 546
25 39 559
25 40 471
25 41 587
25 42 471
25 43 327
25 44 895
25 45 468
25 46 735
25 47 369
25 48 737
25 49 698
25 50 498
25 51 536
25 52 340
25 53 334
25 54 419
25 55 228
25 56 914
25 57 493
25 58 696
25 59 635
25 60 856
25 61 1038
25 62 429
25 63 101
25 64 301
25 65 798
25 66 932
25 67 729
25 68 394
25 69 895
25 70 713
25 71 229
25 72 581
25 73 409
25 74 651
25 75 320
25 76 741
25 77 708
25 78 317
25 79 546
25 80 1107
25 81 129
25 82 386
25 83 720
25 84 473
25 85 122
25 86 133
25 87 770
25 88 395
25 89 885
25 90 812
25 91 835
25 92 224
25 93 631
25 94 688
25 95 103
25 96 154
25 97 524
25 98 613
25 99 196
25 100 93
26 27 428
26 28 338
26 29 414
26 30 448
26 31 206
26 32 463
26 33 538
26 34 601
26 35 178
26 36 534
26 37 685
26 38 278
26 39 238
26 40 486
26 41 564
26 42 471
26 43 312
26 44 607
26 45 251
26 46 357
26 47 86
26 48 364
26 49 321
26 50 524
26 51 456
26 52 118
26 53 127
26 54 291
26 55 501
26 56 558
26 57 464
26 58 744
26 59 335
26 60 556
26 61 712
26 62 109
26 63 277
26 64 128
26 65 429
26 66 580
26 67 392
26 68 493
26 69 535
26 70 644
26 71 492
26 72 216
26 73 69
26 74 339
26 75 278
26 76 479
26 77 386
26 78 494
26 79 289
26 80 773
26 81 496
26 82 296
26 83 386
26 84 95
26 85 439
26 86 395
26 87 415
26 88 499
26 89 516
26 90 566
26 91 531
26 92 318
26 93 343
26 94 487
26 95 459
26 96 334
26 97 281
26 98 234
26 99 340
26 100 433
27 28 209
27 29 405
27 30 577
27 31 633
27 32 788
27 33 941
27 34 1029
27 35 350
27 36 205
27 37 1110
27 38 179
27 39 190
27 40 909
27 41 975
27 42 892
27 43 447
27 44 816
27 45 638
27 46 321
27 47 379
27 48 264
27 49 299
27 50 946
27 51 859
27 52 394
27 53 398
27 54 704
27 55 727
27 56 629
27 57 880
27 58 1161
27 59 613
27 60 759
27 61 827
27 62 494
27 63 634
27 64 432
27 65 488
27 66 655
27 67 578
27 68 921
27 69 596
27 70 1032
27 71 714
27 72 253
27 73 362
27 74 599
27 75 434
27 76 757
27 77 69
27 78 917
27 79 181
27 80 856
27 81 805
27 82 377
27 83 101
27 84 378
27 85 724
27 86 792
27 87 544
27 88 928
27 89 543
27 90 841
27 91 735
27 92 740
27 93 634
27 94 821
27 95 765
27 96 604
27 97 205
27 98 330
27 99 578
27 100 806
28 29 200
28 30 367
28 31 537
28 32 779
28 33 781
28 34 909
28 35 189
28 36 204
28 37 975
28 38 242
28 39 170
28 40 773
28 41 820
28 42 754
28 43 503
28 44 608
28 45 483
28 46 113
28 47 333
28 48 62
28 49 91
28 50 808
28 51 702
28 52 367
28 53 374
28 54 563
28 55 767
28 56 423
28 57 735
28 58 1012
28 59 421
28 60 551
28 61 620
28 62 360
28 63 601
28 64 404
28 65 280
28 66 450
28 67 372
28 68 806
28 69 391
28 70 860
28 71 756
28 72 121
28 73 293
28 74 403
28 75 477
28 76 558
28 77 140
28 78 824
28 79 258
28 80 654
28 81 806
28 82 443
28 83 110
28 84 254
28 85 735
28 86 733
28 87 335
28 88 813
28 89 341
28 90 638
28 91 526
28 92 652
28 93 444
28 94 632
28 95 767
28 96 616
28 97 279
28 98 146
28 99 603
28 100 766
29 30 188
29 31 574
29 32 877
29 33 712
29 34 890
29 35 237
29 36 316
29 37 933
29 38 429
29 39 347
29 40 738
29 41 757
29 42 717
29 43 660
29 44 432
29 45 448
29 46 89
29 47 448
29 48 140
29 49 124
29 50 769
29 51 642
29 52 489
29 53 498
29 54 539
29 55 901
29 56 224
29 57 691
29 58 949
29 59 317
29 60 377
29 61 421
29 62 379
29 63 691
29 64 520
29 65 89
29 66 250
29 67 223
29 68 797
29 69 191
29 70 768
29 71 892
29 72 254
29 73 400
29 74 293
29 75 629
29 76 420
29 77 337
29 78 838
29 79 447
29 80 454
29 81 910
29 82 609
29 83 304
29 84 319
29 85 851
29 86 790
29 87 164
29 88 805
29 89 141
29 90 488
29 91 355
29 92 685
29 93 342
29 94 519
29 95 873
29 96 739
29 97 464
29 98 183
29 99 735
29 100 838
30 31 548
30 32 887
30 33 578
30 34 790
30 35 306
30 36 504
30 37 813
30 38 561
30 39 476
30 40 633
30 41 627
30 42 612
30 43 743
30 44 244
30 45 371
30 46 257
30 47 511
30 48 316
30 49 277
30 50 659
30 51 521
30 52 553
30 53 562
30 54 460
30 55 949
30 56 115
30 57 579
30 58 812
30 59 197
30 60 188
30 61 272
30 62 370
30 63 704
30 64 574
30 65 99
30 66 133
30 67 77
30 68 711
30 69 103
30 70 614
30 71 941
30 72 373
30 73 464
30 74 172
30 75 710
30 76 247
30 77 507
30 78 772
30 79 580
30 80 326
30 81 925
30 82 706
30 83 477
30 84 369
30 85 880
30 86 766
30 87 36
30 88 719
30 89 126
30 90 305
30 91 167
30 92 645
30 93 217
30 94 360
30 95 892
30 96 782
30 97 592
30 98 279
30 99 789
30 100 825
31 32 351
31 33 392
31 34 400
31 35 358
31 36 738
31 37 493
31 38 472
31 39 443
31 40 306
31 41 404
31 42 295
31 43 397
31 44 631
31 45 204
31 46 536
31 47 260
31 48 555
31 49 505
31 50 342
31 51 317
31 52 262
31 53 264
31 54 167
31 55 463
31 56 664
31 57 299
31 58 565
31 59 373
31 60 592
31 61 777
31 62 194
31 63 191
31 64 237
31 65 562
31 66 680
31 67 475
31 68 291
31 69 648
31 70 510
31 71 460
31 72 418
31 73 270
31 74 391
31 75 368
31 76 477
31 77 592
31 78 288
31 79 481
31 80 847
31 81 393
31 82 417
31 83 592
31 84 283
31 85 370
31 86 219
31 87 522
31 88 297
31 89 646
31 90 550
31 91 571
31 92 114
31 93 367
31 94 433
31 95 366
31 96 314
31 97 468
31 98 414
31 99 343
31 100 277
32 33 662
32 34 521
32 35 641
32 36 952
32 37 639
32 38 609
32 39 630
32 40 533
32 41 650
32 42 536
32 43 365
32 44 982
32 45 555
32 46 818
32 47 446
32 48 818
32 49 780
32 50 557
32 51 610
32 52 413
32 53 407
32 54 502
32 55 185
32 56 1002
32 57 561
32 58 741
32 59 723
32 60 944
32 61 1127
32 62 517
32 63 186
32 64 375
32 65 885
32 66 1021
32 67 818
32 68 446
32 69 983
32 70 779
32 71 192
32 72 660
32 73 489
32 74 740
32 75 365
32 76 827
32 77 777
32 78 357
32 79 607
32 80 1196
32 81 43
32 82 430
32 83 791
32 84 558
32 85 91
32 86 186
32 87 858
32 88 445
32 89 972
32 90 896
32 91 923
32 92 299
32 93 719
32 94 771
32 95 42
32 96 189
32 97 584
32 98 697
32 99 225
32 100 117
33 34 259
33 35 597
33 36 980
33 37 240
33 38 813
33 39 758
33 40 135
33 41 50
33 42 127
33 43 789
33 44 492
33 45 303
33 46 723
33 47 618
33 48 768
33 49 711
33 50 129
33 51 82
33 52 635
33 53 640
33 54 247
33 55 820
33 56 670
33 57 101
33 58 237
33 59 395
33 60 489
33 61 678
33 62 449
33 63 562
33 64 619
33 65 651
33 66 672
33 67 507
33 68 244
33 69 673
33 70 119
33 71 820
33 72 690
33 73 607
33 74 420
33 75 760
33 76 355
33 77 884
33 78 345
33 79 826
33 80 752
33 81 704
33 82 804
33 83 871
33 84 564
33 85 716
33 86 476
33 87 575
33 88 248
33 89 704
33 90 365
33 91 484
33 92 371
33 93 371
33 94 236
33 95 693
33 96 693
33 97 820
33 98 634
33 99 728
33 100 549
34 35 721
34 36 1114
34 37 118
34 38 872
34 39 839
34 40 157
34 41 215
34 42 178
34 43 761
34 44 744
34 45 442
34 46 879
34 47 660
34 48 913
34 49 857
34 50 137
34 51 278
34 52 661
34 53 662
34 54 352
34 55 702
34 56 894
34 57 212
34 58 223
34 59 594
34 60 734
34 61 927
34 62 549
34 63 495
34 64 632
34 65 846
34 66 900
34 67 713
34 68 108
34 69 891
34 70 334
34 71 706
34 72 799
34 73 668
34 74 620
34 75 740
34 76 596
34 77 984
34 78 164
34 79 881
34 80 1002
34 81 557
34 82 798
34 83 980
34 84 661
34 85 598
34 86 347
34 87 779
34 88 103
34 89 913
34 90 619
34 91 725
34 92 310
34 93 573
34 94 484
34 95 560
34 96 619
34 97 868
34 98 770
34 99 661
34 100 404
35 36 393
35 37 786
35 38 270
35 39 190
35 40 584
35 41 635
35 42 565
35 43 440
35 44 511
35 45 296
35 46 180
35 47 215
35 48 197
35 49 147
35 50 619
35 51 517
35 52 257
35 53 266
35 54 374
35 55 667
35 56 404
35 57 547
35 58 826
35 59 270
35 60 455
35 61 579
35 62 172
35 63 455
35 64 285
35 65 263
35 66 428
35 67 271
35 68 618
35 69 377
35 70 684
35 71 657
35 72 96
35 73 166
35 74 261
35 75 407
35 76 420
35 77 288
35 78 640
35 79 288
35 80 631
35 81 673
35 82 399
35 83 273
35 84 83
35 85 614
35 86 566
35 87 270
35 88 625
35 89 349
35 90 507
35 91 429
35 92 473
35 93 290
35 94 472
35 95 636
35 96 503
35 97 296
35 98 57
35 99 502
35 100 608
36 37 1179
36 38 355
36 39 322
36 40 977
36 41 1021
36 42 957
36 43 635
36 44 748
36 45 685
36 46 265
36 47 513
36 48 212
36 49 270
36 50 1012
36 51 903
36 52 541
36 53 546
36 54 767
36 55 913
36 56 520
36 57 938
36 58 1213
36 59 605
36 60 693
36 61 714
36 62 564
36 63 783
36 64 579
36 65 406
36 66 544
36 67 533
36 68 1010
36 69 488
36 70 1054
36 71 901
36 72 319
36 73 481
36 74 585
36 75 617
36 76 729
36 77 181
36 78 1025
36 79 365
36 80 728
36 81 975
36 82 567
36 83 161
36 84 455
36 85 898
36 86 925
36 87 480
36 88 1017
36 89 430
36 90 802
36 91 672
36 92 852
36 93 630
36 94 817
36 95 935
36 96 776
36 97 390
36 98 347
36 99 756
36 100 953
37 38 961
37 39 921
37 40 202
37 41 189
37 42 221
37 43 870
37 44 730
37 45 494
37 46 933
37 47 751
37 48 972
37 49 915
37 50 166
37 51 292
37 52 756
37 53 758
37 54 412
37 55 821
37 56 909
37 57 243
37 58 107
37 59 623
37 60 730
37 61 916
37 62 620
37 63 607
37 64 730
37 65 879
37 66 911
37 67 739
37 68 211
37 69 910
37 70 273
37 71 824
37 72 871
37 73 754
37 74 649
37 75 846
37 76 595
37 77 1061
37 78 283
37 79 971
37 80 990
37 81 676
37 82 902
37 83 1053
37 84 735
37 85 716
37 86 465
37 87 807
37 88 208
37 89 938
37 90 601
37 91 725
37 92 416
37 93 600
37 94 476
37 95 678
37 96 734
37 97 960
37 98 831
37 99 775
37 100 523
38 39 85
38 40 764
38 41 841
38 42 749
38 43 280
38 44 780
38 45 516
38 46 340
38 47 212
38 48 302
38 49 304
38 50 801
38 51 731
38 52 220
38 53 222
38 54 568
38 55 557
38 56 642
38 57 741
38 58 1022
38 59 538
38 60 723
38 61 831
38 62 366
38 63 456
38 64 256
38 65 493
38 66 668
38 67 538
38 68 764
38 69 610
38 70 915
38 71 545
38 72 188
38 73 208
38 74 530
38 75 261
38 76 689
38 77 174
38 78 751
38 79 18
38 80 875
38 81 627
38 82 212
38 83 197
38 84 259
38 85 547
38 86 616
38 87 525
38 88 770
38 89 568
38 90 777
38 91 698
38 92 574
38 93 555
38 94 730
38 95 588
38 96 426
38 97 37
38 98 282
38 99 403
38 100 628
39 40 720
39 41 789
39 42 704
39 43 333
39 44 697
39 45 456
39 46 259
39 47 195
39 48 227
39 49 222
39 50 757
39 51 675
39 52 219
39 53 224
39 54 517
39 55 601
39 56 557
39 57 693
39 58 974
39 59 460
39 60 640
39 61 746
39 62 309
39 63 461
39 64 258
39 65 409
39 66 583
39 67 455
39 68 731
39 69 526
39 70 854
39 71 590
39 72 103
39 73 172
39 74 451
39 75 308
39 76 611
39 77 153
39 78 729
39 79 103
39 80 790
39 81 653
39 82 272
39 83 161
39 84 194
39 85 577
39 86 611
39 87 440
39 88 737
39 89 485
39 90 698
39 91 614
39 92 552
39 93 479
39 94 658
39 95 613
39 96 457
39 97 118
39 98 198
39 99 439
39 100 633
40 41 117
40 42 21
40 43 698
40 44 592
40 45 294
40 46 734
40 47 557
40 48 771
40 49 714
40 50 37
40 51 125
40 52 566
40 53 569
40 54 209
40 55 699
40 56 736
40 57 56
40 58 259
40 59 437
40 60 579
40 61 774
40 62 417
40 63 452
40 64 543
40 65 691
40 66 743
40 67 556
40 68 109
40 69 734
40 70 246
40 71 700
40 72 669
40 73 556
40 74 463
40 75 672
40 76 441
40 77 859
40 78 210
40 79 775
40 80 849
40 81 575
40 82 723
40 83 851
40 84 533
40 85 594
40 86 347
40 87 623
40 88 115
40 89 756
40 90 471
40 91 570
40 92 255
40 93 416
40 94 333
40 95 567
40 96 584
40 97 765
40 98 630
40 99 621
40 100 418
41 42 116
41 43 801
41 44 542
41 45 338
41 46 766
41 47 642
41 48 810
41 49 752
41 50 98
41 51 118
41 52 656
41 53 660
41 54 273
41 55 815
41 56 720
41 57 105
41 58 192
41 59 442
41 60 540
41 61 728
41 62 480
41 63 564
41 64 637
41 65 698
41 66 722
41 67 555
41 68 217
41 69 723
41 70 131
41 71 816
41 72 726
41 73 634
41 74 468
41 75 773
41 76 405
41 77 919
41 78 319
41 79 854
41 80 802
41 81 692
41 82 820
41 83 908
41 84 596
41 85 710
41 86 464
41 87 624
41 88 220
41 89 753
41 90 414
41 91 535
41 92 369
41 93 418
41 94 286
41 95 684
41 96 696
41 97 846
41 98 674
41 99 732
41 100 535
42 43 690
42 44 573
42 45 274
42 46 713
42 47 543
42 48 751
42 49 694
42 50 54
42 51 106
42 52 553
42 53 556
42 54 191
42 55 699
42 56 715
42 57 37
42 58 273
42 59 416
42 60 560
42 61 754
42 62 399
42 63 448
42 64 531
42 65 670
42 66 722
42 67 535
42 68 124
42 69 713
42 70 242
42 71 699
42 72 650
42 73 540
42 74 442
42 75 663
42 76 421
42 77 841
42 78 222
42 79 760
42 80 829
42 81 578
42 82 712
42 83 833
42 84 515
42 85 594
42 86 350
42 87 602
42 88 130
42 89 735
42 90 453
42 91 549
42 92 252
42 93 395
42 94 315
42 95 568
42 96 580
42 97 750
42 98 610
42 99 616
42 100 422
43 44 919
43 45 544
43 46 579
43 47 234
43 48 557
43 49 540
43 50 733
43 51 712
43 52 195
43 53 186
43 54 551
43 55 279
43 56 844
43 57 696
43 58 952
43 59 647
43 60 867
43 61 1014
43 62 419
43 63 270
43 64 187
43 65 702
43 66 868
43 67 696
43 68 658
43 69 817
43 70 905
43 71 266
43 72 407
43 73 279
43 74 651
43 75 34
43 76 791
43 77 454
43 78 610
43 79 271
43 80 1070
43 81 372
43 82 70
43 83 477
43 84 375
43 85 287
43 86 437
43 87 708
43 88 661
43 89 786
43 90 877
43 91 842
43 92 453
43 93 656
43 94 788
43 95 334
43 96 177
43 97 246
43 98 481
43 99 140
43 100 420
44 45 427
44 46 500
44 47 685
44 48 559
44 49 517
44 50 606
44 51 467
44 52 724
44 53 733
44 54 489
44 55 1081
44 56 255
44 57 536
44 58 698
44 59 273
44 60 57
44 61 186
44 62 504
44 63 815
44 64 735
44 65 342
44 66 241
44 67 242
44 68 693
44 69 278
44 70 480
44 71 1075
44 72 594
44 73 644
44 74 267
44 75 885
44 76 159
44 77 747
44 78 778
44 79 799
44 80 260
44 81 1024
44 82 894
44 83 718
44 84 551
44 85 997
44 86 828
44 87 273
44 88 700
44 89 333
44 90 129
44 91 82
44 92 699
44 93 270
44 94 259
44 95 997
44 96 918
44 97 807
44 98 501
44 99 934
44 100 897
45 46 439
45 47 337
45 48 478
45 49 420
45 50 327
45 51 221
45 52 363
45 53 370
45 54 91
45 55 662
45 56 485
45 57 252
45 58 529
45 59 179
45 60 389
45 61 577
45 62 150
45 63 391
45 64 358
45 65 410
45 66 497
45 67 294
45 68 350
45 69 474
45 70 398
45 71 657
45 72 388
45 73 315
45 74 201
45 75 511
45 76 273
45 77 581
45 78 401
45 79 530
45 80 649
45 81 597
45 82 542
45 83 569
45 84 261
45 85 572
45 86 407
45 87 352
45 88 357
45 89 484
45 90 349
45 91 369
45 92 280
45 93 168
45 94 244
45 95 570
45 96 504
45 97 527
45 98 338
45 99 527
45 100 473
46 47 378
46 48 59
46 49 39
46 50 767
46 51 649
46 52 418
46 53 426
46 54 527
46 55 829
46 56 310
46 57 690
46 58 959
46 59 341
46 60 444
46 61 507
46 62 344
46 63 633
46 64 451
46 65 167
46 66 337
46 67 272
46 68 781
46 69 278
46 70 792
46 71 819
46 72 172
46 73 332
46 74 320
46 75 550
46 76 465
46 77 252
46 78 812
46 79 358
46 80 542
46 81 849
46 82 526
46 83 220
46 84 262
46 85 785
46 86 746
46 87 226
46 88 789
46 89 230
46 90 541
46 91 420
46 92 650
46 93 365
46 94 552
46 95 811
46 96 670
46 97 376
46 98 123
46 99 663
46 100 789
47 48 372
47 49 339
47 50 594
47 51 536
47 52 42
47 53 51
47 54 370
47 55 453
47 56 616
47 57 539
47 58 816
47 59 415
47 60 632
47 61 780
47 62 195
47 63 269
47 64 72
47 65 478
47 66 639
47 67 461
47 68 552
47 69 590
47 70 726
47 71 443
47 72 214
47 73 48
47 74 418
47 75 200
47 76 562
47 77 348
47 78 539
47 79 220
47 80 837
47 81 474
47 82 211
47 83 356
47 84 142
47 85 407
47 86 415
47 87 476
47 88 557
47 89 564
47 90 650
47 91 607
47 92 362
47 93 425
47 94 573
47 95 435
47 96 291
47 97 208
47 98 264
47 99 287
47 100 439
48 49 57
48 50 805
48 51 692
48 52 409
48 53 417
48 54 562
48 55 816
48 56 364
48 57 730
48 58 1003
48 59 393
48 60 503
48 61 562
48 62 369
48 63 636
48 64 445
48 65 224
48 66 391
48 67 330
48 68 813
48 69 331
48 70 841
48 71 805
48 72 158
48 73 329
48 74 373
48 75 529
48 76 522
48 77 196
48 78 837
48 79 319
48 80 594
48 81 846
48 82 499
48 83 163
48 84 273
48 85 779
48 86 759
48 87 285
48 88 820
48 89 280
48 90 599
48 91 479
48 92 670
48 93 417
48 94 605
48 95 808
48 96 661
48 97 339
48 98 143
48 99 651
48 100 797
49 50 748
49 51 634
49 52 379
49 53 387
49 54 506
49 55 790
49 56 341
49 57 672
49 58 945
49 59 337
49 60 459
49 61 535
49 62 315
49 63 596
49 64 412
49 65 194
49 66 367
49 67 281
49 68 757
49 69 308
49 70 784
49 71 779
49 72 133
49 73 293
49 74 318
49 75 510
49 76 469
49 77 230
49 78 785
49 79 322
49 80 573
49 81 811
49 82 486
49 83 201
49 84 227
49 85 746
49 86 713
49 87 244
49 88 764
49 89 263
49 90 549
49 91 435
49 92 619
49 93 361
49 94 549
49 95 773
49 96 631
49 97 340
49 98 90
49 99 624
49 100 754
50 51 142
50 52 603
50 53 606
50 54 245
50 55 726
50 56 760
50 57 79
50 58 222
50 59 465
50 60 597
50 61 790
50 62 454
50 63 484
50 64 580
50 65 720
50 66 766
50 67 583
50 68 118
50 69 759
50 70 229
50 71 728
50 72 705
50 73 593
50 74 491
50 75 707
50 76 459
50 77 896
50 78 220
50 79 812
50 80 865
50 81 598
50 82 758
50 83 887
50 84 570
50 85 620
50 86 371
50 87 650
50 88 122
50 89 783
50 90 482
50 91 588
50 92 287
50 93 443
50 94 347
50 95 592
50 96 615
50 97 802
50 98 664
50 99 653
50 100 441
51 52 554
51 53 559
51 54 166
51 55 759
51 56 620
51 57 69
51 58 310
51 59 330
51 60 455
51 61 649
51 62 366
51 63 495
51 64 539
51 65 587
51 66 624
51 67 446
51 68 229
51 69 620
51 70 193
51 71 758
51 72 609
51 73 524
51 74 356
51 75 682
51 76 317
51 77 803
51 78 323
51 79 744
51 80 724
51 81 653
51 82 725
51 83 790
51 84 481
51 85 657
51 86 427
51 87 514
51 88 236
51 89 646
51 90 346
51 91 446
51 92 312
51 93 307
51 94 208
51 95 638
51 96 625
51 97 737
51 98 556
51 99 658
51 100 501
52 53 9
52 54 388
52 55 412
52 56 658
52 57 552
52 58 825
52 59 453
52 60 672
52 61 821
52 62 227
52 63 242
52 64 38
52 65 520
52 66 681
52 67 502
52 68 552
52 69 632
52 70 746
52 71 402
52 72 251
52 73 90
52 74 456
52 75 160
52 76 598
52 77 370
52 78 532
52 79 225
52 80 879
52 81 439
52 82 178
52 83 381
52 84 184
52 85 369
52 86 397
52 87 518
52 88 558
52 89 606
52 90 685
52 91 647
52 92 356
52 93 462
52 94 603
52 95 400
52 96 252
52 97 209
52 98 305
52 99 246
52 100 414
53 54 393
53 55 403
53 56 667
53 57 556
53 58 828
53 59 461
53 60 681
53 61 831
53 62 235
53 63 237
53 64 34
53 65 529
53 66 690
53 67 511
53 68 553
53 69 641
53 70 751
53 71 393
53 72 259
53 73 99
53 74 465
53 75 151
53 76 606
53 77 375
53 78 532
53 79 226
53 80 889
53 81 432
53 82 171
53 83 386
53 84 193
53 85 361
53 86 394
53 87 527
53 88 559
53 89 616
53 90 693
53 91 656
53 92 356
53 93 470
53 94 611
53 95 392
53 96 244
53 97 209
53 98 314
53 99 237
53 100 410
54 55 629
54 56 572
54 57 176
54 58 457
54 59 264
54 60 458
54 61 652
54 62 209
54 63 357
54 64 374
54 65 502
54 66 583
54 67 382
54 68 258
54 69 563
54 70 357
54 71 626
54 72 460
54 73 360
54 74 288
54 75 520
54 76 330
54 77 651
54 78 312
54 79 580
54 80 725
54 81 545
54 82 560
54 83 642
54 84 326
54 85 532
54 86 338
54 87 442
54 88 266
54 89 575
54 90 394
54 91 441
54 92 210
54 93 249
54 94 269
54 95 523
54 96 481
54 97 573
54 98 420
54 99 510
54 100 409
55 56 1060
55 57 719
55 58 921
55 59 811
55 60 1036
55 61 1207
55 62 584
55 63 272
55 64 382
55 65 928
55 66 1081
55 67 888
55 68 621
55 69 1036
55 70 939
55 71 12
55 72 659
55 73 501
55 74 822
55 75 296
55 76 934
55 77 731
55 78 538
55 79 549
55 80 1271
55 81 159
55 82 349
55 83 753
55 84 588
55 85 105
55 86 358
55 87 916
55 88 621
55 89 1015
55 90 1011
55 91 1013
55 92 449
55 93 811
55 94 896
55 95 144
55 96 166
55 97 524
55 98 718
55 99 166
55 100 298
56 57 682
56 58 899
56 59 307
56 60 214
56 61 198
56 62 485
56 63 819
56 64 681
56 65 148
56 66 26
56 67 191
56 68 819
56 69 33
56 70 692
56 71 1051
56 72 456
56 73 568
56 74 283
56 75 812
56 76 321
56 77 561
56 78 884
56 79 660
56 80 233
56 81 1040
56 82 802
56 83 528
56 84 474
56 85 993
56 86 881
56 87 144
56 88 827
56 89 89
56 90 355
56 91 204
56 92 760
56 93 324
56 94 441
56 95 1007
56 96 893
56 97 675
56 98 368
56 99 898
56 100 941
57 58 281
57 59 385
57 60 523
57 61 717
57 62 385
57 63 463
57 64 532
57 65 640
57 66 687
57 67 504
57 68 161
57 69 680
57 70 220
57 71 719
57 72 635
57 73 533
57 74 411
57 75 668
57 76 384
57 77 827
57 78 257
57 79 753
57 80 793
57 81 604
57 82 715
57 83 817
57 84 502
57 85 615
57 86 376
57 87 571
57 88 167
57 89 703
57 90 415
57 91 513
57 92 270
57 93 363
57 94 277
57 95 592
57 96 594
57 97 745
57 98 590
57 99 630
57 100 449
58 59 632
58 60 706
58 61 883
58 62 667
58 63 696
58 64 802
58 65 887
58 66 899
58 67 742
58 68 302
58 69 905
58 70 219
58 71 924
58 72 915
58 73 813
58 74 658
58 75 927
58 76 579
58 77 1108
58 78 384
58 79 1033
58 80 956
58 81 779
58 82 980
58 83 1098
58 84 783
58 85 815
58 86 563
58 87 811
58 88 301
58 89 938
58 90 569
58 91 705
58 92 501
58 93 608
58 94 458
58 95 780
58 96 825
58 97 1024
58 98 866
58 99 865
58 100 624
59 60 225
59 61 403
59 62 231
59 63 549
59 64 462
59 65 256
59 66 318
59 67 119
59 68 514
59 69 300
59 70 452
59 71 804
59 72 365
59 73 377
59 74 25
59 75 613
59 76 152
59 77 547
59 78 576
59 79 555
59 80 473
59 81 764
59 82 626
59 83 525
59 84 289
59 85 730
59 86 585
59 87 185
59 88 521
59 89 318
59 90 240
59 91 202
59 92 460
59 93 24
59 94 212
59 95 734
59 96 646
59 97 559
59 98 282
59 99 661
59 100 649
60 61 195
60 62 456
60 63 773
60 64 684
60 65 287
60 66 204
60 67 185
60 68 676
60 69 233
60 70 492
60 71 1030
60 72 537
60 73 590
60 74 216
60 75 833
60 76 138
60 77 690
60 78 756
60 79 742
60 80 270
60 81 985
60 82 840
60 83 661
60 84 497
60 85 954
60 86 794
60 87 217
60 88 683
60 89 286
60 90 143
60 91 25
60 92 667
60 93 226
60 94 253
60 95 957
60 96 872
60 97 751
60 98 443
60 99 887
60 100 863
61 62 622
61 63 951
61 64 840
61 65 341
61 66 172
61 67 320
61 68 872
61 69 231
61 70 665
61 71 1200
61 72 643
61 73 734
61 74 387
61 75 980
61 76 333
61 77 759
61 78 952
61 79 849
61 80 75
61 81 1167
61 82 978
61 83 726
61 84 638
61 85 1131
61 86 985
61 87 308
61 88 879
61 89 286
61 90 315
61 91 210
61 92 858
61 93 409
61 94 443
61 95 1137
61 96 1040
61 97 863
61 98 551
61 99 1051
61 100 1051
62 63 334
62 64 232
62 65 371
62 66 504
62 67 305
62 68 446
62 69 465
62 70 548
62 71 577
62 72 251
62 73 167
62 74 239
62 75 385
62 76 371
62 77 442
62 78 469
62 79 380
62 80 687
62 81 555
62 82 406
62 83 433
62 84 116
62 85 510
62 86 411
62 87 341
62 88 453
62 89 457
62 90 457
62 91 432
62 92 307
62 93 237
62 94 378
62 95 521
62 96 418
62 97 377
62 98 225
62 99 431
62 100 463
63 64 204
63 65 700
63 66 838
63 67 637
63 68 396
63 69 799
63 70 681
63 71 268
63 72 480
63 73 308
63 74 563
63 75 253
63 76 664
63 77 613
63 78 340
63 79 457
63 80 1018
63 81 221
63 82 317
63 83 623
63 84 372
63 85 181
63 86 170
63 87 674
63 88 398
63 89 787
63 90 740
63 91 751
63 92 197
63 93 547
63 94 624
63 95 187
63 96 131
63 97 436
63 98 512
63 99 169
63 100 172
64 65 546
64 66 704
64 67 520
64 68 524
64 69 656
64 70 732
64 71 372
64 72 286
64 73 119
64 74 468
64 75 154
64 76 604
64 77 409
64 78 499
64 79 260
64 80 899
64 81 402
64 82 186
64 83 419
64 84 207
64 85 334
64 86 359
64 87 540
64 88 529
64 89 633
64 90 689
64 91 660
64 92 324
64 93 469
64 94 602
64 95 363
64 96 219
64 97 242
64 98 336
64 99 217
64 100 376
65 66 174
65 67 147
65 68 759
65 69 117
65 70 698
65 71 919
65 72 308
65 73 429
65 74 230
65 75 670
65 76 339
65 77 419
65 78 810
65 79 512
65 80 381
65 81 921
65 82 657
65 83 388
65 84 339
65 85 868
65 86 781
65 87 80
65 88 767
65 89 87
65 90 403
65 91 266
65 92 668
65 93 280
65 94 445
65 95 886
65 96 762
65 97 527
65 98 221
65 99 764
65 100 835
66 67 205
66 68 828
66 69 59
66 70 689
66 71 1073
66 72 482
66 73 591
66 74 295
66 75 836
66 76 320
66 77 587
66 78 895
66 79 686
66 80 206
66 81 1059
66 82 827
66 83 554
66 84 497
66 85 1013
66 86 897
66 87 164
66 88 835
66 89 114
66 90 347
66 91 197
66 92 775
66 93 334
66 94 440
66 95 1026
66 96 914
66 97 701
66 98 393
66 99 920
66 100 958
67 68 633
67 69 181
67 70 551
67 71 881
67 72 351
67 73 416
67 74 94
67 75 662
67 76 196
67 77 509
67 78 694
67 79 557
67 80 382
67 81 857
67 82 664
67 83 482
67 84 321
67 85 815
67 86 691
67 87 68
67 88 641
67 89 199
67 90 269
67 91 159
67 92 569
67 93 140
67 94 298
67 95 825
67 96 721
67 97 566
67 98 258
67 99 731
67 100 753
68 69 814
68 70 348
68 71 623
68 72 694
68 73 560
68 74 539
68 75 635
68 76 538
68 77 877
68 78 102
68 79 772
68 80 947
68 81 485
68 82 692
68 83 874
68 84 556
68 85 515
68 86 263
68 87 697
68 88 7
68 89 830
68 90 575
68 91 664
68 92 204
68 93 495
68 94 436
68 95 482
68 96 523
68 97 759
68 98 669
68 99 564
68 100 328
69 70 701
69 71 1027
69 72 426
69 73 541
69 74 275
69 75 784
69 76 329
69 77 528
69 78 875
69 79 628
69 80 265
69 81 1020
69 82 774
69 83 495
69 84 449
69 85 972
69 86 866
69 87 125
69 88 821
69 89 58
69 90 370
69 91 220
69 92 747
69 93 319
69 94 448
69 95 986
69 96 869
69 97 644
69 98 338
69 99 873
69 100 925
70 71 939
70 72 779
70 73 711
70 74 475
70 75 876
70 76 371
70 77 972
70 78 450
70 79 928
70 80 737
70 81 821
70 82 918
70 83 956
70 84 659
70 85 835
70 86 592
70 87 619
70 88 351
70 89 740
70 90 352
70 91 493
70 92 490
70 93 427
70 94 254
70 95 811
70 96 813
70 97 924
70 98 715
70 99 847
70 100 664
71 72 648
71 73 491
71 74 816
71 75 284
71 76 929
71 77 719
71 78 541
71 79 537
71 80 1263
71 81 168
71 82 336
71 83 741
71 84 579
71 85 108
71 86 360
71 87 908
71 88 624
71 89 1006
71 90 1006
71 91 1007
71 92 449
71 93 805
71 94 893
71 95 150
71 96 159
71 97 512
71 98 708
71 99 156
71 100 302
72 73 172
72 74 354
72 75 377
72 76 514
72 77 193
72 78 706
72 79 207
72 80 689
72 81 688
72 82 354
72 83 182
72 84 137
72 85 620
72 86 611
72 87 336
72 88 701
72 89 387
72 90 600
72 91 511
72 92 533
72 93 385
72 94 569
72 95 649
72 96 503
72 97 219
72 98 94
72 99 493
72 100 645
73 74 377
73 75 246
73 76 526
73 77 324
73 78 556
73 79 220
73 80 790
73 81 518
73 82 250
73 83 327
73 84 95
73 85 453
73 86 444
73 87 429
73 88 566
73 89 516
73 90 614
73 91 565
73 92 379
73 93 389
73 94 545
73 95 479
73 96 339
73 97 213
73 98 216
73 99 335
73 100 474
74 75 617
74 76 160
74 77 532
74 78 600
74 79 548
74 80 456
74 81 780
74 82 628
74 83 509
74 84 287
74 85 743
74 86 604
74 87 159
74 88 546
74 89 293
74 90 246
74 91 192
74 92 480
74 93 49
74 94 231
74 95 749
74 96 657
74 97 554
74 98 268
74 99 671
74 100 668
75 76 757
75 77 435
75 78 591
75 79 254
75 80 1036
75 81 376
75 82 66
75 83 456
75 84 341
75 85 292
75 86 423
75 87 675
75 88 639
75 89 755
75 90 843
75 91 808
75 92 430
75 93 621
75 94 755
75 95 337
75 96 176
75 97 229
75 98 450
75 99 145
75 100 411
76 77 690
76 78 620
76 79 707
76 80 408
76 81 869
76 82 774
76 83 665
76 84 440
76 85 846
76 86 669
76 87 259
76 88 545
76 89 370
76 90 88
76 91 130
76 92 540
76 93 137
76 94 120
76 95 843
76 96 773
76 97 711
76 98 427
76 99 793
76 100 739
77 78 880
77 79 183
77 80 790
77 81 797
77 82 385
77 83 34
77 84 325
77 85 718
77 86 764
77 87 474
77 88 884
77 89 476
77 90 773
77 91 665
77 92 703
77 93 569
77 94 756
77 95 757
77 96 597
77 97 208
77 98 264
77 99 575
77 100 785
78 79 757
78 80 1026
78 81 394
78 82 652
78 83 880
78 84 570
78 85 433
78 86 184
78 87 754
78 88 98
78 89 886
78 90 664
78 91 742
78 92 177
78 93 560
78 94 525
78 95 395
78 96 459
78 97 741
78 98 694
78 99 501
78 100 240
79 80 893
79 81 624
79 82 202
79 83 208
79 84 275
79 85 543
79 86 619
79 87 544
79 88 778
79 89 586
79 90 794
79 91 716
79 92 580
79 93 572
79 94 746
79 95 584
79 96 422
79 97 24
79 98 301
79 99 397
79 100 629
80 81 1236
80 82 1031
80 83 756
80 84 695
80 85 1197
80 86 1056
80 87 361
80 88 954
80 89 313
80 90 389
80 91 284
80 92 930
80 93 481
80 94 518
80 95 1205
80 96 1104
80 97 908
80 98 598
80 99 1113
80 100 1122
81 82 440
81 83 813
81 84 590
81 85 85
81 86 228
81 87 896
81 88 485
81 89 1008
81 90 939
81 91 964
81 92 343
81 93 760
81 94 814
81 95 39
81 96 201
81 97 600
81 98 729
81 99 232
81 100 157
82 83 410
82 84 343
82 85 355
82 86 487
82 87 670
82 88 696
82 89 740
82 90 861
82 91 815
82 92 487
82 93 637
82 94 782
82 95 401
82 96 241
82 97 177
82 98 435
82 99 208
82 100 477
83 84 318
83 85 736
83 86 770
83 87 445
83 88 880
83 89 442
83 90 747
83 91 637
83 92 704
83 93 548
83 94 735
83 95 773
83 96 615
83 97 233
83 98 244
83 99 595
83 100 794
84 85 532
84 86 486
84 87 334
84 88 563
84 89 426
84 90 528
84 91 471
84 92 398
84 93 303
84 94 471
84 95 553
84 96 423
84 97 275
84 98 139
84 99 424
84 100 526
85 86 252
85 87 849
85 88 515
85 89 956
85 90 920
85 91 932
85 92 345
85 93 728
85 94 801
85 95 51
85 96 121
85 97 519
85 98 667
85 99 147
85 100 194
86 87 741
86 88 263
86 89 865
86 90 731
86 91 776
86 92 128
86 93 575
86 94 600
86 95 220
86 96 277
86 97 600
86 98 623
86 99 320
86 100 73
87 88 705
87 89 133
87 90 324
87 91 194
87 92 622
87 93 207
87 94 365
87 95 862
87 96 749
87 97 556
87 98 243
87 99 755
87 100 799
88 89 838
88 90 582
88 91 671
88 92 208
88 93 502
88 94 443
88 95 482
88 96 526
88 97 765
88 98 676
88 99 566
88 100 328
89 90 419
89 91 270
89 92 750
89 93 340
89 94 485
89 95 973
89 96 850
89 97 603
89 98 305
89 99 851
89 100 921
90 91 150
90 92 603
90 93 225
90 94 138
90 95 915
90 96 853
90 97 799
90 98 511
90 99 874
90 100 803
91 92 648
91 93 204
91 94 249
91 95 935
91 96 849
91 97 725
91 98 418
91 99 863
91 100 843
92 93 449
92 94 473
92 95 326
92 96 328
92 97 565
92 98 529
92 99 366
92 100 199
93 94 188
93 95 731
93 96 648
93 97 576
93 98 304
93 99 664
93 100 641
94 95 792
94 96 744
94 97 746
94 98 492
94 99 769
94 100 673
95 96 161
95 97 560
95 98 691
95 99 193
95 100 155
96 97 399
96 98 555
96 99 42
96 100 248
97 98 313
97 99 373
97 100 608
98 99 552
98 100 666
99 100 290
