100 4950
1 2 67
1 3 837
1 4 93
1 5 247
1 6 787
1 7 542
1 8 321
1 9 795
1 10 685
1 11 537
1 12 880
1 13 659
1 14 765
1 15 663
1 16 489
1 17 671
1 18 875
1 19 318
1 20 756
1 21 483
1 22 154
1 23 103
1 24 751
1 25 341
1 26 190
1 27 219
1 28 439
1 29 129
1 30 799
1 31 598
1 32 667
1 33 845
1 34 295
1 35 416
1 36 308
1 37 820
1 38 423
1 39 120
1 40 245
1 41 867
1 42 311
1 43 778
1 44 472
1 45 572
1 46 779
1 47 159
1 48 325
1 49 382
1 50 370
1 51 472
1 52 842
1 53 527
1 54 852
1 55 357
1 56 641
1 57 640
1 58 251
1 59 802
1 60 457
1 61 595
1 62 471
1 63 656
1 64 435
1 65 478
1 66 848
1 67 454
1 68 449
1 69 820
1 70 786
1 71 927
1 72 469
1 73 465
1 74 300
1 75 316
1 76 758
1 77 895
1 78 1082
1 79 933
1 80 350
1 81 529
1 82 998
1 83 945
1 84 408
1 85 555
1 86 884
1 87 313
1 88 169
1 89 163
1 90 446
1 91 686
1 92 68
1 93 603
1 94 95
1 95 163
1 96 428
1 97 172
1 98 583
1 99 298
1 100 486
2 3 812
2 4 41
2 5 200
2 6 727
2 7 486
2 8 254
2 9 740
2 10 701
2 11 470
2 12 880
2 13 673
2 14 726
2 15 668
2 16 425
2 17 683
2 18 834
2 19 386
2 20 722
2 21 462
2 22 222
2 23 76
2 24 689
2 25 308
2 26 257
2 27 191
2 28 403
2 29 67
2 30 739
2 31 530
2 32 657
2 33 836
2 34 347
2 35 436
2 36 376
2 37 834
2 38 413
2 39 154
2 40 178
2 41 854
2 42 377
2 43 765
2 44 404
2 45 506
2 46 782
2 47 103
2 48 389
2 49 407
2 50 302
2 51 414
2 52 826
2 53 464
2 54 826
2 55 365
2 56 609
2 57 572
2 58 185
2 59 743
2 60 483
2 61 558
2 62 442
2 63 676
2 64 375
2 65 462
2 66 850
2 67 398
2 68 381
2 69 761
2 70 723
2 71 880
2 72 435
2 73 414
2 74 364
2 75 255
2 76 769
2 77 878
2 78 1030
2 79 899
2 80 282
2 81 488
2 82 945
2 83 913
2 84 345
2 85 495
2 86 867
2 87 375
2 88 200
2 89 182
2 90 378
2 91 681
2 92 135
2 93 613
2 94 109
2 95 210
2 96 367
2 97 143
2 98 522
2 99 231
2 100 424
3 4 843
3 5 624
3 6 560
3 7 498
3 8 709
3 9 452
3 10 467
3 11 832
3 12 328
3 13 453
3 14 195
3 15 368
3 16 646
3 17 430
3 18 226
3 19 988
3 20 137
3 21 354
3 22 911
3 23 885
3 24 583
3 25 506
3 26 894
3 27 622
3 28 419
3 29 832
3 30 567
3 31 870
3 32 233
3 33 199
3 34 783
3 35 562
3 36 988
3 37 478
3 38 428
3 39 749
3 40 741
3 41 164
3 42 951
3 43 158
3 44 790
3 45 703
3 46 339
3 47 723
3 48 907
3 49 601
3 50 750
3 51 540
3 52 108
3 53 589
3 54 28
3 55 536
3 56 219
3 57 789
3 58 825
3 59 553
3 60 585
3 61 285
3 62 370
3 63 508
3 64 588
3 65 364
3 66 337
3 67 528
3 68 804
3 69 537
3 70 652
3 71 340
3 72 385
3 73 476
3 74 901
3 75 643
3 76 416
3 77 121
3 78 509
3 79 155
3 80 744
3 81 361
3 82 490
3 83 149
3 84 906
3 85 552
3 86 109
3 87 872
3 88 718
3 89 699
3 90 723
3 91 264
3 92 870
3 93 423
3 94 745
3 95 764
3 96 935
3 97 669
3 98 568
3 99 808
3 100 587
4 5 223
4 6 731
4 7 496
4 8 250
4 9 751
4 10 742
4 11 451
4 12 919
4 13 714
4 14 750
4 15 708
4 16 422
4 17 724
4 18 856
4 19 407
4 20 749
4 21 495
4 22 242
4 23 42
4 24 692
4 25 336
4 26 282
4 27 224
4 28 430
4 29 38
4 30 743
4 31 510
4 32 693
4 33 872
4 34 384
4 35 478
4 36 397
4 37 875
4 38 450
4 39 194
4 40 172
4 41 890
4 42 402
4 43 801
4 44 387
4 45 498
4 46 822
4 47 123
4 48 418
4 49 448
4 50 290
4 51 423
4 52 860
4 53 467
4 54 856
4 55 406
4 56 636
4 57 559
4 58 160
4 59 747
4 60 525
4 61 583
4 62 473
4 63 717
4 64 380
4 65 497
4 66 889
4 67 409
4 68 363
4 69 767
4 70 721
4 71 898
4 72 462
4 73 430
4 74 393
4 75 262
4 76 809
4 77 912
4 78 1043
4 79 925
4 80 271
4 81 511
4 82 956
4 83 940
4 84 315
4 85 500
4 86 901
4 87 406
4 88 241
4 89 224
4 90 368
4 91 719
4 92 156
4 93 654
4 94 151
4 95 248
4 96 335
4 97 178
4 98 525
4 99 210
4 100 428
5 6 551
5 7 301
5 8 164
5 9 550
5 10 599
5 11 402
5 12 736
5 13 569
5 14 526
5 15 542
5 16 284
5 17 573
5 18 634
5 19 522
5 20 525
5 21 286
5 22 378
5 23 265
5 24 520
5 25 119
5 26 392
5 27 70
5 28 206
5 29 208
5 30 564
5 31 465
5 32 496
5 33 672
5 34 401
5 35 373
5 36 516
5 37 725
5 38 266
5 39 226
5 40 141
5 41 684
5 42 501
5 43 596
5 44 332
5 45 380
5 46 647
5 47 100
5 48 490
5 49 362
5 50 232
5 51 234
5 52 649
5 53 303
5 54 635
5 55 278
5 56 413
5 57 468
5 58 222
5 59 565
5 60 430
5 61 359
5 62 255
5 63 587
5 64 209
5 65 297
5 66 710
5 67 212
5 68 322
5 69 581
5 70 564
5 71 681
5 72 240
5 73 218
5 74 470
5 75 108
5 76 651
5 77 700
5 78 834
5 79 702
5 80 213
5 81 288
5 82 752
5 83 716
5 84 358
5 85 323
5 86 688
5 87 465
5 88 238
5 89 203
5 90 277
5 91 529
5 92 304
5 93 501
5 94 186
5 95 282
5 96 387
5 97 88
5 98 354
5 99 229
5 100 261
6 7 252
6 8 486
6 9 113
6 10 891
6 11 423
6 12 863
6 13 864
6 14 365
6 15 790
6 16 317
6 17 851
6 18 372
6 19 1073
6 20 429
6 21 534
6 22 929
6 23 766
6 24 48
6 25 515
6 26 943
6 27 608
6 28 446
6 29 698
6 30 12
6 31 426
6 32 652
6 33 740
6 34 928
6 35 803
6 36 1067
6 37 965
6 38 613
6 39 776
6 40 560
6 41 717
6 42 1050
6 43 670
6 44 428
6 45 284
6 46 831
6 47 627
6 48 1033
6 49 818
6 50 471
6 51 317
6 52 659
6 53 264
6 54 545
6 55 717
6 56 422
6 57 315
6 58 611
6 59 19
6 60 857
6 61 381
6 62 486
6 63 910
6 64 352
6 65 572
6 66 859
6 67 339
6 68 456
6 69 47
6 70 96
6 71 311
6 72 445
6 73 348
6 74 1015
6 75 471
6 76 886
6 77 682
6 78 361
6 79 497
6 80 482
6 81 371
6 82 269
6 83 522
6 84 582
6 85 232
6 86 669
6 87 1004
6 88 780
6 89 746
6 90 395
6 91 705
6 92 850
6 93 802
6 94 738
6 95 828
6 96 600
6 97 639
6 98 205
6 99 564
6 100 302
7 8 269
7 9 254
7 10 702
7 11 333
7 12 737
7 13 673
7 14 329
7 15 611
7 16 150
7 17 665
7 18 407
7 19 821
7 20 365
7 21 323
7 22 680
7 23 534
7 24 226
7 25 266
7 26 692
7 27 355
7 28 214
7 29 467
7 30 265
7 31 373
7 32 496
7 33 631
7 34 678
7 35 569
7 36 815
7 37 798
7 38 386
7 39 524
7 40 334
7 41 623
7 42 798
7 43 552
7 44 296
7 45 209
7 46 679
7 47 383
7 48 781
7 49 579
7 50 282
7 51 73
7 52 570
7 53 90
7 54 496
7 55 478
7 56 292
7 57 303
7 58 401
7 59 265
7 60 626
7 61 226
7 62 270
7 63 711
7 64 122
7 65 360
7 66 723
7 67 88
7 68 313
7 69 280
7 70 282
7 71 417
7 72 224
7 73 99
7 74 762
7 75 234
7 76 717
7 77 610
7 78 548
7 79 511
7 80 284
7 81 171
7 82 461
7 83 532
7 84 430
7 85 58
7 86 596
7 87 752
7 88 527
7 89 493
7 90 233
7 91 546
7 92 603
7 93 605
7 94 487
7 95 575
7 96 455
7 97 388
7 98 87
7 99 365
7 100 95
8 9 518
8 10 756
8 11 241
8 12 871
8 13 726
8 14 573
8 15 690
8 16 172
8 17 727
8 18 666
8 19 634
8 20 591
8 21 412
8 22 474
8 23 281
8 24 444
8 25 252
8 26 502
8 27 231
8 28 302
8 29 214
8 30 497
8 31 304
8 32 624
8 33 792
8 34 548
8 35 537
8 36 625
8 37 878
8 38 416
8 39 355
8 40 77
8 41 797
8 42 620
8 43 713
8 44 170
8 45 251
8 46 789
8 47 172
8 48 621
8 49 526
8 50 67
8 51 198
8 52 755
8 53 222
8 54 714
8 55 443
8 56 489
8 57 323
8 58 132
8 59 503
8 60 595
8 61 425
8 62 367
8 63 747
8 64 147
8 65 433
8 66 848
8 67 195
8 68 158
8 69 524
8 70 471
8 71 686
8 72 334
8 73 237
8 74 598
8 75 72
8 76 801
8 77 803
8 78 815
8 79 757
8 80 48
8 81 348
8 82 725
8 83 775
8 84 207
8 85 259
8 86 789
8 87 600
8 88 381
8 89 348
8 90 126
8 91 664
8 92 389
8 93 657
8 94 305
8 95 416
8 96 237
8 97 228
8 98 280
8 99 100
8 100 186
9 10 811
9 11 503
9 12 763
9 13 786
9 14 259
9 15 708
9 16 365
9 17 771
9 18 259
9 19 1062
9 20 325
9 21 474
9 22 928
9 23 788
9 24 149
9 25 491
9 26 936
9 27 598
9 28 408
9 29 721
9 30 117
9 31 516
9 32 564
9 33 638
9 34 901
9 35 753
9 36 1057
9 37 875
9 38 561
9 39 767
9 40 587
9 41 612
9 42 1036
9 43 570
9 44 495
9 45 359
9 46 738
9 47 637
9 48 1013
9 49 773
9 50 518
9 51 327
9 52 554
9 53 302
9 54 435
9 55 673
9 56 337
9 57 410
9 58 649
9 59 102
9 60 803
9 61 309
9 62 433
9 63 834
9 64 373
9 65 512
9 66 762
9 67 342
9 68 521
9 69 85
9 70 209
9 71 205
9 72 397
9 73 333
9 74 996
9 75 488
9 76 798
9 77 574
9 78 296
9 79 384
9 80 525
9 81 319
9 82 207
9 83 409
9 84 647
9 85 260
9 86 561
9 87 982
9 88 763
9 89 731
9 90 450
9 91 616
9 92 854
9 93 727
9 94 734
9 95 813
9 96 667
9 97 635
9 98 246
9 99 608
9 100 332
10 11 972
10 12 253
10 13 30
10 14 582
10 15 105
10 16 802
10 17 40
10 18 668
10 19 677
10 20 519
10 21 379
10 22 676
10 23 775
10 24 891
10 25 506
10 26 637
10 27 548
10 28 498
10 29 753
10 30 902
10 31 1029
10 32 254
10 33 312
10 34 476
10 35 271
10 36 682
10 37 134
10 38 342
10 39 566
10 40 740
10 41 356
10 42 638
10 43 310
10 44 907
10 45 893
10 46 158
10 47 660
10 48 581
10 49 309
10 50 821
10 51 693
10 52 382
10 53 774
10 54 496
10 55 336
10 56 474
10 57 992
10 58 815
10 59 893
10 60 242
10 61 509
10 62 434
10 63 49
10 64 715
10 65 345
10 66 217
10 67 667
10 68 906
10 69 889
10 70 961
10 71 779
10 72 480
10 73 618
10 74 587
10 75 686
10 76 90
10 77 419
10 78 961
10 79 623
10 80 805
10 81 535
10 82 922
10 83 615
10 84 958
10 85 759
10 86 418
10 87 550
10 88 517
10 89 523
10 90 841
10 91 208
10 92 681
10 93 100
10 94 595
10 95 541
10 96 987
10 97 580
10 98 790
10 99 828
10 100 748
11 12 1051
11 13 941
11 14 659
11 15 895
11 16 186
11 17 939
11 18 724
11 19 856
11 20 698
11 21 602
11 22 692
11 23 468
11 24 374
11 25 467
11 26 726
11 27 471
11 28 482
11 29 412
11 30 430
11 31 63
11 32 803
11 33 955
11 34 787
11 35 772
11 36 846
11 37 1085
11 38 630
11 39 591
11 40 301
11 41 951
11 42 847
11 43 875
11 44 70
11 45 144
11 46 981
11 47 407
11 48 853
11 49 764
11 50 176
11 51 299
11 52 900
11 53 243
11 54 829
11 55 676
11 56 621
11 57 130
11 58 291
11 59 442
11 60 830
11 61 554
11 62 550
11 63 969
11 64 262
11 65 631
11 66 1033
11 67 319
11 68 88
11 69 470
11 70 362
11 71 705
11 72 508
11 73 373
11 74 829
11 75 296
11 76 1005
11 77 941
11 78 784
11 79 836
11 80 196
11 81 486
11 82 692
11 83 859
11 84 180
11 85 283
11 86 928
11 87 834
11 88 620
11 89 588
11 90 131
11 91 850
11 92 605
11 93 871
11 94 540
11 95 653
11 96 188
11 97 469
11 98 275
11 99 240
11 100 247
12 13 262
12 14 505
12 15 221
12 16 867
12 17 240
12 18 555
12 19 921
12 20 438
12 21 459
12 22 899
12 23 957
12 24 877
12 25 622
12 26 865
12 27 702
12 28 574
12 29 922
12 30 872
12 31 1101
12 32 248
12 33 128
12 34 714
12 35 490
12 36 924
12 37 183
12 38 473
12 39 767
12 40 875
12 41 167
12 42 881
12 43 193
12 44 996
12 45 945
12 46 105
12 47 818
12 48 826
12 49 533
12 50 927
12 51 753
12 52 220
12 53 823
12 54 354
12 55 523
12 56 452
12 57 1040
12 58 958
12 59 860
12 60 478
12 61 512
12 62 506
12 63 303
12 64 789
12 65 440
12 66 36
12 67 732
12 68 1001
12 69 848
12 70 949
12 71 669
12 72 545
12 73 677
12 74 829
12 75 798
12 76 164
12 77 228
12 78 835
12 79 469
12 80 915
12 81 568
12 82 819
12 83 453
12 84 1079
12 85 795
12 86 235
12 87 794
12 88 722
12 89 718
12 90 926
12 91 207
12 92 889
12 93 290
12 94 785
12 95 755
12 96 1108
12 97 744
12 98 820
12 99 959
12 100 807
13 14 560
13 15 85
13 16 771
13 17 24
13 18 649
13 19 661
13 20 498
13 21 349
13 22 654
13 23 747
13 24 864
13 25 475
13 26 616
13 27 518
13 28 468
13 29 724
13 30 875
13 31 999
13 32 233
13 33 308
13 34 457
13 35 246
13 36 666
13 37 161
13 38 311
13 39 540
13 40 709
13 41 351
13 42 622
13 43 299
13 44 876
13 45 863
13 46 161
13 47 631
13 48 566
13 49 286
13 50 790
13 51 662
13 52 373
13 53 744
13 54 481
13 55 308
13 56 448
13 57 962
13 58 785
13 59 866
13 60 221
13 61 482
13 62 404
13 63 54
13 64 684
13 65 315
13 66 225
13 67 637
13 68 875
13 69 863
13 70 933
13 71 759
13 72 450
13 73 588
13 74 570
13 75 656
13 76 105
13 77 413
13 78 941
13 79 608
13 80 774
13 81 506
13 82 901
13 83 601
13 84 927
13 85 729
13 86 411
13 87 534
13 88 492
13 89 496
13 90 810
13 91 190
13 92 656
13 93 69
13 94 568
13 95 517
13 96 956
13 97 551
13 98 760
13 99 798
13 100 717
14 15 477
14 16 479
14 17 542
14 18 113
14 19 972
14 20 67
14 21 320
14 22 867
14 23 792
14 24 388
14 25 423
14 26 861
14 27 546
14 28 325
14 29 731
14 30 372
14 31 691
14 32 328
14 33 379
14 34 782
14 35 589
14 36 969
14 37 628
14 38 412
14 39 700
14 40 620
14 41 353
14 42 939
14 43 314
14 44 625
14 45 523
14 46 489
14 47 627
14 48 904
14 49 620
14 50 602
14 51 384
14 52 294
14 53 416
14 54 182
14 55 533
14 56 139
14 57 603
14 58 700
14 59 359
14 60 629
14 61 170
14 62 306
14 63 613
14 64 436
14 65 349
14 66 506
14 67 379
14 68 642
14 69 344
14 70 457
14 71 204
14 72 296
14 73 336
14 74 893
14 75 515
14 76 555
14 77 317
14 78 388
14 79 183
14 80 600
14 81 239
14 82 340
14 83 203
14 84 755
14 85 376
14 86 304
14 87 870
14 88 679
14 89 653
14 90 561
14 91 377
14 92 811
14 93 511
14 94 682
14 95 730
14 96 782
14 97 592
14 98 386
14 99 674
14 100 423
15 16 719
15 17 65
15 18 564
15 19 703
15 20 414
15 21 293
15 22 678
15 23 744
15 24 792
15 25 438
15 26 644
15 27 499
15 28 414
15 29 714
15 30 801
15 31 950
15 32 149
15 33 236
15 34 495
15 35 268
15 36 707
15 37 190
15 38 276
15 39 547
15 40 683
15 41 277
15 42 664
15 43 216
15 44 833
15 45 808
15 46 117
15 47 614
15 48 611
15 49 312
15 50 752
15 51 607
15 52 292
15 53 687
15 54 397
15 55 305
15 56 370
15 57 906
15 58 763
15 59 792
15 60 262
15 61 409
15 62 347
15 63 139
15 64 634
15 65 263
15 66 187
15 67 583
15 68 834
15 69 787
15 70 862
15 71 675
15 72 392
15 73 532
15 74 612
15 75 619
15 76 110
15 77 336
15 78 856
15 79 524
15 80 738
15 81 441
15 82 817
15 83 517
15 84 896
15 85 668
15 86 332
15 87 577
15 88 502
15 89 500
15 90 765
15 91 105
15 92 669
15 93 71
15 94 568
15 95 533
15 96 926
15 97 536
15 98 698
15 99 770
15 100 663
16 17 767
16 18 554
16 19 795
16 20 514
16 21 425
16 22 640
16 23 454
16 24 274
16 25 311
16 26 663
16 27 353
16 28 305
16 29 387
16 30 328
16 31 234
16 32 620
16 33 769
16 34 686
16 35 627
16 36 788
16 37 910
16 38 465
16 39 505
16 40 249
16 41 764
16 42 778
16 43 688
16 44 146
16 45 98
16 46 800
16 47 333
16 48 772
16 49 626
16 50 154
16 51 114
16 52 713
16 53 65
16 54 645
16 55 530
16 56 434
16 57 193
16 58 293
16 59 335
16 60 685
16 61 367
16 62 372
16 63 803
16 64 88
16 65 457
16 66 850
16 67 136
16 68 164
16 69 358
16 70 299
16 71 552
16 72 328
16 73 190
16 74 751
16 75 181
16 76 829
16 77 755
16 78 660
16 79 660
16 80 164
16 81 300
16 82 569
16 83 682
16 84 286
16 85 109
16 86 742
16 87 748
16 88 522
16 89 487
16 90 87
16 91 668
16 92 556
16 93 702
16 94 459
16 95 564
16 96 309
16 97 368
16 98 118
16 99 247
16 100 60
17 18 629
17 19 682
17 20 479
17 21 343
17 22 671
17 23 758
17 24 852
17 25 476
17 26 634
17 27 524
17 28 463
17 29 733
17 30 862
17 31 996
17 32 214
17 33 283
17 34 477
17 35 261
17 36 686
17 37 153
17 38 311
17 39 553
17 40 713
17 41 327
17 42 642
17 43 275
17 44 876
17 45 858
17 46 138
17 47 637
17 48 587
17 49 302
17 50 791
17 51 657
17 52 349
17 53 738
17 54 459
17 55 317
17 56 433
17 57 956
17 58 791
17 59 853
17 60 241
17 61 470
17 62 398
17 63 77
17 64 681
17 65 310
17 66 203
17 67 632
17 68 875
17 69 849
17 70 922
17 71 740
17 72 444
17 73 582
17 74 591
17 75 657
17 76 88
17 77 388
17 78 921
17 79 586
17 80 775
17 81 497
17 82 882
17 83 579
17 84 930
17 85 722
17 86 386
17 87 555
17 88 505
17 89 508
17 90 808
17 91 169
17 92 670
17 93 71
17 94 579
17 95 532
17 96 960
17 97 558
17 98 753
17 99 802
17 100 712
18 19 1085
18 20 155
18 21 433
18 22 980
18 23 898
18 24 406
18 25 534
18 26 974
18 27 656
18 28 436
18 29 835
18 30 376
18 31 749
18 32 416
18 33 426
18 34 895
18 35 699
18 36 1083
18 37 698
18 38 525
18 39 812
18 40 719
18 41 390
18 42 1053
18 43 376
18 44 699
18 45 582
18 46 558
18 47 733
18 48 1017
18 49 731
18 50 689
18 51 471
18 52 334
18 53 488
18 54 202
18 55 645
18 56 252
18 57 651
18 58 796
18 59 361
18 60 736
18 61 282
18 62 419
18 63 703
18 64 523
18 65 461
18 66 562
18 67 471
18 68 719
18 69 339
18 70 469
18 71 114
18 72 408
18 73 433
18 74 1006
18 75 614
18 76 630
18 77 339
18 78 292
18 79 125
18 80 689
18 81 346
18 82 264
18 83 150
18 84 837
18 85 445
18 86 329
18 87 983
18 88 793
18 89 766
18 90 639
18 91 460
18 92 922
18 93 606
18 94 794
18 95 843
18 96 862
18 97 702
18 98 449
18 99 766
18 100 503
19 20 944
19 21 654
19 22 164
19 23 399
19 24 1042
19 25 572
19 26 132
19 27 465
19 28 664
19 29 445
19 30 1085
19 31 916
19 32 772
19 33 930
19 34 209
19 35 439
19 36 11
19 37 801
19 38 566
19 39 296
19 40 560
19 41 964
19 42 39
19 43 883
19 44 790
19 45 884
19 46 816
19 47 463
19 48 97
19 49 396
19 50 687
19 51 757
19 52 958
19 53 824
19 54 1010
19 55 451
19 56 834
19 57 956
19 58 568
19 59 1086
19 60 442
19 61 807
19 62 667
19 63 633
19 64 730
19 65 631
19 66 884
19 67 734
19 68 767
19 69 1101
19 70 1086
19 71 1159
19 72 685
19 73 730
19 74 91
19 75 615
19 76 766
19 77 1010
19 78 1330
19 79 1114
19 80 667
19 81 759
19 82 1254
19 83 1120
19 84 720
19 85 845
19 86 1002
19 87 127
19 88 299
19 89 330
19 90 760
19 91 769
19 92 251
19 93 632
19 94 337
19 95 248
19 96 738
19 97 434
19 98 877
19 99 617
19 100 782
20 21 290
20 22 848
20 23 791
20 24 449
20 25 415
20 26 838
20 27 536
20 28 319
20 29 733
20 30 437
20 31 735
20 32 265
20 33 312
20 34 748
20 35 546
20 36 942
20 37 562
20 38 378
20 39 681
20 40 631
20 41 288
20 42 910
20 43 247
20 44 659
20 45 567
20 46 422
20 47 626
20 48 871
20 49 579
20 50 626
20 51 411
20 52 230
20 53 455
20 54 131
20 55 497
20 56 114
20 57 652
20 58 713
20 59 424
20 60 581
20 61 168
20 62 286
20 63 551
20 64 461
20 65 313
20 66 438
20 67 403
20 68 674
20 69 410
20 70 519
20 71 260
20 72 287
20 73 354
20 74 862
20 75 528
20 76 489
20 77 257
20 78 444
20 79 177
20 80 622
20 81 245
20 82 403
20 83 190
20 84 782
20 85 416
20 86 243
20 87 837
20 88 657
20 89 633
20 90 593
20 91 312
20 92 797
20 93 452
20 94 669
20 95 706
20 96 809
20 97 583
20 98 431
20 99 691
20 100 456
21 22 561
21 23 536
21 24 526
21 25 168
21 26 548
21 27 271
21 28 121
21 29 488
21 30 546
21 31 657
21 32 212
21 33 386
21 34 461
21 35 280
21 36 652
21 37 484
21 38 92
21 39 397
21 40 420
21 41 398
21 42 620
21 43 309
21 44 542
21 45 514
21 46 380
21 47 379
21 48 583
21 49 305
21 50 469
21 51 314
21 52 364
21 53 395
21 54 371
21 55 213
21 56 181
21 57 613
21 58 505
21 59 539
21 60 328
21 61 170
21 62 54
21 63 387
21 64 341
21 65 38
21 66 436
21 67 289
21 68 545
21 69 541
21 70 592
21 71 517
21 72 100
21 73 239
21 74 572
21 75 339
21 76 403
21 77 417
21 78 697
21 79 463
21 80 456
21 81 163
21 82 633
21 83 471
21 84 620
21 85 379
21 86 405
21 87 549
21 88 369
21 89 347
21 90 473
21 91 252
21 92 516
21 93 281
21 94 391
21 95 417
21 96 649
21 97 318
21 98 411
21 99 501
21 100 369
22 23 236
22 24 895
22 25 449
22 26 52
22 27 332
22 28 546
22 29 280
22 30 941
22 31 752
22 32 715
22 33 886
22 34 215
22 35 410
22 36 154
22 37 809
22 38 483
22 39 167
22 40 399
22 41 914
22 42 162
22 43 828
22 44 627
22 45 725
22 46 795
22 47 307
22 48 191
22 49 369
22 50 525
22 51 612
22 52 899
22 53 673
22 54 930
22 55 386
22 56 735
22 57 795
22 58 403
22 59 944
22 60 435
22 61 698
22 62 562
22 63 639
22 64 580
22 65 546
22 66 865
22 67 591
22 68 604
22 69 960
22 70 935
22 71 1043
22 72 572
22 73 594
22 74 166
22 75 462
22 76 759
22 77 952
22 78 1206
22 79 1024
22 80 505
22 81 640
22 82 1126
22 83 1033
22 84 556
22 85 698
22 86 943
22 87 192
22 88 193
22 89 214
22 90 600
22 91 723
22 92 87
22 93 610
22 94 193
22 95 148
22 96 574
22 97 293
22 98 728
22 99 452
22 100 632
23 24 726
23 25 378
23 26 280
23 27 265
23 28 472
23 29 67
23 30 777
23 31 526
23 32 733
23 33 912
23 34 398
23 35 508
23 36 388
23 37 909
23 38 489
23 39 217
23 40 205
23 41 930
23 42 398
23 43 841
23 44 408
23 45 526
23 46 859
23 47 164
23 48 420
23 49 477
23 50 315
23 51 461
23 52 901
23 53 501
23 54 898
23 55 441
23 56 678
23 57 582
23 58 178
23 59 782
23 60 553
23 61 625
23 62 515
23 63 749
23 64 417
23 65 538
23 66 927
23 67 448
23 68 382
23 69 803
23 70 753
23 71 938
23 72 504
23 73 471
23 74 395
23 75 300
23 76 844
23 77 953
23 78 1082
23 79 967
23 80 298
23 81 553
23 82 995
23 83 982
23 84 321
23 85 535
23 86 942
23 87 411
23 88 266
23 89 253
23 90 395
23 91 758
23 92 154
23 93 688
23 94 180
23 95 266
23 96 338
23 97 218
23 98 560
23 99 230
23 100 463
24 25 492
24 26 912
24 27 579
24 28 431
24 29 658
24 30 56
24 31 377
24 32 658
24 33 757
24 34 904
24 35 789
24 36 1036
24 37 971
24 38 601
24 39 746
24 40 520
24 41 736
24 42 1021
24 43 684
24 44 380
24 45 235
24 46 840
24 47 591
24 48 1006
24 49 802
24 50 426
24 51 285
24 52 678
24 53 224
24 54 569
24 55 700
24 56 430
24 57 267
24 58 567
24 59 67
24 60 844
24 61 383
24 62 476
24 63 908
24 64 315
24 65 564
24 66 872
24 67 309
24 68 408
24 69 95
24 70 71
24 71 353
24 72 433
24 73 325
24 74 986
24 75 435
24 76 891
24 77 705
24 78 410
24 79 531
24 80 438
24 81 362
24 82 318
24 83 556
24 84 534
24 85 197
24 86 692
24 87 977
24 88 752
24 89 717
24 90 350
24 91 711
24 92 815
24 93 799
24 94 706
24 95 799
24 96 551
24 97 608
24 98 167
24 99 520
24 100 265
25 26 450
25 27 122
25 28 98
25 29 325
25 30 528
25 31 527
25 32 379
25 33 554
25 34 413
25 35 316
25 36 568
25 37 626
25 38 164
25 39 283
25 40 253
25 41 565
25 42 545
25 43 477
25 44 401
25 45 408
25 46 537
25 47 216
25 48 522
25 49 319
25 50 315
25 51 220
25 52 529
25 53 304
25 54 519
25 55 220
25 56 301
25 57 505
25 58 337
25 59 526
25 60 374
25 61 253
25 62 136
25 63 501
25 64 223
25 65 182
25 66 598
25 67 193
25 68 399
25 69 537
25 70 548
25 71 593
25 72 128
25 73 167
25 74 505
25 75 181
25 76 548
25 77 581
25 78 759
25 79 592
25 80 300
25 81 191
25 82 681
25 83 605
25 84 459
25 85 307
25 86 569
25 87 491
25 88 273
25 89 242
25 90 336
25 91 415
25 92 387
25 93 406
25 94 260
25 95 324
25 96 488
25 97 169
25 98 341
25 99 336
25 100 267
26 27 338
26 28 545
26 29 319
26 30 956
26 31 787
26 32 690
26 33 858
26 34 167
26 35 375
26 36 124
26 37 768
26 38 466
26 39 168
26 40 429
26 41 888
26 42 120
26 43 803
26 44 660
26 45 752
26 46 760
26 47 331
26 48 141
26 49 332
26 50 556
26 51 627
26 52 876
26 53 692
26 54 914
26 55 361
26 56 726
26 57 825
26 58 441
26 59 957
26 60 395
26 61 693
26 62 555
26 63 598
26 64 598
26 65 531
26 66 830
26 67 604
26 68 638
26 69 972
26 70 954
26 71 1042
26 72 568
26 73 603
26 74 116
26 75 483
26 76 721
26 77 929
26 78 1209
26 79 1012
26 80 536
26 81 640
26 82 1131
26 83 1020
26 84 597
26 85 715
26 86 920
26 87 139
26 88 181
26 89 208
26 90 628
26 91 695
26 92 126
26 93 575
26 94 206
26 95 131
26 96 617
26 97 304
26 98 746
26 99 488
26 100 650
27 28 220
27 29 220
27 30 620
27 31 534
27 32 471
27 33 649
27 34 333
27 35 309
27 36 460
27 37 677
27 38 229
27 39 169
27 40 195
27 41 666
27 42 442
27 43 577
27 44 401
27 45 450
27 46 608
27 47 115
27 48 427
27 49 295
27 50 298
27 51 294
27 52 635
27 53 367
27 54 636
27 55 218
27 56 422
27 57 538
27 58 267
27 59 621
27 60 365
27 61 375
27 62 253
27 63 532
27 64 274
27 65 273
27 66 674
27 67 270
27 68 390
27 69 635
27 70 627
27 71 713
27 72 250
27 73 264
27 74 407
27 75 178
27 76 605
27 77 688
27 78 874
27 79 713
27 80 279
27 81 311
27 82 794
27 83 726
27 84 415
27 85 383
27 86 676
27 87 400
27 88 173
27 89 138
27 90 347
27 91 499
27 92 266
27 93 452
27 94 139
27 95 220
27 96 444
27 97 47
27 98 416
27 99 284
27 100 326
28 29 415
28 30 459
28 31 536
28 32 325
28 33 490
28 34 494
28 35 358
28 36 660
28 37 605
28 38 172
28 39 379
28 40 323
28 41 495
28 42 635
28 43 411
28 44 423
28 45 395
28 46 499
28 47 307
28 48 608
28 49 371
28 50 354
28 51 194
28 52 454
28 53 277
28 54 429
28 55 270
28 56 206
28 57 493
28 58 408
28 59 455
28 60 413
28 61 155
28 62 68
28 63 502
28 64 220
28 65 153
28 66 554
28 67 169
28 68 427
28 69 462
28 70 493
28 71 497
28 72 34
28 73 121
28 74 593
28 75 231
28 76 524
28 77 503
28 78 665
28 79 496
28 80 344
28 81 94
28 82 591
28 83 510
28 84 508
28 85 266
28 86 491
28 87 576
28 88 365
28 89 336
28 90 353
28 91 369
28 92 486
28 93 399
28 94 358
28 95 416
28 96 538
28 97 267
28 98 299
28 99 397
28 100 249
29 30 710
29 31 472
29 32 691
29 33 870
29 34 414
29 35 493
29 36 435
29 37 886
29 38 450
29 39 219
29 40 138
29 41 885
29 42 439
29 43 796
29 44 349
29 45 461
29 46 826
29 47 109
29 48 454
29 49 466
29 50 252
29 51 394
29 52 853
29 53 434
29 54 843
29 55 416
29 56 621
29 57 521
29 58 122
29 59 715
29 60 542
29 61 566
29 62 462
29 63 731
29 64 349
29 65 493
29 66 893
29 67 381
29 68 325
29 69 735
29 70 686
29 71 873
29 72 448
29 73 406
29 74 429
29 75 233
29 76 817
29 77 905
29 78 1015
29 79 909
29 80 234
29 81 492
29 82 928
29 83 924
29 84 279
29 85 468
29 86 893
29 87 441
29 88 264
29 89 243
29 90 331
29 91 719
29 92 194
29 93 662
29 94 172
29 95 276
29 96 300
29 97 178
29 98 492
29 99 172
29 100 395
30 31 431
30 32 662
30 33 748
30 34 941
30 35 816
30 36 1079
30 37 975
30 38 625
30 39 789
30 40 572
30 41 725
30 42 1063
30 43 678
30 44 437
30 45 292
30 46 841
30 47 639
30 48 1046
30 49 831
30 50 481
30 51 329
30 52 666
30 53 275
30 54 551
30 55 730
30 56 433
30 57 320
30 58 621
30 59 15
30 60 869
30 61 392
30 62 498
30 63 921
30 64 364
30 65 584
30 66 868
30 67 351
30 68 464
30 69 42
30 70 94
30 71 311
30 72 457
30 73 360
30 74 1027
30 75 483
30 76 896
30 77 689
30 78 355
30 79 501
30 80 493
30 81 383
30 82 263
30 83 526
30 84 591
30 85 244
30 86 676
30 87 1017
30 88 792
30 89 758
30 90 405
30 91 715
30 92 863
30 93 813
30 94 750
30 95 840
30 96 608
30 97 651
30 98 217
30 99 575
30 100 314
31 32 854
31 33 1002
31 34 850
31 35 834
31 36 906
31 37 1141
31 38 688
31 39 654
31 40 364
31 41 995
31 42 908
31 43 921
31 44 133
31 45 168
31 46 1034
31 47 470
31 48 915
31 49 826
31 50 239
31 51 348
31 52 943
31 53 283
31 54 866
31 55 737
31 56 664
31 57 112
31 58 349
31 59 444
31 60 892
31 61 598
31 62 604
31 63 1027
31 64 316
31 65 687
31 66 1084
31 67 370
31 68 150
31 69 473
31 70 354
31 71 721
31 72 561
31 73 424
31 74 891
31 75 358
31 76 1061
31 77 983
31 78 786
31 79 865
31 80 260
31 81 534
31 82 695
31 83 888
31 84 223
31 85 318
31 86 969
31 87 897
31 88 684
31 89 651
31 90 191
31 91 902
31 92 665
31 93 929
31 94 603
31 95 716
31 96 223
31 97 533
31 98 304
31 99 299
31 100 293
32 33 178
32 34 563
32 35 336
32 36 773
32 37 313
32 38 244
32 39 564
32 40 632
32 41 200
32 42 734
32 43 113
32 44 747
32 45 701
32 46 184
32 47 584
32 48 686
32 49 377
32 50 679
32 51 506
32 52 186
32 53 579
32 54 260
32 55 329
32 56 229
32 57 798
32 58 716
32 59 652
32 60 354
32 61 278
32 62 257
32 63 287
32 64 541
32 65 198
32 66 229
32 67 484
32 68 753
32 69 645
32 70 729
32 71 525
32 72 296
32 73 430
32 74 682
32 75 551
32 76 234
32 77 238
32 78 707
32 79 384
32 80 668
32 81 324
32 82 668
32 83 381
32 84 832
32 85 554
32 86 230
32 87 651
32 88 525
32 89 513
32 90 677
32 91 52
32 92 688
32 93 192
32 94 571
32 95 566
32 96 861
32 97 515
32 98 581
32 99 714
32 100 561
33 34 720
33 35 490
33 36 933
33 37 289
33 38 423
33 39 739
33 40 806
33 41 45
33 42 892
33 43 80
33 44 904
33 45 841
33 46 159
33 47 762
33 48 840
33 49 533
33 50 844
33 51 655
33 52 92
33 53 720
33 54 225
33 55 500
33 56 340
33 57 933
33 58 891
33 59 736
33 60 494
33 61 405
33 62 425
33 63 359
33 64 696
33 65 376
33 66 139
33 67 637
33 68 912
33 69 723
33 70 828
33 71 540
33 72 458
33 73 582
33 74 839
33 75 721
33 76 240
33 77 111
33 78 707
33 79 344
33 80 834
33 81 468
33 82 690
33 83 329
33 84 999
33 85 689
33 86 113
33 87 806
33 88 699
33 89 689
33 90 834
33 91 162
33 92 863
33 93 306
33 94 749
33 95 738
33 96 1028
33 97 694
33 98 712
33 99 885
33 100 708
34 35 230
34 36 212
34 37 605
34 38 370
34 39 199
34 40 487
34 41 755
34 42 171
34 43 674
34 44 717
34 45 782
34 46 609
34 47 380
34 48 124
34 49 187
34 50 611
34 51 623
34 52 749
34 53 699
34 54 806
34 55 250
34 56 643
34 57 867
34 58 525
34 59 940
34 60 236
34 61 624
34 62 483
34 63 435
34 64 607
34 65 434
34 66 678
34 67 597
34 68 700
34 69 950
34 70 956
34 71 976
34 72 508
34 73 580
34 74 119
34 75 508
34 76 563
34 77 801
34 78 1153
34 79 914
34 80 590
34 81 586
34 82 1083
34 83 919
34 84 688
34 85 712
34 86 794
34 87 89
34 88 166
34 89 200
34 90 672
34 91 559
34 92 255
34 93 424
34 94 250
34 95 138
34 96 712
34 97 320
34 98 746
34 99 564
34 100 659
35 36 442
35 37 405
35 38 191
35 39 296
35 40 504
35 41 525
35 42 401
35 43 445
35 44 703
35 45 724
35 46 385
35 47 411
35 48 350
35 49 43
35 50 604
35 51 534
35 52 521
35 53 618
35 54 587
35 55 96
35 56 452
35 57 820
35 58 570
35 59 811
35 60 58
35 61 451
35 62 319
35 63 240
35 64 539
35 65 245
35 66 455
35 67 507
35 68 695
35 69 816
35 70 851
35 71 792
35 72 358
35 73 471
35 74 349
35 75 475
35 76 349
35 77 572
35 78 974
35 79 702
35 80 586
35 81 434
35 82 913
35 83 704
35 84 724
35 85 617
35 86 565
35 87 316
35 88 247
35 89 255
35 90 643
35 91 330
35 92 410
35 93 200
35 94 328
35 95 270
35 96 752
35 97 330
35 98 651
35 99 592
35 100 583
36 37 807
36 38 565
36 39 290
36 40 551
36 41 966
36 42 45
36 43 884
36 44 780
36 45 875
36 46 820
36 47 455
36 48 103
36 49 399
36 50 678
36 51 750
36 52 960
36 53 816
36 54 1009
36 55 451
36 56 832
36 57 948
36 58 558
36 59 1080
36 60 446
36 61 804
36 62 664
36 63 638
36 64 723
36 65 630
36 66 888
36 67 728
36 68 758
36 69 1095
36 70 1078
36 71 1156
36 72 681
36 73 724
36 74 95
36 75 608
36 76 771
36 77 1012
36 78 1326
36 79 1113
36 80 658
36 81 755
36 82 1250
36 83 1119
36 84 710
36 85 839
36 86 1004
36 87 132
36 88 294
36 89 325
36 90 752
36 91 771
36 92 241
36 93 636
36 94 330
36 95 244
36 96 727
36 97 428
36 98 870
36 99 607
36 100 775
37 38 462
37 39 701
37 40 866
37 41 334
37 42 762
37 43 322
37 44 1023
37 45 997
37 46 140
37 47 791
37 48 705
37 49 443
37 50 941
37 51 798
37 52 377
37 53 876
37 54 506
37 55 469
37 56 542
37 57 1096
37 58 944
37 59 965
37 60 374
37 61 589
37 62 538
37 63 170
37 64 825
37 65 453
37 66 154
37 67 773
37 68 1023
37 69 957
37 70 1042
37 71 813
37 72 582
37 73 722
37 74 712
37 75 807
37 76 81
37 77 399
37 78 987
37 79 630
37 80 926
37 81 627
37 82 961
37 83 617
37 84 1082
37 85 856
37 86 402
37 87 675
37 88 652
37 89 657
37 90 955
37 91 260
37 92 815
37 93 224
37 94 729
37 95 675
37 96 1112
37 97 711
37 98 886
37 99 954
37 100 853
38 39 324
38 40 407
38 41 443
38 42 531
38 43 355
38 44 565
38 45 560
38 46 381
38 47 344
38 48 493
38 49 214
38 50 479
38 51 361
38 52 420
38 53 445
38 54 447
38 55 120
38 56 273
38 57 658
38 58 488
38 59 620
38 60 243
38 61 262
38 62 128
38 63 339
38 64 377
38 65 65
38 66 445
38 67 334
38 68 563
38 69 624
38 70 664
38 71 610
38 72 168
38 73 292
38 74 483
38 75 345
38 76 385
38 77 473
38 78 789
38 79 548
38 80 464
38 81 243
38 82 725
38 83 554
38 84 620
38 85 438
38 86 463
38 87 458
38 88 290
38 89 273
38 90 499
38 91 269
38 92 447
38 93 242
38 94 327
38 95 336
38 96 650
38 97 272
38 98 471
38 99 494
38 100 414
39 40 290
39 41 764
39 42 275
39 43 676
39 44 522
39 45 598
39 46 664
39 47 183
39 48 267
39 49 261
39 50 415
39 51 460
39 52 744
39 53 529
39 54 767
39 55 243
39 56 568
39 57 678
39 58 326
39 59 790
39 60 337
39 61 530
39 62 395
39 63 536
39 64 435
39 65 385
39 66 734
39 67 437
39 68 504
39 69 804
39 70 791
39 71 876
39 72 404
39 73 434
39 74 245
39 75 324
39 76 641
39 77 797
39 78 1041
39 79 858
39 80 395
39 81 473
39 82 963
39 83 867
39 84 489
39 85 549
39 86 787
39 87 245
39 88 49
39 89 50
39 90 481
39 91 578
39 92 124
39 93 486
39 94 51
39 95 62
39 96 513
39 97 138
39 98 581
39 99 365
39 100 487
40 41 816
40 42 549
40 43 729
40 44 232
40 45 327
40 46 787
40 47 106
40 48 552
40 49 487
40 50 127
40 51 261
40 52 777
40 53 296
40 54 749
40 55 413
40 56 524
40 57 396
40 58 84
40 59 577
40 60 559
40 61 462
40 62 383
40 63 726
40 64 214
40 65 435
40 66 850
40 67 252
40 68 213
40 69 598
40 70 548
40 71 747
40 72 357
40 73 285
40 74 529
40 75 105
40 76 792
40 77 827
40 78 882
40 79 802
40 80 106
40 81 386
40 82 794
40 83 819
40 84 220
40 85 331
40 86 814
40 87 533
40 88 321
40 89 290
40 90 200
40 91 668
40 92 313
40 93 642
40 94 239
40 95 352
40 96 249
40 97 177
40 98 354
40 99 89
40 100 258
41 42 926
41 43 89
41 44 902
41 45 832
41 46 205
41 47 777
41 48 875
41 49 567
41 50 847
41 51 652
41 52 58
41 53 712
41 54 188
41 55 528
41 56 331
41 57 923
41 58 900
41 59 712
41 60 532
41 61 397
41 62 433
41 63 403
41 64 695
41 65 392
41 66 182
41 67 635
41 68 911
41 69 698
41 70 807
41 71 504
41 72 462
41 73 580
41 74 874
41 75 727
41 76 285
41 77 65
41 78 667
41 79 302
41 80 838
41 81 465
41 82 654
41 83 287
41 84 1003
41 85 680
41 86 69
41 87 841
41 88 725
41 89 714
41 90 832
41 91 195
41 92 888
41 93 346
41 94 771
41 95 766
41 96 1032
41 97 711
41 98 701
41 99 892
41 100 704
42 43 845
42 44 780
42 45 869
42 46 776
42 47 448
42 48 58
42 49 358
42 50 675
42 51 735
42 52 920
42 53 804
42 54 974
42 55 415
42 56 801
42 57 944
42 58 562
42 59 1063
42 60 403
42 61 776
42 62 635
42 63 594
42 64 710
42 65 597
42 66 845
42 67 712
42 68 758
42 69 1077
42 70 1066
42 71 1128
42 72 655
42 73 705
42 74 52
42 75 598
42 76 727
42 77 972
42 78 1300
42 79 1079
42 80 655
42 81 729
42 82 1226
42 83 1085
42 84 717
42 85 824
42 86 965
42 87 87
42 88 272
42 89 305
42 90 747
42 91 731
42 92 246
42 93 593
42 94 319
42 95 222
42 96 736
42 97 413
42 98 856
42 99 609
42 100 762
43 44 823
43 45 761
43 46 182
43 47 688
43 48 796
43 49 487
43 50 764
43 51 575
43 52 77
43 53 640
43 54 187
43 55 442
43 56 262
43 57 854
43 58 814
43 59 666
43 60 457
43 61 325
43 62 347
43 63 353
43 64 616
43 65 303
43 66 191
43 67 557
43 68 832
43 69 655
43 70 755
43 71 490
43 72 378
43 73 502
43 74 793
43 75 642
43 76 257
43 77 127
43 78 665
43 79 314
43 80 754
43 81 388
43 82 639
43 83 305
43 84 919
43 85 610
43 86 120
43 87 761
43 88 638
43 89 625
43 90 754
43 91 119
43 92 800
43 93 279
43 94 682
43 95 679
43 96 949
43 97 622
43 98 633
43 99 807
43 100 628
44 45 145
44 46 922
44 47 338
44 48 785
44 49 694
44 50 106
44 51 251
44 52 853
44 53 210
44 54 789
44 55 607
44 56 575
44 57 174
44 58 230
44 59 447
44 60 761
44 61 508
44 62 491
44 63 903
44 64 207
44 65 570
44 66 976
44 67 266
44 68 29
44 69 474
44 70 382
44 71 690
44 72 451
44 73 321
44 74 761
44 75 227
44 76 944
44 77 896
44 78 785
44 79 806
44 80 126
44 81 437
44 82 693
44 83 828
44 84 154
44 85 253
44 86 883
44 87 765
44 88 550
44 89 518
44 90 69
44 91 792
44 92 539
44 93 807
44 94 471
44 95 584
44 96 172
44 97 399
44 98 253
44 99 178
44 100 203
45 46 883
45 47 421
45 48 865
45 49 725
45 50 211
45 51 200
45 52 779
45 53 122
45 54 698
45 55 628
45 56 501
45 57 98
45 58 354
45 59 303
45 60 783
45 61 436
45 62 460
45 63 897
45 64 185
45 65 548
45 66 930
45 67 226
45 68 173
45 69 330
45 70 238
45 71 560
45 72 415
45 73 275
45 74 843
45 75 274
45 76 916
45 77 817
45 78 643
45 79 697
45 80 227
45 81 377
45 82 551
45 83 720
45 84 299
45 85 152
45 86 803
45 87 842
45 88 617
45 89 582
45 90 130
45 91 750
45 92 640
45 93 794
45 94 550
45 95 658
45 96 315
45 97 463
45 98 136
45 99 303
45 100 145
46 47 724
46 48 722
46 49 427
46 50 848
46 51 686
46 52 241
46 53 761
46 54 368
46 55 422
46 56 409
46 57 980
46 58 869
46 59 830
46 60 373
46 61 462
46 62 431
46 63 207
46 64 718
46 65 355
46 66 70
46 67 664
46 68 926
46 69 821
46 70 911
46 71 672
46 72 473
46 73 610
46 74 724
46 75 716
46 76 80
46 77 270
46 78 847
46 79 493
46 80 835
46 81 508
46 82 820
46 83 481
46 84 996
46 85 738
46 86 271
46 87 689
46 88 619
46 89 617
46 90 853
46 91 132
46 92 786
46 93 185
46 94 684
46 95 651
46 96 1026
46 97 648
46 98 765
46 99 873
46 100 742
47 48 448
47 49 390
47 50 232
47 51 312
47 52 744
47 53 367
47 54 734
47 55 326
47 56 514
47 57 496
47 58 159
47 59 643
47 60 464
47 61 460
47 62 353
47 63 642
47 64 275
47 65 385
47 66 790
47 67 295
47 68 320
47 69 661
47 70 628
47 71 777
47 72 340
47 73 311
47 74 425
47 75 156
47 76 720
47 77 796
47 78 927
47 79 803
47 80 211
47 81 388
47 82 842
47 83 817
47 84 318
47 85 395
47 86 784
47 87 428
47 88 215
47 89 184
47 90 299
47 91 613
47 92 224
47 93 566
47 94 133
47 95 245
47 96 345
47 97 80
47 98 424
47 99 188
47 100 326
48 49 308
48 50 679
48 51 721
48 52 872
48 53 793
48 54 930
48 55 374
48 56 765
48 57 944
48 58 574
48 59 1045
48 60 348
48 61 744
48 62 602
48 63 536
48 64 700
48 65 558
48 66 790
48 67 696
48 68 765
48 69 1057
48 70 1054
48 71 1096
48 72 625
48 73 686
48 74 25
48 75 591
48 76 670
48 77 923
48 78 1271
48 79 1038
48 80 658
48 81 701
48 82 1199
48 83 1043
48 84 733
48 85 811
48 86 916
48 87 34
48 88 253
48 89 288
48 90 747
48 91 680
48 92 265
48 93 539
48 94 315
48 95 208
48 96 754
48 97 404
48 98 843
48 99 619
48 100 752
49 50 594
49 51 539
49 52 563
49 53 623
49 54 625
49 55 101
49 56 481
49 57 819
49 58 550
49 59 827
49 60 76
49 61 475
49 62 340
49 63 276
49 64 539
49 65 272
49 66 497
49 67 512
49 68 685
49 69 833
49 70 862
49 71 821
49 72 376
49 73 480
49 74 306
49 75 468
49 76 390
49 77 614
49 78 1002
49 79 738
49 80 574
49 81 453
49 82 939
49 83 741
49 84 707
49 85 625
49 86 607
49 87 274
49 88 212
49 89 224
49 90 637
49 91 372
49 92 372
49 93 242
49 94 297
49 95 231
49 96 734
49 97 311
49 98 659
49 99 575
49 100 586
50 51 218
50 52 802
50 53 216
50 54 753
50 55 510
50 56 531
50 57 270
50 58 143
50 59 489
50 60 662
50 61 464
50 62 422
50 63 813
50 64 166
50 65 492
50 66 906
50 67 223
50 68 91
50 69 513
50 70 444
50 71 698
50 72 386
50 73 273
50 74 656
50 75 134
50 76 863
50 77 848
50 78 814
50 79 786
50 80 20
50 81 388
50 82 723
50 83 806
50 84 156
50 85 258
50 86 835
50 87 660
50 88 444
50 89 412
50 90 80
50 91 721
50 92 438
50 93 721
50 94 365
50 95 477
50 96 185
50 97 294
50 98 272
50 99 93
50 100 189
51 52 602
51 53 84
51 54 541
51 55 440
51 56 324
51 57 299
51 58 330
51 59 331
51 60 592
51 61 256
51 62 260
51 63 697
51 64 52
51 65 347
51 66 736
51 67 27
51 68 263
51 69 348
51 70 333
51 71 488
51 72 215
51 73 76
51 74 701
51 75 161
51 76 717
51 77 645
51 78 621
51 79 568
51 80 218
51 81 187
51 82 534
51 83 588
51 84 371
51 85 89
51 86 632
51 87 693
51 88 467
51 89 433
51 90 182
51 91 554
51 92 534
51 93 593
51 94 421
51 95 514
51 96 398
51 97 322
51 98 123
51 99 296
51 100 55
52 53 660
52 54 133
52 55 514
52 56 279
52 57 869
52 58 862
52 59 654
52 60 535
52 61 346
52 62 394
52 63 427
52 64 646
52 65 364
52 66 231
52 67 587
52 68 864
52 69 639
52 70 749
52 71 448
52 72 420
52 73 533
52 74 869
52 75 685
52 76 320
52 77 53
52 78 615
52 79 253
52 80 794
52 81 416
52 82 598
52 83 240
52 84 958
52 85 626
52 86 44
52 87 837
52 88 707
52 89 693
52 90 784
52 91 196
52 92 868
52 93 356
52 94 747
52 95 750
52 96 987
52 97 682
52 98 646
52 99 851
52 100 653
53 54 586
53 55 523
53 56 381
53 57 219
53 58 349
53 59 281
53 60 676
53 61 315
53 62 340
53 63 780
53 64 93
53 65 429
53 66 808
53 67 112
53 68 230
53 69 302
53 70 261
53 71 486
53 72 294
53 73 156
53 74 773
53 75 211
53 76 795
53 77 700
53 78 598
53 79 596
53 80 223
53 81 254
53 82 507
53 83 618
53 84 352
53 85 44
53 86 686
53 87 767
53 88 540
53 89 505
53 90 153
53 91 628
53 92 592
53 93 675
53 94 486
53 95 585
53 96 375
53 97 390
53 98 58
53 99 306
53 100 41
54 55 558
54 56 225
54 57 782
54 58 833
54 59 537
54 60 611
54 61 289
54 62 383
54 63 536
54 64 590
54 65 383
54 66 364
54 67 530
54 68 804
54 69 520
54 70 638
54 71 315
54 72 395
54 73 480
54 74 923
54 75 649
54 76 444
54 77 139
54 78 482
54 79 127
54 80 748
54 81 366
54 82 465
54 83 121
54 84 909
54 85 548
54 86 128
54 87 895
54 88 737
54 89 717
54 90 723
54 91 292
54 92 887
54 93 451
54 94 762
54 95 784
54 96 937
54 97 683
54 98 562
54 99 814
54 100 586
55 56 393
55 57 723
55 58 484
55 59 726
55 60 155
55 61 381
55 62 242
55 63 316
55 64 442
55 65 184
55 66 491
55 67 412
55 68 600
55 69 732
55 70 760
55 71 730
55 72 276
55 73 379
55 74 366
55 75 379
55 76 403
55 77 567
55 78 909
55 79 664
55 80 491
55 81 353
55 82 844
55 83 669
55 84 633
55 85 524
55 86 558
55 87 340
55 88 199
55 89 194
55 90 546
55 91 337
55 92 366
55 93 247
55 94 263
55 95 237
55 96 662
55 97 245
55 98 558
55 99 502
55 100 487
56 57 593
56 58 607
56 59 423
56 60 493
56 61 67
56 62 172
56 63 498
56 64 370
56 65 210
56 66 443
56 67 310
56 68 587
56 69 416
56 70 501
56 71 339
56 72 173
56 73 258
56 74 754
56 75 424
56 76 463
56 77 321
56 78 522
56 79 291
56 80 524
56 81 142
56 82 466
56 83 304
56 84 687
56 85 349
56 86 307
56 87 731
56 88 545
56 89 520
56 90 507
56 91 282
56 92 682
56 93 392
56 94 555
56 95 594
56 96 716
56 97 469
56 98 371
56 99 589
56 100 374
57 58 404
57 59 334
57 60 879
57 61 529
57 62 559
57 63 995
57 64 282
57 65 646
57 66 1026
57 67 325
57 68 202
57 69 362
57 70 242
57 71 615
57 72 513
57 73 374
57 74 922
57 75 359
57 76 1014
57 77 905
57 78 674
57 79 770
57 80 290
57 81 473
57 82 583
57 83 794
57 84 310
57 85 244
57 86 891
57 87 923
57 88 701
57 89 667
57 90 197
57 91 847
57 92 708
57 93 892
57 94 629
57 95 739
57 96 318
57 97 546
57 98 222
57 99 352
57 100 244
58 59 628
58 60 624
58 61 545
58 62 467
58 63 799
58 64 279
58 65 519
58 66 932
58 67 325
58 68 204
58 69 651
58 70 587
58 71 818
58 72 442
58 73 364
58 74 549
58 75 184
58 76 871
58 77 912
58 78 946
58 79 882
58 80 129
58 81 468
58 82 856
58 83 900
58 84 162
58 85 389
58 86 899
58 87 559
58 88 366
58 89 339
58 90 224
58 91 751
58 92 317
58 93 719
58 94 275
58 95 387
58 96 187
58 97 240
58 98 408
58 99 52
58 100 316
59 60 864
59 61 384
59 62 493
59 63 913
59 64 367
59 65 577
59 66 857
59 67 353
59 68 475
59 69 28
59 70 110
59 71 296
59 72 452
59 73 359
59 74 1027
59 75 487
59 76 886
59 77 675
59 78 342
59 79 486
59 80 500
59 81 377
59 82 250
59 83 511
59 84 601
59 85 247
59 86 663
59 87 1016
59 88 792
59 89 759
59 90 414
59 91 704
59 92 865
59 93 805
59 94 752
59 95 841
59 96 619
59 97 653
59 98 222
59 99 582
59 100 319
60 61 497
60 62 371
60 63 204
60 64 597
60 65 291
60 66 442
60 67 564
60 68 753
60 69 867
60 70 906
60 71 832
60 72 412
60 73 528
60 74 351
60 75 533
60 76 327
60 77 584
60 78 1015
60 79 730
60 80 643
60 81 486
60 82 958
60 83 730
60 84 780
60 85 674
60 86 578
60 87 315
60 88 288
60 89 300
60 90 701
60 91 339
60 92 445
60 93 190
60 94 374
60 95 303
60 96 807
60 97 384
60 98 708
60 99 648
60 100 641
61 62 141
61 63 528
61 64 303
61 65 206
61 66 501
61 67 243
61 68 519
61 69 382
61 70 453
61 71 352
61 72 126
61 73 191
61 74 731
61 75 360
61 76 509
61 77 388
61 78 529
61 79 343
61 80 458
61 81 76
61 82 463
61 83 358
61 84 620
61 85 284
61 86 375
61 87 711
61 88 512
61 89 485
61 90 439
61 91 330
61 92 640
61 93 420
61 94 512
61 95 563
61 96 649
61 97 422
61 98 308
61 99 525
61 100 307
62 63 441
62 64 288
62 65 90
62 66 485
62 67 235
62 68 496
62 69 496
62 70 541
62 71 494
62 72 46
62 73 184
62 74 589
62 75 295
62 76 457
62 77 445
62 78 670
62 79 463
62 80 410
62 81 115
62 82 602
62 83 474
62 84 574
62 85 325
62 86 433
62 87 569
62 88 373
62 89 348
62 90 422
62 91 301
62 92 510
62 93 335
62 94 383
62 95 424
62 96 604
62 97 300
62 98 357
62 99 460
62 100 315
63 64 715
63 65 351
63 66 266
63 67 670
63 68 900
63 69 910
63 70 976
63 71 812
63 72 487
63 73 624
63 74 543
63 75 679
63 76 138
63 77 466
63 78 995
63 79 663
63 80 796
63 81 547
63 82 953
63 83 656
63 84 945
63 85 767
63 86 464
63 87 506
63 88 487
63 89 495
63 90 837
63 91 245
63 92 648
63 93 108
63 94 568
63 95 507
63 96 974
63 97 561
63 98 799
63 99 815
63 100 751
64 65 371
64 66 771
64 67 60
64 68 217
64 69 387
64 70 355
64 71 539
64 72 245
64 73 114
64 74 679
64 75 119
64 76 744
64 77 691
64 78 669
64 79 620
64 80 165
64 81 230
64 82 580
64 83 639
64 84 320
64 85 119
64 86 677
64 87 674
64 88 447
64 89 412
64 90 137
64 91 587
64 92 499
64 93 615
64 94 392
64 95 491
64 96 347
64 97 296
64 98 148
64 99 243
64 100 52
65 66 415
65 67 322
65 68 571
65 69 579
65 70 630
65 71 549
65 72 136
65 73 273
65 74 548
65 75 360
65 76 373
65 77 417
65 78 729
65 79 483
65 80 479
65 81 201
65 82 668
65 83 489
65 84 640
65 85 415
65 86 406
65 87 523
65 88 353
65 89 334
65 90 501
65 91 232
65 92 507
65 93 246
65 94 384
65 95 400
65 96 670
65 97 319
65 98 447
65 99 519
65 100 402
66 67 714
66 68 981
66 69 846
66 70 943
66 71 677
66 72 525
66 73 660
66 74 793
66 75 775
66 76 128
66 77 247
66 78 846
66 79 484
66 80 893
66 81 553
66 82 827
66 83 469
66 84 1056
66 85 782
66 86 251
66 87 757
66 88 689
66 89 686
66 90 907
66 91 184
66 92 856
66 93 254
66 94 753
66 95 721
66 96 1085
66 97 715
66 98 808
66 99 934
66 100 791
67 68 277
67 69 368
67 70 359
67 71 495
67 72 191
67 73 54
67 74 677
67 75 149
67 76 692
67 77 631
67 78 634
67 79 563
67 80 220
67 81 170
67 82 547
67 83 583
67 84 379
67 85 115
67 86 617
67 87 669
67 88 442
67 89 408
67 90 197
67 91 532
67 92 514
67 93 567
67 94 399
67 95 490
67 96 406
67 97 300
67 98 149
67 99 295
67 100 80
68 69 501
68 70 411
68 71 714
68 72 456
68 73 331
68 74 741
68 75 221
68 76 945
68 77 908
68 78 812
68 79 824
68 80 111
68 81 447
68 82 719
68 83 845
68 84 126
68 85 274
68 86 894
68 87 746
68 88 534
68 89 502
68 90 81
68 91 797
68 92 517
68 93 805
68 94 452
68 95 566
68 96 146
68 97 385
68 98 277
68 99 152
68 100 219
69 70 136
69 71 270
69 72 457
69 73 371
69 74 1040
69 75 506
69 76 879
69 77 659
69 78 314
69 79 464
69 80 523
69 81 381
69 82 222
69 83 490
69 84 628
69 85 267
69 86 647
69 87 1028
69 88 805
69 89 772
69 90 439
69 91 697
69 92 882
69 93 802
69 94 767
69 95 854
69 96 645
69 97 668
69 98 244
69 99 606
69 100 339
70 71 406
70 72 497
70 73 382
70 74 1034
70 75 472
70 76 962
70 77 774
70 78 436
70 79 594
70 80 458
70 81 429
70 82 347
70 83 619
70 84 534
70 85 243
70 86 761
70 87 1027
70 88 800
70 89 765
70 90 364
70 91 782
70 92 852
70 93 868
70 94 748
70 95 846
70 96 548
70 97 652
70 98 210
70 99 537
70 100 303
71 72 474
71 73 467
71 74 1084
71 75 643
71 76 743
71 77 450
71 78 184
71 79 218
71 80 702
71 81 403
71 82 150
71 83 242
71 84 838
71 85 442
71 86 441
71 87 1063
71 88 862
71 89 833
71 90 639
71 91 571
71 92 979
71 93 713
71 94 853
71 95 913
71 96 860
71 97 756
71 98 437
71 99 783
71 100 509
72 73 139
72 74 611
72 75 264
72 76 501
72 77 469
72 78 646
72 79 464
72 80 376
72 81 78
72 82 574
72 83 477
72 84 540
72 85 279
72 86 457
72 87 592
72 88 387
72 89 359
72 90 381
72 91 342
72 92 514
72 93 382
72 94 386
72 95 438
72 96 570
72 97 297
72 98 311
72 99 430
72 100 270
73 74 668
73 75 180
73 76 641
73 77 577
73 78 616
73 79 519
73 80 268
73 81 116
73 82 533
73 83 537
73 84 429
73 85 146
73 86 564
73 87 656
73 88 433
73 89 400
73 90 251
73 91 478
73 92 522
73 93 519
73 94 401
73 95 482
73 96 458
73 97 301
73 98 180
73 99 338
73 100 131
74 75 570
74 76 675
74 77 920
74 78 1257
74 79 1030
74 80 635
74 81 687
74 82 1184
74 83 1035
74 84 708
74 85 791
74 86 913
74 87 37
74 88 234
74 89 269
74 90 725
74 91 679
74 92 240
74 93 541
74 94 293
74 95 187
74 96 729
74 97 383
74 98 823
74 99 595
74 100 731
75 76 729
75 77 733
75 78 782
75 79 698
75 80 118
75 81 284
75 82 695
75 83 715
75 84 280
75 85 239
75 86 720
75 87 568
75 88 343
75 89 308
75 90 169
75 91 591
75 92 381
75 93 587
75 94 278
75 95 383
75 96 309
75 97 188
75 98 267
75 99 166
75 100 170
76 77 351
76 78 921
76 79 570
76 80 848
76 81 546
76 82 890
76 83 560
76 84 1006
76 85 775
76 86 351
76 87 639
76 88 593
76 89 595
76 90 875
76 91 181
76 92 759
76 93 155
76 94 666
76 95 620
76 96 1036
76 97 641
76 98 804
76 99 879
76 100 772
77 78 609
77 79 242
77 80 841
77 81 461
77 82 600
77 83 225
77 84 1005
77 85 665
77 86 13
77 87 889
77 88 761
77 89 747
77 90 828
77 91 245
77 92 921
77 93 402
77 94 801
77 95 803
77 96 1034
77 97 735
77 98 683
77 99 900
77 100 695
78 79 366
78 80 821
78 81 571
78 82 92
78 83 385
78 84 939
78 85 557
78 86 601
78 87 1238
78 88 1031
78 89 1001
78 90 745
78 91 752
78 92 1138
78 93 896
78 94 1014
78 95 1082
78 96 958
78 97 915
78 98 542
78 99 904
78 100 629
79 80 784
79 81 417
79 82 364
79 83 25
79 84 939
79 85 554
79 86 235
79 87 1004
79 88 832
79 89 809
79 90 744
79 91 419
79 92 974
79 93 576
79 94 846
79 95 881
79 96 965
79 97 761
79 98 562
79 99 857
79 100 606
80 81 382
80 82 731
80 83 803
80 84 164
80 85 264
80 86 828
80 87 639
80 88 424
80 89 391
80 90 97
80 91 709
80 92 418
80 93 705
80 94 344
80 95 457
80 96 194
80 97 273
80 98 281
80 99 83
80 100 193
81 82 497
81 83 433
81 84 545
81 85 230
81 86 447
81 87 669
81 88 460
81 89 431
81 90 367
81 91 375
81 92 578
81 93 440
81 94 450
81 95 511
81 96 573
81 97 356
81 98 258
81 99 448
81 100 240
82 83 386
82 84 846
82 85 467
82 86 590
82 87 1167
82 88 955
82 89 924
82 90 653
82 91 715
82 92 1056
82 93 851
82 94 933
82 95 1005
82 96 865
82 97 834
82 98 450
82 99 814
82 100 539
83 84 959
83 85 576
83 86 218
83 87 1008
83 88 840
83 89 818
83 90 765
83 91 413
83 92 985
83 93 572
83 94 857
83 95 889
83 96 985
83 97 773
83 98 584
83 99 876
83 100 627
84 85 396
84 86 992
84 87 720
84 88 528
84 89 500
84 90 199
84 91 872
84 92 471
84 93 859
84 94 438
84 95 550
84 96 29
84 97 396
84 98 402
84 99 131
84 100 334
85 86 651
85 87 783
85 88 557
85 89 522
85 90 197
85 91 605
85 92 619
85 93 661
85 94 508
85 95 603
85 96 419
85 97 411
85 98 34
85 99 347
85 100 73
86 87 881
86 88 751
86 89 737
86 90 814
86 91 239
86 92 911
86 93 397
86 94 790
86 95 794
86 96 1020
86 97 723
86 98 670
86 99 887
86 100 682
87 88 227
87 89 261
87 90 726
87 91 646
87 92 258
87 93 506
87 94 295
87 95 184
87 96 742
87 97 379
87 98 816
87 99 603
87 100 726
88 89 34
88 90 505
88 91 537
88 92 167
88 93 439
88 94 92
88 95 50
88 96 553
88 97 154
88 98 589
88 99 401
88 100 499
89 90 472
89 91 528
89 92 174
89 93 440
89 94 73
89 95 82
89 96 526
89 97 120
89 98 555
89 99 372
89 100 464
90 91 723
90 92 513
90 93 740
90 94 432
90 95 542
90 96 223
90 97 351
90 98 204
90 99 173
90 100 138
91 92 702
91 93 161
91 94 590
91 95 575
91 96 901
91 97 541
91 98 632
91 99 751
91 100 609
92 93 605
92 94 128
92 95 141
92 96 490
92 97 222
92 98 648
92 99 365
92 100 551
93 94 510
93 95 468
93 96 889
93 97 487
93 98 693
93 99 731
93 100 648
94 95 113
94 96 463
94 97 99
94 98 539
94 99 313
94 100 444
95 96 573
95 97 195
95 98 636
95 99 427
95 100 544
96 97 423
96 98 423
96 99 159
96 100 359
97 98 442
97 99 264
97 100 349
98 99 364
98 100 97
99 100 276
