1600 3120
1 2 2
1 41 5
2 3 4
2 42 3
3 4 4
3 43 1
4 5 1
4 44 5
5 6 2
5 45 5
6 7 4
6 46 2
7 8 2
7 47 5
8 9 3
8 48 4
9 10 2
9 49 3
10 11 3
10 50 4
11 12 4
11 51 2
12 13 5
12 52 4
13 14 2
13 53 1
14 15 4
14 54 4
15 16 4
15 55 2
16 17 5
16 56 5
17 18 3
17 57 4
18 19 3
18 58 5
19 20 2
19 59 5
20 21 5
20 60 3
21 22 2
21 61 3
22 23 2
22 62 4
23 24 1
23 63 3
24 25 2
24 64 1
25 26 1
25 65 4
26 27 4
26 66 2
27 28 2
27 67 5
28 29 1
28 68 1
29 30 2
29 69 3
30 31 5
30 70 3
31 32 2
31 71 1
32 33 4
32 72 2
33 34 5
33 73 3
34 35 1
34 74 1
35 36 2
35 75 3
36 37 3
36 76 4
37 38 2
37 77 3
38 39 4
38 78 1
39 40 5
39 79 2
40 80 2
41 42 5
41 81 4
42 43 2
42 82 2
43 44 4
43 83 1
44 45 2
44 84 5
45 46 3
45 85 4
46 47 3
46 86 1
47 48 5
47 87 5
48 49 1
48 88 5
49 50 2
49 89 1
50 51 1
50 90 5
51 52 3
51 91 1
52 53 4
52 92 1
53 54 2
53 93 2
54 55 3
54 94 4
55 56 5
55 95 4
56 57 3
56 96 1
57 58 2
57 97 5
58 59 4
58 98 4
59 60 2
59 99 1
60 61 3
60 100 5
61 62 2
61 101 4
62 63 3
62 102 1
63 64 1
63 103 2
64 65 5
64 104 4
65 66 5
65 105 2
66 67 5
66 106 2
67 68 2
67 107 5
68 69 1
68 108 4
69 70 2
69 109 5
70 71 5
70 110 4
71 72 5
71 111 2
72 73 1
72 112 5
73 74 3
73 113 4
74 75 1
74 114 2
75 76 2
75 115 3
76 77 3
76 116 2
77 78 3
77 117 2
78 79 3
78 118 1
79 80 3
79 119 5
80 120 3
81 82 5
81 121 4
82 83 1
82 122 5
83 84 2
83 123 4
84 85 2
84 124 4
85 86 2
85 125 1
86 87 2
86 126 1
87 88 3
87 127 5
88 89 4
88 128 4
89 90 2
89 129 4
90 91 4
90 130 5
91 92 4
91 131 1
92 93 2
92 132 5
93 94 2
93 133 3
94 95 1
94 134 3
95 96 3
95 135 5
96 97 2
96 136 5
97 98 4
97 137 1
98 99 4
98 138 4
99 100 3
99 139 5
100 101 5
100 140 1
101 102 1
101 141 3
102 103 1
102 142 3
103 104 3
103 143 5
104 105 3
104 144 4
105 106 3
105 145 1
106 107 4
106 146 2
107 108 5
107 147 5
108 109 2
108 148 5
109 110 2
109 149 3
110 111 4
110 150 2
111 112 4
111 151 4
112 113 4
112 152 4
113 114 1
113 153 1
114 115 2
114 154 5
115 116 4
115 155 1
116 117 2
116 156 5
117 118 5
117 157 5
118 119 1
118 158 2
119 120 1
119 159 1
120 160 1
121 122 3
121 161 2
122 123 4
122 162 1
123 124 3
123 163 1
124 125 5
124 164 5
125 126 4
125 165 1
126 127 2
126 166 3
127 128 2
127 167 5
128 129 1
128 168 3
129 130 3
129 169 5
130 131 3
130 170 5
131 132 2
131 171 5
132 133 3
132 172 2
133 134 4
133 173 1
134 135 1
134 174 5
135 136 2
135 175 4
136 137 3
136 176 3
137 138 5
137 177 3
138 139 1
138 178 1
139 140 2
139 179 3
140 141 3
140 180 5
141 142 2
141 181 1
142 143 2
142 182 5
143 144 3
143 183 4
144 145 3
144 184 5
145 146 3
145 185 2
146 147 2
146 186 2
147 148 5
147 187 3
148 149 3
148 188 3
149 150 5
149 189 3
150 151 3
150 190 1
151 152 1
151 191 5
152 153 1
152 192 4
153 154 1
153 193 4
154 155 5
154 194 4
155 156 1
155 195 3
156 157 3
156 196 1
157 158 3
157 197 3
158 159 1
158 198 1
159 160 2
159 199 4
160 200 1
161 162 2
161 201 1
162 163 3
162 202 1
163 164 1
163 203 5
164 165 2
164 204 2
165 166 3
165 205 5
166 167 5
166 206 3
167 168 1
167 207 3
168 169 2
168 208 2
169 170 2
169 209 5
170 171 2
170 210 1
171 172 2
171 211 2
172 173 5
172 212 4
173 174 4
173 213 1
174 175 4
174 214 3
175 176 4
175 215 1
176 177 5
176 216 2
177 178 5
177 217 2
178 179 2
178 218 1
179 180 3
179 219 3
180 181 1
180 220 1
181 182 2
181 221 1
182 183 2
182 222 2
183 184 3
183 223 4
184 185 5
184 224 4
185 186 2
185 225 1
186 187 5
186 226 4
187 188 3
187 227 1
188 189 1
188 228 1
189 190 1
189 229 5
190 191 1
190 230 2
191 192 1
191 231 1
192 193 1
192 232 4
193 194 3
193 233 5
194 195 3
194 234 1
195 196 4
195 235 3
196 197 3
196 236 5
197 198 2
197 237 1
198 199 4
198 238 2
199 200 3
199 239 5
200 240 1
201 202 5
201 241 4
202 203 1
202 242 4
203 204 3
203 243 2
204 205 2
204 244 2
205 206 4
205 245 3
206 207 5
206 246 5
207 208 3
207 247 3
208 209 5
208 248 2
209 210 4
209 249 5
210 211 2
210 250 3
211 212 4
211 251 4
212 213 5
212 252 1
213 214 5
213 253 5
214 215 5
214 254 3
215 216 1
215 255 2
216 217 4
216 256 4
217 218 4
217 257 1
218 219 2
218 258 4
219 220 5
219 259 2
220 221 5
220 260 5
221 222 4
221 261 2
222 223 5
222 262 4
223 224 3
223 263 4
224 225 3
224 264 2
225 226 3
225 265 4
226 227 5
226 266 3
227 228 1
227 267 5
228 229 2
228 268 4
229 230 2
229 269 4
230 231 5
230 270 2
231 232 2
231 271 1
232 233 5
232 272 1
233 234 3
233 273 2
234 235 1
234 274 1
235 236 5
235 275 3
236 237 4
236 276 4
237 238 4
237 277 1
238 239 4
238 278 1
239 240 3
239 279 1
240 280 5
241 242 4
241 281 4
242 243 2
242 282 2
243 244 1
243 283 1
244 245 5
244 284 1
245 246 3
245 285 5
246 247 5
246 286 4
247 248 4
247 287 3
248 249 1
248 288 4
249 250 4
249 289 4
250 251 4
250 290 3
251 252 2
251 291 3
252 253 1
252 292 4
253 254 5
253 293 5
254 255 5
254 294 1
255 256 5
255 295 5
256 257 2
256 296 5
257 258 4
257 297 5
258 259 1
258 298 3
259 260 3
259 299 2
260 261 4
260 300 3
261 262 3
261 301 1
262 263 3
262 302 4
263 264 5
263 303 2
264 265 4
264 304 2
265 266 1
265 305 4
266 267 2
266 306 1
267 268 4
267 307 4
268 269 5
268 308 1
269 270 5
269 309 4
270 271 4
270 310 5
271 272 5
271 311 4
272 273 3
272 312 4
273 274 4
273 313 5
274 275 5
274 314 5
275 276 5
275 315 1
276 277 2
276 316 1
277 278 2
277 317 4
278 279 4
278 318 2
279 280 2
279 319 2
280 320 4
281 282 3
281 321 1
282 283 2
282 322 5
283 284 4
283 323 3
284 285 2
284 324 4
285 286 1
285 325 2
286 287 1
286 326 1
287 288 5
287 327 1
288 289 1
288 328 4
289 290 3
289 329 5
290 291 5
290 330 3
291 292 3
291 331 1
292 293 5
292 332 3
293 294 1
293 333 5
294 295 1
294 334 2
295 296 5
295 335 4
296 297 5
296 336 1
297 298 3
297 337 3
298 299 1
298 338 2
299 300 4
299 339 2
300 301 5
300 340 5
301 302 3
301 341 1
302 303 3
302 342 3
303 304 3
303 343 1
304 305 1
304 344 3
305 306 1
305 345 1
306 307 4
306 346 2
307 308 5
307 347 3
308 309 2
308 348 2
309 310 2
309 349 5
310 311 1
310 350 2
311 312 5
311 351 1
312 313 2
312 352 2
313 314 4
313 353 5
314 315 4
314 354 1
315 316 5
315 355 4
316 317 5
316 356 1
317 318 3
317 357 5
318 319 5
318 358 3
319 320 2
319 359 1
320 360 4
321 322 2
321 361 5
322 323 4
322 362 1
323 324 3
323 363 5
324 325 2
324 364 3
325 326 2
325 365 2
326 327 3
326 366 4
327 328 2
327 367 4
328 329 1
328 368 1
329 330 4
329 369 3
330 331 5
330 370 5
331 332 1
331 371 2
332 333 1
332 372 5
333 334 5
333 373 1
334 335 3
334 374 4
335 336 4
335 375 2
336 337 2
336 376 4
337 338 1
337 377 1
338 339 2
338 378 2
339 340 5
339 379 2
340 341 5
340 380 1
341 342 1
341 381 3
342 343 4
342 382 1
343 344 4
343 383 4
344 345 5
344 384 2
345 346 1
345 385 5
346 347 3
346 386 2
347 348 4
347 387 1
348 349 2
348 388 1
349 350 4
349 389 4
350 351 4
350 390 3
351 352 3
351 391 1
352 353 1
352 392 3
353 354 2
353 393 1
354 355 5
354 394 5
355 356 5
355 395 4
356 357 4
356 396 2
357 358 3
357 397 3
358 359 1
358 398 1
359 360 2
359 399 5
360 400 5
361 362 4
361 401 3
362 363 3
362 402 1
363 364 3
363 403 3
364 365 5
364 404 3
365 366 4
365 405 3
366 367 3
366 406 2
367 368 3
367 407 4
368 369 2
368 408 5
369 370 3
369 409 1
370 371 4
370 410 3
371 372 4
371 411 4
372 373 3
372 412 3
373 374 5
373 413 2
374 375 4
374 414 4
375 376 2
375 415 3
376 377 4
376 416 5
377 378 5
377 417 2
378 379 3
378 418 3
379 380 5
379 419 2
380 381 4
380 420 5
381 382 3
381 421 3
382 383 2
382 422 2
383 384 2
383 423 2
384 385 1
384 424 3
385 386 4
385 425 3
386 387 5
386 426 5
387 388 2
387 427 3
388 389 1
388 428 5
389 390 3
389 429 4
390 391 4
390 430 1
391 392 5
391 431 2
392 393 3
392 432 3
393 394 4
393 433 3
394 395 5
394 434 2
395 396 2
395 435 4
396 397 4
396 436 5
397 398 1
397 437 5
398 399 1
398 438 5
399 400 3
399 439 2
400 440 2
401 402 5
401 441 2
402 403 1
402 442 1
403 404 2
403 443 1
404 405 5
404 444 1
405 406 1
405 445 2
406 407 4
406 446 3
407 408 4
407 447 2
408 409 1
408 448 2
409 410 5
409 449 4
410 411 4
410 450 5
411 412 5
411 451 1
412 413 5
412 452 5
413 414 3
413 453 5
414 415 4
414 454 2
415 416 5
415 455 3
416 417 3
416 456 5
417 418 5
417 457 3
418 419 5
418 458 2
419 420 4
419 459 3
420 421 4
420 460 2
421 422 2
421 461 1
422 423 5
422 462 3
423 424 3
423 463 5
424 425 3
424 464 3
425 426 1
425 465 5
426 427 4
426 466 4
427 428 5
427 467 4
428 429 3
428 468 1
429 430 1
429 469 2
430 431 4
430 470 5
431 432 3
431 471 1
432 433 2
432 472 5
433 434 5
433 473 1
434 435 4
434 474 1
435 436 5
435 475 3
436 437 4
436 476 1
437 438 1
437 477 2
438 439 3
438 478 3
439 440 3
439 479 5
440 480 4
441 442 1
441 481 1
442 443 4
442 482 1
443 444 1
443 483 5
444 445 2
444 484 3
445 446 4
445 485 1
446 447 1
446 486 3
447 448 5
447 487 3
448 449 3
448 488 3
449 450 3
449 489 1
450 451 1
450 490 2
451 452 3
451 491 3
452 453 2
452 492 5
453 454 5
453 493 4
454 455 5
454 494 4
455 456 1
455 495 4
456 457 4
456 496 1
457 458 3
457 497 5
458 459 5
458 498 3
459 460 5
459 499 1
460 461 3
460 500 4
461 462 4
461 501 2
462 463 2
462 502 1
463 464 5
463 503 5
464 465 2
464 504 1
465 466 3
465 505 5
466 467 3
466 506 1
467 468 5
467 507 4
468 469 2
468 508 4
469 470 4
469 509 4
470 471 5
470 510 3
471 472 1
471 511 1
472 473 5
472 512 5
473 474 4
473 513 1
474 475 3
474 514 2
475 476 5
475 515 5
476 477 2
476 516 5
477 478 2
477 517 3
478 479 2
478 518 3
479 480 4
479 519 5
480 520 3
481 482 5
481 521 4
482 483 1
482 522 1
483 484 3
483 523 2
484 485 1
484 524 3
485 486 2
485 525 1
486 487 5
486 526 5
487 488 2
487 527 2
488 489 5
488 528 5
489 490 3
489 529 2
490 491 1
490 530 2
491 492 3
491 531 2
492 493 5
492 532 1
493 494 4
493 533 3
494 495 1
494 534 5
495 496 4
495 535 5
496 497 3
496 536 1
497 498 1
497 537 3
498 499 2
498 538 4
499 500 4
499 539 3
500 501 1
500 540 2
501 502 5
501 541 4
502 503 5
502 542 1
503 504 5
503 543 3
504 505 2
504 544 3
505 506 4
505 545 1
506 507 4
506 546 4
507 508 5
507 547 4
508 509 5
508 548 1
509 510 3
509 549 2
510 511 4
510 550 3
511 512 2
511 551 2
512 513 1
512 552 3
513 514 3
513 553 2
514 515 2
514 554 4
515 516 1
515 555 5
516 517 5
516 556 2
517 518 1
517 557 5
518 519 2
518 558 2
519 520 3
519 559 1
520 560 1
521 522 2
521 561 1
522 523 3
522 562 3
523 524 2
523 563 3
524 525 1
524 564 5
525 526 1
525 565 1
526 527 5
526 566 5
527 528 1
527 567 5
528 529 4
528 568 1
529 530 4
529 569 5
530 531 4
530 570 5
531 532 2
531 571 4
532 533 5
532 572 5
533 534 3
533 573 3
534 535 5
534 574 3
535 536 1
535 575 4
536 537 2
536 576 5
537 538 1
537 577 3
538 539 1
538 578 4
539 540 1
539 579 2
540 541 1
540 580 5
541 542 4
541 581 3
542 543 5
542 582 2
543 544 5
543 583 1
544 545 5
544 584 5
545 546 3
545 585 5
546 547 2
546 586 2
547 548 1
547 587 3
548 549 3
548 588 5
549 550 4
549 589 3
550 551 3
550 590 4
551 552 2
551 591 1
552 553 3
552 592 4
553 554 2
553 593 5
554 555 1
554 594 3
555 556 4
555 595 3
556 557 1
556 596 1
557 558 2
557 597 5
558 559 4
558 598 4
559 560 1
559 599 1
560 600 2
561 562 3
561 601 2
562 563 5
562 602 3
563 564 5
563 603 2
564 565 1
564 604 2
565 566 1
565 605 3
566 567 1
566 606 4
567 568 4
567 607 2
568 569 3
568 608 4
569 570 4
569 609 3
570 571 3
570 610 1
571 572 3
571 611 3
572 573 5
572 612 1
573 574 4
573 613 2
574 575 3
574 614 3
575 576 1
575 615 1
576 577 2
576 616 4
577 578 3
577 617 3
578 579 3
578 618 3
579 580 2
579 619 1
580 581 5
580 620 3
581 582 5
581 621 3
582 583 5
582 622 5
583 584 1
583 623 2
584 585 3
584 624 3
585 586 2
585 625 3
586 587 4
586 626 3
587 588 5
587 627 3
588 589 1
588 628 5
589 590 2
589 629 1
590 591 3
590 630 1
591 592 1
591 631 3
592 593 3
592 632 2
593 594 3
593 633 1
594 595 2
594 634 5
595 596 1
595 635 5
596 597 2
596 636 5
597 598 3
597 637 5
598 599 1
598 638 2
599 600 4
599 639 2
600 640 3
601 602 5
601 641 3
602 603 4
602 642 3
603 604 1
603 643 2
604 605 5
604 644 1
605 606 3
605 645 2
606 607 1
606 646 5
607 608 2
607 647 2
608 609 4
608 648 2
609 610 3
609 649 5
610 611 2
610 650 3
611 612 3
611 651 5
612 613 4
612 652 2
613 614 1
613 653 2
614 615 3
614 654 4
615 616 2
615 655 1
616 617 5
616 656 3
617 618 2
617 657 5
618 619 2
618 658 1
619 620 2
619 659 2
620 621 5
620 660 5
621 622 5
621 661 4
622 623 4
622 662 5
623 624 3
623 663 2
624 625 3
624 664 2
625 626 1
625 665 2
626 627 4
626 666 2
627 628 5
627 667 2
628 629 4
628 668 2
629 630 2
629 669 2
630 631 2
630 670 4
631 632 1
631 671 5
632 633 3
632 672 2
633 634 2
633 673 2
634 635 3
634 674 3
635 636 2
635 675 4
636 637 2
636 676 1
637 638 5
637 677 1
638 639 2
638 678 2
639 640 1
639 679 2
640 680 1
641 642 5
641 681 1
642 643 1
642 682 2
643 644 3
643 683 4
644 645 3
644 684 3
645 646 2
645 685 3
646 647 4
646 686 5
647 648 3
647 687 4
648 649 3
648 688 5
649 650 2
649 689 3
650 651 5
650 690 3
651 652 1
651 691 2
652 653 2
652 692 2
653 654 3
653 693 1
654 655 5
654 694 1
655 656 5
655 695 2
656 657 5
656 696 1
657 658 5
657 697 1
658 659 4
658 698 5
659 660 3
659 699 4
660 661 4
660 700 5
661 662 1
661 701 5
662 663 2
662 702 2
663 664 5
663 703 2
664 665 4
664 704 1
665 666 3
665 705 1
666 667 3
666 706 2
667 668 3
667 707 5
668 669 2
668 708 1
669 670 2
669 709 3
670 671 5
670 710 5
671 672 1
671 711 4
672 673 3
672 712 3
673 674 3
673 713 5
674 675 2
674 714 1
675 676 1
675 715 4
676 677 4
676 716 1
677 678 2
677 717 5
678 679 2
678 718 1
679 680 2
679 719 1
680 720 4
681 682 4
681 721 3
682 683 5
682 722 3
683 684 2
683 723 1
684 685 2
684 724 3
685 686 3
685 725 3
686 687 4
686 726 1
687 688 3
687 727 5
688 689 4
688 728 3
689 690 1
689 729 5
690 691 4
690 730 3
691 692 4
691 731 1
692 693 2
692 732 5
693 694 2
693 733 5
694 695 2
694 734 1
695 696 3
695 735 5
696 697 5
696 736 4
697 698 2
697 737 3
698 699 1
698 738 1
699 700 5
699 739 1
700 701 3
700 740 2
701 702 5
701 741 4
702 703 1
702 742 3
703 704 4
703 743 1
704 705 2
704 744 2
705 706 5
705 745 1
706 707 3
706 746 3
707 708 4
707 747 3
708 709 5
708 748 2
709 710 4
709 749 2
710 711 1
710 750 3
711 712 4
711 751 2
712 713 2
712 752 1
713 714 1
713 753 1
714 715 4
714 754 1
715 716 5
715 755 4
716 717 4
716 756 4
717 718 5
717 757 5
718 719 5
718 758 4
719 720 4
719 759 1
720 760 2
721 722 4
721 761 1
722 723 1
722 762 2
723 724 5
723 763 5
724 725 3
724 764 1
725 726 2
725 765 5
726 727 5
726 766 2
727 728 5
727 767 5
728 729 2
728 768 1
729 730 3
729 769 5
730 731 5
730 770 3
731 732 1
731 771 5
732 733 3
732 772 5
733 734 4
733 773 5
734 735 1
734 774 2
735 736 5
735 775 2
736 737 4
736 776 4
737 738 2
737 777 5
738 739 1
738 778 2
739 740 3
739 779 1
740 741 3
740 780 5
741 742 5
741 781 5
742 743 2
742 782 3
743 744 1
743 783 2
744 745 3
744 784 5
745 746 4
745 785 1
746 747 4
746 786 5
747 748 4
747 787 3
748 749 3
748 788 4
749 750 2
749 789 4
750 751 3
750 790 5
751 752 4
751 791 4
752 753 5
752 792 1
753 754 4
753 793 2
754 755 3
754 794 3
755 756 1
755 795 4
756 757 1
756 796 3
757 758 5
757 797 5
758 759 4
758 798 3
759 760 1
759 799 4
760 800 2
761 762 1
761 801 2
762 763 4
762 802 4
763 764 2
763 803 5
764 765 3
764 804 4
765 766 4
765 805 4
766 767 2
766 806 4
767 768 4
767 807 4
768 769 4
768 808 2
769 770 3
769 809 1
770 771 3
770 810 2
771 772 1
771 811 1
772 773 5
772 812 2
773 774 1
773 813 2
774 775 5
774 814 4
775 776 1
775 815 1
776 777 4
776 816 5
777 778 2
777 817 2
778 779 1
778 818 2
779 780 1
779 819 4
780 781 5
780 820 4
781 782 5
781 821 2
782 783 5
782 822 5
783 784 3
783 823 2
784 785 2
784 824 3
785 786 5
785 825 1
786 787 3
786 826 3
787 788 2
787 827 4
788 789 2
788 828 1
789 790 4
789 829 4
790 791 5
790 830 3
791 792 1
791 831 3
792 793 1
792 832 1
793 794 1
793 833 3
794 795 4
794 834 4
795 796 5
795 835 5
796 797 3
796 836 2
797 798 4
797 837 3
798 799 1
798 838 4
799 800 3
799 839 2
800 840 4
801 802 2
801 841 4
802 803 5
802 842 1
803 804 1
803 843 5
804 805 3
804 844 1
805 806 3
805 845 1
806 807 3
806 846 5
807 808 4
807 847 1
808 809 5
808 848 5
809 810 1
809 849 2
810 811 2
810 850 2
811 812 3
811 851 1
812 813 1
812 852 2
813 814 2
813 853 5
814 815 3
814 854 3
815 816 3
815 855 2
816 817 2
816 856 4
817 818 2
817 857 1
818 819 3
818 858 2
819 820 1
819 859 3
820 821 5
820 860 3
821 822 4
821 861 3
822 823 4
822 862 4
823 824 2
823 863 5
824 825 4
824 864 4
825 826 1
825 865 5
826 827 5
826 866 1
827 828 5
827 867 3
828 829 5
828 868 1
829 830 4
829 869 5
830 831 5
830 870 5
831 832 2
831 871 4
832 833 5
832 872 4
833 834 5
833 873 5
834 835 3
834 874 2
835 836 5
835 875 5
836 837 3
836 876 5
837 838 2
837 877 3
838 839 2
838 878 1
839 840 2
839 879 1
840 880 3
841 842 5
841 881 2
842 843 1
842 882 2
843 844 5
843 883 2
844 845 1
844 884 4
845 846 2
845 885 1
846 847 5
846 886 1
847 848 2
847 887 4
848 849 3
848 888 2
849 850 3
849 889 5
850 851 3
850 890 1
851 852 1
851 891 4
852 853 2
852 892 2
853 854 3
853 893 1
854 855 4
854 894 1
855 856 3
855 895 4
856 857 1
856 896 5
857 858 2
857 897 4
858 859 4
858 898 5
859 860 3
859 899 4
860 861 3
860 900 5
861 862 3
861 901 1
862 863 1
862 902 1
863 864 3
863 903 4
864 865 3
864 904 3
865 866 4
865 905 4
866 867 4
866 906 4
867 868 3
867 907 4
868 869 3
868 908 5
869 870 1
869 909 3
870 871 3
870 910 1
871 872 4
871 911 3
872 873 2
872 912 3
873 874 3
873 913 5
874 875 5
874 914 1
875 876 2
875 915 4
876 877 2
876 916 5
877 878 2
877 917 3
878 879 1
878 918 2
879 880 1
879 919 3
880 920 3
881 882 3
881 921 5
882 883 4
882 922 3
883 884 2
883 923 1
884 885 5
884 924 4
885 886 3
885 925 5
886 887 2
886 926 1
887 888 5
887 927 1
888 889 3
888 928 2
889 890 4
889 929 1
890 891 1
890 930 2
891 892 4
891 931 5
892 893 5
892 932 1
893 894 3
893 933 1
894 895 5
894 934 3
895 896 5
895 935 1
896 897 2
896 936 1
897 898 4
897 937 2
898 899 3
898 938 5
899 900 5
899 939 1
900 901 5
900 940 5
901 902 5
901 941 5
902 903 3
902 942 3
903 904 5
903 943 5
904 905 2
904 944 5
905 906 5
905 945 3
906 907 3
906 946 1
907 908 2
907 947 1
908 909 1
908 948 5
909 910 4
909 949 1
910 911 2
910 950 2
911 912 4
911 951 3
912 913 5
912 952 4
913 914 4
913 953 4
914 915 3
914 954 4
915 916 1
915 955 2
916 917 3
916 956 2
917 918 2
917 957 2
918 919 2
918 958 4
919 920 1
919 959 4
920 960 3
921 922 4
921 961 3
922 923 5
922 962 1
923 924 3
923 963 2
924 925 4
924 964 3
925 926 1
925 965 5
926 927 4
926 966 2
927 928 5
927 967 2
928 929 3
928 968 2
929 930 4
929 969 1
930 931 4
930 970 3
931 932 3
931 971 4
932 933 4
932 972 4
933 934 2
933 973 5
934 935 3
934 974 3
935 936 3
935 975 5
936 937 2
936 976 1
937 938 4
937 977 5
938 939 4
938 978 5
939 940 3
939 979 3
940 941 5
940 980 3
941 942 5
941 981 1
942 943 4
942 982 5
943 944 5
943 983 3
944 945 1
944 984 3
945 946 3
945 985 3
946 947 4
946 986 4
947 948 4
947 987 4
948 949 1
948 988 2
949 950 3
949 989 4
950 951 5
950 990 1
951 952 3
951 991 1
952 953 4
952 992 2
953 954 2
953 993 1
954 955 1
954 994 4
955 956 1
955 995 4
956 957 3
956 996 2
957 958 1
957 997 2
958 959 2
958 998 4
959 960 1
959 999 1
960 1000 2
961 962 3
961 1001 4
962 963 1
962 1002 4
963 964 5
963 1003 4
964 965 5
964 1004 5
965 966 1
965 1005 5
966 967 2
966 1006 5
967 968 4
967 1007 5
968 969 4
968 1008 1
969 970 2
969 1009 5
970 971 1
970 1010 5
971 972 1
971 1011 2
972 973 1
972 1012 5
973 974 4
973 1013 3
974 975 2
974 1014 3
975 976 1
975 1015 2
976 977 1
976 1016 3
977 978 2
977 1017 4
978 979 5
978 1018 5
979 980 4
979 1019 4
980 981 4
980 1020 2
981 982 5
981 1021 1
982 983 3
982 1022 3
983 984 5
983 1023 3
984 985 3
984 1024 1
985 986 1
985 1025 5
986 987 3
986 1026 5
987 988 4
987 1027 5
988 989 3
988 1028 1
989 990 4
989 1029 3
990 991 3
990 1030 3
991 992 5
991 1031 3
992 993 3
992 1032 4
993 994 1
993 1033 1
994 995 3
994 1034 3
995 996 3
995 1035 3
996 997 4
996 1036 2
997 998 1
997 1037 4
998 999 3
998 1038 5
999 1000 4
999 1039 4
1000 1040 3
1001 1002 5
1001 1041 5
1002 1003 2
1002 1042 3
1003 1004 2
1003 1043 2
1004 1005 2
1004 1044 2
1005 1006 1
1005 1045 2
1006 1007 5
1006 1046 5
1007 1008 5
1007 1047 3
1008 1009 2
1008 1048 1
1009 1010 2
1009 1049 4
1010 1011 1
1010 1050 2
1011 1012 5
1011 1051 3
1012 1013 5
1012 1052 3
1013 1014 1
1013 1053 4
1014 1015 1
1014 1054 5
1015 1016 1
1015 1055 3
1016 1017 2
1016 1056 3
1017 1018 3
1017 1057 1
1018 1019 3
1018 1058 5
1019 1020 1
1019 1059 5
1020 1021 3
1020 1060 2
1021 1022 1
1021 1061 5
1022 1023 5
1022 1062 5
1023 1024 1
1023 1063 1
1024 1025 5
1024 1064 3
1025 1026 4
1025 1065 3
1026 1027 5
1026 1066 2
1027 1028 1
1027 1067 3
1028 1029 5
1028 1068 4
1029 1030 1
1029 1069 4
1030 1031 1
1030 1070 3
1031 1032 4
1031 1071 2
1032 1033 1
1032 1072 4
1033 1034 5
1033 1073 4
1034 1035 5
1034 1074 3
1035 1036 2
1035 1075 1
1036 1037 3
1036 1076 4
1037 1038 2
1037 1077 1
1038 1039 3
1038 1078 2
1039 1040 1
1039 1079 5
1040 1080 1
1041 1042 3
1041 1081 2
1042 1043 4
1042 1082 2
1043 1044 5
1043 1083 3
1044 1045 5
1044 1084 4
1045 1046 2
1045 1085 4
1046 1047 4
1046 1086 1
1047 1048 3
1047 1087 4
1048 1049 3
1048 1088 4
1049 1050 5
1049 1089 5
1050 1051 1
1050 1090 4
1051 1052 1
1051 1091 4
1052 1053 3
1052 1092 5
1053 1054 3
1053 1093 4
1054 1055 5
1054 1094 3
1055 1056 4
1055 1095 4
1056 1057 5
1056 1096 5
1057 1058 1
1057 1097 1
1058 1059 1
1058 1098 5
1059 1060 3
1059 1099 3
1060 1061 5
1060 1100 2
1061 1062 3
1061 1101 4
1062 1063 1
1062 1102 3
1063 1064 2
1063 1103 4
1064 1065 4
1064 1104 2
1065 1066 2
1065 1105 1
1066 1067 5
1066 1106 3
1067 1068 2
1067 1107 1
1068 1069 3
1068 1108 3
1069 1070 5
1069 1109 4
1070 1071 2
1070 1110 5
1071 1072 4
1071 1111 5
1072 1073 4
1072 1112 3
1073 1074 2
1073 1113 3
1074 1075 3
1074 1114 4
1075 1076 1
1075 1115 1
1076 1077 1
1076 1116 2
1077 1078 3
1077 1117 1
1078 1079 1
1078 1118 2
1079 1080 5
1079 1119 1
1080 1120 3
1081 1082 4
1081 1121 4
1082 1083 3
1082 1122 5
1083 1084 4
1083 1123 3
1084 1085 4
1084 1124 3
1085 1086 1
1085 1125 5
1086 1087 4
1086 1126 3
1087 1088 3
1087 1127 1
1088 1089 5
1088 1128 1
1089 1090 2
1089 1129 5
1090 1091 1
1090 1130 5
1091 1092 2
1091 1131 4
1092 1093 3
1092 1132 5
1093 1094 1
1093 1133 2
1094 1095 3
1094 1134 3
1095 1096 5
1095 1135 2
1096 1097 3
1096 1136 1
1097 1098 1
1097 1137 4
1098 1099 5
1098 1138 3
1099 1100 5
1099 1139 2
1100 1101 4
1100 1140 1
1101 1102 1
1101 1141 3
1102 1103 1
1102 1142 4
1103 1104 2
1103 1143 1
1104 1105 2
1104 1144 3
1105 1106 1
1105 1145 1
1106 1107 3
1106 1146 1
1107 1108 1
1107 1147 5
1108 1109 4
1108 1148 1
1109 1110 2
1109 1149 5
1110 1111 4
1110 1150 3
1111 1112 3
1111 1151 1
1112 1113 4
1112 1152 4
1113 1114 5
1113 1153 2
1114 1115 2
1114 1154 1
1115 1116 3
1115 1155 4
1116 1117 2
1116 1156 1
1117 1118 4
1117 1157 4
1118 1119 3
1118 1158 1
1119 1120 1
1119 1159 4
1120 1160 4
1121 1122 1
1121 1161 4
1122 1123 5
1122 1162 2
1123 1124 1
1123 1163 2
1124 1125 5
1124 1164 5
1125 1126 5
1125 1165 3
1126 1127 3
1126 1166 3
1127 1128 2
1127 1167 3
1128 1129 5
1128 1168 2
1129 1130 1
1129 1169 2
1130 1131 2
1130 1170 3
1131 1132 1
1131 1171 1
1132 1133 1
1132 1172 2
1133 1134 2
1133 1173 5
1134 1135 2
1134 1174 3
1135 1136 1
1135 1175 1
1136 1137 2
1136 1176 1
1137 1138 1
1137 1177 5
1138 1139 4
1138 1178 1
1139 1140 3
1139 1179 3
1140 1141 4
1140 1180 4
1141 1142 4
1141 1181 4
1142 1143 5
1142 1182 2
1143 1144 3
1143 1183 5
1144 1145 2
1144 1184 5
1145 1146 5
1145 1185 2
1146 1147 2
1146 1186 4
1147 1148 3
1147 1187 4
1148 1149 3
1148 1188 5
1149 1150 4
1149 1189 2
1150 1151 2
1150 1190 2
1151 1152 5
1151 1191 2
1152 1153 3
1152 1192 1
1153 1154 5
1153 1193 3
1154 1155 4
1154 1194 5
1155 1156 2
1155 1195 2
1156 1157 2
1156 1196 2
1157 1158 5
1157 1197 4
1158 1159 3
1158 1198 2
1159 1160 2
1159 1199 1
1160 1200 2
1161 1162 5
1161 1201 4
1162 1163 4
1162 1202 5
1163 1164 3
1163 1203 3
1164 1165 3
1164 1204 3
1165 1166 4
1165 1205 2
1166 1167 3
1166 1206 2
1167 1168 4
1167 1207 4
1168 1169 1
1168 1208 2
1169 1170 3
1169 1209 3
1170 1171 4
1170 1210 1
1171 1172 4
1171 1211 2
1172 1173 4
1172 1212 1
1173 1174 3
1173 1213 2
1174 1175 3
1174 1214 1
1175 1176 1
1175 1215 5
1176 1177 3
1176 1216 2
1177 1178 4
1177 1217 5
1178 1179 4
1178 1218 1
1179 1180 4
1179 1219 3
1180 1181 3
1180 1220 4
1181 1182 5
1181 1221 3
1182 1183 5
1182 1222 4
1183 1184 1
1183 1223 4
1184 1185 3
1184 1224 1
1185 1186 3
1185 1225 3
1186 1187 3
1186 1226 3
1187 1188 5
1187 1227 1
1188 1189 3
1188 1228 3
1189 1190 2
1189 1229 5
1190 1191 3
1190 1230 2
1191 1192 3
1191 1231 5
1192 1193 2
1192 1232 3
1193 1194 3
1193 1233 4
1194 1195 4
1194 1234 5
1195 1196 2
1195 1235 1
1196 1197 2
1196 1236 2
1197 1198 1
1197 1237 5
1198 1199 5
1198 1238 5
1199 1200 5
1199 1239 3
1200 1240 3
1201 1202 2
1201 1241 5
1202 1203 5
1202 1242 1
1203 1204 3
1203 1243 4
1204 1205 1
1204 1244 1
1205 1206 5
1205 1245 5
1206 1207 5
1206 1246 2
1207 1208 1
1207 1247 3
1208 1209 2
1208 1248 4
1209 1210 1
1209 1249 2
1210 1211 3
1210 1250 2
1211 1212 3
1211 1251 2
1212 1213 5
1212 1252 3
1213 1214 4
1213 1253 1
1214 1215 1
1214 1254 1
1215 1216 3
1215 1255 4
1216 1217 4
1216 1256 4
1217 1218 4
1217 1257 2
1218 1219 5
1218 1258 3
1219 1220 2
1219 1259 2
1220 1221 2
1220 1260 3
1221 1222 5
1221 1261 4
1222 1223 1
1222 1262 5
1223 1224 1
1223 1263 3
1224 1225 2
1224 1264 1
1225 1226 4
1225 1265 3
1226 1227 5
1226 1266 2
1227 1228 1
1227 1267 5
1228 1229 5
1228 1268 4
1229 1230 5
1229 1269 3
1230 1231 5
1230 1270 4
1231 1232 4
1231 1271 5
1232 1233 1
1232 1272 5
1233 1234 3
1233 1273 4
1234 1235 5
1234 1274 4
1235 1236 4
1235 1275 4
1236 1237 4
1236 1276 4
1237 1238 2
1237 1277 2
1238 1239 1
1238 1278 5
1239 1240 3
1239 1279 2
1240 1280 5
1241 1242 2
1241 1281 5
1242 1243 4
1242 1282 5
1243 1244 3
1243 1283 4
1244 1245 5
1244 1284 3
1245 1246 3
1245 1285 3
1246 1247 1
1246 1286 4
1247 1248 2
1247 1287 5
1248 1249 1
1248 1288 1
1249 1250 4
1249 1289 3
1250 1251 2
1250 1290 1
1251 1252 2
1251 1291 4
1252 1253 2
1252 1292 4
1253 1254 3
1253 1293 4
1254 1255 5
1254 1294 3
1255 1256 4
1255 1295 4
1256 1257 2
1256 1296 4
1257 1258 1
1257 1297 4
1258 1259 1
1258 1298 1
1259 1260 2
1259 1299 2
1260 1261 5
1260 1300 3
1261 1262 2
1261 1301 3
1262 1263 2
1262 1302 2
1263 1264 3
1263 1303 5
1264 1265 4
1264 1304 3
1265 1266 3
1265 1305 4
1266 1267 2
1266 1306 1
1267 1268 4
1267 1307 4
1268 1269 3
1268 1308 3
1269 1270 1
1269 1309 1
1270 1271 1
1270 1310 1
1271 1272 1
1271 1311 1
1272 1273 1
1272 1312 2
1273 1274 4
1273 1313 5
1274 1275 3
1274 1314 3
1275 1276 1
1275 1315 4
1276 1277 2
1276 1316 1
1277 1278 4
1277 1317 5
1278 1279 2
1278 1318 4
1279 1280 5
1279 1319 5
1280 1320 5
1281 1282 2
1281 1321 2
1282 1283 3
1282 1322 1
1283 1284 1
1283 1323 4
1284 1285 3
1284 1324 4
1285 1286 1
1285 1325 1
1286 1287 4
1286 1326 5
1287 1288 1
1287 1327 2
1288 1289 1
1288 1328 5
1289 1290 1
1289 1329 1
1290 1291 4
1290 1330 3
1291 1292 4
1291 1331 3
1292 1293 5
1292 1332 3
1293 1294 4
1293 1333 2
1294 1295 3
1294 1334 4
1295 1296 5
1295 1335 5
1296 1297 3
1296 1336 4
1297 1298 1
1297 1337 2
1298 1299 2
1298 1338 2
1299 1300 4
1299 1339 5
1300 1301 5
1300 1340 3
1301 1302 5
1301 1341 3
1302 1303 2
1302 1342 5
1303 1304 1
1303 1343 1
1304 1305 1
1304 1344 2
1305 1306 2
1305 1345 3
1306 1307 2
1306 1346 4
1307 1308 4
1307 1347 2
1308 1309 2
1308 1348 1
1309 1310 4
1309 1349 4
1310 1311 3
1310 1350 4
1311 1312 4
1311 1351 4
1312 1313 2
1312 1352 5
1313 1314 4
1313 1353 1
1314 1315 3
1314 1354 1
1315 1316 5
1315 1355 4
1316 1317 5
1316 1356 3
1317 1318 4
1317 1357 2
1318 1319 4
1318 1358 2
1319 1320 2
1319 1359 4
1320 1360 4
1321 1322 4
1321 1361 5
1322 1323 1
1322 1362 4
1323 1324 5
1323 1363 5
1324 1325 2
1324 1364 4
1325 1326 1
1325 1365 1
1326 1327 2
1326 1366 4
1327 1328 4
1327 1367 5
1328 1329 5
1328 1368 4
1329 1330 3
1329 1369 1
1330 1331 1
1330 1370 1
1331 1332 5
1331 1371 3
1332 1333 3
1332 1372 5
1333 1334 1
1333 1373 5
1334 1335 2
1334 1374 1
1335 1336 5
1335 1375 3
1336 1337 4
1336 1376 4
1337 1338 2
1337 1377 3
1338 1339 2
1338 1378 1
1339 1340 5
1339 1379 3
1340 1341 2
1340 1380 5
1341 1342 3
1341 1381 4
1342 1343 3
1342 1382 3
1343 1344 2
1343 1383 4
1344 1345 1
1344 1384 4
1345 1346 4
1345 1385 3
1346 1347 3
1346 1386 5
1347 1348 5
1347 1387 1
1348 1349 3
1348 1388 3
1349 1350 5
1349 1389 2
1350 1351 5
1350 1390 2
1351 1352 3
1351 1391 2
1352 1353 3
1352 1392 5
1353 1354 3
1353 1393 3
1354 1355 3
1354 1394 5
1355 1356 3
1355 1395 5
1356 1357 3
1356 1396 1
1357 1358 1
1357 1397 2
1358 1359 4
1358 1398 1
1359 1360 5
1359 1399 2
1360 1400 3
1361 1362 1
1361 1401 4
1362 1363 4
1362 1402 4
1363 1364 4
1363 1403 2
1364 1365 3
1364 1404 5
1365 1366 3
1365 1405 5
1366 1367 5
1366 1406 4
1367 1368 2
1367 1407 5
1368 1369 2
1368 1408 4
1369 1370 2
1369 1409 5
1370 1371 3
1370 1410 3
1371 1372 4
1371 1411 5
1372 1373 4
1372 1412 1
1373 1374 2
1373 1413 4
1374 1375 3
1374 1414 5
1375 1376 4
1375 1415 3
1376 1377 3
1376 1416 3
1377 1378 5
1377 1417 4
1378 1379 3
1378 1418 1
1379 1380 3
1379 1419 4
1380 1381 5
1380 1420 2
1381 1382 3
1381 1421 4
1382 1383 4
1382 1422 3
1383 1384 2
1383 1423 3
1384 1385 5
1384 1424 4
1385 1386 4
1385 1425 1
1386 1387 5
1386 1426 1
1387 1388 1
1387 1427 5
1388 1389 2
1388 1428 4
1389 1390 2
1389 1429 4
1390 1391 5
1390 1430 1
1391 1392 4
1391 1431 2
1392 1393 2
1392 1432 1
1393 1394 2
1393 1433 3
1394 1395 3
1394 1434 4
1395 1396 4
1395 1435 5
1396 1397 4
1396 1436 1
1397 1398 4
1397 1437 4
1398 1399 4
1398 1438 1
1399 1400 3
1399 1439 3
1400 1440 2
1401 1402 3
1401 1441 1
1402 1403 2
1402 1442 2
1403 1404 2
1403 1443 5
1404 1405 3
1404 1444 1
1405 1406 5
1405 1445 1
1406 1407 1
1406 1446 4
1407 1408 5
1407 1447 5
1408 1409 3
1408 1448 2
1409 1410 1
1409 1449 2
1410 1411 5
1410 1450 5
1411 1412 3
1411 1451 4
1412 1413 5
1412 1452 1
1413 1414 4
1413 1453 3
1414 1415 5
1414 1454 1
1415 1416 5
1415 1455 3
1416 1417 4
1416 1456 1
1417 1418 3
1417 1457 4
1418 1419 5
1418 1458 3
1419 1420 2
1419 1459 1
1420 1421 3
1420 1460 1
1421 1422 4
1421 1461 2
1422 1423 3
1422 1462 4
1423 1424 4
1423 1463 1
1424 1425 1
1424 1464 5
1425 1426 2
1425 1465 3
1426 1427 5
1426 1466 1
1427 1428 2
1427 1467 1
1428 1429 1
1428 1468 3
1429 1430 4
1429 1469 4
1430 1431 2
1430 1470 4
1431 1432 5
1431 1471 4
1432 1433 2
1432 1472 4
1433 1434 2
1433 1473 1
1434 1435 3
1434 1474 2
1435 1436 2
1435 1475 2
1436 1437 5
1436 1476 3
1437 1438 3
1437 1477 3
1438 1439 5
1438 1478 3
1439 1440 4
1439 1479 1
1440 1480 5
1441 1442 5
1441 1481 2
1442 1443 5
1442 1482 4
1443 1444 5
1443 1483 4
1444 1445 1
1444 1484 5
1445 1446 4
1445 1485 2
1446 1447 2
1446 1486 2
1447 1448 5
1447 1487 5
1448 1449 3
1448 1488 4
1449 1450 4
1449 1489 4
1450 1451 4
1450 1490 1
1451 1452 2
1451 1491 2
1452 1453 2
1452 1492 4
1453 1454 2
1453 1493 1
1454 1455 2
1454 1494 5
1455 1456 4
1455 1495 4
1456 1457 1
1456 1496 5
1457 1458 3
1457 1497 1
1458 1459 5
1458 1498 2
1459 1460 2
1459 1499 4
1460 1461 3
1460 1500 4
1461 1462 3
1461 1501 1
1462 1463 4
1462 1502 4
1463 1464 2
1463 1503 5
1464 1465 1
1464 1504 3
1465 1466 3
1465 1505 2
1466 1467 2
1466 1506 4
1467 1468 3
1467 1507 2
1468 1469 1
1468 1508 1
1469 1470 1
1469 1509 2
1470 1471 1
1470 1510 4
1471 1472 5
1471 1511 1
1472 1473 1
1472 1512 3
1473 1474 5
1473 1513 4
1474 1475 3
1474 1514 4
1475 1476 5
1475 1515 2
1476 1477 3
1476 1516 4
1477 1478 2
1477 1517 2
1478 1479 5
1478 1518 5
1479 1480 5
1479 1519 4
1480 1520 1
1481 1482 2
1481 1521 2
1482 1483 2
1482 1522 3
1483 1484 3
1483 1523 1
1484 1485 3
1484 1524 3
1485 1486 2
1485 1525 1
1486 1487 3
1486 1526 2
1487 1488 4
1487 1527 4
1488 1489 2
1488 1528 2
1489 1490 4
1489 1529 1
1490 1491 1
1490 1530 4
1491 1492 2
1491 1531 1
1492 1493 3
1492 1532 2
1493 1494 4
1493 1533 1
1494 1495 4
1494 1534 2
1495 1496 4
1495 1535 4
1496 1497 3
1496 1536 5
1497 1498 3
1497 1537 1
1498 1499 1
1498 1538 4
1499 1500 5
1499 1539 3
1500 1501 5
1500 1540 3
1501 1502 3
1501 1541 4
1502 1503 4
1502 1542 1
1503 1504 1
1503 1543 3
1504 1505 1
1504 1544 5
1505 1506 1
1505 1545 5
1506 1507 3
1506 1546 3
1507 1508 4
1507 1547 4
1508 1509 2
1508 1548 2
1509 1510 3
1509 1549 3
1510 1511 3
1510 1550 1
1511 1512 4
1511 1551 2
1512 1513 4
1512 1552 1
1513 1514 1
1513 1553 2
1514 1515 1
1514 1554 2
1515 1516 5
1515 1555 4
1516 1517 4
1516 1556 5
1517 1518 5
1517 1557 1
1518 1519 5
1518 1558 1
1519 1520 5
1519 1559 5
1520 1560 4
1521 1522 3
1521 1561 2
1522 1523 5
1522 1562 1
1523 1524 1
1523 1563 4
1524 1525 4
1524 1564 5
1525 1526 4
1525 1565 4
1526 1527 5
1526 1566 5
1527 1528 1
1527 1567 3
1528 1529 3
1528 1568 4
1529 1530 5
1529 1569 4
1530 1531 3
1530 1570 5
1531 1532 1
1531 1571 5
1532 1533 5
1532 1572 3
1533 1534 5
1533 1573 3
1534 1535 3
1534 1574 4
1535 1536 3
1535 1575 5
1536 1537 4
1536 1576 1
1537 1538 2
1537 1577 5
1538 1539 2
1538 1578 5
1539 1540 2
1539 1579 4
1540 1541 5
1540 1580 3
1541 1542 3
1541 1581 2
1542 1543 2
1542 1582 1
1543 1544 5
1543 1583 3
1544 1545 5
1544 1584 4
1545 1546 3
1545 1585 1
1546 1547 2
1546 1586 5
1547 1548 5
1547 1587 5
1548 1549 5
1548 1588 4
1549 1550 4
1549 1589 4
1550 1551 5
1550 1590 1
1551 1552 5
1551 1591 1
1552 1553 2
1552 1592 2
1553 1554 4
1553 1593 4
1554 1555 2
1554 1594 2
1555 1556 2
1555 1595 4
1556 1557 5
1556 1596 3
1557 1558 4
1557 1597 3
1558 1559 5
1558 1598 5
1559 1560 3
1559 1599 4
1560 1600 5
1561 1562 5
1562 1563 1
1563 1564 5
1564 1565 2
1565 1566 2
1566 1567 1
1567 1568 1
1568 1569 4
1569 1570 2
1570 1571 3
1571 1572 5
1572 1573 2
1573 1574 4
1574 1575 2
1575 1576 1
1576 1577 4
1577 1578 4
1578 1579 5
1579 1580 4
1580 1581 3
1581 1582 1
1582 1583 1
1583 1584 3
1584 1585 4
1585 1586 2
1586 1587 2
1587 1588 3
1588 1589 5
1589 1590 1
1590 1591 4
1591 1592 1
1592 1593 4
1593 1594 4
1594 1595 4
1595 1596 1
1596 1597 1
1597 1598 3
1598 1599 1
1599 1600 5
