784 1512
1 2 3
1 29 3
2 3 5
2 30 4
3 4 2
3 31 1
4 5 3
4 32 2
5 6 3
5 33 1
6 7 5
6 34 1
7 8 5
7 35 5
8 9 5
8 36 4
9 10 2
9 37 4
10 11 3
10 38 4
11 12 2
11 39 4
12 13 2
12 40 3
13 14 2
13 41 2
14 15 4
14 42 3
15 16 3
15 43 1
16 17 2
16 44 3
17 18 5
17 45 4
18 19 1
18 46 4
19 20 3
19 47 5
20 21 2
20 48 3
21 22 2
21 49 1
22 23 2
22 50 3
23 24 4
23 51 1
24 25 2
24 52 1
25 26 3
25 53 3
26 27 5
26 54 2
27 28 3
27 55 5
28 56 3
29 30 5
29 57 5
30 31 4
30 58 3
31 32 4
31 59 1
32 33 5
32 60 5
33 34 2
33 61 2
34 35 5
34 62 2
35 36 4
35 63 3
36 37 5
36 64 3
37 38 3
37 65 4
38 39 5
38 66 3
39 40 3
39 67 2
40 41 3
40 68 3
41 42 1
41 69 5
42 43 2
42 70 1
43 44 3
43 71 2
44 45 5
44 72 1
45 46 1
45 73 5
46 47 2
46 74 3
47 48 4
47 75 1
48 49 2
48 76 1
49 50 3
49 77 3
50 51 5
50 78 2
51 52 4
51 79 4
52 53 5
52 80 3
53 54 2
53 81 4
54 55 2
54 82 5
55 56 1
55 83 1
56 84 1
57 58 1
57 85 4
58 59 4
58 86 2
59 60 1
59 87 2
60 61 2
60 88 4
61 62 5
61 89 4
62 63 3
62 90 2
63 64 3
63 91 3
64 65 2
64 92 3
65 66 2
65 93 5
66 67 5
66 94 2
67 68 4
67 95 5
68 69 2
68 96 3
69 70 3
69 97 5
70 71 5
70 98 4
71 72 2
71 99 2
72 73 3
72 100 1
73 74 4
73 101 4
74 75 4
74 102 2
75 76 5
75 103 3
76 77 2
76 104 3
77 78 3
77 105 2
78 79 3
78 106 2
79 80 4
79 107 3
80 81 4
80 108 3
81 82 5
81 109 3
82 83 1
82 110 1
83 84 3
83 111 3
84 112 2
85 86 3
85 113 1
86 87 5
86 114 3
87 88 5
87 115 4
88 89 5
88 116 1
89 90 2
89 117 5
90 91 3
90 118 2
91 92 3
91 119 4
92 93 2
92 120 2
93 94 2
93 121 3
94 95 2
94 122 3
95 96 5
95 123 3
96 97 2
96 124 5
97 98 4
97 125 4
98 99 4
98 126 5
99 100 1
99 127 1
100 101 5
100 128 2
101 102 2
101 129 4
102 103 4
102 130 5
103 104 4
103 131 1
104 105 5
104 132 3
105 106 3
105 133 1
106 107 1
106 134 1
107 108 5
107 135 4
108 109 1
108 136 4
109 110 4
109 137 4
110 111 4
110 138 1
111 112 1
111 139 3
112 140 3
113 114 4
113 141 4
114 115 1
114 142 3
115 116 5
115 143 1
116 117 4
116 144 3
117 118 1
117 145 2
118 119 1
118 146 5
119 120 1
119 147 1
120 121 1
120 148 4
121 122 1
121 149 5
122 123 4
122 150 3
123 124 2
123 151 5
124 125 4
124 152 3
125 126 2
125 153 1
126 127 1
126 154 1
127 128 5
127 155 1
128 129 4
128 156 3
129 130 2
129 157 1
130 131 1
130 158 2
131 132 2
131 159 4
132 133 2
132 160 3
133 134 2
133 161 2
134 135 5
134 162 5
135 136 2
135 163 1
136 137 3
136 164 5
137 138 3
137 165 2
138 139 3
138 166 5
139 140 4
139 167 4
140 168 2
141 142 3
141 169 4
142 143 2
142 170 4
143 144 1
143 171 2
144 145 2
144 172 5
145 146 1
145 173 5
146 147 3
146 174 1
147 148 2
147 175 3
148 149 5
148 176 2
149 150 1
149 177 3
150 151 5
150 178 1
151 152 5
151 179 4
152 153 2
152 180 1
153 154 4
153 181 4
154 155 2
154 182 4
155 156 5
155 183 1
156 157 4
156 184 5
157 158 5
157 185 4
158 159 5
158 186 4
159 160 1
159 187 2
160 161 3
160 188 4
161 162 5
161 189 1
162 163 5
162 190 1
163 164 4
163 191 4
164 165 4
164 192 1
165 166 4
165 193 5
166 167 5
166 194 3
167 168 1
167 195 3
168 196 1
169 170 2
169 197 4
170 171 1
170 198 1
171 172 5
171 199 3
172 173 1
172 200 4
173 174 4
173 201 1
174 175 1
174 202 5
175 176 2
175 203 1
176 177 5
176 204 4
177 178 2
177 205 5
178 179 1
178 206 2
179 180 4
179 207 1
180 181 4
180 208 3
181 182 4
181 209 3
182 183 4
182 210 1
183 184 2
183 211 5
184 185 5
184 212 3
185 186 3
185 213 5
186 187 1
186 214 3
187 188 3
187 215 5
188 189 1
188 216 5
189 190 5
189 217 2
190 191 3
190 218 2
191 192 2
191 219 3
192 193 4
192 220 4
193 194 5
193 221 3
194 195 4
194 222 4
195 196 1
195 223 1
196 224 3
197 198 1
197 225 4
198 199 5
198 226 1
199 200 2
199 227 5
200 201 3
200 228 1
201 202 2
201 229 1
202 203 4
202 230 2
203 204 4
203 231 1
204 205 4
204 232 2
205 206 5
205 233 5
206 207 4
206 234 2
207 208 5
207 235 4
208 209 4
208 236 5
209 210 3
209 237 1
210 211 1
210 238 2
211 212 5
211 239 2
212 213 5
212 240 3
213 214 5
213 241 1
214 215 1
214 242 1
215 216 1
215 243 1
216 217 5
216 244 1
217 218 5
217 245 2
218 219 1
218 246 3
219 220 3
219 247 4
220 221 1
220 248 1
221 222 2
221 249 1
222 223 5
222 250 3
223 224 5
223 251 1
224 252 1
225 226 4
225 253 1
226 227 1
226 254 2
227 228 5
227 255 3
228 229 5
228 256 3
229 230 4
229 257 1
230 231 4
230 258 1
231 232 1
231 259 5
232 233 2
232 260 4
233 234 4
233 261 2
234 235 5
234 262 1
235 236 4
235 263 3
236 237 5
236 264 2
237 238 5
237 265 5
238 239 2
238 266 4
239 240 5
239 267 3
240 241 5
240 268 4
241 242 5
241 269 1
242 243 1
242 270 1
243 244 2
243 271 4
244 245 1
244 272 4
245 246 2
245 273 1
246 247 2
246 274 2
247 248 4
247 275 2
248 249 5
248 276 2
249 250 1
249 277 1
250 251 3
250 278 3
251 252 3
251 279 3
252 280 1
253 254 1
253 281 5
254 255 1
254 282 5
255 256 5
255 283 4
256 257 2
256 284 3
257 258 1
257 285 3
258 259 2
258 286 1
259 260 1
259 287 4
260 261 2
260 288 4
261 262 5
261 289 5
262 263 3
262 290 2
263 264 4
263 291 3
264 265 5
264 292 4
265 266 1
265 293 2
266 267 3
266 294 2
267 268 5
267 295 3
268 269 1
268 296 4
269 270 1
269 297 3
270 271 3
270 298 3
271 272 2
271 299 2
272 273 2
272 300 4
273 274 2
273 301 2
274 275 5
274 302 2
275 276 1
275 303 2
276 277 1
276 304 1
277 278 4
277 305 5
278 279 2
278 306 5
279 280 4
279 307 4
280 308 3
281 282 2
281 309 1
282 283 5
282 310 3
283 284 3
283 311 2
284 285 1
284 312 2
285 286 2
285 313 3
286 287 3
286 314 1
287 288 2
287 315 2
288 289 2
288 316 2
289 290 3
289 317 3
290 291 1
290 318 2
291 292 3
291 319 5
292 293 5
292 320 1
293 294 4
293 321 2
294 295 2
294 322 2
295 296 5
295 323 1
296 297 2
296 324 5
297 298 1
297 325 1
298 299 2
298 326 5
299 300 3
299 327 3
300 301 1
300 328 2
301 302 4
301 329 1
302 303 5
302 330 4
303 304 3
303 331 1
304 305 3
304 332 1
305 306 1
305 333 4
306 307 2
306 334 3
307 308 3
307 335 5
308 336 2
309 310 2
309 337 4
310 311 3
310 338 1
311 312 5
311 339 1
312 313 3
312 340 1
313 314 5
313 341 2
314 315 2
314 342 5
315 316 4
315 343 2
316 317 4
316 344 5
317 318 3
317 345 4
318 319 1
318 346 3
319 320 1
319 347 4
320 321 1
320 348 3
321 322 2
321 349 3
322 323 1
322 350 3
323 324 1
323 351 3
324 325 1
324 352 3
325 326 2
325 353 4
326 327 4
326 354 3
327 328 4
327 355 3
328 329 2
328 356 5
329 330 5
329 357 5
330 331 1
330 358 3
331 332 2
331 359 3
332 333 2
332 360 3
333 334 1
333 361 3
334 335 3
334 362 4
335 336 1
335 363 2
336 364 1
337 338 2
337 365 2
338 339 4
338 366 5
339 340 4
339 367 5
340 341 3
340 368 5
341 342 1
341 369 3
342 343 4
342 370 2
343 344 4
343 371 1
344 345 2
344 372 2
345 346 2
345 373 5
346 347 3
346 374 2
347 348 1
347 375 5
348 349 2
348 376 3
349 350 4
349 377 1
350 351 1
350 378 5
351 352 4
351 379 5
352 353 5
352 380 5
353 354 3
353 381 5
354 355 5
354 382 1
355 356 4
355 383 3
356 357 4
356 384 3
357 358 3
357 385 1
358 359 1
358 386 4
359 360 4
359 387 3
360 361 5
360 388 5
361 362 3
361 389 5
362 363 2
362 390 5
363 364 3
363 391 2
364 392 2
365 366 1
365 393 1
366 367 3
366 394 1
367 368 1
367 395 3
368 369 3
368 396 5
369 370 5
369 397 2
370 371 4
370 398 5
371 372 2
371 399 4
372 373 1
372 400 4
373 374 1
373 401 4
374 375 4
374 402 1
375 376 4
375 403 5
376 377 1
376 404 3
377 378 1
377 405 4
378 379 5
378 406 4
379 380 3
379 407 1
380 381 4
380 408 2
381 382 4
381 409 5
382 383 5
382 410 5
383 384 4
383 411 2
384 385 4
384 412 4
385 386 3
385 413 1
386 387 3
386 414 3
387 388 4
387 415 4
388 389 1
388 416 4
389 390 1
389 417 3
390 391 5
390 418 2
391 392 2
391 419 4
392 420 3
393 394 5
393 421 2
394 395 1
394 422 5
395 396 4
395 423 4
396 397 3
396 424 1
397 398 3
397 425 3
398 399 5
398 426 1
399 400 3
399 427 5
400 401 5
400 428 2
401 402 5
401 429 4
402 403 1
402 430 1
403 404 4
403 431 3
404 405 4
404 432 1
405 406 2
405 433 4
406 407 2
406 434 5
407 408 4
407 435 3
408 409 5
408 436 1
409 410 5
409 437 3
410 411 2
410 438 1
411 412 3
411 439 5
412 413 2
412 440 3
413 414 4
413 441 5
414 415 2
414 442 1
415 416 5
415 443 1
416 417 2
416 444 3
417 418 2
417 445 4
418 419 2
418 446 3
419 420 3
419 447 3
420 448 1
421 422 5
421 449 3
422 423 3
422 450 2
423 424 3
423 451 3
424 425 4
424 452 3
425 426 1
425 453 2
426 427 1
426 454 3
427 428 2
427 455 5
428 429 2
428 456 2
429 430 2
429 457 2
430 431 2
430 458 1
431 432 2
431 459 5
432 433 3
432 460 1
433 434 3
433 461 2
434 435 1
434 462 3
435 436 5
435 463 1
436 437 1
436 464 1
437 438 2
437 465 5
438 439 3
438 466 2
439 440 4
439 467 1
440 441 3
440 468 4
441 442 1
441 469 4
442 443 4
442 470 3
443 444 4
443 471 3
444 445 3
444 472 4
445 446 1
445 473 2
446 447 4
446 474 4
447 448 4
447 475 3
448 476 5
449 450 4
449 477 3
450 451 4
450 478 3
451 452 4
451 479 2
452 453 4
452 480 2
453 454 4
453 481 5
454 455 3
454 482 5
455 456 3
455 483 3
456 457 2
456 484 3
457 458 2
457 485 1
458 459 2
458 486 2
459 460 5
459 487 4
460 461 4
460 488 3
461 462 1
461 489 1
462 463 4
462 490 5
463 464 4
463 491 5
464 465 3
464 492 4
465 466 4
465 493 5
466 467 1
466 494 5
467 468 3
467 495 4
468 469 4
468 496 5
469 470 3
469 497 2
470 471 3
470 498 1
471 472 5
471 499 1
472 473 2
472 500 3
473 474 3
473 501 5
474 475 4
474 502 4
475 476 2
475 503 2
476 504 2
477 478 3
477 505 1
478 479 1
478 506 4
479 480 2
479 507 3
480 481 4
480 508 5
481 482 4
481 509 3
482 483 1
482 510 2
483 484 1
483 511 4
484 485 4
484 512 5
485 486 4
485 513 3
486 487 3
486 514 1
487 488 2
487 515 4
488 489 1
488 516 3
489 490 5
489 517 5
490 491 1
490 518 2
491 492 3
491 519 1
492 493 2
492 520 2
493 494 1
493 521 3
494 495 4
494 522 3
495 496 2
495 523 2
496 497 4
496 524 4
497 498 5
497 525 2
498 499 3
498 526 1
499 500 2
499 527 2
500 501 2
500 528 5
501 502 4
501 529 4
502 503 3
502 530 5
503 504 2
503 531 2
504 532 5
505 506 3
505 533 5
506 507 3
506 534 4
507 508 1
507 535 2
508 509 2
508 536 1
509 510 1
509 537 2
510 511 2
510 538 4
511 512 3
511 539 1
512 513 2
512 540 5
513 514 3
513 541 1
514 515 4
514 542 1
515 516 5
515 543 4
516 517 2
516 544 2
517 518 3
517 545 4
518 519 5
518 546 3
519 520 1
519 547 5
520 521 3
520 548 4
521 522 2
521 549 5
522 523 2
522 550 3
523 524 2
523 551 3
524 525 5
524 552 1
525 526 5
525 553 1
526 527 2
526 554 4
527 528 5
527 555 4
528 529 3
528 556 2
529 530 2
529 557 4
530 531 3
530 558 4
531 532 4
531 559 1
532 560 3
533 534 4
533 561 3
534 535 4
534 562 3
535 536 3
535 563 4
536 537 3
536 564 2
537 538 1
537 565 3
538 539 5
538 566 2
539 540 4
539 567 1
540 541 3
540 568 4
541 542 5
541 569 4
542 543 3
542 570 2
543 544 1
543 571 5
544 545 2
544 572 4
545 546 5
545 573 1
546 547 1
546 574 2
547 548 3
547 575 4
548 549 1
548 576 5
549 550 3
549 577 5
550 551 3
550 578 2
551 552 1
551 579 1
552 553 2
552 580 5
553 554 4
553 581 1
554 555 1
554 582 4
555 556 4
555 583 3
556 557 3
556 584 4
557 558 2
557 585 2
558 559 3
558 586 2
559 560 1
559 587 2
560 588 2
561 562 1
561 589 1
562 563 2
562 590 4
563 564 5
563 591 4
564 565 1
564 592 2
565 566 4
565 593 4
566 567 1
566 594 1
567 568 3
567 595 4
568 569 2
568 596 5
569 570 1
569 597 3
570 571 2
570 598 3
571 572 5
571 599 2
572 573 1
572 600 2
573 574 4
573 601 3
574 575 3
574 602 2
575 576 3
575 603 1
576 577 3
576 604 4
577 578 2
577 605 4
578 579 3
578 606 2
579 580 3
579 607 4
580 581 2
580 608 2
581 582 3
581 609 3
582 583 3
582 610 2
583 584 3
583 611 4
584 585 3
584 612 3
585 586 3
585 613 5
586 587 1
586 614 3
587 588 4
587 615 3
588 616 3
589 590 4
589 617 1
590 591 1
590 618 2
591 592 2
591 619 2
592 593 4
592 620 3
593 594 1
593 621 2
594 595 3
594 622 3
595 596 1
595 623 4
596 597 2
596 624 5
597 598 1
597 625 3
598 599 3
598 626 4
599 600 4
599 627 2
600 601 5
600 628 1
601 602 3
601 629 4
602 603 3
602 630 4
603 604 1
603 631 4
604 605 5
604 632 4
605 606 5
605 633 5
606 607 3
606 634 1
607 608 1
607 635 2
608 609 2
608 636 2
609 610 1
609 637 3
610 611 2
610 638 3
611 612 2
611 639 4
612 613 5
612 640 2
613 614 4
613 641 5
614 615 5
614 642 5
615 616 2
615 643 3
616 644 2
617 618 3
617 645 4
618 619 1
618 646 4
619 620 1
619 647 3
620 621 2
620 648 1
621 622 3
621 649 1
622 623 1
622 650 3
623 624 3
623 651 2
624 625 5
624 652 1
625 626 5
625 653 3
626 627 5
626 654 1
627 628 3
627 655 5
628 629 2
628 656 3
629 630 3
629 657 3
630 631 1
630 658 1
631 632 1
631 659 3
632 633 1
632 660 4
633 634 2
633 661 3
634 635 2
634 662 1
635 636 4
635 663 4
636 637 2
636 664 5
637 638 3
637 665 5
638 639 5
638 666 2
639 640 2
639 667 1
640 641 3
640 668 3
641 642 4
641 669 4
642 643 5
642 670 2
643 644 2
643 671 1
644 672 5
645 646 5
645 673 3
646 647 1
646 674 1
647 648 5
647 675 3
648 649 3
648 676 3
649 650 5
649 677 4
650 651 3
650 678 2
651 652 2
651 679 4
652 653 1
652 680 1
653 654 3
653 681 4
654 655 1
654 682 4
655 656 1
655 683 2
656 657 1
656 684 2
657 658 1
657 685 4
658 659 5
658 686 3
659 660 1
659 687 3
660 661 5
660 688 2
661 662 2
661 689 4
662 663 4
662 690 2
663 664 4
663 691 1
664 665 2
664 692 5
665 666 3
665 693 2
666 667 5
666 694 1
667 668 2
667 695 5
668 669 2
668 696 2
669 670 3
669 697 2
670 671 1
670 698 3
671 672 3
671 699 2
672 700 4
673 674 5
673 701 3
674 675 4
674 702 2
675 676 5
675 703 4
676 677 2
676 704 4
677 678 2
677 705 4
678 679 1
678 706 2
679 680 3
679 707 5
680 681 4
680 708 1
681 682 1
681 709 2
682 683 3
682 710 2
683 684 5
683 711 5
684 685 4
684 712 5
685 686 1
685 713 5
686 687 4
686 714 4
687 688 1
687 715 2
688 689 1
688 716 5
689 690 3
689 717 3
690 691 5
690 718 3
691 692 5
691 719 1
692 693 3
692 720 3
693 694 3
693 721 3
694 695 5
694 722 1
695 696 4
695 723 2
696 697 4
696 724 3
697 698 2
697 725 2
698 699 2
698 726 5
699 700 4
699 727 5
700 728 4
701 702 1
701 729 3
702 703 5
702 730 3
703 704 5
703 731 1
704 705 4
704 732 4
705 706 5
705 733 2
706 707 3
706 734 4
707 708 3
707 735 2
708 709 5
708 736 3
709 710 1
709 737 4
710 711 4
710 738 3
711 712 1
711 739 4
712 713 4
712 740 1
713 714 4
713 741 1
714 715 3
714 742 2
715 716 1
715 743 3
716 717 2
716 744 3
717 718 1
717 745 4
718 719 2
718 746 1
719 720 5
719 747 5
720 721 4
720 748 5
721 722 3
721 749 1
722 723 4
722 750 4
723 724 1
723 751 5
724 725 4
724 752 3
725 726 3
725 753 2
726 727 4
726 754 5
727 728 4
727 755 4
728 756 2
729 730 1
729 757 5
730 731 2
730 758 2
731 732 2
731 759 4
732 733 3
732 760 5
733 734 3
733 761 2
734 735 1
734 762 3
735 736 5
735 763 2
736 737 5
736 764 2
737 738 1
737 765 4
738 739 4
738 766 5
739 740 4
739 767 4
740 741 3
740 768 2
741 742 4
741 769 5
742 743 3
742 770 3
743 744 4
743 771 5
744 745 5
744 772 5
745 746 5
745 773 5
746 747 4
746 774 3
747 748 2
747 775 1
748 749 4
748 776 4
749 750 1
749 777 3
750 751 4
750 778 5
751 752 4
751 779 5
752 753 3
752 780 3
753 754 4
753 781 1
754 755 4
754 782 3
755 756 3
755 783 2
756 784 1
757 758 2
758 759 1
759 760 2
760 761 3
761 762 5
762 763 5
763 764 1
764 765 2
765 766 4
766 767 3
767 768 1
768 769 2
769 770 4
770 771 1
771 772 1
772 773 1
773 774 3
774 775 3
775 776 3
776 777 4
777 778 1
778 779 3
779 780 1
780 781 3
781 782 5
782 783 1
783 784 4
