400 760
1 2 5
1 21 5
2 3 4
2 22 1
3 4 1
3 23 5
4 5 1
4 24 1
5 6 2
5 25 4
6 7 5
6 26 3
7 8 1
7 27 4
8 9 3
8 28 4
9 10 3
9 29 1
10 11 3
10 30 3
11 12 2
11 31 4
12 13 5
12 32 5
13 14 5
13 33 4
14 15 4
14 34 3
15 16 1
15 35 1
16 17 2
16 36 3
17 18 3
17 37 1
18 19 5
18 38 2
19 20 3
19 39 2
20 40 5
21 22 3
21 41 5
22 23 1
22 42 3
23 24 4
23 43 5
24 25 1
24 44 4
25 26 3
25 45 1
26 27 1
26 46 5
27 28 1
27 47 2
28 29 2
28 48 1
29 30 1
29 49 4
30 31 4
30 50 5
31 32 3
31 51 2
32 33 4
32 52 3
33 34 5
33 53 1
34 35 4
34 54 2
35 36 1
35 55 5
36 37 5
36 56 5
37 38 5
37 57 4
38 39 4
38 58 3
39 40 1
39 59 5
40 60 3
41 42 4
41 61 5
42 43 5
42 62 2
43 44 4
43 63 2
44 45 4
44 64 2
45 46 3
45 65 1
46 47 2
46 66 4
47 48 5
47 67 2
48 49 2
48 68 2
49 50 2
49 69 4
50 51 4
50 70 4
51 52 3
51 71 5
52 53 5
52 72 4
53 54 1
53 73 5
54 55 3
54 74 1
55 56 3
55 75 3
56 57 5
56 76 2
57 58 1
57 77 3
58 59 2
58 78 2
59 60 1
59 79 3
60 80 2
61 62 5
61 81 2
62 63 2
62 82 1
63 64 5
63 83 1
64 65 2
64 84 3
65 66 3
65 85 2
66 67 2
66 86 2
67 68 1
67 87 4
68 69 4
68 88 4
69 70 4
69 89 4
70 71 3
70 90 5
71 72 3
71 91 3
72 73 3
72 92 1
73 74 4
73 93 2
74 75 3
74 94 5
75 76 1
75 95 5
76 77 4
76 96 5
77 78 1
77 97 1
78 79 5
78 98 2
79 80 2
79 99 4
80 100 5
81 82 1
81 101 2
82 83 2
82 102 4
83 84 4
83 103 5
84 85 5
84 104 4
85 86 2
85 105 2
86 87 4
86 106 5
87 88 2
87 107 2
88 89 4
88 108 2
89 90 2
89 109 1
90 91 4
90 110 3
91 92 2
91 111 5
92 93 3
92 112 2
93 94 4
93 113 3
94 95 3
94 114 2
95 96 3
95 115 2
96 97 5
96 116 1
97 98 4
97 117 4
98 99 1
98 118 4
99 100 2
99 119 1
100 120 5
101 102 3
101 121 3
102 103 5
102 122 3
103 104 4
103 123 1
104 105 4
104 124 1
105 106 3
105 125 3
106 107 4
106 126 4
107 108 1
107 127 3
108 109 3
108 128 2
109 110 5
109 129 3
110 111 3
110 130 1
111 112 5
111 131 2
112 113 1
112 132 3
113 114 1
113 133 4
114 115 4
114 134 5
115 116 2
115 135 2
116 117 1
116 136 5
117 118 4
117 137 2
118 119 5
118 138 2
119 120 3
119 139 5
120 140 1
121 122 4
121 141 1
122 123 5
122 142 3
123 124 4
123 143 5
124 125 2
124 144 2
125 126 2
125 145 1
126 127 1
126 146 1
127 128 5
127 147 3
128 129 4
128 148 4
129 130 5
129 149 3
130 131 3
130 150 2
131 132 1
131 151 5
132 133 3
132 152 5
133 134 1
133 153 3
134 135 2
134 154 4
135 136 4
135 155 5
136 137 5
136 156 2
137 138 1
137 157 5
138 139 1
138 158 5
139 140 3
139 159 1
140 160 1
141 142 1
141 161 1
142 143 1
142 162 1
143 144 4
143 163 4
144 145 1
144 164 4
145 146 4
145 165 2
146 147 4
146 166 1
147 148 2
147 167 1
148 149 3
148 168 2
149 150 2
149 169 5
150 151 1
150 170 2
151 152 1
151 171 2
152 153 2
152 172 3
153 154 4
153 173 4
154 155 5
154 174 3
155 156 2
155 175 4
156 157 2
156 176 2
157 158 2
157 177 3
158 159 2
158 178 1
159 160 2
159 179 4
160 180 2
161 162 3
161 181 3
162 163 4
162 182 1
163 164 5
163 183 4
164 165 1
164 184 2
165 166 4
165 185 1
166 167 5
166 186 2
167 168 4
167 187 2
168 169 5
168 188 1
169 170 1
169 189 5
170 171 5
170 190 2
171 172 4
171 191 1
172 173 5
172 192 4
173 174 2
173 193 2
174 175 5
174 194 4
175 176 4
175 195 3
176 177 5
176 196 1
177 178 4
177 197 3
178 179 2
178 198 3
179 180 3
179 199 5
180 200 5
181 182 1
181 201 4
182 183 4
182 202 5
183 184 5
183 203 5
184 185 5
184 204 5
185 186 1
185 205 3
186 187 1
186 206 1
187 188 4
187 207 2
188 189 1
188 208 5
189 190 2
189 209 5
190 191 1
190 210 3
191 192 5
191 211 5
192 193 5
192 212 1
193 194 3
193 213 5
194 195 1
194 214 5
195 196 5
195 215 1
196 197 5
196 216 4
197 198 5
197 217 5
198 199 3
198 218 4
199 200 4
199 219 2
200 220 5
201 202 2
201 221 1
202 203 1
202 222 1
203 204 5
203 223 4
204 205 2
204 224 5
205 206 5
205 225 1
206 207 1
206 226 5
207 208 1
207 227 4
208 209 2
208 228 2
209 210 2
209 229 3
210 211 5
210 230 5
211 212 5
211 231 3
212 213 2
212 232 4
213 214 1
213 233 5
214 215 4
214 234 2
215 216 3
215 235 5
216 217 2
216 236 1
217 218 5
217 237 3
218 219 3
218 238 2
219 220 4
219 239 3
220 240 1
221 222 3
221 241 3
222 223 1
222 242 5
223 224 5
223 243 5
224 225 2
224 244 4
225 226 3
225 245 5
226 227 2
226 246 3
227 228 4
227 247 4
228 229 4
228 248 5
229 230 5
229 249 5
230 231 3
230 250 3
231 232 5
231 251 2
232 233 3
232 252 2
233 234 2
233 253 3
234 235 2
234 254 3
235 236 3
235 255 4
236 237 4
236 256 2
237 238 1
237 257 4
238 239 4
238 258 4
239 240 3
239 259 5
240 260 1
241 242 3
241 261 5
242 243 1
242 262 5
243 244 3
243 263 5
244 245 4
244 264 2
245 246 1
245 265 4
246 247 3
246 266 4
247 248 1
247 267 3
248 249 2
248 268 2
249 250 5
249 269 3
250 251 5
250 270 3
251 252 1
251 271 1
252 253 5
252 272 1
253 254 3
253 273 2
254 255 3
254 274 3
255 256 2
255 275 2
256 257 5
256 276 1
257 258 2
257 277 4
258 259 2
258 278 4
259 260 2
259 279 3
260 280 5
261 262 3
261 281 2
262 263 2
262 282 3
263 264 4
263 283 4
264 265 3
264 284 5
265 266 2
265 285 2
266 267 1
266 286 2
267 268 2
267 287 3
268 269 5
268 288 5
269 270 4
269 289 5
270 271 2
270 290 2
271 272 2
271 291 2
272 273 1
272 292 4
273 274 1
273 293 5
274 275 3
274 294 2
275 276 5
275 295 2
276 277 1
276 296 3
277 278 3
277 297 1
278 279 3
278 298 5
279 280 4
279 299 2
280 300 5
281 282 2
281 301 1
282 283 1
282 302 2
283 284 1
283 303 3
284 285 2
284 304 1
285 286 1
285 305 3
286 287 2
286 306 3
287 288 2
287 307 2
288 289 5
288 308 2
289 290 4
289 309 2
290 291 2
290 310 2
291 292 3
291 311 5
292 293 5
292 312 4
293 294 3
293 313 4
294 295 4
294 314 4
295 296 3
295 315 3
296 297 3
296 316 5
297 298 5
297 317 5
298 299 5
298 318 3
299 300 2
299 319 1
300 320 4
301 302 3
301 321 5
302 303 3
302 322 2
303 304 1
303 323 4
304 305 4
304 324 3
305 306 3
305 325 4
306 307 1
306 326 1
307 308 4
307 327 1
308 309 5
308 328 3
309 310 2
309 329 5
310 311 5
310 330 3
311 312 2
311 331 1
312 313 2
312 332 2
313 314 1
313 333 4
314 315 3
314 334 2
315 316 1
315 335 2
316 317 4
316 336 2
317 318 5
317 337 1
318 319 4
318 338 5
319 320 4
319 339 2
320 340 1
321 322 2
321 341 2
322 323 5
322 342 1
323 324 5
323 343 2
324 325 1
324 344 1
325 326 1
325 345 2
326 327 3
326 346 5
327 328 5
327 347 5
328 329 4
328 348 4
329 330 1
329 349 1
330 331 5
330 350 5
331 332 4
331 351 4
332 333 3
332 352 2
333 334 1
333 353 1
334 335 1
334 354 4
335 336 5
335 355 5
336 337 3
336 356 5
337 338 2
337 357 4
338 339 1
338 358 1
339 340 3
339 359 1
340 360 2
341 342 5
341 361 3
342 343 1
342 362 1
343 344 1
343 363 1
344 345 4
344 364 2
345 346 3
345 365 3
346 347 1
346 366 2
347 348 4
347 367 1
348 349 1
348 368 5
349 350 2
349 369 2
350 351 1
350 370 3
351 352 3
351 371 1
352 353 2
352 372 1
353 354 4
353 373 5
354 355 2
354 374 4
355 356 3
355 375 3
356 357 2
356 376 2
357 358 4
357 377 5
358 359 5
358 378 5
359 360 3
359 379 2
360 380 2
361 362 2
361 381 4
362 363 4
362 382 2
363 364 1
363 383 3
364 365 1
364 384 5
365 366 4
365 385 4
366 367 1
366 386 5
367 368 2
367 387 4
368 369 1
368 388 1
369 370 3
369 389 1
370 371 4
370 390 4
371 372 3
371 391 4
372 373 2
372 392 4
373 374 5
373 393 4
374 375 1
374 394 3
375 376 1
375 395 4
376 377 5
376 396 3
377 378 2
377 397 3
378 379 5
378 398 5
379 380 3
379 399 3
380 400 2
381 382 2
382 383 4
383 384 5
384 385 1
385 386 1
386 387 1
387 388 4
388 389 2
389 390 3
390 391 3
391 392 5
392 393 1
393 394 4
394 395 4
395 396 2
396 397 1
397 398 3
398 399 1
399 400 4
