1600 3120
1 2 5
1 41 4
2 3 1
2 42 4
3 4 3
3 43 2
4 5 3
4 44 3
5 6 3
5 45 2
6 7 3
6 46 3
7 8 3
7 47 3
8 9 1
8 48 4
9 10 3
9 49 4
10 11 3
10 50 3
11 12 3
11 51 2
12 13 3
12 52 2
13 14 2
13 53 1
14 15 3
14 54 2
15 16 4
15 55 4
16 17 4
16 56 3
17 18 1
17 57 3
18 19 2
18 58 5
19 20 3
19 59 5
20 21 4
20 60 4
21 22 5
21 61 3
22 23 4
22 62 5
23 24 1
23 63 2
24 25 2
24 64 3
25 26 1
25 65 4
26 27 5
26 66 2
27 28 4
27 67 2
28 29 1
28 68 5
29 30 2
29 69 2
30 31 3
30 70 3
31 32 2
31 71 5
32 33 2
32 72 5
33 34 5
33 73 1
34 35 3
34 74 1
35 36 1
35 75 4
36 37 2
36 76 3
37 38 1
37 77 3
38 39 4
38 78 1
39 40 1
39 79 5
40 80 4
41 42 5
41 81 3
42 43 4
42 82 4
43 44 4
43 83 4
44 45 2
44 84 3
45 46 4
45 85 1
46 47 1
46 86 2
47 48 1
47 87 2
48 49 3
48 88 5
49 50 1
49 89 3
50 51 3
50 90 1
51 52 1
51 91 2
52 53 5
52 92 5
53 54 2
53 93 5
54 55 2
54 94 2
55 56 4
55 95 5
56 57 3
56 96 1
57 58 3
57 97 2
58 59 5
58 98 5
59 60 1
59 99 2
60 61 4
60 100 4
61 62 4
61 101 4
62 63 2
62 102 4
63 64 2
63 103 4
64 65 1
64 104 3
65 66 4
65 105 3
66 67 1
66 106 3
67 68 4
67 107 2
68 69 4
68 108 2
69 70 5
69 109 5
70 71 2
70 110 4
71 72 4
71 111 1
72 73 4
72 112 2
73 74 2
73 113 1
74 75 4
74 114 4
75 76 5
75 115 2
76 77 1
76 116 5
77 78 1
77 117 5
78 79 2
78 118 4
79 80 1
79 119 3
80 120 5
81 82 5
81 121 2
82 83 5
82 122 3
83 84 2
83 123 5
84 85 4
84 124 4
85 86 1
85 125 2
86 87 5
86 126 5
87 88 3
87 127 1
88 89 4
88 128 2
89 90 3
89 129 3
90 91 3
90 130 5
91 92 2
91 131 5
92 93 4
92 132 1
93 94 5
93 133 1
94 95 1
94 134 2
95 96 3
95 135 5
96 97 5
96 136 1
97 98 2
97 137 5
98 99 4
98 138 1
99 100 4
99 139 4
100 101 2
100 140 1
101 102 1
101 141 5
102 103 4
102 142 2
103 104 3
103 143 1
104 105 5
104 144 1
105 106 1
105 145 3
106 107 2
106 146 1
107 108 2
107 147 5
108 109 2
108 148 5
109 110 3
109 149 3
110 111 2
110 150 1
111 112 5
111 151 3
112 113 2
112 152 1
113 114 1
113 153 3
114 115 1
114 154 3
115 116 2
115 155 1
116 117 4
116 156 2
117 118 2
117 157 4
118 119 3
118 158 5
119 120 2
119 159 4
120 160 4
121 122 5
121 161 1
122 123 3
122 162 3
123 124 5
123 163 4
124 125 5
124 164 5
125 126 1
125 165 1
126 127 1
126 166 4
127 128 1
127 167 1
128 129 4
128 168 4
129 130 1
129 169 4
130 131 1
130 170 2
131 132 1
131 171 1
132 133 5
132 172 4
133 134 3
133 173 5
134 135 2
134 174 3
135 136 3
135 175 4
136 137 1
136 176 4
137 138 3
137 177 1
138 139 5
138 178 2
139 140 2
139 179 2
140 141 4
140 180 5
141 142 1
141 181 3
142 143 4
142 182 1
143 144 4
143 183 1
144 145 5
144 184 1
145 146 1
145 185 1
146 147 2
146 186 3
147 148 5
147 187 4
148 149 3
148 188 1
149 150 1
149 189 1
150 151 3
150 190 5
151 152 5
151 191 5
152 153 4
152 192 5
153 154 1
153 193 5
154 155 3
154 194 4
155 156 5
155 195 1
156 157 1
156 196 3
157 158 4
157 197 1
158 159 2
158 198 1
159 160 2
159 199 1
160 200 4
161 162 4
161 201 3
162 163 3
162 202 5
163 164 2
163 203 3
164 165 2
164 204 5
165 166 5
165 205 1
166 167 1
166 206 2
167 168 1
167 207 1
168 169 4
168 208 3
169 170 3
169 209 1
170 171 4
170 210 1
171 172 1
171 211 5
172 173 4
172 212 2
173 174 2
173 213 4
174 175 1
174 214 3
175 176 5
175 215 3
176 177 1
176 216 4
177 178 3
177 217 5
178 179 5
178 218 3
179 180 5
179 219 1
180 181 1
180 220 3
181 182 2
181 221 1
182 183 5
182 222 1
183 184 1
183 223 3
184 185 3
184 224 5
185 186 1
185 225 2
186 187 1
186 226 2
187 188 1
187 227 1
188 189 4
188 228 2
189 190 5
189 229 5
190 191 4
190 230 4
191 192 5
191 231 1
192 193 3
192 232 2
193 194 5
193 233 2
194 195 5
194 234 2
195 196 3
195 235 4
196 197 1
196 236 3
197 198 4
197 237 2
198 199 3
198 238 4
199 200 4
199 239 5
200 240 2
201 202 4
201 241 1
202 203 2
202 242 5
203 204 3
203 243 2
204 205 4
204 244 4
205 206 1
205 245 5
206 207 5
206 246 4
207 208 5
207 247 4
208 209 3
208 248 3
209 210 4
209 249 4
210 211 3
210 250 5
211 212 5
211 251 3
212 213 5
212 252 5
213 214 1
213 253 4
214 215 5
214 254 2
215 216 3
215 255 4
216 217 4
216 256 4
217 218 3
217 257 5
218 219 5
218 258 2
219 220 5
219 259 5
220 221 3
220 260 2
221 222 2
221 261 1
222 223 3
222 262 1
223 224 3
223 263 1
224 225 5
224 264 2
225 226 1
225 265 4
226 227 5
226 266 1
227 228 1
227 267 5
228 229 2
228 268 4
229 230 2
229 269 1
230 231 5
230 270 4
231 232 2
231 271 5
232 233 1
232 272 4
233 234 3
233 273 3
234 235 3
234 274 4
235 236 2
235 275 1
236 237 1
236 276 1
237 238 5
237 277 5
238 239 3
238 278 4
239 240 1
239 279 1
240 280 3
241 242 1
241 281 3
242 243 2
242 282 1
243 244 3
243 283 3
244 245 2
244 284 3
245 246 4
245 285 2
246 247 5
246 286 3
247 248 4
247 287 1
248 249 5
248 288 1
249 250 2
249 289 3
250 251 2
250 290 2
251 252 4
251 291 1
252 253 3
252 292 1
253 254 4
253 293 3
254 255 4
254 294 1
255 256 1
255 295 5
256 257 3
256 296 1
257 258 1
257 297 2
258 259 2
258 298 1
259 260 1
259 299 1
260 261 5
260 300 3
261 262 1
261 301 1
262 263 5
262 302 5
263 264 3
263 303 1
264 265 4
264 304 1
265 266 3
265 305 3
266 267 5
266 306 1
267 268 3
267 307 4
268 269 2
268 308 4
269 270 3
269 309 5
270 271 2
270 310 2
271 272 3
271 311 2
272 273 2
272 312 5
273 274 5
273 313 3
274 275 2
274 314 4
275 276 3
275 315 2
276 277 5
276 316 4
277 278 4
277 317 3
278 279 4
278 318 1
279 280 3
279 319 4
280 320 5
281 282 5
281 321 4
282 283 1
282 322 5
283 284 2
283 323 3
284 285 1
284 324 2
285 286 4
285 325 1
286 287 5
286 326 3
287 288 1
287 327 3
288 289 2
288 328 1
289 290 2
289 329 3
290 291 5
290 330 5
291 292 4
291 331 5
292 293 2
292 332 2
293 294 5
293 333 4
294 295 1
294 334 5
295 296 3
295 335 1
296 297 3
296 336 4
297 298 1
297 337 4
298 299 3
298 338 5
299 300 2
299 339 1
300 301 4
300 340 5
301 302 1
301 341 1
302 303 3
302 342 2
303 304 1
303 343 4
304 305 2
304 344 1
305 306 2
305 345 4
306 307 2
306 346 3
307 308 4
307 347 5
308 309 5
308 348 4
309 310 5
309 349 3
310 311 2
310 350 1
311 312 5
311 351 2
312 313 4
312 352 3
313 314 2
313 353 1
314 315 5
314 354 5
315 316 2
315 355 3
316 317 4
316 356 5
317 318 5
317 357 2
318 319 3
318 358 2
319 320 4
319 359 5
320 360 1
321 322 2
321 361 5
322 323 3
322 362 4
323 324 5
323 363 5
324 325 3
324 364 2
325 326 1
325 365 3
326 327 3
326 366 3
327 328 3
327 367 1
328 329 2
328 368 1
329 330 3
329 369 4
330 331 1
330 370 3
331 332 3
331 371 4
332 333 2
332 372 3
333 334 2
333 373 5
334 335 1
334 374 1
335 336 1
335 375 5
336 337 3
336 376 1
337 338 4
337 377 1
338 339 4
338 378 2
339 340 5
339 379 5
340 341 2
340 380 3
341 342 2
341 381 2
342 343 1
342 382 2
343 344 2
343 383 3
344 345 2
344 384 1
345 346 3
345 385 5
346 347 3
346 386 5
347 348 1
347 387 4
348 349 3
348 388 1
349 350 5
349 389 4
350 351 2
350 390 1
351 352 5
351 391 1
352 353 4
352 392 3
353 354 3
353 393 1
354 355 1
354 394 4
355 356 5
355 395 2
356 357 5
356 396 2
357 358 4
357 397 3
358 359 3
358 398 5
359 360 5
359 399 1
360 400 3
361 362 5
361 401 3
362 363 2
362 402 3
363 364 2
363 403 4
364 365 2
364 404 5
365 366 4
365 405 2
366 367 2
366 406 3
367 368 5
367 407 1
368 369 3
368 408 5
369 370 4
369 409 1
370 371 5
370 410 5
371 372 2
371 411 2
372 373 5
372 412 4
373 374 3
373 413 5
374 375 2
374 414 2
375 376 4
375 415 4
376 377 1
376 416 1
377 378 3
377 417 2
378 379 3
378 418 4
379 380 5
379 419 5
380 381 5
380 420 5
381 382 1
381 421 2
382 383 2
382 422 2
383 384 2
383 423 5
384 385 1
384 424 2
385 386 4
385 425 3
386 387 2
386 426 2
387 388 2
387 427 4
388 389 3
388 428 3
389 390 2
389 429 4
390 391 4
390 430 5
391 392 2
391 431 2
392 393 4
392 432 2
393 394 4
393 433 5
394 395 5
394 434 5
395 396 1
395 435 2
396 397 1
396 436 5
397 398 5
397 437 2
398 399 2
398 438 1
399 400 4
399 439 4
400 440 3
401 402 5
401 441 5
402 403 2
402 442 2
403 404 4
403 443 2
404 405 1
404 444 3
405 406 2
405 445 4
406 407 3
406 446 1
407 408 2
407 447 4
408 409 4
408 448 3
409 410 1
409 449 2
410 411 4
410 450 3
411 412 3
411 451 3
412 413 4
412 452 4
413 414 1
413 453 4
414 415 3
414 454 1
415 416 4
415 455 4
416 417 2
416 456 3
417 418 4
417 457 2
418 419 4
418 458 2
419 420 1
419 459 4
420 421 1
420 460 5
421 422 5
421 461 4
422 423 4
422 462 4
423 424 1
423 463 2
424 425 2
424 464 1
425 426 5
425 465 3
426 427 5
426 466 4
427 428 1
427 467 3
428 429 1
428 468 2
429 430 5
429 469 5
430 431 4
430 470 3
431 432 5
431 471 1
432 433 1
432 472 3
433 434 3
433 473 1
434 435 2
434 474 3
435 436 1
435 475 5
436 437 3
436 476 1
437 438 1
437 477 3
438 439 2
438 478 3
439 440 3
439 479 1
440 480 1
441 442 2
441 481 2
442 443 3
442 482 4
443 444 3
443 483 3
444 445 4
444 484 4
445 446 3
445 485 4
446 447 3
446 486 4
447 448 3
447 487 4
448 449 2
448 488 1
449 450 5
449 489 3
450 451 5
450 490 5
451 452 2
451 491 1
452 453 2
452 492 3
453 454 3
453 493 2
454 455 2
454 494 3
455 456 1
455 495 4
456 457 2
456 496 3
457 458 3
457 497 3
458 459 1
458 498 5
459 460 1
459 499 1
460 461 5
460 500 4
461 462 4
461 501 1
462 463 3
462 502 4
463 464 2
463 503 4
464 465 2
464 504 1
465 466 4
465 505 2
466 467 3
466 506 4
467 468 1
467 507 3
468 469 3
468 508 2
469 470 5
469 509 4
470 471 3
470 510 1
471 472 2
471 511 4
472 473 2
472 512 5
473 474 4
473 513 1
474 475 1
474 514 1
475 476 4
475 515 4
476 477 4
476 516 3
477 478 5
477 517 2
478 479 3
478 518 5
479 480 1
479 519 3
480 520 2
481 482 2
481 521 2
482 483 5
482 522 3
483 484 3
483 523 1
484 485 3
484 524 5
485 486 5
485 525 2
486 487 3
486 526 5
487 488 5
487 527 5
488 489 4
488 528 1
489 490 2
489 529 4
490 491 4
490 530 1
491 492 2
491 531 3
492 493 2
492 532 3
493 494 3
493 533 5
494 495 4
494 534 3
495 496 2
495 535 2
496 497 2
496 536 5
497 498 1
497 537 5
498 499 5
498 538 4
499 500 3
499 539 4
500 501 3
500 540 2
501 502 2
501 541 5
502 503 1
502 542 2
503 504 1
503 543 5
504 505 3
504 544 1
505 506 2
505 545 3
506 507 2
506 546 1
507 508 1
507 547 1
508 509 4
508 548 5
509 510 1
509 549 5
510 511 2
510 550 3
511 512 1
511 551 2
512 513 1
512 552 1
513 514 3
513 553 5
514 515 3
514 554 2
515 516 1
515 555 3
516 517 5
516 556 2
517 518 1
517 557 5
518 519 3
518 558 4
519 520 4
519 559 5
520 560 3
521 522 2
521 561 4
522 523 4
522 562 2
523 524 1
523 563 1
524 525 1
524 564 1
525 526 1
525 565 1
526 527 1
526 566 4
527 528 5
527 567 1
528 529 4
528 568 3
529 530 1
529 569 3
530 531 3
530 570 4
531 532 1
531 571 1
532 533 1
532 572 2
533 534 3
533 573 2
534 535 4
534 574 2
535 536 2
535 575 2
536 537 1
536 576 1
537 538 3
537 577 1
538 539 5
538 578 4
539 540 3
539 579 1
540 541 1
540 580 3
541 542 3
541 581 4
542 543 5
542 582 2
543 544 4
543 583 5
544 545 1
544 584 4
545 546 2
545 585 2
546 547 3
546 586 5
547 548 2
547 587 3
548 549 4
548 588 1
549 550 1
549 589 2
550 551 2
550 590 1
551 552 3
551 591 3
552 553 2
552 592 3
553 554 3
553 593 5
554 555 1
554 594 3
555 556 2
555 595 1
556 557 2
556 596 1
557 558 5
557 597 1
558 559 4
558 598 5
559 560 4
559 599 4
560 600 5
561 562 5
561 601 2
562 563 1
562 602 4
563 564 4
563 603 1
564 565 5
564 604 1
565 566 3
565 605 5
566 567 3
566 606 5
567 568 2
567 607 4
568 569 4
568 608 5
569 570 3
569 609 4
570 571 2
570 610 1
571 572 2
571 611 2
572 573 4
572 612 4
573 574 4
573 613 1
574 575 3
574 614 5
575 576 2
575 615 1
576 577 3
576 616 3
577 578 5
577 617 1
578 579 3
578 618 5
579 580 2
579 619 3
580 581 1
580 620 3
581 582 4
581 621 3
582 583 4
582 622 2
583 584 1
583 623 1
584 585 2
584 624 3
585 586 2
585 625 1
586 587 4
586 626 2
587 588 3
587 627 5
588 589 1
588 628 4
589 590 3
589 629 5
590 591 2
590 630 3
591 592 2
591 631 3
592 593 3
592 632 4
593 594 2
593 633 5
594 595 2
594 634 3
595 596 3
595 635 1
596 597 2
596 636 4
597 598 2
597 637 4
598 599 4
598 638 1
599 600 3
599 639 5
600 640 5
601 602 3
601 641 3
602 603 3
602 642 4
603 604 5
603 643 4
604 605 2
604 644 3
605 606 3
605 645 1
606 607 3
606 646 1
607 608 2
607 647 4
608 609 3
608 648 3
609 610 5
609 649 3
610 611 5
610 650 1
611 612 1
611 651 4
612 613 1
612 652 2
613 614 4
613 653 2
614 615 5
614 654 1
615 616 4
615 655 2
616 617 2
616 656 2
617 618 4
617 657 5
618 619 3
618 658 1
619 620 5
619 659 4
620 621 2
620 660 5
621 622 3
621 661 5
622 623 3
622 662 5
623 624 3
623 663 1
624 625 4
624 664 5
625 626 3
625 665 4
626 627 3
626 666 1
627 628 1
627 667 3
628 629 2
628 668 4
629 630 3
629 669 5
630 631 2
630 670 2
631 632 2
631 671 5
632 633 4
632 672 1
633 634 3
633 673 5
634 635 5
634 674 3
635 636 4
635 675 3
636 637 3
636 676 2
637 638 3
637 677 1
638 639 4
638 678 4
639 640 4
639 679 1
640 680 3
641 642 4
641 681 5
642 643 4
642 682 2
643 644 4
643 683 1
644 645 4
644 684 4
645 646 5
645 685 4
646 647 3
646 686 2
647 648 2
647 687 2
648 649 2
648 688 1
649 650 4
649 689 3
650 651 3
650 690 3
651 652 5
651 691 5
652 653 4
652 692 4
653 654 4
653 693 4
654 655 5
654 694 2
655 656 2
655 695 2
656 657 4
656 696 2
657 658 4
657 697 4
658 659 2
658 698 4
659 660 1
659 699 1
660 661 2
660 700 1
661 662 1
661 701 3
662 663 5
662 702 1
663 664 2
663 703 2
664 665 1
664 704 5
665 666 5
665 705 2
666 667 1
666 706 3
667 668 2
667 707 2
668 669 5
668 708 1
669 670 4
669 709 1
670 671 2
670 710 5
671 672 4
671 711 1
672 673 4
672 712 2
673 674 1
673 713 5
674 675 4
674 714 3
675 676 3
675 715 4
676 677 4
676 716 3
677 678 4
677 717 4
678 679 3
678 718 2
679 680 1
679 719 1
680 720 3
681 682 1
681 721 2
682 683 3
682 722 5
683 684 3
683 723 2
684 685 5
684 724 1
685 686 5
685 725 5
686 687 4
686 726 5
687 688 3
687 727 5
688 689 4
688 728 3
689 690 4
689 729 5
690 691 5
690 730 1
691 692 3
691 731 3
692 693 2
692 732 2
693 694 4
693 733 2
694 695 1
694 734 2
695 696 1
695 735 5
696 697 5
696 736 1
697 698 2
697 737 2
698 699 4
698 738 1
699 700 1
699 739 5
700 701 3
700 740 4
701 702 5
701 741 1
702 703 4
702 742 4
703 704 5
703 743 5
704 705 4
704 744 1
705 706 2
705 745 3
706 707 3
706 746 3
707 708 2
707 747 2
708 709 5
708 748 2
709 710 1
709 749 2
710 711 2
710 750 1
711 712 1
711 751 3
712 713 2
712 752 3
713 714 3
713 753 5
714 715 2
714 754 4
715 716 3
715 755 2
716 717 3
716 756 1
717 718 5
717 757 3
718 719 4
718 758 5
719 720 2
719 759 1
720 760 3
721 722 3
721 761 4
722 723 4
722 762 1
723 724 5
723 763 2
724 725 3
724 764 2
725 726 1
725 765 2
726 727 3
726 766 2
727 728 4
727 767 4
728 729 5
728 768 4
729 730 1
729 769 2
730 731 1
730 770 4
731 732 3
731 771 4
732 733 1
732 772 1
733 734 4
733 773 1
734 735 1
734 774 2
735 736 2
735 775 3
736 737 5
736 776 2
737 738 5
737 777 3
738 739 3
738 778 2
739 740 1
739 779 2
740 741 1
740 780 5
741 742 5
741 781 4
742 743 2
742 782 2
743 744 3
743 783 5
744 745 3
744 784 3
745 746 1
745 785 2
746 747 1
746 786 1
747 748 2
747 787 5
748 749 1
748 788 2
749 750 3
749 789 1
750 751 2
750 790 3
751 752 1
751 791 4
752 753 5
752 792 1
753 754 3
753 793 2
754 755 4
754 794 3
755 756 4
755 795 4
756 757 5
756 796 4
757 758 1
757 797 5
758 759 3
758 798 3
759 760 5
759 799 2
760 800 5
761 762 1
761 801 4
762 763 3
762 802 2
763 764 1
763 803 1
764 765 1
764 804 2
765 766 1
765 805 1
766 767 4
766 806 3
767 768 3
767 807 5
768 769 1
768 808 5
769 770 4
769 809 4
770 771 3
770 810 4
771 772 2
771 811 3
772 773 3
772 812 5
773 774 5
773 813 4
774 775 3
774 814 4
775 776 3
775 815 3
776 777 2
776 816 1
777 778 2
777 817 4
778 779 4
778 818 1
779 780 1
779 819 2
780 781 2
780 820 1
781 782 3
781 821 4
782 783 2
782 822 5
783 784 4
783 823 2
784 785 2
784 824 1
785 786 1
785 825 4
786 787 2
786 826 4
787 788 3
787 827 1
788 789 1
788 828 5
789 790 5
789 829 2
790 791 4
790 830 2
791 792 4
791 831 5
792 793 4
792 832 4
793 794 3
793 833 2
794 795 3
794 834 4
795 796 1
795 835 1
796 797 3
796 836 3
797 798 3
797 837 4
798 799 5
798 838 4
799 800 2
799 839 3
800 840 4
801 802 2
801 841 1
802 803 1
802 842 1
803 804 4
803 843 4
804 805 4
804 844 2
805 806 2
805 845 4
806 807 1
806 846 3
807 808 4
807 847 5
808 809 5
808 848 1
809 810 5
809 849 1
810 811 3
810 850 2
811 812 3
811 851 4
812 813 4
812 852 2
813 814 5
813 853 2
814 815 4
814 854 1
815 816 4
815 855 2
816 817 2
816 856 5
817 818 5
817 857 1
818 819 2
818 858 2
819 820 1
819 859 1
820 821 2
820 860 3
821 822 2
821 861 4
822 823 3
822 862 1
823 824 2
823 863 3
824 825 3
824 864 3
825 826 3
825 865 4
826 827 2
826 866 4
827 828 3
827 867 4
828 829 3
828 868 5
829 830 5
829 869 5
830 831 3
830 870 4
831 832 5
831 871 5
832 833 5
832 872 1
833 834 1
833 873 3
834 835 3
834 874 3
835 836 2
835 875 3
836 837 4
836 876 1
837 838 1
837 877 1
838 839 4
838 878 4
839 840 3
839 879 1
840 880 3
841 842 5
841 881 3
842 843 1
842 882 3
843 844 2
843 883 5
844 845 1
844 884 1
845 846 5
845 885 4
846 847 2
846 886 3
847 848 4
847 887 1
848 849 1
848 888 2
849 850 5
849 889 2
850 851 3
850 890 5
851 852 4
851 891 2
852 853 5
852 892 3
853 854 3
853 893 2
854 855 2
854 894 5
855 856 1
855 895 4
856 857 1
856 896 4
857 858 2
857 897 4
858 859 5
858 898 3
859 860 1
859 899 5
860 861 3
860 900 3
861 862 3
861 901 1
862 863 1
862 902 2
863 864 5
863 903 5
864 865 4
864 904 2
865 866 3
865 905 1
866 867 1
866 906 1
867 868 3
867 907 1
868 869 3
868 908 5
869 870 4
869 909 3
870 871 5
870 910 4
871 872 5
871 911 1
872 873 5
872 912 3
873 874 3
873 913 2
874 875 2
874 914 3
875 876 2
875 915 4
876 877 1
876 916 2
877 878 3
877 917 4
878 879 3
878 918 5
879 880 3
879 919 4
880 920 1
881 882 3
881 921 3
882 883 3
882 922 2
883 884 5
883 923 1
884 885 2
884 924 2
885 886 4
885 925 1
886 887 4
886 926 1
887 888 4
887 927 5
888 889 1
888 928 4
889 890 4
889 929 2
890 891 4
890 930 4
891 892 5
891 931 1
892 893 4
892 932 2
893 894 5
893 933 4
894 895 5
894 934 3
895 896 3
895 935 3
896 897 1
896 936 5
897 898 4
897 937 5
898 899 3
898 938 3
899 900 5
899 939 5
900 901 1
900 940 1
901 902 1
901 941 2
902 903 1
902 942 1
903 904 5
903 943 5
904 905 1
904 944 4
905 906 2
905 945 3
906 907 3
906 946 1
907 908 5
907 947 1
908 909 4
908 948 3
909 910 4
909 949 1
910 911 1
910 950 2
911 912 4
911 951 4
912 913 4
912 952 1
913 914 3
913 953 4
914 915 2
914 954 1
915 916 5
915 955 5
916 917 4
916 956 3
917 918 1
917 957 2
918 919 1
918 958 4
919 920 3
919 959 4
920 960 2
921 922 2
921 961 5
922 923 1
922 962 4
923 924 1
923 963 1
924 925 2
924 964 1
925 926 4
925 965 5
926 927 4
926 966 1
927 928 1
927 967 4
928 929 2
928 968 2
929 930 2
929 969 2
930 931 5
930 970 3
931 932 2
931 971 4
932 933 2
932 972 4
933 934 4
933 973 5
934 935 4
934 974 3
935 936 4
935 975 3
936 937 2
936 976 3
937 938 4
937 977 5
938 939 3
938 978 1
939 940 3
939 979 3
940 941 4
940 980 4
941 942 1
941 981 4
942 943 3
942 982 2
943 944 4
943 983 3
944 945 3
944 984 1
945 946 3
945 985 3
946 947 3
946 986 5
947 948 3
947 987 5
948 949 4
948 988 2
949 950 3
949 989 2
950 951 1
950 990 4
951 952 5
951 991 1
952 953 5
952 992 2
953 954 5
953 993 2
954 955 2
954 994 5
955 956 4
955 995 1
956 957 5
956 996 2
957 958 4
957 997 1
958 959 3
958 998 5
959 960 5
959 999 5
960 1000 2
961 962 1
961 1001 1
962 963 5
962 1002 1
963 964 3
963 1003 1
964 965 4
964 1004 4
965 966 2
965 1005 1
966 967 3
966 1006 2
967 968 3
967 1007 4
968 969 2
968 1008 4
969 970 2
969 1009 1
970 971 2
970 1010 5
971 972 1
971 1011 4
972 973 5
972 1012 3
973 974 2
973 1013 3
974 975 5
974 1014 5
975 976 2
975 1015 5
976 977 5
976 1016 1
977 978 4
977 1017 3
978 979 4
978 1018 3
979 980 4
979 1019 4
980 981 1
980 1020 4
981 982 3
981 1021 3
982 983 5
982 1022 2
983 984 3
983 1023 5
984 985 4
984 1024 4
985 986 2
985 1025 3
986 987 3
986 1026 2
987 988 1
987 1027 5
988 989 1
988 1028 3
989 990 3
989 1029 3
990 991 2
990 1030 5
991 992 2
991 1031 5
992 993 3
992 1032 5
993 994 1
993 1033 2
994 995 5
994 1034 3
995 996 2
995 1035 3
996 997 1
996 1036 4
997 998 1
997 1037 5
998 999 3
998 1038 4
999 1000 4
999 1039 5
1000 1040 2
1001 1002 4
1001 1041 3
1002 1003 2
1002 1042 2
1003 1004 5
1003 1043 1
1004 1005 3
1004 1044 4
1005 1006 2
1005 1045 2
1006 1007 3
1006 1046 1
1007 1008 1
1007 1047 5
1008 1009 5
1008 1048 1
1009 1010 2
1009 1049 2
1010 1011 4
1010 1050 3
1011 1012 4
1011 1051 4
1012 1013 1
1012 1052 5
1013 1014 3
1013 1053 4
1014 1015 5
1014 1054 2
1015 1016 3
1015 1055 4
1016 1017 5
1016 1056 3
1017 1018 1
1017 1057 3
1018 1019 5
1018 1058 2
1019 1020 4
1019 1059 1
1020 1021 1
1020 1060 3
1021 1022 2
1021 1061 3
1022 1023 4
1022 1062 3
1023 1024 3
1023 1063 5
1024 1025 3
1024 1064 3
1025 1026 1
1025 1065 3
1026 1027 2
1026 1066 2
1027 1028 2
1027 1067 4
1028 1029 4
1028 1068 4
1029 1030 2
1029 1069 3
1030 1031 2
1030 1070 2
1031 1032 5
1031 1071 5
1032 1033 1
1032 1072 4
1033 1034 1
1033 1073 5
1034 1035 3
1034 1074 3
1035 1036 5
1035 1075 4
1036 1037 1
1036 1076 2
1037 1038 5
1037 1077 5
1038 1039 3
1038 1078 2
1039 1040 4
1039 1079 5
1040 1080 3
1041 1042 2
1041 1081 1
1042 1043 5
1042 1082 2
1043 1044 2
1043 1083 2
1044 1045 2
1044 1084 4
1045 1046 2
1045 1085 3
1046 1047 4
1046 1086 4
1047 1048 1
1047 1087 2
1048 1049 3
1048 1088 5
1049 1050 2
1049 1089 4
1050 1051 5
1050 1090 3
1051 1052 4
1051 1091 3
1052 1053 3
1052 1092 3
1053 1054 2
1053 1093 5
1054 1055 5
1054 1094 5
1055 1056 3
1055 1095 4
1056 1057 5
1056 1096 2
1057 1058 3
1057 1097 4
1058 1059 5
1058 1098 5
1059 1060 1
1059 1099 1
1060 1061 4
1060 1100 1
1061 1062 1
1061 1101 4
1062 1063 4
1062 1102 1
1063 1064 2
1063 1103 5
1064 1065 2
1064 1104 5
1065 1066 4
1065 1105 4
1066 1067 2
1066 1106 5
1067 1068 5
1067 1107 4
1068 1069 5
1068 1108 5
1069 1070 3
1069 1109 4
1070 1071 1
1070 1110 2
1071 1072 2
1071 1111 1
1072 1073 1
1072 1112 5
1073 1074 5
1073 1113 3
1074 1075 4
1074 1114 3
1075 1076 5
1075 1115 4
1076 1077 4
1076 1116 5
1077 1078 3
1077 1117 1
1078 1079 5
1078 1118 3
1079 1080 5
1079 1119 1
1080 1120 3
1081 1082 4
1081 1121 5
1082 1083 2
1082 1122 4
1083 1084 4
1083 1123 2
1084 1085 4
1084 1124 5
1085 1086 4
1085 1125 2
1086 1087 4
1086 1126 4
1087 1088 5
1087 1127 5
1088 1089 4
1088 1128 1
1089 1090 5
1089 1129 4
1090 1091 4
1090 1130 3
1091 1092 2
1091 1131 5
1092 1093 3
1092 1132 3
1093 1094 1
1093 1133 4
1094 1095 4
1094 1134 5
1095 1096 3
1095 1135 4
1096 1097 4
1096 1136 3
1097 1098 1
1097 1137 5
1098 1099 2
1098 1138 2
1099 1100 2
1099 1139 5
1100 1101 3
1100 1140 1
1101 1102 5
1101 1141 4
1102 1103 1
1102 1142 4
1103 1104 4
1103 1143 5
1104 1105 2
1104 1144 5
1105 1106 5
1105 1145 1
1106 1107 4
1106 1146 5
1107 1108 4
1107 1147 4
1108 1109 2
1108 1148 4
1109 1110 4
1109 1149 5
1110 1111 5
1110 1150 5
1111 1112 4
1111 1151 2
1112 1113 4
1112 1152 5
1113 1114 4
1113 1153 1
1114 1115 5
1114 1154 2
1115 1116 4
1115 1155 5
1116 1117 2
1116 1156 2
1117 1118 1
1117 1157 3
1118 1119 5
1118 1158 3
1119 1120 2
1119 1159 5
1120 1160 1
1121 1122 4
1121 1161 4
1122 1123 4
1122 1162 5
1123 1124 1
1123 1163 3
1124 1125 3
1124 1164 3
1125 1126 1
1125 1165 1
1126 1127 1
1126 1166 2
1127 1128 2
1127 1167 2
1128 1129 5
1128 1168 5
1129 1130 4
1129 1169 1
1130 1131 5
1130 1170 2
1131 1132 2
1131 1171 4
1132 1133 5
1132 1172 5
1133 1134 4
1133 1173 1
1134 1135 4
1134 1174 4
1135 1136 1
1135 1175 5
1136 1137 1
1136 1176 3
1137 1138 2
1137 1177 2
1138 1139 4
1138 1178 3
1139 1140 5
1139 1179 2
1140 1141 5
1140 1180 3
1141 1142 2
1141 1181 1
1142 1143 4
1142 1182 1
1143 1144 2
1143 1183 5
1144 1145 4
1144 1184 2
1145 1146 3
1145 1185 4
1146 1147 4
1146 1186 5
1147 1148 2
1147 1187 2
1148 1149 2
1148 1188 1
1149 1150 5
1149 1189 2
1150 1151 5
1150 1190 1
1151 1152 2
1151 1191 3
1152 1153 3
1152 1192 2
1153 1154 2
1153 1193 5
1154 1155 4
1154 1194 5
1155 1156 1
1155 1195 3
1156 1157 4
1156 1196 4
1157 1158 2
1157 1197 5
1158 1159 2
1158 1198 5
1159 1160 1
1159 1199 3
1160 1200 4
1161 1162 3
1161 1201 3
1162 1163 5
1162 1202 5
1163 1164 5
1163 1203 5
1164 1165 5
1164 1204 3
1165 1166 4
1165 1205 5
1166 1167 1
1166 1206 5
1167 1168 3
1167 1207 3
1168 1169 3
1168 1208 3
1169 1170 3
1169 1209 3
1170 1171 5
1170 1210 2
1171 1172 2
1171 1211 4
1172 1173 4
1172 1212 2
1173 1174 1
1173 1213 1
1174 1175 2
1174 1214 5
1175 1176 2
1175 1215 4
1176 1177 5
1176 1216 2
1177 1178 5
1177 1217 3
1178 1179 1
1178 1218 5
1179 1180 3
1179 1219 5
1180 1181 1
1180 1220 3
1181 1182 3
1181 1221 1
1182 1183 3
1182 1222 1
1183 1184 4
1183 1223 3
1184 1185 1
1184 1224 5
1185 1186 4
1185 1225 3
1186 1187 5
1186 1226 1
1187 1188 3
1187 1227 2
1188 1189 4
1188 1228 3
1189 1190 2
1189 1229 3
1190 1191 2
1190 1230 1
1191 1192 5
1191 1231 2
1192 1193 3
1192 1232 1
1193 1194 2
1193 1233 3
1194 1195 1
1194 1234 2
1195 1196 5
1195 1235 3
1196 1197 5
1196 1236 5
1197 1198 4
1197 1237 5
1198 1199 1
1198 1238 3
1199 1200 1
1199 1239 2
1200 1240 3
1201 1202 3
1201 1241 5
1202 1203 4
1202 1242 4
1203 1204 5
1203 1243 5
1204 1205 5
1204 1244 5
1205 1206 2
1205 1245 2
1206 1207 4
1206 1246 5
1207 1208 1
1207 1247 1
1208 1209 4
1208 1248 1
1209 1210 5
1209 1249 2
1210 1211 5
1210 1250 4
1211 1212 1
1211 1251 1
1212 1213 5
1212 1252 1
1213 1214 2
1213 1253 3
1214 1215 3
1214 1254 5
1215 1216 1
1215 1255 3
1216 1217 5
1216 1256 4
1217 1218 4
1217 1257 1
1218 1219 5
1218 1258 5
1219 1220 4
1219 1259 3
1220 1221 1
1220 1260 2
1221 1222 1
1221 1261 5
1222 1223 3
1222 1262 3
1223 1224 1
1223 1263 4
1224 1225 4
1224 1264 2
1225 1226 5
1225 1265 2
1226 1227 5
1226 1266 3
1227 1228 1
1227 1267 5
1228 1229 1
1228 1268 2
1229 1230 4
1229 1269 1
1230 1231 3
1230 1270 5
1231 1232 5
1231 1271 1
1232 1233 1
1232 1272 4
1233 1234 2
1233 1273 3
1234 1235 5
1234 1274 1
1235 1236 4
1235 1275 3
1236 1237 5
1236 1276 4
1237 1238 4
1237 1277 5
1238 1239 2
1238 1278 2
1239 1240 1
1239 1279 5
1240 1280 4
1241 1242 3
1241 1281 2
1242 1243 3
1242 1282 5
1243 1244 1
1243 1283 2
1244 1245 4
1244 1284 3
1245 1246 1
1245 1285 5
1246 1247 4
1246 1286 5
1247 1248 1
1247 1287 1
1248 1249 2
1248 1288 2
1249 1250 2
1249 1289 1
1250 1251 4
1250 1290 1
1251 1252 2
1251 1291 5
1252 1253 5
1252 1292 1
1253 1254 4
1253 1293 1
1254 1255 3
1254 1294 5
1255 1256 4
1255 1295 2
1256 1257 3
1256 1296 3
1257 1258 5
1257 1297 4
1258 1259 3
1258 1298 2
1259 1260 2
1259 1299 3
1260 1261 5
1260 1300 4
1261 1262 5
1261 1301 5
1262 1263 2
1262 1302 2
1263 1264 1
1263 1303 5
1264 1265 2
1264 1304 3
1265 1266 5
1265 1305 3
1266 1267 2
1266 1306 4
1267 1268 4
1267 1307 1
1268 1269 3
1268 1308 2
1269 1270 3
1269 1309 4
1270 1271 2
1270 1310 1
1271 1272 4
1271 1311 2
1272 1273 5
1272 1312 1
1273 1274 2
1273 1313 2
1274 1275 2
1274 1314 4
1275 1276 4
1275 1315 2
1276 1277 4
1276 1316 1
1277 1278 1
1277 1317 4
1278 1279 2
1278 1318 5
1279 1280 5
1279 1319 5
1280 1320 3
1281 1282 3
1281 1321 5
1282 1283 4
1282 1322 4
1283 1284 1
1283 1323 5
1284 1285 5
1284 1324 4
1285 1286 2
1285 1325 4
1286 1287 2
1286 1326 3
1287 1288 4
1287 1327 4
1288 1289 3
1288 1328 4
1289 1290 5
1289 1329 1
1290 1291 1
1290 1330 2
1291 1292 1
1291 1331 2
1292 1293 2
1292 1332 5
1293 1294 5
1293 1333 5
1294 1295 4
1294 1334 1
1295 1296 1
1295 1335 2
1296 1297 4
1296 1336 3
1297 1298 5
1297 1337 5
1298 1299 5
1298 1338 4
1299 1300 2
1299 1339 4
1300 1301 3
1300 1340 3
1301 1302 3
1301 1341 4
1302 1303 1
1302 1342 1
1303 1304 3
1303 1343 2
1304 1305 5
1304 1344 3
1305 1306 2
1305 1345 5
1306 1307 3
1306 1346 3
1307 1308 1
1307 1347 2
1308 1309 1
1308 1348 4
1309 1310 1
1309 1349 3
1310 1311 5
1310 1350 1
1311 1312 4
1311 1351 2
1312 1313 3
1312 1352 3
1313 1314 5
1313 1353 5
1314 1315 4
1314 1354 2
1315 1316 2
1315 1355 3
1316 1317 3
1316 1356 5
1317 1318 1
1317 1357 5
1318 1319 4
1318 1358 5
1319 1320 1
1319 1359 3
1320 1360 3
1321 1322 1
1321 1361 2
1322 1323 2
1322 1362 2
1323 1324 2
1323 1363 5
1324 1325 3
1324 1364 2
1325 1326 3
1325 1365 4
1326 1327 1
1326 1366 5
1327 1328 4
1327 1367 1
1328 1329 2
1328 1368 1
1329 1330 1
1329 1369 4
1330 1331 2
1330 1370 3
1331 1332 3
1331 1371 4
1332 1333 4
1332 1372 5
1333 1334 2
1333 1373 4
1334 1335 2
1334 1374 1
1335 1336 4
1335 1375 1
1336 1337 4
1336 1376 5
1337 1338 2
1337 1377 5
1338 1339 4
1338 1378 2
1339 1340 3
1339 1379 2
1340 1341 4
1340 1380 5
1341 1342 3
1341 1381 3
1342 1343 1
1342 1382 4
1343 1344 4
1343 1383 3
1344 1345 3
1344 1384 2
1345 1346 2
1345 1385 3
1346 1347 5
1346 1386 1
1347 1348 4
1347 1387 5
1348 1349 4
1348 1388 5
1349 1350 2
1349 1389 4
1350 1351 3
1350 1390 1
1351 1352 1
1351 1391 4
1352 1353 5
1352 1392 2
1353 1354 3
1353 1393 2
1354 1355 5
1354 1394 4
1355 1356 4
1355 1395 1
1356 1357 1
1356 1396 3
1357 1358 2
1357 1397 3
1358 1359 3
1358 1398 3
1359 1360 3
1359 1399 2
1360 1400 2
1361 1362 2
1361 1401 1
1362 1363 2
1362 1402 2
1363 1364 1
1363 1403 5
1364 1365 1
1364 1404 3
1365 1366 3
1365 1405 2
1366 1367 5
1366 1406 5
1367 1368 4
1367 1407 2
1368 1369 5
1368 1408 5
1369 1370 4
1369 1409 5
1370 1371 1
1370 1410 5
1371 1372 5
1371 1411 2
1372 1373 5
1372 1412 5
1373 1374 2
1373 1413 3
1374 1375 3
1374 1414 2
1375 1376 3
1375 1415 1
1376 1377 2
1376 1416 2
1377 1378 2
1377 1417 5
1378 1379 2
1378 1418 3
1379 1380 2
1379 1419 2
1380 1381 3
1380 1420 2
1381 1382 1
1381 1421 5
1382 1383 3
1382 1422 4
1383 1384 4
1383 1423 2
1384 1385 1
1384 1424 4
1385 1386 1
1385 1425 1
1386 1387 1
1386 1426 5
1387 1388 2
1387 1427 2
1388 1389 1
1388 1428 4
1389 1390 5
1389 1429 4
1390 1391 2
1390 1430 2
1391 1392 4
1391 1431 3
1392 1393 5
1392 1432 1
1393 1394 2
1393 1433 3
1394 1395 3
1394 1434 4
1395 1396 2
1395 1435 4
1396 1397 2
1396 1436 1
1397 1398 2
1397 1437 1
1398 1399 1
1398 1438 1
1399 1400 1
1399 1439 2
1400 1440 1
1401 1402 3
1401 1441 3
1402 1403 4
1402 1442 1
1403 1404 2
1403 1443 1
1404 1405 5
1404 1444 5
1405 1406 3
1405 1445 4
1406 1407 1
1406 1446 5
1407 1408 5
1407 1447 1
1408 1409 5
1408 1448 3
1409 1410 1
1409 1449 2
1410 1411 2
1410 1450 3
1411 1412 3
1411 1451 3
1412 1413 5
1412 1452 4
1413 1414 1
1413 1453 3
1414 1415 1
1414 1454 4
1415 1416 1
1415 1455 3
1416 1417 3
1416 1456 1
1417 1418 4
1417 1457 4
1418 1419 5
1418 1458 4
1419 1420 5
1419 1459 3
1420 1421 5
1420 1460 3
1421 1422 3
1421 1461 3
1422 1423 4
1422 1462 1
1423 1424 3
1423 1463 5
1424 1425 5
1424 1464 2
1425 1426 2
1425 1465 5
1426 1427 5
1426 1466 3
1427 1428 5
1427 1467 5
1428 1429 4
1428 1468 2
1429 1430 3
1429 1469 1
1430 1431 4
1430 1470 5
1431 1432 3
1431 1471 1
1432 1433 1
1432 1472 1
1433 1434 2
1433 1473 3
1434 1435 5
1434 1474 4
1435 1436 5
1435 1475 4
1436 1437 1
1436 1476 4
1437 1438 4
1437 1477 3
1438 1439 2
1438 1478 4
1439 1440 3
1439 1479 2
1440 1480 3
1441 1442 2
1441 1481 3
1442 1443 3
1442 1482 5
1443 1444 2
1443 1483 3
1444 1445 2
1444 1484 4
1445 1446 3
1445 1485 3
1446 1447 5
1446 1486 1
1447 1448 5
1447 1487 1
1448 1449 3
1448 1488 5
1449 1450 4
1449 1489 1
1450 1451 4
1450 1490 3
1451 1452 3
1451 1491 1
1452 1453 4
1452 1492 1
1453 1454 1
1453 1493 3
1454 1455 3
1454 1494 4
1455 1456 2
1455 1495 2
1456 1457 5
1456 1496 3
1457 1458 4
1457 1497 4
1458 1459 5
1458 1498 2
1459 1460 4
1459 1499 4
1460 1461 5
1460 1500 4
1461 1462 4
1461 1501 2
1462 1463 4
1462 1502 1
1463 1464 1
1463 1503 4
1464 1465 1
1464 1504 4
1465 1466 2
1465 1505 3
1466 1467 2
1466 1506 3
1467 1468 2
1467 1507 1
1468 1469 5
1468 1508 3
1469 1470 5
1469 1509 2
1470 1471 4
1470 1510 2
1471 1472 2
1471 1511 4
1472 1473 2
1472 1512 4
1473 1474 1
1473 1513 1
1474 1475 5
1474 1514 3
1475 1476 4
1475 1515 3
1476 1477 5
1476 1516 4
1477 1478 1
1477 1517 4
1478 1479 5
1478 1518 3
1479 1480 2
1479 1519 4
1480 1520 3
1481 1482 2
1481 1521 1
1482 1483 3
1482 1522 3
1483 1484 3
1483 1523 1
1484 1485 3
1484 1524 4
1485 1486 2
1485 1525 4
1486 1487 4
1486 1526 2
1487 1488 1
1487 1527 5
1488 1489 5
1488 1528 1
1489 1490 4
1489 1529 5
1490 1491 5
1490 1530 4
1491 1492 1
1491 1531 5
1492 1493 1
1492 1532 4
1493 1494 4
1493 1533 4
1494 1495 3
1494 1534 4
1495 1496 2
1495 1535 5
1496 1497 4
1496 1536 1
1497 1498 5
1497 1537 4
1498 1499 4
1498 1538 5
1499 1500 4
1499 1539 4
1500 1501 5
1500 1540 1
1501 1502 5
1501 1541 1
1502 1503 2
1502 1542 3
1503 1504 5
1503 1543 5
1504 1505 4
1504 1544 4
1505 1506 1
1505 1545 1
1506 1507 5
1506 1546 4
1507 1508 1
1507 1547 3
1508 1509 3
1508 1548 5
1509 1510 4
1509 1549 2
1510 1511 1
1510 1550 4
1511 1512 3
1511 1551 5
1512 1513 5
1512 1552 4
1513 1514 2
1513 1553 5
1514 1515 1
1514 1554 1
1515 1516 3
1515 1555 1
1516 1517 5
1516 1556 2
1517 1518 3
1517 1557 2
1518 1519 2
1518 1558 2
1519 1520 5
1519 1559 3
1520 1560 5
1521 1522 4
1521 1561 4
1522 1523 2
1522 1562 1
1523 1524 5
1523 1563 1
1524 1525 4
1524 1564 5
1525 1526 2
1525 1565 3
1526 1527 2
1526 1566 3
1527 1528 3
1527 1567 1
1528 1529 5
1528 1568 4
1529 1530 3
1529 1569 4
1530 1531 2
1530 1570 3
1531 1532 5
1531 1571 2
1532 1533 1
1532 1572 5
1533 1534 3
1533 1573 5
1534 1535 5
1534 1574 3
1535 1536 3
1535 1575 5
1536 1537 3
1536 1576 1
1537 1538 3
1537 1577 4
1538 1539 4
1538 1578 2
1539 1540 2
1539 1579 2
1540 1541 5
1540 1580 1
1541 1542 1
1541 1581 5
1542 1543 2
1542 1582 2
1543 1544 3
1543 1583 3
1544 1545 3
1544 1584 4
1545 1546 3
1545 1585 4
1546 1547 5
1546 1586 3
1547 1548 1
1547 1587 3
1548 1549 5
1548 1588 1
1549 1550 3
1549 1589 3
1550 1551 5
1550 1590 4
1551 1552 4
1551 1591 5
1552 1553 5
1552 1592 4
1553 1554 1
1553 1593 5
1554 1555 3
1554 1594 5
1555 1556 1
1555 1595 1
1556 1557 3
1556 1596 2
1557 1558 5
1557 1597 4
1558 1559 5
1558 1598 4
1559 1560 1
1559 1599 3
1560 1600 3
1561 1562 1
1562 1563 5
1563 1564 3
1564 1565 1
1565 1566 2
1566 1567 3
1567 1568 3
1568 1569 4
1569 1570 1
1570 1571 1
1571 1572 3
1572 1573 2
1573 1574 3
1574 1575 1
1575 1576 1
1576 1577 5
1577 1578 2
1578 1579 4
1579 1580 3
1580 1581 2
1581 1582 1
1582 1583 5
1583 1584 2
1584 1585 3
1585 1586 2
1586 1587 1
1587 1588 3
1588 1589 4
1589 1590 4
1590 1591 1
1591 1592 3
1592 1593 2
1593 1594 1
1594 1595 3
1595 1596 4
1596 1597 3
1597 1598 4
1598 1599 5
1599 1600 5
