784 1512
1 2 2
1 29 2
2 3 4
2 30 3
3 4 2
3 31 3
4 5 4
4 32 3
5 6 4
5 33 2
6 7 2
6 34 2
7 8 4
7 35 4
8 9 4
8 36 2
9 10 1
9 37 5
10 11 4
10 38 4
11 12 1
11 39 3
12 13 3
12 40 4
13 14 3
13 41 4
14 15 2
14 42 5
15 16 3
15 43 1
16 17 1
16 44 1
17 18 4
17 45 2
18 19 4
18 46 4
19 20 1
19 47 1
20 21 2
20 48 4
21 22 4
21 49 1
22 23 5
22 50 5
23 24 4
23 51 1
24 25 4
24 52 1
25 26 5
25 53 3
26 27 3
26 54 3
27 28 5
27 55 5
28 56 4
29 30 5
29 57 1
30 31 3
30 58 3
31 32 4
31 59 2
32 33 4
32 60 4
33 34 2
33 61 4
34 35 2
34 62 4
35 36 2
35 63 2
36 37 4
36 64 1
37 38 2
37 65 3
38 39 5
38 66 4
39 40 4
39 67 5
40 41 2
40 68 4
41 42 5
41 69 1
42 43 2
42 70 4
43 44 3
43 71 1
44 45 2
44 72 4
45 46 2
45 73 3
46 47 3
46 74 4
47 48 5
47 75 4
48 49 5
48 76 1
49 50 3
49 77 1
50 51 2
50 78 3
51 52 1
51 79 5
52 53 5
52 80 1
53 54 1
53 81 3
54 55 1
54 82 5
55 56 1
55 83 1
56 84 2
57 58 3
57 85 2
58 59 5
58 86 5
59 60 3
59 87 5
60 61 5
60 88 2
61 62 5
61 89 5
62 63 3
62 90 5
63 64 5
63 91 5
64 65 1
64 92 4
65 66 2
65 93 3
66 67 2
66 94 3
67 68 1
67 95 5
68 69 1
68 96 4
69 70 2
69 97 4
70 71 5
70 98 2
71 72 4
71 99 4
72 73 5
72 100 2
73 74 4
73 101 5
74 75 1
74 102 3
75 76 2
75 103 4
76 77 3
76 104 4
77 78 4
77 105 2
78 79 2
78 106 1
79 80 4
79 107 4
80 81 1
80 108 4
81 82 2
81 109 3
82 83 4
82 110 4
83 84 5
83 111 1
84 112 4
85 86 4
85 113 5
86 87 4
86 114 4
87 88 3
87 115 2
88 89 1
88 116 4
89 90 5
89 117 5
90 91 5
90 118 2
91 92 1
91 119 5
92 93 5
92 120 3
93 94 1
93 121 5
94 95 4
94 122 4
95 96 2
95 123 2
96 97 3
96 124 5
97 98 3
97 125 4
98 99 1
98 126 2
99 100 1
99 127 1
100 101 2
100 128 2
101 102 3
101 129 2
102 103 3
102 130 2
103 104 3
103 131 1
104 105 2
104 132 2
105 106 5
105 133 5
106 107 3
106 134 3
107 108 1
107 135 1
108 109 4
108 136 4
109 110 3
109 137 5
110 111 4
110 138 2
111 112 2
111 139 2
112 140 3
113 114 3
113 141 5
114 115 1
114 142 1
115 116 5
115 143 5
116 117 1
116 144 5
117 118 5
117 145 4
118 119 1
118 146 2
119 120 5
119 147 4
120 121 1
120 148 4
121 122 4
121 149 5
122 123 2
122 150 5
123 124 1
123 151 4
124 125 3
124 152 2
125 126 2
125 153 4
126 127 2
126 154 5
127 128 3
127 155 2
128 129 4
128 156 3
129 130 1
129 157 2
130 131 3
130 158 3
131 132 2
131 159 4
132 133 1
132 160 2
133 134 4
133 161 3
134 135 1
134 162 1
135 136 5
135 163 2
136 137 1
136 164 5
137 138 5
137 165 4
138 139 4
138 166 4
139 140 3
139 167 5
140 168 2
141 142 1
141 169 3
142 143 4
142 170 1
143 144 1
143 171 5
144 145 2
144 172 3
145 146 3
145 173 1
146 147 4
146 174 3
147 148 2
147 175 4
148 149 4
148 176 4
149 150 2
149 177 3
150 151 1
150 178 4
151 152 3
151 179 1
152 153 4
152 180 2
153 154 4
153 181 5
154 155 2
154 182 2
155 156 1
155 183 1
156 157 5
156 184 1
157 158 5
157 185 4
158 159 4
158 186 4
159 160 1
159 187 4
160 161 4
160 188 4
161 162 5
161 189 1
162 163 2
162 190 1
163 164 4
163 191 2
164 165 2
164 192 1
165 166 4
165 193 4
166 167 1
166 194 5
167 168 3
167 195 5
168 196 2
169 170 1
169 197 2
170 171 5
170 198 1
171 172 1
171 199 3
172 173 1
172 200 1
173 174 3
173 201 5
174 175 2
174 202 3
175 176 2
175 203 4
176 177 4
176 204 4
177 178 4
177 205 2
178 179 3
178 206 3
179 180 4
179 207 1
180 181 2
180 208 5
181 182 5
181 209 3
182 183 2
182 210 5
183 184 3
183 211 4
184 185 5
184 212 3
185 186 4
185 213 3
186 187 5
186 214 5
187 188 3
187 215 4
188 189 3
188 216 5
189 190 2
189 217 4
190 191 1
190 218 4
191 192 4
191 219 2
192 193 4
192 220 4
193 194 3
193 221 2
194 195 4
194 222 5
195 196 3
195 223 1
196 224 5
197 198 1
197 225 3
198 199 3
198 226 3
199 200 3
199 227 5
200 201 2
200 228 5
201 202 5
201 229 5
202 203 4
202 230 3
203 204 2
203 231 2
204 205 2
204 232 1
205 206 3
205 233 2
206 207 5
206 234 4
207 208 2
207 235 3
208 209 3
208 236 3
209 210 5
209 237 2
210 211 4
210 238 1
211 212 3
211 239 1
212 213 5
212 240 5
213 214 1
213 241 4
214 215 1
214 242 3
215 216 4
215 243 4
216 217 5
216 244 5
217 218 5
217 245 4
218 219 5
218 246 1
219 220 5
219 247 1
220 221 1
220 248 4
221 222 4
221 249 3
222 223 2
222 250 2
223 224 4
223 251 3
224 252 2
225 226 3
225 253 3
226 227 2
226 254 4
227 228 3
227 255 2
228 229 3
228 256 5
229 230 5
229 257 1
230 231 5
230 258 2
231 232 2
231 259 2
232 233 2
232 260 5
233 234 4
233 261 5
234 235 1
234 262 3
235 236 3
235 263 1
236 237 3
236 264 5
237 238 4
237 265 5
238 239 5
238 266 5
239 240 5
239 267 1
240 241 3
240 268 3
241 242 4
241 269 2
242 243 1
242 270 1
243 244 2
243 271 3
244 245 5
244 272 4
245 246 1
245 273 4
246 247 5
246 274 2
247 248 1
247 275 5
248 249 2
248 276 4
249 250 4
249 277 4
250 251 1
250 278 5
251 252 1
251 279 3
252 280 1
253 254 4
253 281 1
254 255 3
254 282 1
255 256 3
255 283 3
256 257 5
256 284 5
257 258 1
257 285 5
258 259 3
258 286 5
259 260 5
259 287 3
260 261 5
260 288 4
261 262 3
261 289 5
262 263 1
262 290 2
263 264 2
263 291 4
264 265 5
264 292 1
265 266 1
265 293 4
266 267 4
266 294 2
267 268 3
267 295 2
268 269 1
268 296 4
269 270 3
269 297 5
270 271 1
270 298 3
271 272 3
271 299 1
272 273 1
272 300 2
273 274 5
273 301 4
274 275 2
274 302 3
275 276 1
275 303 4
276 277 3
276 304 1
277 278 4
277 305 3
278 279 4
278 306 5
279 280 4
279 307 5
280 308 4
281 282 5
281 309 5
282 283 5
282 310 5
283 284 2
283 311 5
284 285 4
284 312 1
285 286 2
285 313 5
286 287 2
286 314 2
287 288 4
287 315 5
288 289 3
288 316 5
289 290 4
289 317 4
290 291 4
290 318 2
291 292 5
291 319 2
292 293 4
292 320 4
293 294 5
293 321 3
294 295 4
294 322 3
295 296 4
295 323 5
296 297 4
296 324 5
297 298 1
297 325 5
298 299 4
298 326 2
299 300 2
299 327 5
300 301 3
300 328 3
301 302 2
301 329 4
302 303 5
302 330 5
303 304 5
303 331 4
304 305 4
304 332 3
305 306 4
305 333 5
306 307 4
306 334 2
307 308 4
307 335 4
308 336 5
309 310 3
309 337 4
310 311 3
310 338 2
311 312 3
311 339 3
312 313 1
312 340 2
313 314 4
313 341 1
314 315 2
314 342 3
315 316 2
315 343 5
316 317 5
316 344 2
317 318 4
317 345 5
318 319 2
318 346 3
319 320 5
319 347 4
320 321 3
320 348 2
321 322 4
321 349 5
322 323 4
322 350 1
323 324 5
323 351 3
324 325 5
324 352 5
325 326 5
325 353 2
326 327 3
326 354 1
327 328 2
327 355 2
328 329 3
328 356 4
329 330 1
329 357 3
330 331 3
330 358 4
331 332 4
331 359 2
332 333 5
332 360 5
333 334 3
333 361 2
334 335 5
334 362 2
335 336 2
335 363 2
336 364 4
337 338 5
337 365 4
338 339 2
338 366 2
339 340 3
339 367 4
340 341 2
340 368 1
341 342 1
341 369 5
342 343 2
342 370 5
343 344 3
343 371 4
344 345 3
344 372 5
345 346 1
345 373 4
346 347 5
346 374 4
347 348 5
347 375 3
348 349 4
348 376 4
349 350 1
349 377 5
350 351 3
350 378 1
351 352 2
351 379 1
352 353 2
352 380 5
353 354 4
353 381 3
354 355 2
354 382 2
355 356 5
355 383 2
356 357 4
356 384 1
357 358 2
357 385 3
358 359 3
358 386 4
359 360 5
359 387 5
360 361 4
360 388 5
361 362 4
361 389 5
362 363 5
362 390 1
363 364 1
363 391 1
364 392 4
365 366 4
365 393 5
366 367 4
366 394 2
367 368 3
367 395 2
368 369 3
368 396 2
369 370 5
369 397 1
370 371 3
370 398 1
371 372 1
371 399 3
372 373 1
372 400 2
373 374 3
373 401 1
374 375 3
374 402 3
375 376 5
375 403 4
376 377 1
376 404 2
377 378 2
377 405 2
378 379 5
378 406 5
379 380 1
379 407 5
380 381 4
380 408 3
381 382 4
381 409 1
382 383 3
382 410 5
383 384 1
383 411 4
384 385 1
384 412 1
385 386 4
385 413 5
386 387 2
386 414 4
387 388 3
387 415 3
388 389 3
388 416 5
389 390 3
389 417 3
390 391 3
390 418 5
391 392 1
391 419 2
392 420 3
393 394 3
393 421 3
394 395 3
394 422 4
395 396 5
395 423 2
396 397 4
396 424 2
397 398 2
397 425 4
398 399 2
398 426 5
399 400 5
399 427 3
400 401 1
400 428 5
401 402 3
401 429 2
402 403 5
402 430 4
403 404 4
403 431 5
404 405 3
404 432 2
405 406 5
405 433 2
406 407 5
406 434 4
407 408 4
407 435 2
408 409 4
408 436 5
409 410 2
409 437 5
410 411 2
410 438 5
411 412 1
411 439 2
412 413 1
412 440 3
413 414 1
413 441 3
414 415 3
414 442 2
415 416 4
415 443 5
416 417 5
416 444 3
417 418 4
417 445 4
418 419 4
418 446 4
419 420 3
419 447 3
420 448 5
421 422 5
421 449 2
422 423 1
422 450 4
423 424 4
423 451 2
424 425 5
424 452 1
425 426 2
425 453 3
426 427 5
426 454 3
427 428 4
427 455 5
428 429 1
428 456 5
429 430 2
429 457 3
430 431 3
430 458 5
431 432 2
431 459 2
432 433 3
432 460 3
433 434 1
433 461 5
434 435 2
434 462 5
435 436 4
435 463 3
436 437 3
436 464 3
437 438 4
437 465 2
438 439 5
438 466 2
439 440 3
439 467 4
440 441 1
440 468 3
441 442 3
441 469 3
442 443 3
442 470 5
443 444 4
443 471 3
444 445 3
444 472 5
445 446 4
445 473 5
446 447 2
446 474 2
447 448 5
447 475 3
448 476 3
449 450 1
449 477 3
450 451 5
450 478 1
451 452 2
451 479 2
452 453 1
452 480 2
453 454 2
453 481 2
454 455 1
454 482 4
455 456 5
455 483 2
456 457 4
456 484 4
457 458 1
457 485 3
458 459 3
458 486 2
459 460 4
459 487 2
460 461 4
460 488 5
461 462 5
461 489 1
462 463 2
462 490 5
463 464 3
463 491 5
464 465 3
464 492 4
465 466 5
465 493 4
466 467 3
466 494 5
467 468 4
467 495 4
468 469 3
468 496 3
469 470 3
469 497 1
470 471 1
470 498 3
471 472 5
471 499 2
472 473 5
472 500 3
473 474 5
473 501 3
474 475 2
474 502 5
475 476 1
475 503 2
476 504 5
477 478 4
477 505 4
478 479 3
478 506 1
479 480 2
479 507 5
480 481 4
480 508 4
481 482 3
481 509 2
482 483 5
482 510 3
483 484 2
483 511 5
484 485 2
484 512 5
485 486 4
485 513 2
486 487 1
486 514 2
487 488 4
487 515 5
488 489 4
488 516 5
489 490 5
489 517 3
490 491 4
490 518 5
491 492 3
491 519 3
492 493 4
492 520 5
493 494 3
493 521 5
494 495 2
494 522 3
495 496 2
495 523 1
496 497 2
496 524 2
497 498 5
497 525 1
498 499 4
498 526 4
499 500 4
499 527 4
500 501 5
500 528 2
501 502 3
501 529 2
502 503 2
502 530 1
503 504 4
503 531 2
504 532 3
505 506 2
505 533 5
506 507 1
506 534 1
507 508 3
507 535 4
508 509 1
508 536 4
509 510 5
509 537 5
510 511 1
510 538 1
511 512 3
511 539 4
512 513 3
512 540 1
513 514 4
513 541 2
514 515 2
514 542 1
515 516 1
515 543 4
516 517 3
516 544 3
517 518 2
517 545 4
518 519 5
518 546 3
519 520 4
519 547 2
520 521 2
520 548 1
521 522 3
521 549 5
522 523 3
522 550 5
523 524 2
523 551 2
524 525 3
524 552 2
525 526 1
525 553 3
526 527 4
526 554 5
527 528 1
527 555 2
528 529 3
528 556 5
529 530 5
529 557 5
530 531 4
530 558 1
531 532 4
531 559 4
532 560 2
533 534 5
533 561 4
534 535 1
534 562 4
535 536 5
535 563 3
536 537 1
536 564 2
537 538 1
537 565 4
538 539 1
538 566 3
539 540 4
539 567 2
540 541 1
540 568 5
541 542 1
541 569 3
542 543 4
542 570 4
543 544 4
543 571 1
544 545 3
544 572 1
545 546 1
545 573 4
546 547 3
546 574 4
547 548 5
547 575 3
548 549 1
548 576 3
549 550 1
549 577 2
550 551 5
550 578 3
551 552 5
551 579 5
552 553 5
552 580 5
553 554 5
553 581 4
554 555 4
554 582 3
555 556 3
555 583 4
556 557 5
556 584 1
557 558 1
557 585 3
558 559 5
558 586 2
559 560 1
559 587 3
560 588 1
561 562 4
561 589 2
562 563 3
562 590 5
563 564 4
563 591 4
564 565 3
564 592 3
565 566 1
565 593 3
566 567 2
566 594 3
567 568 2
567 595 5
568 569 3
568 596 2
569 570 3
569 597 3
570 571 1
570 598 3
571 572 1
571 599 4
572 573 1
572 600 5
573 574 2
573 601 4
574 575 4
574 602 5
575 576 2
575 603 2
576 577 2
576 604 4
577 578 3
577 605 1
578 579 5
578 606 1
579 580 5
579 607 5
580 581 5
580 608 4
581 582 4
581 609 4
582 583 3
582 610 1
583 584 1
583 611 5
584 585 4
584 612 3
585 586 4
585 613 3
586 587 5
586 614 5
587 588 1
587 615 4
588 616 5
589 590 5
589 617 5
590 591 2
590 618 5
591 592 2
591 619 4
592 593 3
592 620 4
593 594 4
593 621 2
594 595 1
594 622 5
595 596 3
595 623 4
596 597 4
596 624 1
597 598 3
597 625 4
598 599 5
598 626 3
599 600 4
599 627 3
600 601 1
600 628 1
601 602 2
601 629 4
602 603 2
602 630 3
603 604 5
603 631 1
604 605 1
604 632 5
605 606 5
605 633 5
606 607 4
606 634 2
607 608 5
607 635 4
608 609 4
608 636 5
609 610 2
609 637 4
610 611 3
610 638 4
611 612 1
611 639 1
612 613 5
612 640 5
613 614 4
613 641 3
614 615 4
614 642 3
615 616 2
615 643 3
616 644 2
617 618 4
617 645 1
618 619 5
618 646 5
619 620 2
619 647 2
620 621 1
620 648 1
621 622 3
621 649 1
622 623 3
622 650 1
623 624 3
623 651 4
624 625 2
624 652 5
625 626 2
625 653 3
626 627 5
626 654 4
627 628 4
627 655 4
628 629 4
628 656 3
629 630 5
629 657 2
630 631 1
630 658 2
631 632 2
631 659 4
632 633 4
632 660 2
633 634 5
633 661 2
634 635 1
634 662 5
635 636 5
635 663 3
636 637 4
636 664 1
637 638 3
637 665 2
638 639 3
638 666 1
639 640 3
639 667 1
640 641 5
640 668 4
641 642 4
641 669 4
642 643 4
642 670 5
643 644 5
643 671 5
644 672 2
645 646 4
645 673 5
646 647 5
646 674 1
647 648 2
647 675 3
648 649 5
648 676 1
649 650 4
649 677 1
650 651 3
650 678 4
651 652 5
651 679 1
652 653 4
652 680 3
653 654 1
653 681 2
654 655 3
654 682 1
655 656 4
655 683 1
656 657 1
656 684 4
657 658 2
657 685 1
658 659 5
658 686 5
659 660 2
659 687 5
660 661 5
660 688 4
661 662 1
661 689 1
662 663 2
662 690 5
663 664 5
663 691 3
664 665 2
664 692 2
665 666 4
665 693 3
666 667 3
666 694 5
667 668 1
667 695 1
668 669 4
668 696 4
669 670 1
669 697 5
670 671 3
670 698 5
671 672 4
671 699 3
672 700 4
673 674 3
673 701 4
674 675 4
674 702 5
675 676 4
675 703 2
676 677 4
676 704 3
677 678 5
677 705 5
678 679 5
678 706 5
679 680 3
679 707 3
680 681 3
680 708 3
681 682 1
681 709 2
682 683 4
682 710 5
683 684 5
683 711 4
684 685 5
684 712 2
685 686 2
685 713 3
686 687 2
686 714 5
687 688 1
687 715 2
688 689 4
688 716 5
689 690 1
689 717 1
690 691 1
690 718 4
691 692 2
691 719 1
692 693 5
692 720 1
693 694 1
693 721 1
694 695 1
694 722 4
695 696 2
695 723 2
696 697 5
696 724 4
697 698 5
697 725 2
698 699 5
698 726 2
699 700 2
699 727 4
700 728 2
701 702 4
701 729 3
702 703 2
702 730 2
703 704 4
703 731 3
704 705 1
704 732 5
705 706 5
705 733 2
706 707 4
706 734 1
707 708 3
707 735 4
708 709 5
708 736 5
709 710 3
709 737 2
710 711 5
710 738 3
711 712 5
711 739 1
712 713 3
712 740 2
713 714 4
713 741 1
714 715 2
714 742 4
715 716 5
715 743 3
716 717 2
716 744 5
717 718 3
717 745 4
718 719 5
718 746 3
719 720 3
719 747 4
720 721 3
720 748 1
721 722 1
721 749 1
722 723 5
722 750 5
723 724 4
723 751 3
724 725 5
724 752 1
725 726 2
725 753 5
726 727 2
726 754 2
727 728 5
727 755 1
728 756 2
729 730 4
729 757 4
730 731 4
730 758 1
731 732 2
731 759 5
732 733 3
732 760 3
733 734 4
733 761 3
734 735 2
734 762 3
735 736 3
735 763 3
736 737 5
736 764 5
737 738 2
737 765 2
738 739 2
738 766 1
739 740 5
739 767 1
740 741 3
740 768 4
741 742 2
741 769 3
742 743 1
742 770 5
743 744 3
743 771 1
744 745 1
744 772 3
745 746 2
745 773 3
746 747 4
746 774 4
747 748 3
747 775 5
748 749 3
748 776 1
749 750 4
749 777 3
750 751 5
750 778 5
751 752 2
751 779 3
752 753 4
752 780 3
753 754 2
753 781 3
754 755 1
754 782 1
755 756 1
755 783 5
756 784 5
757 758 3
758 759 3
759 760 4
760 761 1
761 762 1
762 763 3
763 764 2
764 765 3
765 766 3
766 767 1
767 768 5
768 769 4
769 770 5
770 771 2
771 772 3
772 773 2
773 774 2
774 775 3
775 776 3
776 777 3
777 778 1
778 779 5
779 780 4
780 781 1
781 782 4
782 783 2
783 784 3
