784 1512
1 2 3
1 29 1
2 3 5
2 30 5
3 4 2
3 31 1
4 5 2
4 32 1
5 6 1
5 33 3
6 7 3
6 34 2
7 8 5
7 35 2
8 9 2
8 36 2
9 10 2
9 37 1
10 11 4
10 38 5
11 12 2
11 39 1
12 13 2
12 40 3
13 14 2
13 41 5
14 15 2
14 42 2
15 16 1
15 43 4
16 17 4
16 44 2
17 18 1
17 45 5
18 19 4
18 46 4
19 20 5
19 47 5
20 21 2
20 48 2
21 22 4
21 49 2
22 23 3
22 50 5
23 24 1
23 51 5
24 25 2
24 52 1
25 26 5
25 53 4
26 27 2
26 54 1
27 28 3
27 55 5
28 56 4
29 30 1
29 57 1
30 31 4
30 58 2
31 32 5
31 59 2
32 33 2
32 60 5
33 34 3
33 61 1
34 35 2
34 62 5
35 36 5
35 63 1
36 37 3
36 64 5
37 38 5
37 65 4
38 39 4
38 66 1
39 40 2
39 67 1
40 41 1
40 68 2
41 42 1
41 69 1
42 43 5
42 70 2
43 44 1
43 71 3
44 45 2
44 72 4
45 46 3
45 73 2
46 47 4
46 74 1
47 48 2
47 75 2
48 49 1
48 76 5
49 50 2
49 77 3
50 51 3
50 78 5
51 52 2
51 79 5
52 53 1
52 80 5
53 54 4
53 81 1
54 55 3
54 82 5
55 56 3
55 83 3
56 84 4
57 58 4
57 85 5
58 59 5
58 86 1
59 60 3
59 87 4
60 61 1
60 88 2
61 62 5
61 89 1
62 63 3
62 90 3
63 64 5
63 91 1
64 65 3
64 92 4
65 66 4
65 93 4
66 67 5
66 94 2
67 68 4
67 95 4
68 69 2
68 96 1
69 70 5
69 97 4
70 71 5
70 98 4
71 72 2
71 99 5
72 73 4
72 100 1
73 74 5
73 101 5
74 75 3
74 102 5
75 76 1
75 103 4
76 77 3
76 104 3
77 78 4
77 105 1
78 79 5
78 106 2
79 80 4
79 107 4
80 81 3
80 108 1
81 82 4
81 109 5
82 83 3
82 110 3
83 84 3
83 111 3
84 112 5
85 86 2
85 113 5
86 87 2
86 114 1
87 88 5
87 115 2
88 89 2
88 116 2
89 90 1
89 117 5
90 91 4
90 118 4
91 92 3
91 119 2
92 93 4
92 120 2
93 94 5
93 121 5
94 95 5
94 122 2
95 96 4
95 123 3
96 97 4
96 124 2
97 98 3
97 125 3
98 99 5
98 126 1
99 100 3
99 127 2
100 101 3
100 128 2
101 102 4
101 129 3
102 103 4
102 130 3
103 104 2
103 131 1
104 105 4
104 132 1
105 106 2
105 133 1
106 107 3
106 134 4
107 108 1
107 135 4
108 109 5
108 136 2
109 110 5
109 137 1
110 111 2
110 138 3
111 112 4
111 139 1
112 140 5
113 114 5
113 141 5
114 115 2
114 142 5
115 116 4
115 143 4
116 117 3
116 144 5
117 118 1
117 145 5
118 119 2
118 146 1
119 120 3
119 147 3
120 121 3
120 148 1
121 122 1
121 149 3
122 123 2
122 150 5
123 124 1
123 151 4
124 125 1
124 152 5
125 126 4
125 153 3
126 127 2
126 154 4
127 128 4
127 155 1
128 129 4
128 156 4
129 130 5
129 157 3
130 131 4
130 158 5
131 132 5
131 159 2
132 133 4
132 160 4
133 134 5
133 161 3
134 135 5
134 162 3
135 136 2
135 163 5
136 137 3
136 164 1
137 138 2
137 165 2
138 139 3
138 166 2
139 140 4
139 167 5
140 168 5
141 142 2
141 169 3
142 143 4
142 170 5
143 144 1
143 171 3
144 145 4
144 172 2
145 146 4
145 173 4
146 147 5
146 174 2
147 148 3
147 175 4
148 149 2
148 176 3
149 150 4
149 177 5
150 151 1
150 178 3
151 152 2
151 179 5
152 153 1
152 180 3
153 154 1
153 181 1
154 155 3
154 182 4
155 156 2
155 183 3
156 157 5
156 184 1
157 158 2
157 185 1
158 159 3
158 186 5
159 160 4
159 187 1
160 161 2
160 188 4
161 162 5
161 189 1
162 163 1
162 190 5
163 164 5
163 191 2
164 165 2
164 192 1
165 166 2
165 193 4
166 167 2
166 194 5
167 168 4
167 195 4
168 196 5
169 170 3
169 197 3
170 171 3
170 198 2
171 172 1
171 199 3
172 173 2
172 200 4
173 174 1
173 201 1
174 175 4
174 202 1
175 176 1
175 203 2
176 177 4
176 204 5
177 178 2
177 205 4
178 179 2
178 206 4
179 180 1
179 207 4
180 181 1
180 208 3
181 182 2
181 209 4
182 183 5
182 210 3
183 184 2
183 211 5
184 185 4
184 212 4
185 186 3
185 213 2
186 187 1
186 214 3
187 188 5
187 215 1
188 189 2
188 216 1
189 190 5
189 217 4
190 191 4
190 218 4
191 192 5
191 219 5
192 193 4
192 220 2
193 194 5
193 221 4
194 195 5
194 222 4
195 196 5
195 223 1
196 224 1
197 198 5
197 225 2
198 199 5
198 226 2
199 200 1
199 227 5
200 201 2
200 228 3
201 202 3
201 229 5
202 203 4
202 230 2
203 204 4
203 231 2
204 205 5
204 232 5
205 206 4
205 233 1
206 207 4
206 234 3
207 208 1
207 235 3
208 209 4
208 236 3
209 210 5
209 237 2
210 211 3
210 238 1
211 212 1
211 239 5
212 213 3
212 240 5
213 214 1
213 241 4
214 215 5
214 242 3
215 216 5
215 243 2
216 217 3
216 244 5
217 218 5
217 245 2
218 219 4
218 246 1
219 220 4
219 247 2
220 221 4
220 248 4
221 222 5
221 249 2
222 223 3
222 250 2
223 224 5
223 251 1
224 252 5
225 226 5
225 253 3
226 227 1
226 254 4
227 228 2
227 255 1
228 229 5
228 256 3
229 230 3
229 257 5
230 231 1
230 258 5
231 232 2
231 259 4
232 233 2
232 260 4
233 234 2
233 261 4
234 235 3
234 262 5
235 236 5
235 263 2
236 237 3
236 264 1
237 238 3
237 265 2
238 239 1
238 266 2
239 240 5
239 267 2
240 241 4
240 268 2
241 242 2
241 269 1
242 243 2
242 270 2
243 244 1
243 271 4
244 245 2
244 272 2
245 246 3
245 273 5
246 247 5
246 274 3
247 248 3
247 275 5
248 249 2
248 276 3
249 250 2
249 277 5
250 251 4
250 278 2
251 252 3
251 279 2
252 280 5
253 254 2
253 281 3
254 255 3
254 282 2
255 256 4
255 283 1
256 257 2
256 284 2
257 258 5
257 285 3
258 259 2
258 286 1
259 260 4
259 287 5
260 261 5
260 288 5
261 262 2
261 289 3
262 263 3
262 290 4
263 264 1
263 291 3
264 265 5
264 292 3
265 266 3
265 293 1
266 267 4
266 294 4
267 268 2
267 295 5
268 269 4
268 296 2
269 270 5
269 297 3
270 271 2
270 298 3
271 272 3
271 299 3
272 273 4
272 300 2
273 274 3
273 301 4
274 275 1
274 302 5
275 276 5
275 303 4
276 277 1
276 304 3
277 278 4
277 305 4
278 279 2
278 306 4
279 280 5
279 307 3
280 308 5
281 282 2
281 309 1
282 283 4
282 310 1
283 284 2
283 311 2
284 285 1
284 312 5
285 286 5
285 313 5
286 287 4
286 314 1
287 288 5
287 315 1
288 289 2
288 316 5
289 290 2
289 317 2
290 291 5
290 318 2
291 292 4
291 319 1
292 293 5
292 320 1
293 294 3
293 321 1
294 295 5
294 322 5
295 296 2
295 323 3
296 297 5
296 324 3
297 298 3
297 325 2
298 299 2
298 326 2
299 300 5
299 327 5
300 301 1
300 328 4
301 302 3
301 329 3
302 303 3
302 330 5
303 304 2
303 331 3
304 305 5
304 332 1
305 306 4
305 333 1
306 307 5
306 334 4
307 308 4
307 335 2
308 336 1
309 310 1
309 337 1
310 311 2
310 338 5
311 312 5
311 339 1
312 313 4
312 340 4
313 314 1
313 341 1
314 315 4
314 342 5
315 316 4
315 343 2
316 317 3
316 344 5
317 318 2
317 345 1
318 319 3
318 346 5
319 320 4
319 347 2
320 321 4
320 348 4
321 322 4
321 349 2
322 323 4
322 350 4
323 324 5
323 351 4
324 325 1
324 352 3
325 326 4
325 353 1
326 327 5
326 354 2
327 328 5
327 355 5
328 329 5
328 356 2
329 330 5
329 357 2
330 331 4
330 358 5
331 332 3
331 359 1
332 333 3
332 360 3
333 334 2
333 361 1
334 335 4
334 362 4
335 336 2
335 363 4
336 364 4
337 338 4
337 365 5
338 339 1
338 366 5
339 340 4
339 367 5
340 341 2
340 368 3
341 342 1
341 369 4
342 343 2
342 370 3
343 344 1
343 371 3
344 345 5
344 372 3
345 346 4
345 373 5
346 347 4
346 374 5
347 348 3
347 375 1
348 349 3
348 376 1
349 350 4
349 377 3
350 351 1
350 378 2
351 352 1
351 379 3
352 353 4
352 380 2
353 354 2
353 381 2
354 355 2
354 382 4
355 356 5
355 383 3
356 357 2
356 384 1
357 358 3
357 385 3
358 359 5
358 386 3
359 360 2
359 387 3
360 361 4
360 388 5
361 362 3
361 389 3
362 363 5
362 390 4
363 364 1
363 391 3
364 392 4
365 366 2
365 393 3
366 367 5
366 394 3
367 368 4
367 395 2
368 369 2
368 396 2
369 370 3
369 397 3
370 371 3
370 398 2
371 372 2
371 399 2
372 373 5
372 400 1
373 374 4
373 401 1
374 375 3
374 402 1
375 376 5
375 403 4
376 377 3
376 404 2
377 378 5
377 405 1
378 379 1
378 406 1
379 380 3
379 407 1
380 381 1
380 408 5
381 382 2
381 409 3
382 383 4
382 410 2
383 384 1
383 411 3
384 385 5
384 412 3
385 386 2
385 413 2
386 387 3
386 414 4
387 388 5
387 415 2
388 389 3
388 416 3
389 390 2
389 417 5
390 391 2
390 418 3
391 392 3
391 419 4
392 420 1
393 394 4
393 421 1
394 395 3
394 422 2
395 396 3
395 423 3
396 397 5
396 424 1
397 398 3
397 425 4
398 399 5
398 426 2
399 400 2
399 427 3
400 401 3
400 428 3
401 402 2
401 429 5
402 403 3
402 430 1
403 404 2
403 431 1
404 405 1
404 432 3
405 406 5
405 433 4
406 407 2
406 434 1
407 408 2
407 435 3
408 409 1
408 436 3
409 410 2
409 437 5
410 411 2
410 438 1
411 412 1
411 439 4
412 413 2
412 440 4
413 414 3
413 441 3
414 415 1
414 442 4
415 416 5
415 443 5
416 417 2
416 444 3
417 418 5
417 445 1
418 419 4
418 446 3
419 420 4
419 447 2
420 448 3
421 422 2
421 449 2
422 423 2
422 450 3
423 424 3
423 451 4
424 425 4
424 452 5
425 426 4
425 453 2
426 427 2
426 454 1
427 428 2
427 455 5
428 429 5
428 456 2
429 430 5
429 457 1
430 431 5
430 458 4
431 432 2
431 459 3
432 433 5
432 460 2
433 434 2
433 461 1
434 435 4
434 462 1
435 436 2
435 463 5
436 437 2
436 464 1
437 438 2
437 465 5
438 439 1
438 466 5
439 440 1
439 467 2
440 441 4
440 468 2
441 442 1
441 469 2
442 443 4
442 470 3
443 444 1
443 471 3
444 445 3
444 472 4
445 446 5
445 473 2
446 447 3
446 474 2
447 448 2
447 475 3
448 476 3
449 450 2
449 477 5
450 451 1
450 478 5
451 452 3
451 479 2
452 453 5
452 480 3
453 454 3
453 481 3
454 455 1
454 482 4
455 456 1
455 483 1
456 457 1
456 484 3
457 458 4
457 485 3
458 459 4
458 486 5
459 460 2
459 487 5
460 461 3
460 488 4
461 462 4
461 489 5
462 463 4
462 490 5
463 464 1
463 491 3
464 465 5
464 492 3
465 466 2
465 493 2
466 467 2
466 494 2
467 468 3
467 495 3
468 469 5
468 496 4
469 470 1
469 497 5
470 471 5
470 498 5
471 472 5
471 499 5
472 473 4
472 500 3
473 474 4
473 501 4
474 475 3
474 502 5
475 476 1
475 503 5
476 504 2
477 478 1
477 505 4
478 479 2
478 506 1
479 480 2
479 507 3
480 481 2
480 508 2
481 482 1
481 509 3
482 483 2
482 510 4
483 484 1
483 511 2
484 485 5
484 512 1
485 486 5
485 513 3
486 487 4
486 514 3
487 488 1
487 515 2
488 489 3
488 516 5
489 490 3
489 517 3
490 491 5
490 518 2
491 492 3
491 519 2
492 493 5
492 520 5
493 494 4
493 521 5
494 495 2
494 522 4
495 496 1
495 523 3
496 497 2
496 524 1
497 498 4
497 525 5
498 499 4
498 526 1
499 500 5
499 527 4
500 501 1
500 528 5
501 502 2
501 529 3
502 503 1
502 530 1
503 504 5
503 531 3
504 532 3
505 506 4
505 533 1
506 507 2
506 534 2
507 508 3
507 535 2
508 509 3
508 536 2
509 510 5
509 537 3
510 511 2
510 538 2
511 512 5
511 539 5
512 513 3
512 540 5
513 514 5
513 541 2
514 515 4
514 542 5
515 516 3
515 543 3
516 517 4
516 544 2
517 518 3
517 545 3
518 519 2
518 546 5
519 520 3
519 547 5
520 521 5
520 548 4
521 522 5
521 549 4
522 523 2
522 550 2
523 524 3
523 551 2
524 525 2
524 552 2
525 526 1
525 553 5
526 527 1
526 554 5
527 528 1
527 555 4
528 529 1
528 556 5
529 530 4
529 557 2
530 531 4
530 558 5
531 532 5
531 559 1
532 560 2
533 534 5
533 561 2
534 535 2
534 562 3
535 536 5
535 563 5
536 537 2
536 564 2
537 538 2
537 565 3
538 539 3
538 566 2
539 540 5
539 567 5
540 541 2
540 568 2
541 542 2
541 569 2
542 543 4
542 570 4
543 544 3
543 571 1
544 545 3
544 572 2
545 546 1
545 573 5
546 547 5
546 574 3
547 548 4
547 575 3
548 549 1
548 576 4
549 550 2
549 577 2
550 551 1
550 578 4
551 552 5
551 579 2
552 553 2
552 580 5
553 554 1
553 581 5
554 555 5
554 582 1
555 556 5
555 583 2
556 557 1
556 584 2
557 558 5
557 585 5
558 559 2
558 586 1
559 560 1
559 587 1
560 588 3
561 562 2
561 589 2
562 563 4
562 590 4
563 564 3
563 591 2
564 565 3
564 592 3
565 566 1
565 593 5
566 567 4
566 594 4
567 568 1
567 595 4
568 569 5
568 596 2
569 570 2
569 597 3
570 571 3
570 598 3
571 572 1
571 599 4
572 573 3
572 600 5
573 574 5
573 601 3
574 575 2
574 602 2
575 576 4
575 603 3
576 577 1
576 604 1
577 578 4
577 605 3
578 579 1
578 606 1
579 580 2
579 607 2
580 581 3
580 608 5
581 582 2
581 609 1
582 583 5
582 610 1
583 584 5
583 611 5
584 585 4
584 612 2
585 586 3
585 613 1
586 587 5
586 614 1
587 588 1
587 615 4
588 616 2
589 590 2
589 617 3
590 591 4
590 618 1
591 592 3
591 619 5
592 593 4
592 620 3
593 594 5
593 621 2
594 595 1
594 622 4
595 596 3
595 623 2
596 597 5
596 624 3
597 598 5
597 625 2
598 599 1
598 626 4
599 600 2
599 627 4
600 601 3
600 628 2
601 602 5
601 629 1
602 603 3
602 630 2
603 604 5
603 631 5
604 605 2
604 632 5
605 606 5
605 633 5
606 607 1
606 634 2
607 608 3
607 635 5
608 609 5
608 636 5
609 610 1
609 637 3
610 611 2
610 638 5
611 612 3
611 639 4
612 613 4
612 640 4
613 614 5
613 641 3
614 615 3
614 642 1
615 616 1
615 643 1
616 644 4
617 618 5
617 645 5
618 619 2
618 646 2
619 620 5
619 647 2
620 621 2
620 648 4
621 622 4
621 649 4
622 623 2
622 650 5
623 624 1
623 651 1
624 625 1
624 652 2
625 626 1
625 653 3
626 627 2
626 654 1
627 628 1
627 655 3
628 629 5
628 656 4
629 630 1
629 657 2
630 631 3
630 658 1
631 632 5
631 659 2
632 633 5
632 660 4
633 634 5
633 661 3
634 635 2
634 662 5
635 636 1
635 663 1
636 637 2
636 664 2
637 638 2
637 665 5
638 639 1
638 666 3
639 640 1
639 667 3
640 641 4
640 668 3
641 642 2
641 669 5
642 643 2
642 670 2
643 644 1
643 671 3
644 672 3
645 646 5
645 673 3
646 647 3
646 674 5
647 648 3
647 675 4
648 649 4
648 676 1
649 650 5
649 677 5
650 651 1
650 678 5
651 652 4
651 679 1
652 653 2
652 680 2
653 654 1
653 681 4
654 655 1
654 682 5
655 656 4
655 683 5
656 657 3
656 684 2
657 658 4
657 685 4
658 659 5
658 686 1
659 660 1
659 687 5
660 661 3
660 688 5
661 662 3
661 689 2
662 663 2
662 690 1
663 664 5
663 691 5
664 665 5
664 692 4
665 666 5
665 693 2
666 667 5
666 694 2
667 668 5
667 695 2
668 669 4
668 696 4
669 670 5
669 697 1
670 671 5
670 698 2
671 672 2
671 699 2
672 700 5
673 674 2
673 701 3
674 675 2
674 702 3
675 676 5
675 703 1
676 677 4
676 704 5
677 678 5
677 705 3
678 679 1
678 706 3
679 680 2
679 707 4
680 681 4
680 708 4
681 682 4
681 709 1
682 683 3
682 710 2
683 684 5
683 711 2
684 685 1
684 712 4
685 686 3
685 713 3
686 687 5
686 714 3
687 688 3
687 715 5
688 689 3
688 716 2
689 690 3
689 717 1
690 691 2
690 718 5
691 692 1
691 719 1
692 693 4
692 720 3
693 694 5
693 721 2
694 695 1
694 722 5
695 696 4
695 723 4
696 697 1
696 724 4
697 698 4
697 725 3
698 699 2
698 726 1
699 700 1
699 727 4
700 728 1
701 702 3
701 729 4
702 703 3
702 730 3
703 704 2
703 731 4
704 705 3
704 732 4
705 706 3
705 733 3
706 707 2
706 734 4
707 708 4
707 735 2
708 709 4
708 736 1
709 710 3
709 737 2
710 711 3
710 738 2
711 712 3
711 739 3
712 713 3
712 740 3
713 714 4
713 741 1
714 715 2
714 742 5
715 716 5
715 743 4
716 717 2
716 744 5
717 718 3
717 745 3
718 719 4
718 746 3
719 720 5
719 747 5
720 721 1
720 748 1
721 722 4
721 749 4
722 723 3
722 750 4
723 724 4
723 751 3
724 725 5
724 752 5
725 726 2
725 753 4
726 727 3
726 754 4
727 728 5
727 755 3
728 756 5
729 730 2
729 757 4
730 731 5
730 758 4
731 732 2
731 759 5
732 733 4
732 760 2
733 734 3
733 761 3
734 735 2
734 762 4
735 736 3
735 763 2
736 737 5
736 764 5
737 738 4
737 765 2
738 739 5
738 766 1
739 740 2
739 767 4
740 741 4
740 768 5
741 742 1
741 769 1
742 743 4
742 770 4
743 744 3
743 771 3
744 745 4
744 772 1
745 746 2
745 773 1
746 747 4
746 774 5
747 748 4
747 775 3
748 749 2
748 776 5
749 750 1
749 777 5
750 751 5
750 778 3
751 752 1
751 779 5
752 753 3
752 780 4
753 754 1
753 781 2
754 755 2
754 782 4
755 756 3
755 783 3
756 784 5
757 758 5
758 759 4
759 760 1
760 761 4
761 762 3
762 763 2
763 764 5
764 765 3
765 766 2
766 767 4
767 768 4
768 769 3
769 770 5
770 771 5
771 772 4
772 773 2
773 774 2
774 775 4
775 776 5
776 777 1
777 778 1
778 779 1
779 780 4
780 781 2
781 782 5
782 783 2
783 784 1
