1600 3120
1 2 1
1 41 3
2 3 4
2 42 5
3 4 2
3 43 5
4 5 4
4 44 1
5 6 3
5 45 5
6 7 5
6 46 2
7 8 1
7 47 4
8 9 2
8 48 5
9 10 5
9 49 2
10 11 5
10 50 4
11 12 2
11 51 5
12 13 4
12 52 5
13 14 4
13 53 1
14 15 2
14 54 3
15 16 3
15 55 3
16 17 2
16 56 3
17 18 1
17 57 5
18 19 2
18 58 5
19 20 5
19 59 4
20 21 3
20 60 4
21 22 1
21 61 5
22 23 2
22 62 4
23 24 4
23 63 2
24 25 4
24 64 3
25 26 3
25 65 1
26 27 1
26 66 4
27 28 3
27 67 3
28 29 5
28 68 2
29 30 5
29 69 5
30 31 1
30 70 4
31 32 5
31 71 3
32 33 2
32 72 4
33 34 3
33 73 3
34 35 4
34 74 2
35 36 4
35 75 3
36 37 5
36 76 4
37 38 5
37 77 5
38 39 1
38 78 4
39 40 2
39 79 5
40 80 4
41 42 2
41 81 5
42 43 1
42 82 2
43 44 2
43 83 2
44 45 5
44 84 5
45 46 2
45 85 3
46 47 5
46 86 5
47 48 2
47 87 4
48 49 3
48 88 5
49 50 1
49 89 1
50 51 3
50 90 5
51 52 5
51 91 1
52 53 1
52 92 3
53 54 5
53 93 5
54 55 5
54 94 5
55 56 2
55 95 4
56 57 5
56 96 4
57 58 2
57 97 4
58 59 2
58 98 4
59 60 3
59 99 5
60 61 1
60 100 3
61 62 4
61 101 4
62 63 3
62 102 3
63 64 5
63 103 5
64 65 2
64 104 4
65 66 1
65 105 4
66 67 5
66 106 4
67 68 4
67 107 1
68 69 3
68 108 2
69 70 5
69 109 1
70 71 2
70 110 2
71 72 2
71 111 3
72 73 3
72 112 5
73 74 4
73 113 5
74 75 3
74 114 3
75 76 4
75 115 2
76 77 2
76 116 5
77 78 1
77 117 5
78 79 2
78 118 2
79 80 2
79 119 2
80 120 4
81 82 2
81 121 5
82 83 2
82 122 2
83 84 4
83 123 1
84 85 5
84 124 1
85 86 1
85 125 1
86 87 1
86 126 2
87 88 3
87 127 2
88 89 5
88 128 1
89 90 3
89 129 3
90 91 2
90 130 2
91 92 3
91 131 3
92 93 4
92 132 3
93 94 5
93 133 4
94 95 3
94 134 3
95 96 3
95 135 4
96 97 3
96 136 4
97 98 5
97 137 3
98 99 3
98 138 2
99 100 1
99 139 1
100 101 5
100 140 1
101 102 3
101 141 3
102 103 2
102 142 5
103 104 5
103 143 4
104 105 5
104 144 5
105 106 2
105 145 4
106 107 5
106 146 5
107 108 1
107 147 2
108 109 4
108 148 4
109 110 2
109 149 1
110 111 4
110 150 3
111 112 2
111 151 2
112 113 4
112 152 5
113 114 3
113 153 3
114 115 4
114 154 1
115 116 1
115 155 1
116 117 4
116 156 3
117 118 4
117 157 5
118 119 3
118 158 3
119 120 1
119 159 3
120 160 5
121 122 1
121 161 3
122 123 5
122 162 4
123 124 2
123 163 4
124 125 3
124 164 3
125 126 5
125 165 5
126 127 4
126 166 4
127 128 3
127 167 2
128 129 2
128 168 2
129 130 3
129 169 1
130 131 3
130 170 3
131 132 2
131 171 4
132 133 3
132 172 2
133 134 3
133 173 2
134 135 4
134 174 2
135 136 4
135 175 3
136 137 1
136 176 2
137 138 4
137 177 4
138 139 4
138 178 4
139 140 4
139 179 4
140 141 1
140 180 1
141 142 1
141 181 2
142 143 1
142 182 4
143 144 1
143 183 2
144 145 5
144 184 1
145 146 2
145 185 3
146 147 2
146 186 4
147 148 3
147 187 1
148 149 3
148 188 5
149 150 4
149 189 2
150 151 3
150 190 2
151 152 5
151 191 3
152 153 5
152 192 3
153 154 1
153 193 2
154 155 2
154 194 4
155 156 2
155 195 3
156 157 4
156 196 5
157 158 5
157 197 2
158 159 2
158 198 2
159 160 2
159 199 3
160 200 3
161 162 2
161 201 5
162 163 4
162 202 5
163 164 5
163 203 3
164 165 4
164 204 1
165 166 5
165 205 2
166 167 3
166 206 5
167 168 4
167 207 3
168 169 1
168 208 2
169 170 1
169 209 2
170 171 5
170 210 1
171 172 4
171 211 3
172 173 4
172 212 4
173 174 3
173 213 2
174 175 3
174 214 1
175 176 2
175 215 3
176 177 4
176 216 4
177 178 2
177 217 2
178 179 3
178 218 3
179 180 1
179 219 4
180 181 5
180 220 3
181 182 5
181 221 3
182 183 5
182 222 1
183 184 5
183 223 1
184 185 2
184 224 3
185 186 1
185 225 2
186 187 2
186 226 1
187 188 5
187 227 3
188 189 1
188 228 1
189 190 4
189 229 1
190 191 5
190 230 4
191 192 3
191 231 4
192 193 3
192 232 4
193 194 4
193 233 5
194 195 5
194 234 5
195 196 3
195 235 5
196 197 2
196 236 4
197 198 5
197 237 2
198 199 2
198 238 4
199 200 3
199 239 3
200 240 1
201 202 5
201 241 4
202 203 4
202 242 1
203 204 4
203 243 1
204 205 3
204 244 3
205 206 5
205 245 1
206 207 5
206 246 3
207 208 4
207 247 5
208 209 3
208 248 4
209 210 2
209 249 3
210 211 3
210 250 3
211 212 2
211 251 3
212 213 3
212 252 3
213 214 3
213 253 2
214 215 4
214 254 5
215 216 5
215 255 4
216 217 5
216 256 5
217 218 1
217 257 2
218 219 4
218 258 3
219 220 3
219 259 5
220 221 1
220 260 5
221 222 4
221 261 4
222 223 2
222 262 2
223 224 2
223 263 2
224 225 5
224 264 5
225 226 5
225 265 4
226 227 5
226 266 4
227 228 5
227 267 2
228 229 1
228 268 2
229 230 4
229 269 4
230 231 3
230 270 1
231 232 4
231 271 5
232 233 3
232 272 5
233 234 5
233 273 2
234 235 4
234 274 5
235 236 5
235 275 4
236 237 3
236 276 4
237 238 3
237 277 4
238 239 2
238 278 1
239 240 2
239 279 2
240 280 1
241 242 1
241 281 1
242 243 4
242 282 5
243 244 3
243 283 1
244 245 5
244 284 5
245 246 3
245 285 2
246 247 2
246 286 2
247 248 4
247 287 2
248 249 4
248 288 5
249 250 4
249 289 5
250 251 3
250 290 1
251 252 3
251 291 3
252 253 1
252 292 1
253 254 4
253 293 5
254 255 3
254 294 2
255 256 1
255 295 3
256 257 3
256 296 5
257 258 5
257 297 3
258 259 2
258 298 1
259 260 5
259 299 2
260 261 5
260 300 1
261 262 5
261 301 2
262 263 3
262 302 5
263 264 4
263 303 4
264 265 5
264 304 5
265 266 2
265 305 4
266 267 3
266 306 2
267 268 2
267 307 4
268 269 5
268 308 3
269 270 3
269 309 3
270 271 5
270 310 1
271 272 4
271 311 2
272 273 1
272 312 5
273 274 4
273 313 2
274 275 4
274 314 5
275 276 2
275 315 5
276 277 1
276 316 4
277 278 5
277 317 4
278 279 2
278 318 2
279 280 3
279 319 4
280 320 2
281 282 3
281 321 5
282 283 3
282 322 2
283 284 4
283 323 1
284 285 5
284 324 2
285 286 5
285 325 3
286 287 5
286 326 5
287 288 3
287 327 4
288 289 5
288 328 1
289 290 3
289 329 4
290 291 3
290 330 4
291 292 5
291 331 1
292 293 4
292 332 5
293 294 3
293 333 4
294 295 3
294 334 2
295 296 1
295 335 2
296 297 2
296 336 4
297 298 1
297 337 5
298 299 3
298 338 1
299 300 4
299 339 5
300 301 1
300 340 5
301 302 2
301 341 2
302 303 3
302 342 2
303 304 2
303 343 1
304 305 4
304 344 1
305 306 1
305 345 2
306 307 3
306 346 1
307 308 5
307 347 3
308 309 2
308 348 2
309 310 3
309 349 4
310 311 1
310 350 2
311 312 4
311 351 2
312 313 2
312 352 2
313 314 3
313 353 2
314 315 1
314 354 4
315 316 5
315 355 5
316 317 1
316 356 1
317 318 2
317 357 3
318 319 1
318 358 2
319 320 1
319 359 3
320 360 3
321 322 4
321 361 1
322 323 1
322 362 4
323 324 1
323 363 3
324 325 1
324 364 3
325 326 2
325 365 1
326 327 4
326 366 2
327 328 4
327 367 3
328 329 1
328 368 5
329 330 1
329 369 1
330 331 3
330 370 5
331 332 3
331 371 4
332 333 5
332 372 4
333 334 3
333 373 4
334 335 5
334 374 5
335 336 1
335 375 4
336 337 5
336 376 3
337 338 3
337 377 5
338 339 1
338 378 5
339 340 4
339 379 1
340 341 5
340 380 1
341 342 2
341 381 1
342 343 4
342 382 1
343 344 3
343 383 4
344 345 2
344 384 4
345 346 4
345 385 1
346 347 2
346 386 3
347 348 3
347 387 4
348 349 1
348 388 1
349 350 3
349 389 3
350 351 5
350 390 1
351 352 1
351 391 1
352 353 1
352 392 3
353 354 5
353 393 5
354 355 4
354 394 4
355 356 5
355 395 1
356 357 5
356 396 1
357 358 5
357 397 1
358 359 2
358 398 3
359 360 5
359 399 2
360 400 5
361 362 5
361 401 4
362 363 2
362 402 3
363 364 2
363 403 1
364 365 4
364 404 3
365 366 1
365 405 1
366 367 3
366 406 1
367 368 1
367 407 5
368 369 1
368 408 4
369 370 1
369 409 4
370 371 5
370 410 5
371 372 3
371 411 2
372 373 1
372 412 1
373 374 2
373 413 4
374 375 5
374 414 5
375 376 5
375 415 3
376 377 4
376 416 4
377 378 2
377 417 5
378 379 3
378 418 3
379 380 5
379 419 4
380 381 2
380 420 3
381 382 3
381 421 2
382 383 1
382 422 3
383 384 5
383 423 1
384 385 1
384 424 2
385 386 3
385 425 4
386 387 2
386 426 5
387 388 3
387 427 1
388 389 4
388 428 5
389 390 3
389 429 2
390 391 3
390 430 3
391 392 3
391 431 5
392 393 4
392 432 5
393 394 2
393 433 5
394 395 1
394 434 3
395 396 3
395 435 1
396 397 3
396 436 1
397 398 1
397 437 5
398 399 3
398 438 2
399 400 2
399 439 4
400 440 1
401 402 2
401 441 1
402 403 5
402 442 3
403 404 1
403 443 4
404 405 1
404 444 5
405 406 4
405 445 3
406 407 5
406 446 5
407 408 3
407 447 5
408 409 2
408 448 2
409 410 1
409 449 2
410 411 2
410 450 3
411 412 1
411 451 2
412 413 5
412 452 2
413 414 1
413 453 5
414 415 2
414 454 2
415 416 5
415 455 2
416 417 5
416 456 1
417 418 4
417 457 4
418 419 5
418 458 4
419 420 3
419 459 3
420 421 4
420 460 5
421 422 1
421 461 2
422 423 3
422 462 4
423 424 4
423 463 5
424 425 4
424 464 5
425 426 1
425 465 3
426 427 3
426 466 3
427 428 3
427 467 3
428 429 3
428 468 5
429 430 4
429 469 4
430 431 1
430 470 1
431 432 2
431 471 1
432 433 3
432 472 2
433 434 3
433 473 1
434 435 3
434 474 1
435 436 3
435 475 2
436 437 2
436 476 2
437 438 5
437 477 1
438 439 1
438 478 2
439 440 5
439 479 2
440 480 4
441 442 2
441 481 5
442 443 2
442 482 2
443 444 2
443 483 1
444 445 5
444 484 3
445 446 3
445 485 1
446 447 1
446 486 4
447 448 1
447 487 5
448 449 5
448 488 3
449 450 1
449 489 5
450 451 3
450 490 2
451 452 4
451 491 5
452 453 3
452 492 1
453 454 3
453 493 4
454 455 1
454 494 1
455 456 4
455 495 5
456 457 4
456 496 4
457 458 4
457 497 5
458 459 3
458 498 4
459 460 4
459 499 1
460 461 5
460 500 1
461 462 2
461 501 5
462 463 3
462 502 1
463 464 5
463 503 3
464 465 1
464 504 5
465 466 1
465 505 3
466 467 1
466 506 3
467 468 3
467 507 3
468 469 5
468 508 4
469 470 3
469 509 3
470 471 4
470 510 5
471 472 4
471 511 4
472 473 4
472 512 5
473 474 2
473 513 2
474 475 4
474 514 2
475 476 4
475 515 3
476 477 4
476 516 2
477 478 2
477 517 2
478 479 4
478 518 4
479 480 3
479 519 2
480 520 2
481 482 4
481 521 1
482 483 5
482 522 2
483 484 1
483 523 5
484 485 5
484 524 5
485 486 3
485 525 1
486 487 4
486 526 3
487 488 1
487 527 5
488 489 5
488 528 1
489 490 3
489 529 3
490 491 2
490 530 5
491 492 2
491 531 2
492 493 4
492 532 2
493 494 5
493 533 1
494 495 4
494 534 2
495 496 3
495 535 2
496 497 1
496 536 5
497 498 2
497 537 3
498 499 4
498 538 4
499 500 2
499 539 3
500 501 2
500 540 2
501 502 4
501 541 1
502 503 3
502 542 4
503 504 3
503 543 5
504 505 4
504 544 4
505 506 2
505 545 1
506 507 4
506 546 2
507 508 4
507 547 2
508 509 4
508 548 3
509 510 3
509 549 4
510 511 1
510 550 1
511 512 1
511 551 5
512 513 3
512 552 2
513 514 2
513 553 4
514 515 2
514 554 3
515 516 1
515 555 2
516 517 3
516 556 3
517 518 4
517 557 1
518 519 5
518 558 5
519 520 2
519 559 3
520 560 2
521 522 4
521 561 3
522 523 3
522 562 3
523 524 5
523 563 2
524 525 5
524 564 4
525 526 3
525 565 2
526 527 1
526 566 4
527 528 1
527 567 1
528 529 3
528 568 1
529 530 4
529 569 4
530 531 3
530 570 4
531 532 5
531 571 4
532 533 4
532 572 1
533 534 3
533 573 1
534 535 2
534 574 2
535 536 5
535 575 2
536 537 1
536 576 2
537 538 4
537 577 5
538 539 5
538 578 4
539 540 4
539 579 3
540 541 5
540 580 5
541 542 4
541 581 2
542 543 2
542 582 4
543 544 5
543 583 4
544 545 2
544 584 1
545 546 1
545 585 2
546 547 1
546 586 4
547 548 2
547 587 3
548 549 3
548 588 2
549 550 3
549 589 4
550 551 3
550 590 3
551 552 3
551 591 4
552 553 2
552 592 5
553 554 3
553 593 2
554 555 2
554 594 5
555 556 4
555 595 4
556 557 1
556 596 2
557 558 4
557 597 2
558 559 3
558 598 2
559 560 4
559 599 3
560 600 1
561 562 5
561 601 5
562 563 2
562 602 4
563 564 5
563 603 4
564 565 2
564 604 1
565 566 4
565 605 2
566 567 1
566 606 3
567 568 3
567 607 5
568 569 4
568 608 2
569 570 2
569 609 2
570 571 1
570 610 4
571 572 5
571 611 4
572 573 3
572 612 2
573 574 1
573 613 1
574 575 2
574 614 5
575 576 2
575 615 3
576 577 4
576 616 4
577 578 4
577 617 4
578 579 3
578 618 3
579 580 5
579 619 2
580 581 5
580 620 1
581 582 5
581 621 2
582 583 2
582 622 2
583 584 2
583 623 1
584 585 5
584 624 3
585 586 5
585 625 1
586 587 5
586 626 1
587 588 2
587 627 3
588 589 4
588 628 3
589 590 5
589 629 3
590 591 5
590 630 3
591 592 3
591 631 5
592 593 3
592 632 3
593 594 3
593 633 5
594 595 2
594 634 3
595 596 2
595 635 4
596 597 4
596 636 1
597 598 2
597 637 3
598 599 2
598 638 3
599 600 5
599 639 5
600 640 3
601 602 3
601 641 3
602 603 5
602 642 1
603 604 3
603 643 5
604 605 2
604 644 2
605 606 5
605 645 1
606 607 1
606 646 4
607 608 4
607 647 1
608 609 3
608 648 1
609 610 3
609 649 3
610 611 2
610 650 2
611 612 3
611 651 3
612 613 5
612 652 4
613 614 4
613 653 2
614 615 5
614 654 5
615 616 2
615 655 1
616 617 5
616 656 4
617 618 3
617 657 4
618 619 2
618 658 5
619 620 3
619 659 2
620 621 1
620 660 1
621 622 2
621 661 4
622 623 2
622 662 4
623 624 2
623 663 5
624 625 2
624 664 3
625 626 1
625 665 1
626 627 2
626 666 2
627 628 5
627 667 3
628 629 2
628 668 4
629 630 2
629 669 4
630 631 3
630 670 5
631 632 2
631 671 3
632 633 4
632 672 5
633 634 4
633 673 1
634 635 4
634 674 5
635 636 5
635 675 5
636 637 2
636 676 1
637 638 4
637 677 3
638 639 3
638 678 2
639 640 2
639 679 1
640 680 2
641 642 2
641 681 3
642 643 4
642 682 4
643 644 2
643 683 1
644 645 4
644 684 1
645 646 3
645 685 2
646 647 3
646 686 5
647 648 4
647 687 4
648 649 5
648 688 3
649 650 2
649 689 2
650 651 2
650 690 4
651 652 2
651 691 5
652 653 5
652 692 3
653 654 5
653 693 1
654 655 3
654 694 4
655 656 3
655 695 3
656 657 4
656 696 2
657 658 1
657 697 3
658 659 1
658 698 4
659 660 5
659 699 4
660 661 3
660 700 5
661 662 2
661 701 4
662 663 1
662 702 1
663 664 3
663 703 2
664 665 2
664 704 4
665 666 3
665 705 1
666 667 2
666 706 3
667 668 3
667 707 2
668 669 4
668 708 2
669 670 1
669 709 3
670 671 3
670 710 2
671 672 5
671 711 4
672 673 4
672 712 4
673 674 4
673 713 3
674 675 3
674 714 1
675 676 5
675 715 1
676 677 5
676 716 5
677 678 4
677 717 4
678 679 4
678 718 5
679 680 5
679 719 1
680 720 5
681 682 3
681 721 1
682 683 1
682 722 2
683 684 5
683 723 2
684 685 4
684 724 3
685 686 3
685 725 1
686 687 5
686 726 2
687 688 5
687 727 4
688 689 3
688 728 3
689 690 3
689 729 5
690 691 1
690 730 1
691 692 3
691 731 2
692 693 2
692 732 3
693 694 5
693 733 2
694 695 1
694 734 5
695 696 3
695 735 4
696 697 1
696 736 5
697 698 2
697 737 4
698 699 4
698 738 2
699 700 5
699 739 4
700 701 2
700 740 4
701 702 3
701 741 1
702 703 4
702 742 1
703 704 5
703 743 2
704 705 3
704 744 5
705 706 5
705 745 4
706 707 1
706 746 4
707 708 3
707 747 5
708 709 5
708 748 4
709 710 4
709 749 4
710 711 2
710 750 4
711 712 4
711 751 5
712 713 1
712 752 4
713 714 1
713 753 2
714 715 4
714 754 1
715 716 2
715 755 4
716 717 1
716 756 1
717 718 5
717 757 2
718 719 4
718 758 3
719 720 5
719 759 2
720 760 4
721 722 2
721 761 3
722 723 2
722 762 1
723 724 3
723 763 3
724 725 4
724 764 2
725 726 4
725 765 3
726 727 1
726 766 1
727 728 1
727 767 1
728 729 4
728 768 2
729 730 4
729 769 1
730 731 4
730 770 4
731 732 3
731 771 5
732 733 2
732 772 1
733 734 1
733 773 4
734 735 4
734 774 3
735 736 2
735 775 2
736 737 1
736 776 4
737 738 2
737 777 4
738 739 4
738 778 5
739 740 4
739 779 3
740 741 2
740 780 1
741 742 2
741 781 5
742 743 3
742 782 5
743 744 1
743 783 5
744 745 1
744 784 3
745 746 3
745 785 4
746 747 2
746 786 5
747 748 4
747 787 2
748 749 2
748 788 1
749 750 4
749 789 1
750 751 2
750 790 5
751 752 5
751 791 1
752 753 1
752 792 3
753 754 4
753 793 4
754 755 1
754 794 1
755 756 4
755 795 4
756 757 4
756 796 4
757 758 5
757 797 4
758 759 4
758 798 3
759 760 3
759 799 4
760 800 5
761 762 2
761 801 3
762 763 1
762 802 2
763 764 4
763 803 1
764 765 5
764 804 4
765 766 5
765 805 4
766 767 4
766 806 1
767 768 2
767 807 1
768 769 2
768 808 1
769 770 3
769 809 5
770 771 5
770 810 2
771 772 1
771 811 1
772 773 3
772 812 1
773 774 1
773 813 1
774 775 1
774 814 5
775 776 3
775 815 1
776 777 5
776 816 3
777 778 3
777 817 4
778 779 5
778 818 5
779 780 4
779 819 5
780 781 4
780 820 3
781 782 2
781 821 3
782 783 2
782 822 1
783 784 1
783 823 5
784 785 1
784 824 1
785 786 5
785 825 1
786 787 1
786 826 5
787 788 2
787 827 4
788 789 4
788 828 5
789 790 1
789 829 1
790 791 4
790 830 2
791 792 4
791 831 1
792 793 2
792 832 5
793 794 1
793 833 5
794 795 4
794 834 2
795 796 3
795 835 2
796 797 2
796 836 2
797 798 3
797 837 5
798 799 5
798 838 5
799 800 4
799 839 5
800 840 2
801 802 2
801 841 5
802 803 2
802 842 2
803 804 2
803 843 1
804 805 4
804 844 2
805 806 3
805 845 1
806 807 1
806 846 2
807 808 1
807 847 1
808 809 2
808 848 1
809 810 5
809 849 2
810 811 2
810 850 3
811 812 1
811 851 3
812 813 3
812 852 4
813 814 4
813 853 5
814 815 2
814 854 3
815 816 1
815 855 4
816 817 5
816 856 3
817 818 5
817 857 3
818 819 2
818 858 3
819 820 3
819 859 3
820 821 1
820 860 4
821 822 4
821 861 1
822 823 2
822 862 4
823 824 5
823 863 2
824 825 2
824 864 2
825 826 3
825 865 3
826 827 5
826 866 2
827 828 4
827 867 3
828 829 5
828 868 4
829 830 5
829 869 5
830 831 2
830 870 2
831 832 2
831 871 1
832 833 4
832 872 5
833 834 3
833 873 1
834 835 1
834 874 3
835 836 3
835 875 1
836 837 1
836 876 5
837 838 4
837 877 4
838 839 5
838 878 4
839 840 2
839 879 5
840 880 4
841 842 2
841 881 5
842 843 5
842 882 1
843 844 4
843 883 1
844 845 4
844 884 4
845 846 2
845 885 1
846 847 4
846 886 2
847 848 2
847 887 4
848 849 3
848 888 5
849 850 4
849 889 4
850 851 2
850 890 1
851 852 5
851 891 2
852 853 5
852 892 2
853 854 4
853 893 5
854 855 5
854 894 1
855 856 5
855 895 2
856 857 1
856 896 5
857 858 5
857 897 4
858 859 5
858 898 1
859 860 1
859 899 3
860 861 3
860 900 2
861 862 1
861 901 2
862 863 3
862 902 3
863 864 2
863 903 1
864 865 3
864 904 2
865 866 3
865 905 2
866 867 4
866 906 3
867 868 4
867 907 1
868 869 3
868 908 1
869 870 3
869 909 5
870 871 3
870 910 3
871 872 4
871 911 2
872 873 3
872 912 5
873 874 1
873 913 5
874 875 3
874 914 3
875 876 3
875 915 5
876 877 1
876 916 1
877 878 3
877 917 3
878 879 4
878 918 5
879 880 5
879 919 3
880 920 2
881 882 1
881 921 1
882 883 5
882 922 5
883 884 4
883 923 2
884 885 5
884 924 3
885 886 4
885 925 1
886 887 4
886 926 2
887 888 2
887 927 2
888 889 5
888 928 1
889 890 1
889 929 3
890 891 5
890 930 4
891 892 3
891 931 1
892 893 1
892 932 2
893 894 1
893 933 2
894 895 3
894 934 2
895 896 5
895 935 4
896 897 1
896 936 2
897 898 5
897 937 1
898 899 1
898 938 5
899 900 5
899 939 3
900 901 5
900 940 1
901 902 1
901 941 1
902 903 1
902 942 4
903 904 1
903 943 5
904 905 4
904 944 5
905 906 1
905 945 5
906 907 2
906 946 5
907 908 2
907 947 5
908 909 5
908 948 5
909 910 2
909 949 3
910 911 5
910 950 2
911 912 4
911 951 1
912 913 2
912 952 4
913 914 3
913 953 3
914 915 3
914 954 2
915 916 4
915 955 1
916 917 2
916 956 2
917 918 4
917 957 4
918 919 3
918 958 3
919 920 2
919 959 5
920 960 4
921 922 3
921 961 2
922 923 1
922 962 5
923 924 3
923 963 4
924 925 1
924 964 2
925 926 4
925 965 1
926 927 1
926 966 5
927 928 2
927 967 1
928 929 1
928 968 4
929 930 5
929 969 2
930 931 5
930 970 5
931 932 3
931 971 1
932 933 4
932 972 1
933 934 2
933 973 1
934 935 5
934 974 4
935 936 2
935 975 5
936 937 4
936 976 4
937 938 5
937 977 4
938 939 2
938 978 3
939 940 4
939 979 5
940 941 1
940 980 1
941 942 4
941 981 3
942 943 3
942 982 1
943 944 4
943 983 1
944 945 4
944 984 4
945 946 2
945 985 4
946 947 5
946 986 2
947 948 3
947 987 1
948 949 2
948 988 5
949 950 4
949 989 2
950 951 3
950 990 4
951 952 4
951 991 1
952 953 3
952 992 5
953 954 3
953 993 5
954 955 1
954 994 4
955 956 4
955 995 5
956 957 1
956 996 4
957 958 3
957 997 1
958 959 4
958 998 1
959 960 5
959 999 3
960 1000 1
961 962 4
961 1001 1
962 963 4
962 1002 5
963 964 3
963 1003 1
964 965 4
964 1004 1
965 966 3
965 1005 2
966 967 4
966 1006 4
967 968 2
967 1007 3
968 969 5
968 1008 5
969 970 1
969 1009 2
970 971 5
970 1010 3
971 972 3
971 1011 5
972 973 1
972 1012 2
973 974 3
973 1013 2
974 975 1
974 1014 3
975 976 1
975 1015 4
976 977 5
976 1016 2
977 978 5
977 1017 2
978 979 4
978 1018 1
979 980 1
979 1019 1
980 981 5
980 1020 2
981 982 1
981 1021 2
982 983 4
982 1022 2
983 984 3
983 1023 2
984 985 4
984 1024 3
985 986 5
985 1025 2
986 987 4
986 1026 4
987 988 3
987 1027 3
988 989 2
988 1028 4
989 990 1
989 1029 2
990 991 3
990 1030 3
991 992 3
991 1031 5
992 993 2
992 1032 4
993 994 5
993 1033 1
994 995 3
994 1034 3
995 996 1
995 1035 4
996 997 5
996 1036 4
997 998 2
997 1037 1
998 999 2
998 1038 5
999 1000 4
999 1039 5
1000 1040 4
1001 1002 5
1001 1041 1
1002 1003 4
1002 1042 3
1003 1004 5
1003 1043 1
1004 1005 1
1004 1044 1
1005 1006 2
1005 1045 3
1006 1007 5
1006 1046 4
1007 1008 2
1007 1047 5
1008 1009 3
1008 1048 5
1009 1010 3
1009 1049 2
1010 1011 3
1010 1050 4
1011 1012 1
1011 1051 2
1012 1013 1
1012 1052 1
1013 1014 3
1013 1053 2
1014 1015 5
1014 1054 1
1015 1016 2
1015 1055 4
1016 1017 5
1016 1056 3
1017 1018 1
1017 1057 2
1018 1019 4
1018 1058 1
1019 1020 5
1019 1059 3
1020 1021 1
1020 1060 3
1021 1022 3
1021 1061 1
1022 1023 4
1022 1062 4
1023 1024 3
1023 1063 2
1024 1025 1
1024 1064 3
1025 1026 3
1025 1065 5
1026 1027 3
1026 1066 4
1027 1028 5
1027 1067 3
1028 1029 4
1028 1068 2
1029 1030 5
1029 1069 3
1030 1031 3
1030 1070 1
1031 1032 5
1031 1071 1
1032 1033 5
1032 1072 4
1033 1034 5
1033 1073 3
1034 1035 4
1034 1074 2
1035 1036 4
1035 1075 3
1036 1037 1
1036 1076 1
1037 1038 5
1037 1077 2
1038 1039 5
1038 1078 3
1039 1040 4
1039 1079 3
1040 1080 3
1041 1042 3
1041 1081 2
1042 1043 3
1042 1082 5
1043 1044 1
1043 1083 5
1044 1045 1
1044 1084 5
1045 1046 4
1045 1085 4
1046 1047 5
1046 1086 3
1047 1048 1
1047 1087 2
1048 1049 1
1048 1088 1
1049 1050 1
1049 1089 5
1050 1051 5
1050 1090 5
1051 1052 1
1051 1091 3
1052 1053 1
1052 1092 4
1053 1054 3
1053 1093 3
1054 1055 1
1054 1094 4
1055 1056 4
1055 1095 3
1056 1057 1
1056 1096 2
1057 1058 2
1057 1097 4
1058 1059 2
1058 1098 3
1059 1060 4
1059 1099 2
1060 1061 1
1060 1100 4
1061 1062 2
1061 1101 4
1062 1063 5
1062 1102 1
1063 1064 4
1063 1103 1
1064 1065 3
1064 1104 1
1065 1066 3
1065 1105 4
1066 1067 4
1066 1106 4
1067 1068 4
1067 1107 4
1068 1069 3
1068 1108 2
1069 1070 2
1069 1109 3
1070 1071 1
1070 1110 2
1071 1072 3
1071 1111 4
1072 1073 1
1072 1112 4
1073 1074 3
1073 1113 4
1074 1075 5
1074 1114 4
1075 1076 4
1075 1115 3
1076 1077 2
1076 1116 3
1077 1078 3
1077 1117 1
1078 1079 2
1078 1118 2
1079 1080 1
1079 1119 4
1080 1120 5
1081 1082 4
1081 1121 4
1082 1083 2
1082 1122 2
1083 1084 5
1083 1123 5
1084 1085 4
1084 1124 5
1085 1086 4
1085 1125 3
1086 1087 1
1086 1126 1
1087 1088 5
1087 1127 2
1088 1089 1
1088 1128 5
1089 1090 3
1089 1129 3
1090 1091 4
1090 1130 2
1091 1092 1
1091 1131 1
1092 1093 2
1092 1132 3
1093 1094 2
1093 1133 3
1094 1095 4
1094 1134 3
1095 1096 5
1095 1135 4
1096 1097 1
1096 1136 3
1097 1098 4
1097 1137 4
1098 1099 4
1098 1138 2
1099 1100 3
1099 1139 2
1100 1101 1
1100 1140 3
1101 1102 1
1101 1141 3
1102 1103 3
1102 1142 2
1103 1104 5
1103 1143 3
1104 1105 3
1104 1144 4
1105 1106 2
1105 1145 3
1106 1107 2
1106 1146 5
1107 1108 5
1107 1147 1
1108 1109 4
1108 1148 4
1109 1110 3
1109 1149 2
1110 1111 4
1110 1150 2
1111 1112 1
1111 1151 5
1112 1113 4
1112 1152 3
1113 1114 4
1113 1153 5
1114 1115 1
1114 1154 4
1115 1116 5
1115 1155 1
1116 1117 3
1116 1156 2
1117 1118 1
1117 1157 3
1118 1119 2
1118 1158 2
1119 1120 2
1119 1159 1
1120 1160 3
1121 1122 5
1121 1161 4
1122 1123 4
1122 1162 5
1123 1124 3
1123 1163 2
1124 1125 4
1124 1164 2
1125 1126 5
1125 1165 4
1126 1127 3
1126 1166 5
1127 1128 2
1127 1167 5
1128 1129 5
1128 1168 2
1129 1130 2
1129 1169 4
1130 1131 1
1130 1170 2
1131 1132 4
1131 1171 1
1132 1133 4
1132 1172 4
1133 1134 4
1133 1173 5
1134 1135 1
1134 1174 2
1135 1136 2
1135 1175 2
1136 1137 5
1136 1176 3
1137 1138 5
1137 1177 5
1138 1139 3
1138 1178 1
1139 1140 3
1139 1179 2
1140 1141 1
1140 1180 2
1141 1142 2
1141 1181 5
1142 1143 4
1142 1182 1
1143 1144 2
1143 1183 1
1144 1145 5
1144 1184 4
1145 1146 3
1145 1185 5
1146 1147 3
1146 1186 3
1147 1148 2
1147 1187 4
1148 1149 2
1148 1188 3
1149 1150 4
1149 1189 2
1150 1151 3
1150 1190 4
1151 1152 5
1151 1191 4
1152 1153 4
1152 1192 5
1153 1154 3
1153 1193 3
1154 1155 1
1154 1194 2
1155 1156 5
1155 1195 1
1156 1157 5
1156 1196 3
1157 1158 1
1157 1197 2
1158 1159 5
1158 1198 4
1159 1160 5
1159 1199 4
1160 1200 3
1161 1162 5
1161 1201 2
1162 1163 1
1162 1202 1
1163 1164 5
1163 1203 2
1164 1165 1
1164 1204 2
1165 1166 1
1165 1205 2
1166 1167 4
1166 1206 4
1167 1168 2
1167 1207 5
1168 1169 3
1168 1208 5
1169 1170 5
1169 1209 5
1170 1171 1
1170 1210 1
1171 1172 1
1171 1211 5
1172 1173 5
1172 1212 3
1173 1174 2
1173 1213 3
1174 1175 3
1174 1214 2
1175 1176 3
1175 1215 5
1176 1177 1
1176 1216 3
1177 1178 5
1177 1217 4
1178 1179 4
1178 1218 3
1179 1180 3
1179 1219 3
1180 1181 5
1180 1220 4
1181 1182 4
1181 1221 5
1182 1183 5
1182 1222 1
1183 1184 1
1183 1223 1
1184 1185 3
1184 1224 3
1185 1186 1
1185 1225 4
1186 1187 5
1186 1226 5
1187 1188 4
1187 1227 5
1188 1189 2
1188 1228 4
1189 1190 1
1189 1229 3
1190 1191 1
1190 1230 2
1191 1192 2
1191 1231 3
1192 1193 4
1192 1232 2
1193 1194 5
1193 1233 3
1194 1195 4
1194 1234 5
1195 1196 3
1195 1235 2
1196 1197 4
1196 1236 2
1197 1198 2
1197 1237 1
1198 1199 2
1198 1238 4
1199 1200 1
1199 1239 4
1200 1240 5
1201 1202 3
1201 1241 1
1202 1203 1
1202 1242 5
1203 1204 4
1203 1243 5
1204 1205 3
1204 1244 2
1205 1206 4
1205 1245 1
1206 1207 2
1206 1246 3
1207 1208 1
1207 1247 4
1208 1209 3
1208 1248 2
1209 1210 3
1209 1249 3
1210 1211 5
1210 1250 3
1211 1212 4
1211 1251 4
1212 1213 5
1212 1252 5
1213 1214 3
1213 1253 4
1214 1215 5
1214 1254 4
1215 1216 5
1215 1255 1
1216 1217 3
1216 1256 1
1217 1218 3
1217 1257 2
1218 1219 4
1218 1258 2
1219 1220 5
1219 1259 4
1220 1221 5
1220 1260 4
1221 1222 4
1221 1261 5
1222 1223 2
1222 1262 1
1223 1224 5
1223 1263 4
1224 1225 3
1224 1264 3
1225 1226 5
1225 1265 4
1226 1227 2
1226 1266 2
1227 1228 4
1227 1267 5
1228 1229 5
1228 1268 3
1229 1230 5
1229 1269 5
1230 1231 4
1230 1270 4
1231 1232 5
1231 1271 1
1232 1233 2
1232 1272 3
1233 1234 2
1233 1273 5
1234 1235 2
1234 1274 3
1235 1236 1
1235 1275 1
1236 1237 2
1236 1276 1
1237 1238 1
1237 1277 4
1238 1239 2
1238 1278 1
1239 1240 3
1239 1279 3
1240 1280 2
1241 1242 3
1241 1281 2
1242 1243 2
1242 1282 5
1243 1244 4
1243 1283 3
1244 1245 4
1244 1284 5
1245 1246 4
1245 1285 1
1246 1247 5
1246 1286 5
1247 1248 1
1247 1287 1
1248 1249 4
1248 1288 4
1249 1250 4
1249 1289 4
1250 1251 1
1250 1290 4
1251 1252 3
1251 1291 4
1252 1253 3
1252 1292 5
1253 1254 5
1253 1293 5
1254 1255 5
1254 1294 3
1255 1256 1
1255 1295 3
1256 1257 4
1256 1296 4
1257 1258 2
1257 1297 1
1258 1259 4
1258 1298 1
1259 1260 5
1259 1299 4
1260 1261 2
1260 1300 4
1261 1262 3
1261 1301 2
1262 1263 5
1262 1302 3
1263 1264 3
1263 1303 1
1264 1265 3
1264 1304 5
1265 1266 5
1265 1305 5
1266 1267 5
1266 1306 3
1267 1268 3
1267 1307 1
1268 1269 2
1268 1308 2
1269 1270 3
1269 1309 2
1270 1271 1
1270 1310 1
1271 1272 3
1271 1311 4
1272 1273 2
1272 1312 5
1273 1274 2
1273 1313 5
1274 1275 2
1274 1314 4
1275 1276 1
1275 1315 5
1276 1277 2
1276 1316 1
1277 1278 5
1277 1317 4
1278 1279 1
1278 1318 2
1279 1280 3
1279 1319 1
1280 1320 4
1281 1282 2
1281 1321 3
1282 1283 2
1282 1322 4
1283 1284 2
1283 1323 5
1284 1285 4
1284 1324 2
1285 1286 1
1285 1325 2
1286 1287 4
1286 1326 2
1287 1288 1
1287 1327 1
1288 1289 5
1288 1328 5
1289 1290 3
1289 1329 5
1290 1291 1
1290 1330 1
1291 1292 2
1291 1331 4
1292 1293 5
1292 1332 5
1293 1294 4
1293 1333 4
1294 1295 3
1294 1334 4
1295 1296 1
1295 1335 5
1296 1297 3
1296 1336 4
1297 1298 3
1297 1337 5
1298 1299 5
1298 1338 1
1299 1300 3
1299 1339 2
1300 1301 5
1300 1340 1
1301 1302 4
1301 1341 1
1302 1303 1
1302 1342 2
1303 1304 3
1303 1343 3
1304 1305 2
1304 1344 4
1305 1306 3
1305 1345 3
1306 1307 2
1306 1346 2
1307 1308 5
1307 1347 2
1308 1309 4
1308 1348 2
1309 1310 4
1309 1349 3
1310 1311 4
1310 1350 4
1311 1312 5
1311 1351 5
1312 1313 1
1312 1352 5
1313 1314 4
1313 1353 2
1314 1315 4
1314 1354 5
1315 1316 1
1315 1355 4
1316 1317 1
1316 1356 4
1317 1318 2
1317 1357 5
1318 1319 4
1318 1358 3
1319 1320 5
1319 1359 4
1320 1360 2
1321 1322 5
1321 1361 1
1322 1323 2
1322 1362 2
1323 1324 5
1323 1363 2
1324 1325 2
1324 1364 2
1325 1326 5
1325 1365 3
1326 1327 4
1326 1366 2
1327 1328 1
1327 1367 5
1328 1329 5
1328 1368 4
1329 1330 1
1329 1369 2
1330 1331 5
1330 1370 5
1331 1332 4
1331 1371 4
1332 1333 4
1332 1372 4
1333 1334 3
1333 1373 3
1334 1335 1
1334 1374 5
1335 1336 4
1335 1375 1
1336 1337 1
1336 1376 1
1337 1338 5
1337 1377 3
1338 1339 5
1338 1378 4
1339 1340 2
1339 1379 5
1340 1341 2
1340 1380 1
1341 1342 3
1341 1381 3
1342 1343 3
1342 1382 2
1343 1344 4
1343 1383 2
1344 1345 2
1344 1384 5
1345 1346 5
1345 1385 2
1346 1347 3
1346 1386 4
1347 1348 5
1347 1387 3
1348 1349 3
1348 1388 3
1349 1350 3
1349 1389 3
1350 1351 1
1350 1390 4
1351 1352 5
1351 1391 3
1352 1353 3
1352 1392 4
1353 1354 2
1353 1393 1
1354 1355 4
1354 1394 1
1355 1356 5
1355 1395 3
1356 1357 2
1356 1396 1
1357 1358 3
1357 1397 1
1358 1359 1
1358 1398 2
1359 1360 5
1359 1399 1
1360 1400 1
1361 1362 3
1361 1401 5
1362 1363 1
1362 1402 1
1363 1364 4
1363 1403 2
1364 1365 4
1364 1404 5
1365 1366 4
1365 1405 4
1366 1367 4
1366 1406 4
1367 1368 5
1367 1407 4
1368 1369 3
1368 1408 2
1369 1370 1
1369 1409 1
1370 1371 3
1370 1410 3
1371 1372 5
1371 1411 4
1372 1373 4
1372 1412 1
1373 1374 2
1373 1413 4
1374 1375 1
1374 1414 5
1375 1376 5
1375 1415 5
1376 1377 4
1376 1416 1
1377 1378 5
1377 1417 2
1378 1379 3
1378 1418 3
1379 1380 5
1379 1419 1
1380 1381 3
1380 1420 1
1381 1382 4
1381 1421 3
1382 1383 2
1382 1422 4
1383 1384 2
1383 1423 1
1384 1385 2
1384 1424 2
1385 1386 4
1385 1425 4
1386 1387 4
1386 1426 3
1387 1388 2
1387 1427 5
1388 1389 4
1388 1428 4
1389 1390 5
1389 1429 5
1390 1391 2
1390 1430 2
1391 1392 1
1391 1431 2
1392 1393 4
1392 1432 1
1393 1394 5
1393 1433 4
1394 1395 3
1394 1434 1
1395 1396 4
1395 1435 1
1396 1397 5
1396 1436 3
1397 1398 5
1397 1437 5
1398 1399 5
1398 1438 5
1399 1400 4
1399 1439 1
1400 1440 1
1401 1402 1
1401 1441 3
1402 1403 4
1402 1442 3
1403 1404 2
1403 1443 3
1404 1405 1
1404 1444 5
1405 1406 2
1405 1445 2
1406 1407 2
1406 1446 2
1407 1408 4
1407 1447 1
1408 1409 5
1408 1448 4
1409 1410 1
1409 1449 4
1410 1411 2
1410 1450 4
1411 1412 1
1411 1451 1
1412 1413 2
1412 1452 4
1413 1414 5
1413 1453 2
1414 1415 4
1414 1454 1
1415 1416 1
1415 1455 5
1416 1417 4
1416 1456 1
1417 1418 3
1417 1457 4
1418 1419 4
1418 1458 4
1419 1420 4
1419 1459 5
1420 1421 4
1420 1460 3
1421 1422 2
1421 1461 1
1422 1423 1
1422 1462 3
1423 1424 3
1423 1463 5
1424 1425 1
1424 1464 4
1425 1426 1
1425 1465 3
1426 1427 1
1426 1466 5
1427 1428 1
1427 1467 1
1428 1429 5
1428 1468 3
1429 1430 3
1429 1469 3
1430 1431 4
1430 1470 5
1431 1432 1
1431 1471 3
1432 1433 3
1432 1472 2
1433 1434 4
1433 1473 5
1434 1435 3
1434 1474 2
1435 1436 4
1435 1475 2
1436 1437 3
1436 1476 3
1437 1438 2
1437 1477 4
1438 1439 2
1438 1478 4
1439 1440 4
1439 1479 4
1440 1480 2
1441 1442 4
1441 1481 5
1442 1443 5
1442 1482 3
1443 1444 4
1443 1483 5
1444 1445 2
1444 1484 2
1445 1446 4
1445 1485 4
1446 1447 3
1446 1486 2
1447 1448 4
1447 1487 2
1448 1449 3
1448 1488 2
1449 1450 4
1449 1489 3
1450 1451 3
1450 1490 3
1451 1452 5
1451 1491 5
1452 1453 2
1452 1492 3
1453 1454 1
1453 1493 3
1454 1455 1
1454 1494 4
1455 1456 4
1455 1495 5
1456 1457 4
1456 1496 2
1457 1458 3
1457 1497 1
1458 1459 2
1458 1498 4
1459 1460 2
1459 1499 3
1460 1461 1
1460 1500 4
1461 1462 5
1461 1501 2
1462 1463 2
1462 1502 2
1463 1464 2
1463 1503 3
1464 1465 5
1464 1504 1
1465 1466 4
1465 1505 2
1466 1467 5
1466 1506 4
1467 1468 3
1467 1507 3
1468 1469 5
1468 1508 5
1469 1470 1
1469 1509 1
1470 1471 1
1470 1510 5
1471 1472 2
1471 1511 1
1472 1473 4
1472 1512 1
1473 1474 2
1473 1513 4
1474 1475 3
1474 1514 1
1475 1476 4
1475 1515 3
1476 1477 3
1476 1516 3
1477 1478 4
1477 1517 3
1478 1479 2
1478 1518 4
1479 1480 2
1479 1519 1
1480 1520 2
1481 1482 3
1481 1521 1
1482 1483 4
1482 1522 1
1483 1484 1
1483 1523 4
1484 1485 4
1484 1524 2
1485 1486 1
1485 1525 3
1486 1487 4
1486 1526 3
1487 1488 2
1487 1527 5
1488 1489 1
1488 1528 5
1489 1490 5
1489 1529 1
1490 1491 2
1490 1530 3
1491 1492 4
1491 1531 5
1492 1493 1
1492 1532 3
1493 1494 5
1493 1533 1
1494 1495 1
1494 1534 2
1495 1496 1
1495 1535 5
1496 1497 1
1496 1536 4
1497 1498 1
1497 1537 5
1498 1499 5
1498 1538 3
1499 1500 2
1499 1539 3
1500 1501 1
1500 1540 5
1501 1502 1
1501 1541 5
1502 1503 2
1502 1542 2
1503 1504 3
1503 1543 5
1504 1505 1
1504 1544 3
1505 1506 1
1505 1545 5
1506 1507 1
1506 1546 5
1507 1508 1
1507 1547 1
1508 1509 3
1508 1548 1
1509 1510 5
1509 1549 2
1510 1511 1
1510 1550 3
1511 1512 3
1511 1551 5
1512 1513 4
1512 1552 1
1513 1514 5
1513 1553 3
1514 1515 3
1514 1554 2
1515 1516 3
1515 1555 4
1516 1517 5
1516 1556 2
1517 1518 2
1517 1557 3
1518 1519 3
1518 1558 2
1519 1520 1
1519 1559 1
1520 1560 4
1521 1522 5
1521 1561 1
1522 1523 5
1522 1562 5
1523 1524 1
1523 1563 1
1524 1525 4
1524 1564 3
1525 1526 4
1525 1565 4
1526 1527 1
1526 1566 4
1527 1528 2
1527 1567 5
1528 1529 4
1528 1568 3
1529 1530 1
1529 1569 1
1530 1531 5
1530 1570 4
1531 1532 1
1531 1571 1
1532 1533 1
1532 1572 4
1533 1534 4
1533 1573 2
1534 1535 1
1534 1574 2
1535 1536 5
1535 1575 3
1536 1537 3
1536 1576 3
1537 1538 3
1537 1577 1
1538 1539 4
1538 1578 5
1539 1540 1
1539 1579 3
1540 1541 5
1540 1580 3
1541 1542 2
1541 1581 1
1542 1543 3
1542 1582 5
1543 1544 5
1543 1583 2
1544 1545 4
1544 1584 3
1545 1546 1
1545 1585 5
1546 1547 3
1546 1586 2
1547 1548 5
1547 1587 5
1548 1549 5
1548 1588 2
1549 1550 5
1549 1589 2
1550 1551 2
1550 1590 2
1551 1552 5
1551 1591 3
1552 1553 4
1552 1592 5
1553 1554 4
1553 1593 5
1554 1555 1
1554 1594 3
1555 1556 3
1555 1595 2
1556 1557 1
1556 1596 3
1557 1558 3
1557 1597 2
1558 1559 2
1558 1598 5
1559 1560 1
1559 1599 2
1560 1600 4
1561 1562 3
1562 1563 1
1563 1564 1
1564 1565 3
1565 1566 2
1566 1567 1
1567 1568 2
1568 1569 1
1569 1570 4
1570 1571 1
1571 1572 4
1572 1573 5
1573 1574 3
1574 1575 4
1575 1576 3
1576 1577 2
1577 1578 1
1578 1579 3
1579 1580 4
1580 1581 5
1581 1582 3
1582 1583 4
1583 1584 5
1584 1585 1
1585 1586 1
1586 1587 5
1587 1588 5
1588 1589 3
1589 1590 1
1590 1591 2
1591 1592 5
1592 1593 5
1593 1594 2
1594 1595 2
1595 1596 2
1596 1597 2
1597 1598 3
1598 1599 5
1599 1600 4
