784 1512
1 2 4
1 29 1
2 3 2
2 30 5
3 4 1
3 31 5
4 5 4
4 32 2
5 6 1
5 33 5
6 7 3
6 34 1
7 8 2
7 35 4
8 9 5
8 36 5
9 10 5
9 37 3
10 11 1
10 38 4
11 12 4
11 39 3
12 13 2
12 40 4
13 14 3
13 41 4
14 15 4
14 42 4
15 16 3
15 43 2
16 17 3
16 44 4
17 18 4
17 45 2
18 19 5
18 46 2
19 20 4
19 47 4
20 21 4
20 48 5
21 22 4
21 49 4
22 23 3
22 50 4
23 24 3
23 51 4
24 25 3
24 52 1
25 26 1
25 53 3
26 27 4
26 54 5
27 28 2
27 55 2
28 56 1
29 30 5
29 57 2
30 31 1
30 58 2
31 32 1
31 59 1
32 33 2
32 60 2
33 34 3
33 61 5
34 35 5
34 62 4
35 36 4
35 63 5
36 37 3
36 64 2
37 38 4
37 65 3
38 39 3
38 66 4
39 40 3
39 67 1
40 41 1
40 68 5
41 42 3
41 69 5
42 43 4
42 70 4
43 44 4
43 71 4
44 45 5
44 72 4
45 46 4
45 73 3
46 47 3
46 74 5
47 48 1
47 75 3
48 49 5
48 76 5
49 50 1
49 77 2
50 51 2
50 78 4
51 52 2
51 79 1
52 53 3
52 80 5
53 54 4
53 81 3
54 55 5
54 82 5
55 56 2
55 83 1
56 84 4
57 58 2
57 85 5
58 59 4
58 86 5
59 60 4
59 87 5
60 61 5
60 88 4
61 62 4
61 89 3
62 63 3
62 90 3
63 64 5
63 91 3
64 65 4
64 92 3
65 66 1
65 93 3
66 67 3
66 94 4
67 68 3
67 95 4
68 69 4
68 96 5
69 70 5
69 97 5
70 71 2
70 98 1
71 72 2
71 99 1
72 73 1
72 100 5
73 74 1
73 101 4
74 75 3
74 102 4
75 76 5
75 103 1
76 77 1
76 104 1
77 78 1
77 105 4
78 79 2
78 106 2
79 80 4
79 107 4
80 81 3
80 108 4
81 82 5
81 109 3
82 83 1
82 110 4
83 84 2
83 111 1
84 112 5
85 86 2
85 113 4
86 87 5
86 114 5
87 88 3
87 115 3
88 89 2
88 116 2
89 90 5
89 117 3
90 91 4
90 118 5
91 92 3
91 119 5
92 93 4
92 120 2
93 94 5
93 121 4
94 95 1
94 122 3
95 96 1
95 123 2
96 97 2
96 124 2
97 98 3
97 125 5
98 99 3
98 126 5
99 100 4
99 127 3
100 101 4
100 128 2
101 102 5
101 129 5
102 103 2
102 130 3
103 104 5
103 131 1
104 105 4
104 132 3
105 106 4
105 133 3
106 107 3
106 134 2
107 108 1
107 135 4
108 109 1
108 136 3
109 110 1
109 137 2
110 111 1
110 138 2
111 112 5
111 139 3
112 140 4
113 114 1
113 141 2
114 115 1
114 142 5
115 116 1
115 143 3
116 117 5
116 144 4
117 118 5
117 145 3
118 119 2
118 146 1
119 120 5
119 147 5
120 121 3
120 148 5
121 122 5
121 149 1
122 123 3
122 150 4
123 124 2
123 151 4
124 125 4
124 152 5
125 126 3
125 153 2
126 127 5
126 154 5
127 128 3
127 155 2
128 129 1
128 156 3
129 130 1
129 157 2
130 131 5
130 158 2
131 132 2
131 159 5
132 133 3
132 160 2
133 134 5
133 161 1
134 135 1
134 162 4
135 136 3
135 163 2
136 137 5
136 164 5
137 138 4
137 165 5
138 139 5
138 166 5
139 140 1
139 167 3
140 168 5
141 142 5
141 169 1
142 143 3
142 170 2
143 144 2
143 171 5
144 145 2
144 172 5
145 146 1
145 173 3
146 147 3
146 174 1
147 148 5
147 175 3
148 149 4
148 176 2
149 150 5
149 177 3
150 151 1
150 178 3
151 152 3
151 179 5
152 153 1
152 180 4
153 154 5
153 181 1
154 155 4
154 182 1
155 156 2
155 183 1
156 157 5
156 184 4
157 158 5
157 185 5
158 159 5
158 186 1
159 160 4
159 187 2
160 161 2
160 188 4
161 162 2
161 189 4
162 163 1
162 190 3
163 164 1
163 191 1
164 165 5
164 192 3
165 166 5
165 193 3
166 167 2
166 194 1
167 168 1
167 195 1
168 196 1
169 170 2
169 197 3
170 171 4
170 198 4
171 172 1
171 199 2
172 173 1
172 200 1
173 174 1
173 201 5
174 175 2
174 202 4
175 176 2
175 203 5
176 177 1
176 204 3
177 178 3
177 205 3
178 179 4
178 206 4
179 180 4
179 207 5
180 181 2
180 208 4
181 182 4
181 209 5
182 183 5
182 210 4
183 184 2
183 211 4
184 185 3
184 212 1
185 186 5
185 213 2
186 187 5
186 214 3
187 188 2
187 215 2
188 189 1
188 216 2
189 190 3
189 217 5
190 191 4
190 218 4
191 192 4
191 219 4
192 193 2
192 220 4
193 194 1
193 221 3
194 195 4
194 222 2
195 196 1
195 223 4
196 224 1
197 198 5
197 225 5
198 199 3
198 226 2
199 200 4
199 227 1
200 201 5
200 228 3
201 202 1
201 229 5
202 203 5
202 230 2
203 204 2
203 231 2
204 205 3
204 232 3
205 206 1
205 233 2
206 207 3
206 234 2
207 208 3
207 235 4
208 209 4
208 236 1
209 210 1
209 237 2
210 211 4
210 238 4
211 212 3
211 239 4
212 213 4
212 240 2
213 214 1
213 241 4
214 215 1
214 242 1
215 216 4
215 243 5
216 217 1
216 244 3
217 218 2
217 245 2
218 219 1
218 246 3
219 220 3
219 247 5
220 221 5
220 248 5
221 222 1
221 249 2
222 223 4
222 250 2
223 224 3
223 251 3
224 252 4
225 226 2
225 253 5
226 227 3
226 254 3
227 228 1
227 255 4
228 229 4
228 256 2
229 230 3
229 257 1
230 231 5
230 258 3
231 232 2
231 259 2
232 233 3
232 260 4
233 234 1
233 261 1
234 235 2
234 262 2
235 236 1
235 263 4
236 237 2
236 264 3
237 238 3
237 265 4
238 239 5
238 266 2
239 240 3
239 267 2
240 241 3
240 268 4
241 242 2
241 269 1
242 243 5
242 270 2
243 244 5
243 271 3
244 245 1
244 272 4
245 246 2
245 273 3
246 247 2
246 274 2
247 248 5
247 275 5
248 249 1
248 276 2
249 250 4
249 277 1
250 251 1
250 278 4
251 252 1
251 279 4
252 280 5
253 254 3
253 281 2
254 255 2
254 282 2
255 256 3
255 283 4
256 257 1
256 284 5
257 258 1
257 285 5
258 259 1
258 286 2
259 260 5
259 287 3
260 261 3
260 288 3
261 262 3
261 289 2
262 263 2
262 290 5
263 264 5
263 291 3
264 265 5
264 292 2
265 266 1
265 293 3
266 267 1
266 294 3
267 268 5
267 295 4
268 269 3
268 296 2
269 270 1
269 297 5
270 271 1
270 298 1
271 272 1
271 299 2
272 273 3
272 300 1
273 274 5
273 301 2
274 275 5
274 302 4
275 276 5
275 303 3
276 277 2
276 304 2
277 278 4
277 305 5
278 279 1
278 306 5
279 280 5
279 307 3
280 308 2
281 282 1
281 309 3
282 283 3
282 310 3
283 284 5
283 311 2
284 285 4
284 312 4
285 286 3
285 313 2
286 287 3
286 314 1
287 288 4
287 315 5
288 289 2
288 316 1
289 290 2
289 317 3
290 291 1
290 318 2
291 292 3
291 319 2
292 293 4
292 320 5
293 294 4
293 321 4
294 295 4
294 322 3
295 296 3
295 323 2
296 297 1
296 324 5
297 298 5
297 325 1
298 299 3
298 326 2
299 300 2
299 327 3
300 301 4
300 328 3
301 302 4
301 329 5
302 303 1
302 330 5
303 304 4
303 331 4
304 305 2
304 332 4
305 306 1
305 333 2
306 307 1
306 334 2
307 308 4
307 335 2
308 336 5
309 310 1
309 337 1
310 311 5
310 338 3
311 312 2
311 339 2
312 313 5
312 340 3
313 314 2
313 341 2
314 315 5
314 342 3
315 316 5
315 343 1
316 317 2
316 344 2
317 318 4
317 345 1
318 319 4
318 346 1
319 320 4
319 347 4
320 321 2
320 348 3
321 322 3
321 349 5
322 323 5
322 350 2
323 324 3
323 351 4
324 325 3
324 352 3
325 326 4
325 353 1
326 327 1
326 354 3
327 328 3
327 355 4
328 329 4
328 356 4
329 330 4
329 357 2
330 331 2
330 358 4
331 332 3
331 359 1
332 333 4
332 360 3
333 334 5
333 361 2
334 335 3
334 362 2
335 336 5
335 363 1
336 364 1
337 338 2
337 365 4
338 339 1
338 366 2
339 340 1
339 367 1
340 341 5
340 368 3
341 342 1
341 369 4
342 343 1
342 370 1
343 344 4
343 371 3
344 345 3
344 372 5
345 346 4
345 373 4
346 347 3
346 374 1
347 348 4
347 375 1
348 349 1
348 376 4
349 350 2
349 377 5
350 351 4
350 378 5
351 352 5
351 379 1
352 353 3
352 380 1
353 354 4
353 381 4
354 355 4
354 382 4
355 356 1
355 383 5
356 357 3
356 384 5
357 358 5
357 385 3
358 359 1
358 386 3
359 360 2
359 387 3
360 361 4
360 388 5
361 362 5
361 389 4
362 363 5
362 390 4
363 364 2
363 391 5
364 392 4
365 366 2
365 393 3
366 367 5
366 394 3
367 368 4
367 395 1
368 369 5
368 396 5
369 370 5
369 397 1
370 371 4
370 398 3
371 372 1
371 399 3
372 373 4
372 400 3
373 374 5
373 401 3
374 375 5
374 402 2
375 376 3
375 403 3
376 377 5
376 404 1
377 378 3
377 405 3
378 379 4
378 406 5
379 380 3
379 407 5
380 381 2
380 408 1
381 382 2
381 409 4
382 383 2
382 410 5
383 384 1
383 411 3
384 385 3
384 412 4
385 386 3
385 413 5
386 387 4
386 414 1
387 388 1
387 415 3
388 389 4
388 416 4
389 390 4
389 417 4
390 391 3
390 418 3
391 392 5
391 419 3
392 420 1
393 394 1
393 421 1
394 395 4
394 422 4
395 396 3
395 423 4
396 397 3
396 424 2
397 398 2
397 425 4
398 399 5
398 426 2
399 400 5
399 427 1
400 401 3
400 428 2
401 402 4
401 429 1
402 403 3
402 430 4
403 404 5
403 431 5
404 405 5
404 432 1
405 406 5
405 433 5
406 407 2
406 434 4
407 408 2
407 435 5
408 409 3
408 436 1
409 410 3
409 437 5
410 411 4
410 438 3
411 412 2
411 439 1
412 413 4
412 440 5
413 414 2
413 441 5
414 415 1
414 442 3
415 416 3
415 443 4
416 417 1
416 444 5
417 418 4
417 445 5
418 419 4
418 446 1
419 420 4
419 447 3
420 448 5
421 422 1
421 449 1
422 423 4
422 450 1
423 424 3
423 451 3
424 425 2
424 452 1
425 426 4
425 453 4
426 427 4
426 454 5
427 428 3
427 455 1
428 429 1
428 456 3
429 430 4
429 457 4
430 431 5
430 458 2
431 432 1
431 459 2
432 433 5
432 460 2
433 434 2
433 461 5
434 435 1
434 462 2
435 436 3
435 463 3
436 437 1
436 464 3
437 438 4
437 465 1
438 439 2
438 466 2
439 440 2
439 467 2
440 441 4
440 468 3
441 442 2
441 469 3
442 443 3
442 470 3
443 444 5
443 471 3
444 445 5
444 472 5
445 446 3
445 473 4
446 447 2
446 474 2
447 448 5
447 475 3
448 476 5
449 450 2
449 477 2
450 451 5
450 478 1
451 452 4
451 479 2
452 453 4
452 480 1
453 454 5
453 481 5
454 455 3
454 482 2
455 456 3
455 483 3
456 457 2
456 484 2
457 458 1
457 485 4
458 459 5
458 486 3
459 460 3
459 487 1
460 461 1
460 488 5
461 462 2
461 489 5
462 463 5
462 490 2
463 464 2
463 491 1
464 465 3
464 492 1
465 466 2
465 493 1
466 467 2
466 494 1
467 468 2
467 495 2
468 469 3
468 496 4
469 470 5
469 497 5
470 471 3
470 498 5
471 472 3
471 499 3
472 473 1
472 500 4
473 474 5
473 501 1
474 475 3
474 502 3
475 476 3
475 503 5
476 504 1
477 478 1
477 505 1
478 479 3
478 506 3
479 480 3
479 507 1
480 481 1
480 508 2
481 482 4
481 509 2
482 483 2
482 510 1
483 484 2
483 511 1
484 485 2
484 512 1
485 486 3
485 513 1
486 487 4
486 514 2
487 488 3
487 515 3
488 489 3
488 516 1
489 490 2
489 517 5
490 491 5
490 518 5
491 492 4
491 519 4
492 493 2
492 520 1
493 494 1
493 521 3
494 495 5
494 522 2
495 496 1
495 523 3
496 497 4
496 524 4
497 498 1
497 525 2
498 499 5
498 526 4
499 500 5
499 527 1
500 501 4
500 528 2
501 502 2
501 529 4
502 503 1
502 530 2
503 504 2
503 531 3
504 532 3
505 506 5
505 533 3
506 507 4
506 534 3
507 508 4
507 535 3
508 509 2
508 536 1
509 510 5
509 537 5
510 511 2
510 538 2
511 512 5
511 539 3
512 513 2
512 540 2
513 514 3
513 541 2
514 515 2
514 542 3
515 516 3
515 543 4
516 517 4
516 544 3
517 518 1
517 545 2
518 519 1
518 546 1
519 520 3
519 547 4
520 521 4
520 548 2
521 522 3
521 549 2
522 523 2
522 550 5
523 524 3
523 551 5
524 525 3
524 552 3
525 526 5
525 553 5
526 527 1
526 554 4
527 528 4
527 555 2
528 529 5
528 556 4
529 530 3
529 557 2
530 531 3
530 558 2
531 532 2
531 559 4
532 560 2
533 534 1
533 561 2
534 535 2
534 562 1
535 536 2
535 563 2
536 537 1
536 564 3
537 538 3
537 565 3
538 539 4
538 566 1
539 540 2
539 567 5
540 541 1
540 568 2
541 542 2
541 569 3
542 543 1
542 570 5
543 544 2
543 571 5
544 545 3
544 572 3
545 546 4
545 573 3
546 547 3
546 574 5
547 548 4
547 575 5
548 549 5
548 576 4
549 550 5
549 577 3
550 551 4
550 578 3
551 552 2
551 579 2
552 553 1
552 580 3
553 554 1
553 581 4
554 555 5
554 582 2
555 556 5
555 583 5
556 557 5
556 584 2
557 558 3
557 585 5
558 559 5
558 586 2
559 560 1
559 587 1
560 588 4
561 562 1
561 589 5
562 563 3
562 590 3
563 564 4
563 591 2
564 565 1
564 592 3
565 566 3
565 593 4
566 567 1
566 594 4
567 568 3
567 595 3
568 569 2
568 596 5
569 570 4
569 597 1
570 571 2
570 598 1
571 572 3
571 599 2
572 573 3
572 600 3
573 574 3
573 601 4
574 575 4
574 602 3
575 576 2
575 603 5
576 577 2
576 604 2
577 578 3
577 605 2
578 579 5
578 606 4
579 580 4
579 607 3
580 581 3
580 608 5
581 582 1
581 609 3
582 583 2
582 610 2
583 584 1
583 611 2
584 585 1
584 612 5
585 586 5
585 613 5
586 587 1
586 614 4
587 588 4
587 615 4
588 616 5
589 590 2
589 617 1
590 591 4
590 618 2
591 592 2
591 619 1
592 593 2
592 620 2
593 594 5
593 621 2
594 595 5
594 622 1
595 596 1
595 623 2
596 597 5
596 624 2
597 598 5
597 625 3
598 599 3
598 626 4
599 600 4
599 627 2
600 601 2
600 628 1
601 602 1
601 629 4
602 603 4
602 630 5
603 604 5
603 631 5
604 605 2
604 632 5
605 606 4
605 633 2
606 607 1
606 634 4
607 608 4
607 635 3
608 609 2
608 636 3
609 610 3
609 637 1
610 611 3
610 638 2
611 612 3
611 639 3
612 613 2
612 640 1
613 614 3
613 641 4
614 615 2
614 642 3
615 616 1
615 643 2
616 644 5
617 618 5
617 645 2
618 619 1
618 646 1
619 620 4
619 647 3
620 621 3
620 648 4
621 622 2
621 649 1
622 623 4
622 650 1
623 624 2
623 651 5
624 625 3
624 652 3
625 626 1
625 653 1
626 627 5
626 654 5
627 628 1
627 655 5
628 629 2
628 656 2
629 630 4
629 657 4
630 631 1
630 658 4
631 632 3
631 659 5
632 633 5
632 660 1
633 634 3
633 661 1
634 635 4
634 662 5
635 636 1
635 663 2
636 637 5
636 664 5
637 638 3
637 665 3
638 639 5
638 666 4
639 640 4
639 667 3
640 641 1
640 668 2
641 642 5
641 669 5
642 643 5
642 670 4
643 644 3
643 671 3
644 672 5
645 646 5
645 673 1
646 647 2
646 674 4
647 648 4
647 675 1
648 649 5
648 676 4
649 650 2
649 677 3
650 651 2
650 678 3
651 652 1
651 679 2
652 653 3
652 680 4
653 654 1
653 681 3
654 655 5
654 682 1
655 656 1
655 683 5
656 657 1
656 684 1
657 658 5
657 685 1
658 659 4
658 686 1
659 660 2
659 687 3
660 661 4
660 688 2
661 662 4
661 689 1
662 663 3
662 690 5
663 664 2
663 691 3
664 665 5
664 692 3
665 666 3
665 693 3
666 667 2
666 694 1
667 668 5
667 695 5
668 669 4
668 696 2
669 670 2
669 697 2
670 671 3
670 698 4
671 672 1
671 699 2
672 700 1
673 674 3
673 701 3
674 675 1
674 702 4
675 676 5
675 703 5
676 677 5
676 704 3
677 678 4
677 705 5
678 679 2
678 706 3
679 680 4
679 707 1
680 681 3
680 708 4
681 682 3
681 709 3
682 683 2
682 710 5
683 684 2
683 711 1
684 685 1
684 712 4
685 686 5
685 713 5
686 687 3
686 714 5
687 688 1
687 715 1
688 689 1
688 716 5
689 690 2
689 717 3
690 691 1
690 718 1
691 692 4
691 719 2
692 693 5
692 720 2
693 694 3
693 721 2
694 695 2
694 722 4
695 696 2
695 723 2
696 697 2
696 724 4
697 698 1
697 725 2
698 699 5
698 726 4
699 700 2
699 727 5
700 728 5
701 702 4
701 729 1
702 703 5
702 730 1
703 704 1
703 731 3
704 705 5
704 732 5
705 706 1
705 733 2
706 707 3
706 734 5
707 708 4
707 735 1
708 709 1
708 736 2
709 710 4
709 737 4
710 711 5
710 738 2
711 712 1
711 739 4
712 713 5
712 740 2
713 714 4
713 741 3
714 715 4
714 742 1
715 716 2
715 743 1
716 717 2
716 744 3
717 718 1
717 745 1
718 719 3
718 746 4
719 720 5
719 747 2
720 721 5
720 748 1
721 722 1
721 749 3
722 723 3
722 750 4
723 724 1
723 751 2
724 725 3
724 752 5
725 726 1
725 753 5
726 727 2
726 754 3
727 728 5
727 755 3
728 756 3
729 730 3
729 757 1
730 731 5
730 758 5
731 732 2
731 759 3
732 733 4
732 760 1
733 734 2
733 761 2
734 735 1
734 762 5
735 736 2
735 763 2
736 737 3
736 764 4
737 738 3
737 765 2
738 739 2
738 766 5
739 740 3
739 767 4
740 741 1
740 768 2
741 742 1
741 769 4
742 743 5
742 770 2
743 744 3
743 771 2
744 745 1
744 772 4
745 746 1
745 773 5
746 747 1
746 774 5
747 748 5
747 775 1
748 749 2
748 776 5
749 750 4
749 777 5
750 751 3
750 778 3
751 752 1
751 779 2
752 753 5
752 780 5
753 754 3
753 781 2
754 755 5
754 782 1
755 756 2
755 783 3
756 784 2
757 758 1
758 759 2
759 760 3
760 761 2
761 762 3
762 763 1
763 764 3
764 765 4
765 766 4
766 767 2
767 768 5
768 769 2
769 770 1
770 771 4
771 772 3
772 773 5
773 774 1
774 775 5
775 776 2
776 777 4
777 778 2
778 779 2
779 780 1
780 781 4
781 782 5
782 783 3
783 784 4
