1600 3120
1 2 3
1 41 4
2 3 3
2 42 1
3 4 1
3 43 3
4 5 2
4 44 5
5 6 2
5 45 5
6 7 1
6 46 4
7 8 4
7 47 1
8 9 3
8 48 1
9 10 2
9 49 4
10 11 1
10 50 3
11 12 3
11 51 1
12 13 1
12 52 2
13 14 2
13 53 1
14 15 5
14 54 5
15 16 3
15 55 5
16 17 1
16 56 5
17 18 5
17 57 1
18 19 5
18 58 5
19 20 5
19 59 1
20 21 5
20 60 1
21 22 5
21 61 3
22 23 3
22 62 3
23 24 3
23 63 2
24 25 1
24 64 4
25 26 5
25 65 2
26 27 4
26 66 2
27 28 2
27 67 2
28 29 1
28 68 2
29 30 1
29 69 1
30 31 4
30 70 3
31 32 4
31 71 4
32 33 1
32 72 2
33 34 2
33 73 3
34 35 5
34 74 1
35 36 4
35 75 3
36 37 1
36 76 1
37 38 1
37 77 5
38 39 4
38 78 1
39 40 3
39 79 3
40 80 5
41 42 4
41 81 5
42 43 3
42 82 4
43 44 4
43 83 5
44 45 2
44 84 2
45 46 2
45 85 2
46 47 1
46 86 5
47 48 2
47 87 1
48 49 5
48 88 3
49 50 2
49 89 3
50 51 1
50 90 3
51 52 1
51 91 4
52 53 2
52 92 2
53 54 5
53 93 5
54 55 5
54 94 1
55 56 5
55 95 3
56 57 5
56 96 4
57 58 4
57 97 3
58 59 4
58 98 2
59 60 5
59 99 4
60 61 1
60 100 4
61 62 1
61 101 4
62 63 3
62 102 5
63 64 5
63 103 5
64 65 4
64 104 1
65 66 1
65 105 2
66 67 1
66 106 4
67 68 4
67 107 2
68 69 4
68 108 4
69 70 5
69 109 4
70 71 5
70 110 5
71 72 3
71 111 4
72 73 2
72 112 1
73 74 4
73 113 4
74 75 1
74 114 3
75 76 1
75 115 4
76 77 1
76 116 5
77 78 5
77 117 5
78 79 1
78 118 3
79 80 4
79 119 1
80 120 4
81 82 3
81 121 4
82 83 1
82 122 2
83 84 2
83 123 3
84 85 3
84 124 5
85 86 4
85 125 4
86 87 1
86 126 3
87 88 5
87 127 5
88 89 5
88 128 3
89 90 5
89 129 5
90 91 2
90 130 3
91 92 1
91 131 4
92 93 2
92 132 5
93 94 4
93 133 3
94 95 1
94 134 2
95 96 3
95 135 1
96 97 1
96 136 2
97 98 4
97 137 5
98 99 1
98 138 2
99 100 3
99 139 4
100 101 3
100 140 1
101 102 5
101 141 1
102 103 4
102 142 2
103 104 1
103 143 1
104 105 2
104 144 5
105 106 5
105 145 5
106 107 3
106 146 3
107 108 5
107 147 5
108 109 1
108 148 2
109 110 3
109 149 2
110 111 4
110 150 2
111 112 2
111 151 1
112 113 3
112 152 1
113 114 1
113 153 5
114 115 3
114 154 4
115 116 2
115 155 3
116 117 1
116 156 4
117 118 2
117 157 1
118 119 1
118 158 2
119 120 3
119 159 1
120 160 2
121 122 1
121 161 3
122 123 1
122 162 1
123 124 4
123 163 5
124 125 1
124 164 2
125 126 2
125 165 5
126 127 4
126 166 4
127 128 4
127 167 1
128 129 5
128 168 5
129 130 5
129 169 3
130 131 5
130 170 1
131 132 3
131 171 3
132 133 2
132 172 2
133 134 1
133 173 2
134 135 1
134 174 4
135 136 5
135 175 5
136 137 3
136 176 1
137 138 2
137 177 4
138 139 4
138 178 3
139 140 3
139 179 4
140 141 5
140 180 5
141 142 3
141 181 4
142 143 4
142 182 5
143 144 2
143 183 2
144 145 5
144 184 4
145 146 2
145 185 5
146 147 3
146 186 3
147 148 5
147 187 1
148 149 2
148 188 2
149 150 4
149 189 4
150 151 4
150 190 5
151 152 3
151 191 5
152 153 4
152 192 1
153 154 1
153 193 3
154 155 4
154 194 2
155 156 4
155 195 1
156 157 2
156 196 4
157 158 3
157 197 1
158 159 1
158 198 4
159 160 2
159 199 2
160 200 2
161 162 2
161 201 2
162 163 2
162 202 3
163 164 5
163 203 1
164 165 4
164 204 4
165 166 4
165 205 5
166 167 5
166 206 4
167 168 4
167 207 2
168 169 3
168 208 2
169 170 3
169 209 1
170 171 5
170 210 1
171 172 5
171 211 3
172 173 5
172 212 5
173 174 3
173 213 1
174 175 3
174 214 2
175 176 4
175 215 5
176 177 5
176 216 3
177 178 4
177 217 3
178 179 3
178 218 3
179 180 1
179 219 1
180 181 1
180 220 3
181 182 2
181 221 1
182 183 4
182 222 3
183 184 5
183 223 2
184 185 4
184 224 4
185 186 2
185 225 2
186 187 1
186 226 5
187 188 3
187 227 3
188 189 2
188 228 2
189 190 5
189 229 2
190 191 4
190 230 4
191 192 4
191 231 4
192 193 2
192 232 3
193 194 2
193 233 3
194 195 1
194 234 3
195 196 4
195 235 3
196 197 5
196 236 1
197 198 4
197 237 3
198 199 2
198 238 3
199 200 5
199 239 5
200 240 1
201 202 4
201 241 4
202 203 4
202 242 3
203 204 5
203 243 5
204 205 2
204 244 1
205 206 2
205 245 3
206 207 4
206 246 5
207 208 1
207 247 2
208 209 5
208 248 3
209 210 3
209 249 3
210 211 5
210 250 5
211 212 3
211 251 3
212 213 1
212 252 4
213 214 5
213 253 5
214 215 4
214 254 1
215 216 3
215 255 5
216 217 5
216 256 3
217 218 2
217 257 1
218 219 3
218 258 4
219 220 2
219 259 5
220 221 2
220 260 2
221 222 5
221 261 1
222 223 4
222 262 1
223 224 4
223 263 1
224 225 4
224 264 1
225 226 5
225 265 3
226 227 4
226 266 5
227 228 1
227 267 5
228 229 5
228 268 1
229 230 1
229 269 4
230 231 3
230 270 3
231 232 1
231 271 4
232 233 3
232 272 5
233 234 1
233 273 3
234 235 5
234 274 5
235 236 4
235 275 5
236 237 2
236 276 1
237 238 1
237 277 5
238 239 1
238 278 4
239 240 3
239 279 1
240 280 4
241 242 4
241 281 1
242 243 2
242 282 1
243 244 2
243 283 2
244 245 5
244 284 2
245 246 4
245 285 2
246 247 3
246 286 5
247 248 1
247 287 4
248 249 2
248 288 3
249 250 5
249 289 3
250 251 1
250 290 2
251 252 2
251 291 1
252 253 2
252 292 2
253 254 2
253 293 1
254 255 2
254 294 2
255 256 5
255 295 1
256 257 2
256 296 1
257 258 3
257 297 4
258 259 5
258 298 2
259 260 2
259 299 3
260 261 2
260 300 5
261 262 4
261 301 2
262 263 4
262 302 4
263 264 2
263 303 1
264 265 4
264 304 1
265 266 3
265 305 1
266 267 5
266 306 4
267 268 4
267 307 4
268 269 2
268 308 5
269 270 5
269 309 5
270 271 2
270 310 3
271 272 4
271 311 2
272 273 4
272 312 4
273 274 5
273 313 3
274 275 5
274 314 2
275 276 4
275 315 3
276 277 1
276 316 1
277 278 3
277 317 2
278 279 4
278 318 3
279 280 5
279 319 4
280 320 1
281 282 2
281 321 4
282 283 3
282 322 4
283 284 1
283 323 3
284 285 2
284 324 1
285 286 1
285 325 1
286 287 3
286 326 1
287 288 3
287 327 2
288 289 2
288 328 2
289 290 2
289 329 2
290 291 3
290 330 3
291 292 4
291 331 5
292 293 1
292 332 4
293 294 4
293 333 3
294 295 5
294 334 3
295 296 5
295 335 1
296 297 4
296 336 2
297 298 4
297 337 3
298 299 3
298 338 5
299 300 3
299 339 5
300 301 5
300 340 3
301 302 2
301 341 3
302 303 4
302 342 1
303 304 3
303 343 3
304 305 4
304 344 5
305 306 1
305 345 4
306 307 4
306 346 3
307 308 1
307 347 5
308 309 3
308 348 4
309 310 4
309 349 4
310 311 1
310 350 5
311 312 3
311 351 2
312 313 4
312 352 5
313 314 1
313 353 1
314 315 1
314 354 4
315 316 5
315 355 4
316 317 3
316 356 3
317 318 1
317 357 1
318 319 4
318 358 3
319 320 3
319 359 5
320 360 3
321 322 3
321 361 3
322 323 2
322 362 5
323 324 4
323 363 2
324 325 1
324 364 3
325 326 5
325 365 3
326 327 5
326 366 4
327 328 1
327 367 4
328 329 3
328 368 4
329 330 5
329 369 2
330 331 5
330 370 2
331 332 4
331 371 5
332 333 4
332 372 4
333 334 1
333 373 2
334 335 3
334 374 1
335 336 2
335 375 1
336 337 2
336 376 2
337 338 4
337 377 3
338 339 5
338 378 4
339 340 4
339 379 3
340 341 2
340 380 1
341 342 3
341 381 2
342 343 4
342 382 4
343 344 2
343 383 1
344 345 1
344 384 1
345 346 3
345 385 2
346 347 3
346 386 4
347 348 3
347 387 5
348 349 2
348 388 4
349 350 2
349 389 2
350 351 2
350 390 5
351 352 5
351 391 4
352 353 2
352 392 5
353 354 1
353 393 5
354 355 3
354 394 3
355 356 5
355 395 4
356 357 3
356 396 2
357 358 5
357 397 5
358 359 5
358 398 5
359 360 3
359 399 4
360 400 1
361 362 5
361 401 4
362 363 3
362 402 5
363 364 1
363 403 1
364 365 3
364 404 3
365 366 5
365 405 3
366 367 2
366 406 5
367 368 1
367 407 3
368 369 5
368 408 3
369 370 3
369 409 1
370 371 1
370 410 5
371 372 5
371 411 4
372 373 1
372 412 1
373 374 2
373 413 2
374 375 4
374 414 3
375 376 3
375 415 5
376 377 3
376 416 2
377 378 1
377 417 5
378 379 2
378 418 1
379 380 5
379 419 4
380 381 2
380 420 3
381 382 5
381 421 5
382 383 2
382 422 2
383 384 1
383 423 5
384 385 4
384 424 1
385 386 4
385 425 3
386 387 4
386 426 3
387 388 1
387 427 2
388 389 5
388 428 2
389 390 3
389 429 5
390 391 3
390 430 4
391 392 5
391 431 1
392 393 1
392 432 4
393 394 3
393 433 2
394 395 1
394 434 2
395 396 3
395 435 2
396 397 1
396 436 1
397 398 4
397 437 3
398 399 4
398 438 2
399 400 5
399 439 1
400 440 2
401 402 1
401 441 1
402 403 4
402 442 5
403 404 5
403 443 4
404 405 1
404 444 1
405 406 2
405 445 1
406 407 4
406 446 1
407 408 5
407 447 5
408 409 1
408 448 1
409 410 4
409 449 5
410 411 3
410 450 1
411 412 5
411 451 4
412 413 1
412 452 1
413 414 3
413 453 1
414 415 2
414 454 3
415 416 4
415 455 3
416 417 1
416 456 1
417 418 2
417 457 3
418 419 1
418 458 2
419 420 5
419 459 5
420 421 3
420 460 2
421 422 4
421 461 4
422 423 1
422 462 1
423 424 3
423 463 5
424 425 2
424 464 1
425 426 5
425 465 1
426 427 3
426 466 4
427 428 5
427 467 2
428 429 2
428 468 2
429 430 1
429 469 3
430 431 1
430 470 1
431 432 3
431 471 2
432 433 1
432 472 1
433 434 1
433 473 2
434 435 3
434 474 4
435 436 2
435 475 1
436 437 2
436 476 2
437 438 1
437 477 4
438 439 1
438 478 1
439 440 2
439 479 4
440 480 4
441 442 2
441 481 1
442 443 1
442 482 2
443 444 2
443 483 1
444 445 1
444 484 3
445 446 1
445 485 2
446 447 3
446 486 3
447 448 2
447 487 2
448 449 4
448 488 4
449 450 4
449 489 1
450 451 1
450 490 2
451 452 2
451 491 2
452 453 4
452 492 3
453 454 4
453 493 5
454 455 4
454 494 1
455 456 4
455 495 1
456 457 1
456 496 1
457 458 5
457 497 2
458 459 4
458 498 4
459 460 4
459 499 3
460 461 4
460 500 5
461 462 1
461 501 2
462 463 2
462 502 3
463 464 1
463 503 2
464 465 1
464 504 1
465 466 3
465 505 1
466 467 3
466 506 5
467 468 2
467 507 3
468 469 1
468 508 5
469 470 1
469 509 2
470 471 3
470 510 3
471 472 4
471 511 4
472 473 3
472 512 1
473 474 1
473 513 5
474 475 4
474 514 2
475 476 1
475 515 5
476 477 3
476 516 3
477 478 3
477 517 2
478 479 4
478 518 5
479 480 2
479 519 3
480 520 5
481 482 5
481 521 3
482 483 5
482 522 3
483 484 2
483 523 2
484 485 5
484 524 4
485 486 1
485 525 3
486 487 2
486 526 1
487 488 2
487 527 4
488 489 3
488 528 4
489 490 5
489 529 5
490 491 3
490 530 2
491 492 3
491 531 4
492 493 4
492 532 5
493 494 1
493 533 3
494 495 2
494 534 2
495 496 4
495 535 3
496 497 2
496 536 5
497 498 2
497 537 4
498 499 2
498 538 1
499 500 3
499 539 5
500 501 5
500 540 1
501 502 4
501 541 3
502 503 1
502 542 2
503 504 4
503 543 3
504 505 3
504 544 4
505 506 4
505 545 1
506 507 1
506 546 1
507 508 2
507 547 5
508 509 5
508 548 5
509 510 1
509 549 3
510 511 3
510 550 2
511 512 1
511 551 4
512 513 3
512 552 5
513 514 5
513 553 3
514 515 4
514 554 2
515 516 1
515 555 1
516 517 2
516 556 2
517 518 4
517 557 3
518 519 4
518 558 5
519 520 1
519 559 4
520 560 5
521 522 2
521 561 2
522 523 4
522 562 2
523 524 4
523 563 1
524 525 3
524 564 1
525 526 2
525 565 4
526 527 1
526 566 4
527 528 1
527 567 2
528 529 3
528 568 4
529 530 4
529 569 2
530 531 4
530 570 1
531 532 3
531 571 3
532 533 4
532 572 3
533 534 3
533 573 2
534 535 4
534 574 4
535 536 4
535 575 5
536 537 5
536 576 2
537 538 3
537 577 3
538 539 5
538 578 2
539 540 1
539 579 3
540 541 4
540 580 4
541 542 3
541 581 2
542 543 3
542 582 3
543 544 1
543 583 3
544 545 3
544 584 2
545 546 3
545 585 3
546 547 1
546 586 5
547 548 1
547 587 1
548 549 2
548 588 5
549 550 4
549 589 5
550 551 3
550 590 3
551 552 5
551 591 3
552 553 4
552 592 1
553 554 4
553 593 4
554 555 1
554 594 4
555 556 5
555 595 3
556 557 1
556 596 4
557 558 4
557 597 5
558 559 5
558 598 5
559 560 1
559 599 3
560 600 2
561 562 3
561 601 2
562 563 5
562 602 3
563 564 4
563 603 3
564 565 2
564 604 1
565 566 2
565 605 3
566 567 1
566 606 1
567 568 1
567 607 3
568 569 1
568 608 5
569 570 1
569 609 4
570 571 5
570 610 4
571 572 3
571 611 2
572 573 3
572 612 2
573 574 3
573 613 3
574 575 2
574 614 5
575 576 3
575 615 3
576 577 3
576 616 2
577 578 1
577 617 2
578 579 5
578 618 1
579 580 2
579 619 2
580 581 4
580 620 4
581 582 2
581 621 5
582 583 1
582 622 3
583 584 4
583 623 1
584 585 1
584 624 1
585 586 3
585 625 4
586 587 3
586 626 2
587 588 3
587 627 2
588 589 3
588 628 5
589 590 5
589 629 4
590 591 1
590 630 3
591 592 5
591 631 5
592 593 5
592 632 4
593 594 1
593 633 3
594 595 2
594 634 5
595 596 3
595 635 1
596 597 1
596 636 5
597 598 4
597 637 1
598 599 4
598 638 5
599 600 2
599 639 5
600 640 3
601 602 5
601 641 1
602 603 2
602 642 3
603 604 3
603 643 4
604 605 1
604 644 3
605 606 5
605 645 1
606 607 4
606 646 1
607 608 3
607 647 4
608 609 4
608 648 1
609 610 5
609 649 5
610 611 5
610 650 4
611 612 1
611 651 5
612 613 3
612 652 3
613 614 3
613 653 2
614 615 4
614 654 2
615 616 3
615 655 1
616 617 5
616 656 2
617 618 4
617 657 2
618 619 5
618 658 3
619 620 1
619 659 4
620 621 2
620 660 1
621 622 1
621 661 4
622 623 1
622 662 3
623 624 2
623 663 1
624 625 5
624 664 2
625 626 4
625 665 1
626 627 4
626 666 3
627 628 4
627 667 3
628 629 4
628 668 5
629 630 3
629 669 1
630 631 4
630 670 3
631 632 2
631 671 5
632 633 3
632 672 1
633 634 1
633 673 2
634 635 4
634 674 1
635 636 4
635 675 1
636 637 1
636 676 5
637 638 4
637 677 4
638 639 4
638 678 1
639 640 4
639 679 5
640 680 5
641 642 5
641 681 4
642 643 2
642 682 5
643 644 1
643 683 5
644 645 2
644 684 1
645 646 3
645 685 3
646 647 5
646 686 1
647 648 1
647 687 4
648 649 5
648 688 1
649 650 2
649 689 5
650 651 4
650 690 3
651 652 1
651 691 5
652 653 2
652 692 3
653 654 2
653 693 4
654 655 5
654 694 3
655 656 5
655 695 2
656 657 2
656 696 2
657 658 3
657 697 3
658 659 1
658 698 1
659 660 2
659 699 1
660 661 5
660 700 3
661 662 5
661 701 1
662 663 4
662 702 4
663 664 1
663 703 1
664 665 2
664 704 5
665 666 5
665 705 2
666 667 5
666 706 5
667 668 4
667 707 4
668 669 5
668 708 4
669 670 5
669 709 4
670 671 5
670 710 4
671 672 5
671 711 1
672 673 5
672 712 4
673 674 1
673 713 5
674 675 1
674 714 5
675 676 2
675 715 4
676 677 5
676 716 1
677 678 2
677 717 1
678 679 4
678 718 5
679 680 2
679 719 4
680 720 4
681 682 5
681 721 5
682 683 3
682 722 2
683 684 3
683 723 5
684 685 2
684 724 3
685 686 2
685 725 2
686 687 1
686 726 2
687 688 2
687 727 1
688 689 1
688 728 1
689 690 5
689 729 1
690 691 5
690 730 1
691 692 1
691 731 1
692 693 4
692 732 5
693 694 5
693 733 5
694 695 1
694 734 3
695 696 1
695 735 5
696 697 1
696 736 3
697 698 3
697 737 5
698 699 5
698 738 4
699 700 2
699 739 2
700 701 3
700 740 1
701 702 1
701 741 2
702 703 5
702 742 4
703 704 2
703 743 5
704 705 3
704 744 1
705 706 5
705 745 4
706 707 4
706 746 5
707 708 1
707 747 1
708 709 3
708 748 3
709 710 5
709 749 2
710 711 5
710 750 5
711 712 4
711 751 3
712 713 5
712 752 5
713 714 3
713 753 2
714 715 2
714 754 1
715 716 4
715 755 1
716 717 2
716 756 2
717 718 1
717 757 5
718 719 3
718 758 4
719 720 2
719 759 5
720 760 3
721 722 2
721 761 2
722 723 4
722 762 1
723 724 2
723 763 1
724 725 1
724 764 3
725 726 3
725 765 1
726 727 3
726 766 4
727 728 2
727 767 1
728 729 5
728 768 2
729 730 1
729 769 4
730 731 3
730 770 2
731 732 4
731 771 5
732 733 4
732 772 5
733 734 4
733 773 1
734 735 3
734 774 2
735 736 4
735 775 5
736 737 4
736 776 1
737 738 5
737 777 4
738 739 3
738 778 2
739 740 4
739 779 2
740 741 3
740 780 2
741 742 1
741 781 1
742 743 1
742 782 2
743 744 2
743 783 1
744 745 3
744 784 2
745 746 3
745 785 1
746 747 3
746 786 5
747 748 3
747 787 2
748 749 2
748 788 5
749 750 4
749 789 2
750 751 3
750 790 1
751 752 2
751 791 3
752 753 2
752 792 2
753 754 4
753 793 2
754 755 4
754 794 3
755 756 4
755 795 2
756 757 4
756 796 1
757 758 4
757 797 1
758 759 4
758 798 4
759 760 1
759 799 4
760 800 5
761 762 1
761 801 4
762 763 1
762 802 3
763 764 5
763 803 4
764 765 2
764 804 4
765 766 2
765 805 5
766 767 2
766 806 3
767 768 2
767 807 3
768 769 2
768 808 5
769 770 3
769 809 2
770 771 1
770 810 4
771 772 5
771 811 2
772 773 2
772 812 4
773 774 2
773 813 1
774 775 2
774 814 2
775 776 4
775 815 4
776 777 1
776 816 3
777 778 5
777 817 3
778 779 3
778 818 3
779 780 5
779 819 1
780 781 2
780 820 2
781 782 1
781 821 5
782 783 5
782 822 4
783 784 1
783 823 2
784 785 1
784 824 1
785 786 4
785 825 2
786 787 1
786 826 1
787 788 1
787 827 5
788 789 3
788 828 3
789 790 4
789 829 1
790 791 5
790 830 2
791 792 4
791 831 1
792 793 3
792 832 3
793 794 5
793 833 2
794 795 1
794 834 3
795 796 1
795 835 1
796 797 1
796 836 4
797 798 3
797 837 3
798 799 5
798 838 2
799 800 4
799 839 1
800 840 4
801 802 4
801 841 4
802 803 2
802 842 2
803 804 5
803 843 2
804 805 3
804 844 2
805 806 2
805 845 5
806 807 1
806 846 1
807 808 1
807 847 2
808 809 5
808 848 4
809 810 4
809 849 5
810 811 3
810 850 5
811 812 3
811 851 4
812 813 1
812 852 4
813 814 3
813 853 5
814 815 3
814 854 2
815 816 5
815 855 3
816 817 3
816 856 3
817 818 2
817 857 2
818 819 3
818 858 2
819 820 1
819 859 2
820 821 3
820 860 3
821 822 4
821 861 5
822 823 1
822 862 5
823 824 2
823 863 3
824 825 1
824 864 1
825 826 5
825 865 3
826 827 3
826 866 5
827 828 4
827 867 3
828 829 2
828 868 4
829 830 1
829 869 3
830 831 4
830 870 4
831 832 1
831 871 5
832 833 1
832 872 4
833 834 4
833 873 5
834 835 2
834 874 3
835 836 2
835 875 5
836 837 3
836 876 3
837 838 1
837 877 5
838 839 5
838 878 4
839 840 5
839 879 5
840 880 1
841 842 5
841 881 1
842 843 4
842 882 2
843 844 5
843 883 5
844 845 4
844 884 3
845 846 2
845 885 3
846 847 1
846 886 2
847 848 3
847 887 4
848 849 3
848 888 1
849 850 2
849 889 1
850 851 1
850 890 1
851 852 5
851 891 5
852 853 1
852 892 5
853 854 2
853 893 1
854 855 3
854 894 1
855 856 2
855 895 1
856 857 5
856 896 5
857 858 3
857 897 2
858 859 1
858 898 2
859 860 5
859 899 3
860 861 4
860 900 1
861 862 3
861 901 1
862 863 4
862 902 3
863 864 1
863 903 3
864 865 5
864 904 5
865 866 1
865 905 2
866 867 5
866 906 2
867 868 5
867 907 5
868 869 4
868 908 1
869 870 4
869 909 5
870 871 2
870 910 1
871 872 4
871 911 3
872 873 3
872 912 4
873 874 4
873 913 5
874 875 5
874 914 5
875 876 5
875 915 2
876 877 1
876 916 1
877 878 4
877 917 5
878 879 2
878 918 2
879 880 2
879 919 4
880 920 3
881 882 4
881 921 4
882 883 2
882 922 5
883 884 5
883 923 1
884 885 1
884 924 3
885 886 3
885 925 5
886 887 5
886 926 5
887 888 1
887 927 1
888 889 2
888 928 3
889 890 1
889 929 4
890 891 5
890 930 2
891 892 3
891 931 5
892 893 1
892 932 4
893 894 1
893 933 5
894 895 4
894 934 4
895 896 2
895 935 1
896 897 3
896 936 5
897 898 2
897 937 4
898 899 5
898 938 2
899 900 5
899 939 2
900 901 4
900 940 3
901 902 4
901 941 3
902 903 1
902 942 4
903 904 4
903 943 4
904 905 4
904 944 3
905 906 4
905 945 1
906 907 2
906 946 4
907 908 1
907 947 2
908 909 4
908 948 2
909 910 3
909 949 3
910 911 3
910 950 2
911 912 5
911 951 2
912 913 2
912 952 1
913 914 1
913 953 3
914 915 5
914 954 3
915 916 2
915 955 2
916 917 1
916 956 3
917 918 4
917 957 2
918 919 4
918 958 3
919 920 1
919 959 2
920 960 4
921 922 2
921 961 3
922 923 4
922 962 5
923 924 2
923 963 5
924 925 5
924 964 2
925 926 3
925 965 5
926 927 4
926 966 3
927 928 5
927 967 5
928 929 3
928 968 4
929 930 4
929 969 1
930 931 5
930 970 2
931 932 3
931 971 2
932 933 4
932 972 5
933 934 1
933 973 3
934 935 1
934 974 4
935 936 5
935 975 2
936 937 3
936 976 4
937 938 5
937 977 1
938 939 1
938 978 3
939 940 4
939 979 1
940 941 2
940 980 3
941 942 1
941 981 4
942 943 2
942 982 4
943 944 2
943 983 2
944 945 2
944 984 5
945 946 5
945 985 5
946 947 3
946 986 2
947 948 2
947 987 4
948 949 4
948 988 3
949 950 5
949 989 4
950 951 4
950 990 1
951 952 5
951 991 2
952 953 5
952 992 1
953 954 4
953 993 3
954 955 2
954 994 2
955 956 3
955 995 1
956 957 3
956 996 4
957 958 2
957 997 2
958 959 3
958 998 5
959 960 5
959 999 4
960 1000 4
961 962 5
961 1001 5
962 963 4
962 1002 3
963 964 1
963 1003 1
964 965 2
964 1004 1
965 966 3
965 1005 4
966 967 4
966 1006 5
967 968 1
967 1007 1
968 969 1
968 1008 3
969 970 1
969 1009 2
970 971 1
970 1010 4
971 972 3
971 1011 5
972 973 2
972 1012 3
973 974 3
973 1013 3
974 975 5
974 1014 5
975 976 3
975 1015 3
976 977 2
976 1016 5
977 978 3
977 1017 5
978 979 5
978 1018 3
979 980 1
979 1019 2
980 981 1
980 1020 5
981 982 5
981 1021 5
982 983 2
982 1022 5
983 984 1
983 1023 1
984 985 2
984 1024 2
985 986 5
985 1025 5
986 987 5
986 1026 1
987 988 2
987 1027 4
988 989 1
988 1028 5
989 990 3
989 1029 3
990 991 5
990 1030 3
991 992 4
991 1031 2
992 993 5
992 1032 5
993 994 1
993 1033 1
994 995 5
994 1034 2
995 996 5
995 1035 4
996 997 3
996 1036 4
997 998 5
997 1037 3
998 999 4
998 1038 2
999 1000 4
999 1039 1
1000 1040 2
1001 1002 1
1001 1041 1
1002 1003 3
1002 1042 5
1003 1004 4
1003 1043 3
1004 1005 3
1004 1044 1
1005 1006 5
1005 1045 4
1006 1007 4
1006 1046 1
1007 1008 1
1007 1047 1
1008 1009 3
1008 1048 2
1009 1010 3
1009 1049 3
1010 1011 1
1010 1050 1
1011 1012 5
1011 1051 5
1012 1013 1
1012 1052 1
1013 1014 4
1013 1053 2
1014 1015 3
1014 1054 5
1015 1016 1
1015 1055 5
1016 1017 4
1016 1056 2
1017 1018 3
1017 1057 2
1018 1019 1
1018 1058 1
1019 1020 2
1019 1059 4
1020 1021 4
1020 1060 5
1021 1022 2
1021 1061 3
1022 1023 4
1022 1062 3
1023 1024 4
1023 1063 5
1024 1025 5
1024 1064 4
1025 1026 1
1025 1065 3
1026 1027 5
1026 1066 1
1027 1028 3
1027 1067 2
1028 1029 3
1028 1068 1
1029 1030 3
1029 1069 2
1030 1031 3
1030 1070 3
1031 1032 5
1031 1071 1
1032 1033 4
1032 1072 2
1033 1034 4
1033 1073 2
1034 1035 2
1034 1074 5
1035 1036 1
1035 1075 4
1036 1037 3
1036 1076 3
1037 1038 4
1037 1077 1
1038 1039 2
1038 1078 5
1039 1040 5
1039 1079 1
1040 1080 2
1041 1042 2
1041 1081 5
1042 1043 5
1042 1082 3
1043 1044 5
1043 1083 5
1044 1045 3
1044 1084 4
1045 1046 5
1045 1085 3
1046 1047 2
1046 1086 5
1047 1048 2
1047 1087 5
1048 1049 3
1048 1088 2
1049 1050 1
1049 1089 4
1050 1051 5
1050 1090 5
1051 1052 4
1051 1091 2
1052 1053 5
1052 1092 5
1053 1054 5
1053 1093 1
1054 1055 5
1054 1094 5
1055 1056 3
1055 1095 1
1056 1057 1
1056 1096 4
1057 1058 4
1057 1097 2
1058 1059 5
1058 1098 1
1059 1060 5
1059 1099 3
1060 1061 4
1060 1100 3
1061 1062 1
1061 1101 1
1062 1063 3
1062 1102 2
1063 1064 1
1063 1103 1
1064 1065 2
1064 1104 4
1065 1066 5
1065 1105 4
1066 1067 4
1066 1106 2
1067 1068 5
1067 1107 4
1068 1069 2
1068 1108 4
1069 1070 1
1069 1109 4
1070 1071 1
1070 1110 3
1071 1072 2
1071 1111 3
1072 1073 5
1072 1112 2
1073 1074 3
1073 1113 4
1074 1075 2
1074 1114 3
1075 1076 5
1075 1115 3
1076 1077 4
1076 1116 1
1077 1078 4
1077 1117 3
1078 1079 4
1078 1118 3
1079 1080 3
1079 1119 5
1080 1120 1
1081 1082 2
1081 1121 5
1082 1083 3
1082 1122 3
1083 1084 3
1083 1123 2
1084 1085 2
1084 1124 3
1085 1086 1
1085 1125 3
1086 1087 5
1086 1126 3
1087 1088 2
1087 1127 2
1088 1089 3
1088 1128 5
1089 1090 4
1089 1129 1
1090 1091 1
1090 1130 4
1091 1092 2
1091 1131 3
1092 1093 1
1092 1132 2
1093 1094 4
1093 1133 2
1094 1095 4
1094 1134 3
1095 1096 5
1095 1135 5
1096 1097 1
1096 1136 3
1097 1098 4
1097 1137 1
1098 1099 2
1098 1138 5
1099 1100 5
1099 1139 1
1100 1101 4
1100 1140 4
1101 1102 3
1101 1141 2
1102 1103 1
1102 1142 4
1103 1104 3
1103 1143 2
1104 1105 3
1104 1144 3
1105 1106 3
1105 1145 4
1106 1107 1
1106 1146 4
1107 1108 3
1107 1147 3
1108 1109 1
1108 1148 1
1109 1110 4
1109 1149 2
1110 1111 2
1110 1150 3
1111 1112 4
1111 1151 2
1112 1113 5
1112 1152 4
1113 1114 2
1113 1153 4
1114 1115 3
1114 1154 4
1115 1116 5
1115 1155 5
1116 1117 4
1116 1156 5
1117 1118 3
1117 1157 1
1118 1119 5
1118 1158 3
1119 1120 2
1119 1159 3
1120 1160 3
1121 1122 4
1121 1161 4
1122 1123 2
1122 1162 3
1123 1124 1
1123 1163 3
1124 1125 2
1124 1164 5
1125 1126 5
1125 1165 3
1126 1127 5
1126 1166 2
1127 1128 3
1127 1167 3
1128 1129 2
1128 1168 2
1129 1130 2
1129 1169 4
1130 1131 4
1130 1170 2
1131 1132 3
1131 1171 4
1132 1133 3
1132 1172 1
1133 1134 2
1133 1173 3
1134 1135 1
1134 1174 2
1135 1136 5
1135 1175 3
1136 1137 3
1136 1176 4
1137 1138 5
1137 1177 2
1138 1139 4
1138 1178 3
1139 1140 1
1139 1179 2
1140 1141 1
1140 1180 5
1141 1142 1
1141 1181 2
1142 1143 4
1142 1182 3
1143 1144 5
1143 1183 2
1144 1145 2
1144 1184 3
1145 1146 4
1145 1185 5
1146 1147 4
1146 1186 5
1147 1148 2
1147 1187 3
1148 1149 2
1148 1188 4
1149 1150 5
1149 1189 5
1150 1151 1
1150 1190 5
1151 1152 1
1151 1191 4
1152 1153 4
1152 1192 3
1153 1154 3
1153 1193 1
1154 1155 4
1154 1194 5
1155 1156 3
1155 1195 5
1156 1157 3
1156 1196 5
1157 1158 1
1157 1197 4
1158 1159 4
1158 1198 4
1159 1160 5
1159 1199 2
1160 1200 1
1161 1162 5
1161 1201 4
1162 1163 1
1162 1202 4
1163 1164 3
1163 1203 3
1164 1165 2
1164 1204 1
1165 1166 5
1165 1205 2
1166 1167 5
1166 1206 5
1167 1168 1
1167 1207 4
1168 1169 4
1168 1208 3
1169 1170 4
1169 1209 4
1170 1171 3
1170 1210 4
1171 1172 3
1171 1211 4
1172 1173 2
1172 1212 3
1173 1174 4
1173 1213 4
1174 1175 4
1174 1214 1
1175 1176 3
1175 1215 5
1176 1177 2
1176 1216 5
1177 1178 1
1177 1217 2
1178 1179 4
1178 1218 2
1179 1180 1
1179 1219 5
1180 1181 3
1180 1220 4
1181 1182 3
1181 1221 3
1182 1183 3
1182 1222 1
1183 1184 5
1183 1223 4
1184 1185 2
1184 1224 5
1185 1186 5
1185 1225 1
1186 1187 4
1186 1226 3
1187 1188 2
1187 1227 1
1188 1189 2
1188 1228 2
1189 1190 1
1189 1229 1
1190 1191 2
1190 1230 5
1191 1192 5
1191 1231 3
1192 1193 2
1192 1232 1
1193 1194 2
1193 1233 4
1194 1195 1
1194 1234 5
1195 1196 4
1195 1235 1
1196 1197 4
1196 1236 3
1197 1198 4
1197 1237 4
1198 1199 2
1198 1238 4
1199 1200 3
1199 1239 3
1200 1240 2
1201 1202 2
1201 1241 3
1202 1203 2
1202 1242 5
1203 1204 1
1203 1243 1
1204 1205 3
1204 1244 2
1205 1206 2
1205 1245 2
1206 1207 4
1206 1246 1
1207 1208 5
1207 1247 2
1208 1209 2
1208 1248 1
1209 1210 4
1209 1249 4
1210 1211 1
1210 1250 4
1211 1212 5
1211 1251 3
1212 1213 1
1212 1252 5
1213 1214 3
1213 1253 1
1214 1215 3
1214 1254 2
1215 1216 3
1215 1255 1
1216 1217 1
1216 1256 3
1217 1218 3
1217 1257 3
1218 1219 4
1218 1258 4
1219 1220 1
1219 1259 5
1220 1221 2
1220 1260 5
1221 1222 4
1221 1261 2
1222 1223 4
1222 1262 5
1223 1224 1
1223 1263 5
1224 1225 1
1224 1264 4
1225 1226 3
1225 1265 2
1226 1227 2
1226 1266 1
1227 1228 4
1227 1267 2
1228 1229 2
1228 1268 2
1229 1230 5
1229 1269 3
1230 1231 3
1230 1270 3
1231 1232 1
1231 1271 5
1232 1233 1
1232 1272 5
1233 1234 4
1233 1273 3
1234 1235 2
1234 1274 4
1235 1236 4
1235 1275 1
1236 1237 5
1236 1276 3
1237 1238 5
1237 1277 4
1238 1239 4
1238 1278 1
1239 1240 3
1239 1279 1
1240 1280 3
1241 1242 3
1241 1281 4
1242 1243 4
1242 1282 3
1243 1244 4
1243 1283 3
1244 1245 5
1244 1284 4
1245 1246 4
1245 1285 2
1246 1247 3
1246 1286 1
1247 1248 4
1247 1287 1
1248 1249 2
1248 1288 4
1249 1250 2
1249 1289 1
1250 1251 5
1250 1290 5
1251 1252 2
1251 1291 3
1252 1253 5
1252 1292 5
1253 1254 4
1253 1293 1
1254 1255 1
1254 1294 5
1255 1256 3
1255 1295 3
1256 1257 2
1256 1296 3
1257 1258 4
1257 1297 4
1258 1259 4
1258 1298 1
1259 1260 3
1259 1299 1
1260 1261 5
1260 1300 1
1261 1262 5
1261 1301 2
1262 1263 5
1262 1302 5
1263 1264 1
1263 1303 2
1264 1265 1
1264 1304 5
1265 1266 1
1265 1305 3
1266 1267 5
1266 1306 2
1267 1268 5
1267 1307 5
1268 1269 1
1268 1308 2
1269 1270 3
1269 1309 5
1270 1271 2
1270 1310 2
1271 1272 1
1271 1311 3
1272 1273 4
1272 1312 4
1273 1274 5
1273 1313 3
1274 1275 3
1274 1314 1
1275 1276 5
1275 1315 1
1276 1277 1
1276 1316 5
1277 1278 5
1277 1317 3
1278 1279 5
1278 1318 2
1279 1280 3
1279 1319 3
1280 1320 1
1281 1282 2
1281 1321 1
1282 1283 2
1282 1322 5
1283 1284 1
1283 1323 2
1284 1285 3
1284 1324 1
1285 1286 3
1285 1325 5
1286 1287 2
1286 1326 3
1287 1288 4
1287 1327 3
1288 1289 4
1288 1328 2
1289 1290 1
1289 1329 4
1290 1291 1
1290 1330 1
1291 1292 5
1291 1331 1
1292 1293 5
1292 1332 2
1293 1294 4
1293 1333 1
1294 1295 3
1294 1334 2
1295 1296 4
1295 1335 4
1296 1297 1
1296 1336 3
1297 1298 5
1297 1337 4
1298 1299 1
1298 1338 3
1299 1300 2
1299 1339 2
1300 1301 1
1300 1340 5
1301 1302 2
1301 1341 4
1302 1303 3
1302 1342 3
1303 1304 5
1303 1343 5
1304 1305 5
1304 1344 5
1305 1306 1
1305 1345 5
1306 1307 1
1306 1346 1
1307 1308 5
1307 1347 2
1308 1309 1
1308 1348 3
1309 1310 4
1309 1349 4
1310 1311 1
1310 1350 1
1311 1312 5
1311 1351 3
1312 1313 5
1312 1352 5
1313 1314 3
1313 1353 2
1314 1315 3
1314 1354 3
1315 1316 3
1315 1355 5
1316 1317 3
1316 1356 3
1317 1318 3
1317 1357 1
1318 1319 4
1318 1358 2
1319 1320 1
1319 1359 2
1320 1360 5
1321 1322 4
1321 1361 5
1322 1323 5
1322 1362 1
1323 1324 5
1323 1363 2
1324 1325 1
1324 1364 2
1325 1326 4
1325 1365 1
1326 1327 3
1326 1366 3
1327 1328 2
1327 1367 2
1328 1329 1
1328 1368 2
1329 1330 4
1329 1369 5
1330 1331 3
1330 1370 3
1331 1332 4
1331 1371 3
1332 1333 4
1332 1372 3
1333 1334 1
1333 1373 5
1334 1335 2
1334 1374 1
1335 1336 1
1335 1375 1
1336 1337 5
1336 1376 1
1337 1338 3
1337 1377 2
1338 1339 4
1338 1378 5
1339 1340 5
1339 1379 2
1340 1341 3
1340 1380 1
1341 1342 3
1341 1381 3
1342 1343 5
1342 1382 2
1343 1344 4
1343 1383 3
1344 1345 3
1344 1384 4
1345 1346 4
1345 1385 1
1346 1347 3
1346 1386 5
1347 1348 5
1347 1387 2
1348 1349 4
1348 1388 2
1349 1350 4
1349 1389 4
1350 1351 2
1350 1390 5
1351 1352 3
1351 1391 2
1352 1353 4
1352 1392 3
1353 1354 1
1353 1393 5
1354 1355 3
1354 1394 5
1355 1356 5
1355 1395 2
1356 1357 2
1356 1396 2
1357 1358 1
1357 1397 1
1358 1359 4
1358 1398 4
1359 1360 4
1359 1399 2
1360 1400 5
1361 1362 4
1361 1401 5
1362 1363 3
1362 1402 1
1363 1364 5
1363 1403 5
1364 1365 2
1364 1404 5
1365 1366 4
1365 1405 4
1366 1367 4
1366 1406 2
1367 1368 4
1367 1407 4
1368 1369 2
1368 1408 3
1369 1370 1
1369 1409 2
1370 1371 5
1370 1410 5
1371 1372 2
1371 1411 5
1372 1373 5
1372 1412 4
1373 1374 2
1373 1413 4
1374 1375 1
1374 1414 5
1375 1376 1
1375 1415 2
1376 1377 4
1376 1416 3
1377 1378 3
1377 1417 4
1378 1379 5
1378 1418 2
1379 1380 3
1379 1419 2
1380 1381 4
1380 1420 4
1381 1382 2
1381 1421 4
1382 1383 1
1382 1422 4
1383 1384 2
1383 1423 2
1384 1385 2
1384 1424 5
1385 1386 2
1385 1425 2
1386 1387 3
1386 1426 2
1387 1388 2
1387 1427 3
1388 1389 5
1388 1428 5
1389 1390 4
1389 1429 1
1390 1391 1
1390 1430 3
1391 1392 3
1391 1431 1
1392 1393 5
1392 1432 3
1393 1394 4
1393 1433 2
1394 1395 2
1394 1434 5
1395 1396 3
1395 1435 1
1396 1397 1
1396 1436 2
1397 1398 1
1397 1437 3
1398 1399 4
1398 1438 3
1399 1400 5
1399 1439 5
1400 1440 2
1401 1402 3
1401 1441 2
1402 1403 2
1402 1442 3
1403 1404 1
1403 1443 1
1404 1405 2
1404 1444 5
1405 1406 3
1405 1445 2
1406 1407 3
1406 1446 2
1407 1408 2
1407 1447 3
1408 1409 3
1408 1448 3
1409 1410 3
1409 1449 1
1410 1411 4
1410 1450 2
1411 1412 2
1411 1451 3
1412 1413 3
1412 1452 3
1413 1414 2
1413 1453 1
1414 1415 1
1414 1454 1
1415 1416 2
1415 1455 2
1416 1417 4
1416 1456 2
1417 1418 3
1417 1457 4
1418 1419 3
1418 1458 2
1419 1420 4
1419 1459 1
1420 1421 3
1420 1460 3
1421 1422 3
1421 1461 5
1422 1423 5
1422 1462 5
1423 1424 2
1423 1463 2
1424 1425 1
1424 1464 5
1425 1426 1
1425 1465 3
1426 1427 5
1426 1466 3
1427 1428 2
1427 1467 4
1428 1429 5
1428 1468 1
1429 1430 2
1429 1469 4
1430 1431 2
1430 1470 5
1431 1432 2
1431 1471 2
1432 1433 2
1432 1472 5
1433 1434 3
1433 1473 5
1434 1435 5
1434 1474 3
1435 1436 3
1435 1475 5
1436 1437 2
1436 1476 3
1437 1438 3
1437 1477 1
1438 1439 3
1438 1478 5
1439 1440 2
1439 1479 4
1440 1480 4
1441 1442 3
1441 1481 4
1442 1443 3
1442 1482 2
1443 1444 3
1443 1483 3
1444 1445 3
1444 1484 4
1445 1446 3
1445 1485 2
1446 1447 1
1446 1486 1
1447 1448 3
1447 1487 2
1448 1449 4
1448 1488 3
1449 1450 5
1449 1489 5
1450 1451 2
1450 1490 2
1451 1452 4
1451 1491 2
1452 1453 5
1452 1492 3
1453 1454 1
1453 1493 5
1454 1455 5
1454 1494 5
1455 1456 1
1455 1495 2
1456 1457 4
1456 1496 2
1457 1458 2
1457 1497 2
1458 1459 5
1458 1498 2
1459 1460 2
1459 1499 1
1460 1461 4
1460 1500 4
1461 1462 2
1461 1501 4
1462 1463 2
1462 1502 5
1463 1464 5
1463 1503 4
1464 1465 5
1464 1504 1
1465 1466 5
1465 1505 1
1466 1467 2
1466 1506 2
1467 1468 3
1467 1507 5
1468 1469 2
1468 1508 2
1469 1470 2
1469 1509 3
1470 1471 4
1470 1510 2
1471 1472 2
1471 1511 4
1472 1473 1
1472 1512 1
1473 1474 1
1473 1513 4
1474 1475 2
1474 1514 1
1475 1476 3
1475 1515 5
1476 1477 2
1476 1516 3
1477 1478 1
1477 1517 2
1478 1479 5
1478 1518 3
1479 1480 3
1479 1519 5
1480 1520 2
1481 1482 5
1481 1521 4
1482 1483 4
1482 1522 1
1483 1484 4
1483 1523 5
1484 1485 4
1484 1524 2
1485 1486 2
1485 1525 5
1486 1487 2
1486 1526 2
1487 1488 4
1487 1527 2
1488 1489 3
1488 1528 4
1489 1490 2
1489 1529 2
1490 1491 1
1490 1530 4
1491 1492 1
1491 1531 3
1492 1493 3
1492 1532 4
1493 1494 1
1493 1533 1
1494 1495 3
1494 1534 4
1495 1496 1
1495 1535 5
1496 1497 3
1496 1536 2
1497 1498 1
1497 1537 1
1498 1499 3
1498 1538 5
1499 1500 1
1499 1539 2
1500 1501 4
1500 1540 4
1501 1502 2
1501 1541 2
1502 1503 5
1502 1542 1
1503 1504 3
1503 1543 5
1504 1505 4
1504 1544 1
1505 1506 4
1505 1545 1
1506 1507 3
1506 1546 5
1507 1508 1
1507 1547 3
1508 1509 4
1508 1548 1
1509 1510 4
1509 1549 2
1510 1511 5
1510 1550 5
1511 1512 4
1511 1551 3
1512 1513 2
1512 1552 3
1513 1514 3
1513 1553 2
1514 1515 3
1514 1554 2
1515 1516 1
1515 1555 3
1516 1517 4
1516 1556 2
1517 1518 3
1517 1557 2
1518 1519 3
1518 1558 1
1519 1520 4
1519 1559 3
1520 1560 5
1521 1522 2
1521 1561 5
1522 1523 1
1522 1562 1
1523 1524 1
1523 1563 3
1524 1525 2
1524 1564 5
1525 1526 1
1525 1565 3
1526 1527 4
1526 1566 3
1527 1528 4
1527 1567 4
1528 1529 3
1528 1568 5
1529 1530 3
1529 1569 5
1530 1531 5
1530 1570 4
1531 1532 1
1531 1571 4
1532 1533 1
1532 1572 4
1533 1534 3
1533 1573 4
1534 1535 2
1534 1574 4
1535 1536 2
1535 1575 4
1536 1537 5
1536 1576 5
1537 1538 4
1537 1577 1
1538 1539 1
1538 1578 5
1539 1540 3
1539 1579 2
1540 1541 4
1540 1580 4
1541 1542 2
1541 1581 2
1542 1543 1
1542 1582 5
1543 1544 5
1543 1583 2
1544 1545 2
1544 1584 4
1545 1546 2
1545 1585 4
1546 1547 5
1546 1586 4
1547 1548 5
1547 1587 4
1548 1549 1
1548 1588 4
1549 1550 1
1549 1589 4
1550 1551 1
1550 1590 3
1551 1552 4
1551 1591 4
1552 1553 3
1552 1592 4
1553 1554 4
1553 1593 1
1554 1555 3
1554 1594 3
1555 1556 4
1555 1595 4
1556 1557 1
1556 1596 5
1557 1558 2
1557 1597 2
1558 1559 1
1558 1598 5
1559 1560 1
1559 1599 4
1560 1600 3
1561 1562 1
1562 1563 3
1563 1564 3
1564 1565 2
1565 1566 4
1566 1567 2
1567 1568 5
1568 1569 3
1569 1570 3
1570 1571 3
1571 1572 2
1572 1573 3
1573 1574 5
1574 1575 1
1575 1576 5
1576 1577 5
1577 1578 2
1578 1579 1
1579 1580 2
1580 1581 1
1581 1582 1
1582 1583 1
1583 1584 1
1584 1585 1
1585 1586 1
1586 1587 3
1587 1588 5
1588 1589 5
1589 1590 2
1590 1591 2
1591 1592 5
1592 1593 3
1593 1594 1
1594 1595 5
1595 1596 1
1596 1597 1
1597 1598 3
1598 1599 4
1599 1600 4
