400 760
1 2 5
1 21 5
2 3 2
2 22 1
3 4 3
3 23 1
4 5 5
4 24 2
5 6 1
5 25 1
6 7 4
6 26 5
7 8 3
7 27 5
8 9 5
8 28 3
9 10 3
9 29 4
10 11 4
10 30 1
11 12 5
11 31 3
12 13 5
12 32 5
13 14 2
13 33 3
14 15 2
14 34 1
15 16 5
15 35 4
16 17 2
16 36 2
17 18 3
17 37 5
18 19 1
18 38 1
19 20 5
19 39 5
20 40 4
21 22 1
21 41 3
22 23 5
22 42 2
23 24 5
23 43 2
24 25 5
24 44 5
25 26 3
25 45 1
26 27 3
26 46 3
27 28 3
27 47 3
28 29 3
28 48 5
29 30 1
29 49 3
30 31 1
30 50 5
31 32 4
31 51 4
32 33 2
32 52 3
33 34 1
33 53 3
34 35 4
34 54 4
35 36 2
35 55 2
36 37 5
36 56 1
37 38 3
37 57 1
38 39 2
38 58 5
39 40 2
39 59 2
40 60 1
41 42 3
41 61 4
42 43 3
42 62 1
43 44 2
43 63 4
44 45 5
44 64 3
45 46 2
45 65 1
46 47 1
46 66 3
47 48 4
47 67 2
48 49 2
48 68 5
49 50 1
49 69 5
50 51 1
50 70 1
51 52 4
51 71 1
52 53 5
52 72 2
53 54 4
53 73 3
54 55 3
54 74 5
55 56 5
55 75 1
56 57 5
56 76 3
57 58 5
57 77 1
58 59 3
58 78 1
59 60 3
59 79 3
60 80 1
61 62 5
61 81 3
62 63 3
62 82 2
63 64 1
63 83 1
64 65 5
64 84 1
65 66 1
65 85 3
66 67 5
66 86 5
67 68 4
67 87 4
68 69 4
68 88 3
69 70 5
69 89 5
70 71 3
70 90 5
71 72 2
71 91 3
72 73 5
72 92 5
73 74 4
73 93 5
74 75 1
74 94 2
75 76 1
75 95 4
76 77 2
76 96 4
77 78 2
77 97 4
78 79 5
78 98 5
79 80 5
79 99 4
80 100 2
81 82 5
81 101 4
82 83 3
82 102 3
83 84 1
83 103 2
84 85 1
84 104 3
85 86 4
85 105 3
86 87 3
86 106 2
87 88 3
87 107 1
88 89 3
88 108 3
89 90 3
89 109 5
90 91 2
90 110 3
91 92 5
91 111 4
92 93 1
92 112 3
93 94 2
93 113 1
94 95 5
94 114 4
95 96 4
95 115 1
96 97 2
96 116 5
97 98 3
97 117 5
98 99 2
98 118 4
99 100 2
99 119 5
100 120 5
101 102 3
101 121 3
102 103 4
102 122 5
103 104 1
103 123 3
104 105 4
104 124 2
105 106 4
105 125 4
106 107 3
106 126 2
107 108 5
107 127 3
108 109 4
108 128 3
109 110 2
109 129 4
110 111 4
110 130 3
111 112 4
111 131 3
112 113 2
112 132 2
113 114 2
113 133 4
114 115 1
114 134 3
115 116 4
115 135 5
116 117 5
116 136 2
117 118 5
117 137 3
118 119 1
118 138 1
119 120 4
119 139 3
120 140 5
121 122 5
121 141 2
122 123 4
122 142 5
123 124 2
123 143 5
124 125 1
124 144 1
125 126 5
125 145 3
126 127 4
126 146 1
127 128 5
127 147 3
128 129 1
128 148 2
129 130 1
129 149 4
130 131 1
130 150 2
131 132 1
131 151 5
132 133 4
132 152 1
133 134 4
133 153 3
134 135 3
134 154 2
135 136 5
135 155 1
136 137 4
136 156 5
137 138 1
137 157 1
138 139 3
138 158 4
139 140 2
139 159 4
140 160 3
141 142 5
141 161 2
142 143 3
142 162 3
143 144 4
143 163 3
144 145 2
144 164 4
145 146 1
145 165 2
146 147 3
146 166 1
147 148 4
147 167 1
148 149 2
148 168 2
149 150 2
149 169 3
150 151 1
150 170 3
151 152 5
151 171 1
152 153 2
152 172 3
153 154 1
153 173 4
154 155 4
154 174 4
155 156 3
155 175 2
156 157 3
156 176 4
157 158 5
157 177 4
158 159 4
158 178 2
159 160 5
159 179 3
160 180 2
161 162 2
161 181 1
162 163 3
162 182 4
163 164 4
163 183 5
164 165 3
164 184 2
165 166 3
165 185 4
166 167 2
166 186 2
167 168 5
167 187 2
168 169 3
168 188 2
169 170 5
169 189 4
170 171 3
170 190 4
171 172 1
171 191 5
172 173 3
172 192 5
173 174 1
173 193 4
174 175 1
174 194 5
175 176 2
175 195 3
176 177 4
176 196 1
177 178 5
177 197 1
178 179 1
178 198 2
179 180 1
179 199 5
180 200 4
181 182 1
181 201 3
182 183 2
182 202 3
183 184 5
183 203 4
184 185 2
184 204 5
185 186 5
185 205 4
186 187 5
186 206 3
187 188 3
187 207 2
188 189 1
188 208 1
189 190 4
189 209 3
190 191 4
190 210 4
191 192 5
191 211 3
192 193 1
192 212 3
193 194 3
193 213 1
194 195 3
194 214 1
195 196 2
195 215 2
196 197 4
196 216 5
197 198 3
197 217 3
198 199 2
198 218 2
199 200 3
199 219 2
200 220 1
201 202 5
201 221 1
202 203 1
202 222 4
203 204 3
203 223 5
204 205 1
204 224 5
205 206 4
205 225 5
206 207 5
206 226 4
207 208 2
207 227 1
208 209 3
208 228 3
209 210 5
209 229 1
210 211 3
210 230 1
211 212 3
211 231 1
212 213 4
212 232 2
213 214 2
213 233 3
214 215 1
214 234 2
215 216 3
215 235 2
216 217 3
216 236 2
217 218 2
217 237 5
218 219 3
218 238 3
219 220 4
219 239 2
220 240 5
221 222 2
221 241 2
222 223 2
222 242 2
223 224 5
223 243 4
224 225 4
224 244 5
225 226 1
225 245 1
226 227 1
226 246 2
227 228 3
227 247 3
228 229 1
228 248 4
229 230 2
229 249 1
230 231 3
230 250 4
231 232 5
231 251 4
232 233 3
232 252 4
233 234 3
233 253 3
234 235 4
234 254 3
235 236 2
235 255 3
236 237 2
236 256 3
237 238 2
237 257 4
238 239 5
238 258 5
239 240 5
239 259 1
240 260 5
241 242 3
241 261 3
242 243 1
242 262 1
243 244 2
243 263 5
244 245 4
244 264 4
245 246 3
245 265 4
246 247 4
246 266 2
247 248 2
247 267 4
248 249 2
248 268 5
249 250 2
249 269 5
250 251 1
250 270 1
251 252 1
251 271 4
252 253 1
252 272 1
253 254 4
253 273 1
254 255 3
254 274 3
255 256 3
255 275 2
256 257 3
256 276 4
257 258 1
257 277 5
258 259 4
258 278 4
259 260 4
259 279 3
260 280 3
261 262 2
261 281 5
262 263 4
262 282 4
263 264 1
263 283 2
264 265 3
264 284 1
265 266 2
265 285 2
266 267 2
266 286 3
267 268 3
267 287 4
268 269 5
268 288 3
269 270 1
269 289 4
270 271 2
270 290 2
271 272 5
271 291 3
272 273 4
272 292 5
273 274 5
273 293 5
274 275 2
274 294 4
275 276 3
275 295 3
276 277 5
276 296 3
277 278 5
277 297 3
278 279 3
278 298 5
279 280 1
279 299 2
280 300 5
281 282 3
281 301 5
282 283 2
282 302 1
283 284 5
283 303 2
284 285 5
284 304 5
285 286 1
285 305 2
286 287 2
286 306 5
287 288 3
287 307 4
288 289 1
288 308 3
289 290 4
289 309 5
290 291 3
290 310 2
291 292 4
291 311 1
292 293 5
292 312 1
293 294 2
293 313 1
294 295 3
294 314 1
295 296 4
295 315 2
296 297 5
296 316 2
297 298 3
297 317 5
298 299 3
298 318 2
299 300 1
299 319 2
300 320 3
301 302 5
301 321 4
302 303 4
302 322 3
303 304 1
303 323 2
304 305 4
304 324 4
305 306 1
305 325 5
306 307 2
306 326 2
307 308 4
307 327 3
308 309 2
308 328 3
309 310 3
309 329 2
310 311 4
310 330 2
311 312 4
311 331 5
312 313 3
312 332 2
313 314 5
313 333 1
314 315 2
314 334 2
315 316 1
315 335 5
316 317 3
316 336 4
317 318 3
317 337 4
318 319 4
318 338 3
319 320 3
319 339 1
320 340 1
321 322 5
321 341 5
322 323 5
322 342 3
323 324 3
323 343 2
324 325 3
324 344 3
325 326 1
325 345 5
326 327 3
326 346 2
327 328 4
327 347 5
328 329 2
328 348 5
329 330 5
329 349 2
330 331 3
330 350 2
331 332 2
331 351 3
332 333 4
332 352 2
333 334 2
333 353 2
334 335 3
334 354 4
335 336 4
335 355 5
336 337 3
336 356 4
337 338 2
337 357 5
338 339 4
338 358 1
339 340 2
339 359 1
340 360 4
341 342 2
341 361 4
342 343 4
342 362 5
343 344 5
343 363 5
344 345 3
344 364 4
345 346 3
345 365 1
346 347 2
346 366 4
347 348 1
347 367 5
348 349 5
348 368 3
349 350 2
349 369 2
350 351 2
350 370 3
351 352 5
351 371 5
352 353 1
352 372 3
353 354 5
353 373 2
354 355 2
354 374 3
355 356 2
355 375 3
356 357 1
356 376 1
357 358 4
357 377 4
358 359 1
358 378 5
359 360 2
359 379 5
360 380 4
361 362 1
361 381 1
362 363 5
362 382 5
363 364 2
363 383 1
364 365 1
364 384 2
365 366 5
365 385 1
366 367 1
366 386 5
367 368 1
367 387 2
368 369 2
368 388 3
369 370 1
369 389 2
370 371 5
370 390 3
371 372 4
371 391 1
372 373 5
372 392 1
373 374 5
373 393 2
374 375 4
374 394 3
375 376 5
375 395 4
376 377 3
376 396 3
377 378 4
377 397 2
378 379 3
378 398 4
379 380 1
379 399 4
380 400 1
381 382 5
382 383 4
383 384 1
384 385 2
385 386 2
386 387 4
387 388 5
388 389 2
389 390 5
390 391 3
391 392 1
392 393 1
393 394 1
394 395 1
395 396 1
396 397 3
397 398 2
398 399 5
399 400 5
