400 760
1 2 2
1 21 5
2 3 4
2 22 2
3 4 3
3 23 3
4 5 3
4 24 3
5 6 1
5 25 5
6 7 4
6 26 3
7 8 2
7 27 3
8 9 1
8 28 1
9 10 5
9 29 3
10 11 5
10 30 2
11 12 1
11 31 5
12 13 5
12 32 3
13 14 4
13 33 5
14 15 4
14 34 4
15 16 1
15 35 1
16 17 2
16 36 4
17 18 2
17 37 2
18 19 3
18 38 2
19 20 4
19 39 2
20 40 4
21 22 1
21 41 1
22 23 3
22 42 5
23 24 4
23 43 1
24 25 2
24 44 1
25 26 5
25 45 3
26 27 5
26 46 4
27 28 3
27 47 3
28 29 1
28 48 1
29 30 5
29 49 2
30 31 2
30 50 4
31 32 2
31 51 4
32 33 4
32 52 3
33 34 5
33 53 3
34 35 5
34 54 5
35 36 5
35 55 4
36 37 5
36 56 1
37 38 5
37 57 1
38 39 3
38 58 4
39 40 5
39 59 3
40 60 5
41 42 3
41 61 5
42 43 2
42 62 3
43 44 2
43 63 5
44 45 1
44 64 3
45 46 1
45 65 5
46 47 1
46 66 4
47 48 3
47 67 3
48 49 3
48 68 5
49 50 4
49 69 5
50 51 5
50 70 5
51 52 5
51 71 2
52 53 3
52 72 3
53 54 4
53 73 2
54 55 3
54 74 4
55 56 3
55 75 5
56 57 4
56 76 3
57 58 1
57 77 3
58 59 4
58 78 4
59 60 4
59 79 1
60 80 3
61 62 2
61 81 1
62 63 4
62 82 5
63 64 3
63 83 3
64 65 4
64 84 5
65 66 2
65 85 4
66 67 1
66 86 1
67 68 4
67 87 1
68 69 1
68 88 4
69 70 4
69 89 3
70 71 3
70 90 3
71 72 2
71 91 5
72 73 1
72 92 3
73 74 1
73 93 2
74 75 3
74 94 1
75 76 4
75 95 3
76 77 5
76 96 4
77 78 2
77 97 5
78 79 5
78 98 3
79 80 1
79 99 4
80 100 4
81 82 1
81 101 2
82 83 1
82 102 3
83 84 2
83 103 5
84 85 3
84 104 5
85 86 2
85 105 1
86 87 2
86 106 2
87 88 4
87 107 5
88 89 1
88 108 4
89 90 4
89 109 5
90 91 4
90 110 2
91 92 1
91 111 5
92 93 5
92 112 2
93 94 1
93 113 1
94 95 3
94 114 1
95 96 1
95 115 5
96 97 3
96 116 3
97 98 5
97 117 2
98 99 2
98 118 5
99 100 3
99 119 2
100 120 2
101 102 4
101 121 4
102 103 2
102 122 2
103 104 2
103 123 3
104 105 5
104 124 2
105 106 5
105 125 4
106 107 5
106 126 2
107 108 3
107 127 5
108 109 4
108 128 4
109 110 1
109 129 1
110 111 1
110 130 1
111 112 1
111 131 2
112 113 4
112 132 2
113 114 5
113 133 1
114 115 2
114 134 5
115 116 4
115 135 4
116 117 3
116 136 2
117 118 4
117 137 3
118 119 4
118 138 5
119 120 4
119 139 2
120 140 3
121 122 4
121 141 2
122 123 1
122 142 4
123 124 1
123 143 4
124 125 5
124 144 4
125 126 2
125 145 4
126 127 5
126 146 5
127 128 2
127 147 3
128 129 2
128 148 3
129 130 4
129 149 1
130 131 4
130 150 1
131 132 1
131 151 5
132 133 1
132 152 2
133 134 5
133 153 5
134 135 5
134 154 4
135 136 3
135 155 1
136 137 4
136 156 3
137 138 4
137 157 4
138 139 1
138 158 5
139 140 5
139 159 5
140 160 3
141 142 5
141 161 2
142 143 3
142 162 3
143 144 4
143 163 2
144 145 4
144 164 3
145 146 1
145 165 5
146 147 3
146 166 3
147 148 2
147 167 4
148 149 4
148 168 5
149 150 3
149 169 3
150 151 1
150 170 3
151 152 3
151 171 2
152 153 4
152 172 3
153 154 1
153 173 4
154 155 2
154 174 2
155 156 3
155 175 5
156 157 1
156 176 3
157 158 1
157 177 2
158 159 3
158 178 5
159 160 3
159 179 5
160 180 3
161 162 5
161 181 2
162 163 5
162 182 1
163 164 2
163 183 4
164 165 1
164 184 4
165 166 4
165 185 4
166 167 2
166 186 4
167 168 1
167 187 5
168 169 3
168 188 5
169 170 4
169 189 3
170 171 3
170 190 4
171 172 4
171 191 5
172 173 2
172 192 3
173 174 1
173 193 1
174 175 2
174 194 4
175 176 5
175 195 4
176 177 2
176 196 5
177 178 3
177 197 2
178 179 4
178 198 4
179 180 4
179 199 1
180 200 4
181 182 4
181 201 1
182 183 4
182 202 5
183 184 4
183 203 2
184 185 1
184 204 4
185 186 1
185 205 1
186 187 2
186 206 3
187 188 1
187 207 3
188 189 1
188 208 2
189 190 1
189 209 1
190 191 4
190 210 5
191 192 5
191 211 3
192 193 1
192 212 2
193 194 3
193 213 5
194 195 5
194 214 2
195 196 2
195 215 3
196 197 2
196 216 1
197 198 4
197 217 1
198 199 3
198 218 5
199 200 3
199 219 4
200 220 5
201 202 2
201 221 1
202 203 2
202 222 4
203 204 1
203 223 1
204 205 5
204 224 3
205 206 2
205 225 2
206 207 1
206 226 2
207 208 3
207 227 5
208 209 3
208 228 1
209 210 5
209 229 5
210 211 2
210 230 2
211 212 2
211 231 2
212 213 2
212 232 3
213 214 4
213 233 4
214 215 5
214 234 4
215 216 4
215 235 3
216 217 3
216 236 4
217 218 3
217 237 3
218 219 3
218 238 5
219 220 1
219 239 1
220 240 2
221 222 3
221 241 4
222 223 1
222 242 4
223 224 1
223 243 3
224 225 2
224 244 1
225 226 5
225 245 4
226 227 5
226 246 2
227 228 5
227 247 3
228 229 1
228 248 3
229 230 1
229 249 4
230 231 4
230 250 3
231 232 5
231 251 2
232 233 2
232 252 2
233 234 2
233 253 4
234 235 2
234 254 2
235 236 5
235 255 3
236 237 3
236 256 4
237 238 2
237 257 3
238 239 2
238 258 2
239 240 3
239 259 1
240 260 3
241 242 1
241 261 4
242 243 1
242 262 4
243 244 5
243 263 2
244 245 5
244 264 4
245 246 3
245 265 2
246 247 4
246 266 3
247 248 2
247 267 5
248 249 2
248 268 2
249 250 2
249 269 2
250 251 1
250 270 1
251 252 5
251 271 1
252 253 4
252 272 2
253 254 5
253 273 5
254 255 5
254 274 3
255 256 4
255 275 3
256 257 2
256 276 5
257 258 3
257 277 3
258 259 3
258 278 3
259 260 4
259 279 2
260 280 1
261 262 4
261 281 3
262 263 1
262 282 1
263 264 2
263 283 4
264 265 3
264 284 4
265 266 5
265 285 2
266 267 1
266 286 1
267 268 3
267 287 4
268 269 4
268 288 4
269 270 3
269 289 1
270 271 4
270 290 4
271 272 1
271 291 4
272 273 2
272 292 2
273 274 2
273 293 2
274 275 5
274 294 3
275 276 5
275 295 1
276 277 1
276 296 3
277 278 5
277 297 2
278 279 5
278 298 1
279 280 5
279 299 5
280 300 2
281 282 3
281 301 1
282 283 2
282 302 4
283 284 5
283 303 2
284 285 4
284 304 3
285 286 5
285 305 3
286 287 1
286 306 2
287 288 3
287 307 4
288 289 3
288 308 1
289 290 3
289 309 1
290 291 3
290 310 3
291 292 2
291 311 2
292 293 1
292 312 1
293 294 3
293 313 4
294 295 5
294 314 4
295 296 5
295 315 5
296 297 1
296 316 3
297 298 3
297 317 3
298 299 4
298 318 2
299 300 1
299 319 3
300 320 5
301 302 4
301 321 1
302 303 5
302 322 4
303 304 5
303 323 4
304 305 1
304 324 4
305 306 4
305 325 2
306 307 4
306 326 3
307 308 4
307 327 5
308 309 2
308 328 5
309 310 2
309 329 4
310 311 5
310 330 1
311 312 2
311 331 5
312 313 2
312 332 5
313 314 2
313 333 4
314 315 1
314 334 2
315 316 4
315 335 3
316 317 1
316 336 4
317 318 1
317 337 3
318 319 2
318 338 5
319 320 3
319 339 3
320 340 3
321 322 4
321 341 4
322 323 1
322 342 5
323 324 2
323 343 5
324 325 5
324 344 5
325 326 5
325 345 5
326 327 2
326 346 4
327 328 1
327 347 4
328 329 4
328 348 4
329 330 3
329 349 1
330 331 5
330 350 3
331 332 2
331 351 1
332 333 2
332 352 5
333 334 4
333 353 4
334 335 5
334 354 4
335 336 3
335 355 1
336 337 3
336 356 3
337 338 1
337 357 2
338 339 4
338 358 2
339 340 3
339 359 3
340 360 3
341 342 1
341 361 1
342 343 1
342 362 4
343 344 5
343 363 4
344 345 4
344 364 5
345 346 1
345 365 1
346 347 1
346 366 4
347 348 2
347 367 3
348 349 3
348 368 3
349 350 3
349 369 5
350 351 2
350 370 5
351 352 5
351 371 5
352 353 5
352 372 4
353 354 3
353 373 1
354 355 3
354 374 3
355 356 2
355 375 2
356 357 1
356 376 1
357 358 4
357 377 5
358 359 5
358 378 4
359 360 5
359 379 2
360 380 2
361 362 2
361 381 5
362 363 1
362 382 3
363 364 2
363 383 5
364 365 4
364 384 5
365 366 2
365 385 1
366 367 2
366 386 1
367 368 3
367 387 5
368 369 1
368 388 3
369 370 3
369 389 1
370 371 5
370 390 2
371 372 4
371 391 5
372 373 2
372 392 4
373 374 5
373 393 3
374 375 5
374 394 5
375 376 4
375 395 1
376 377 4
376 396 5
377 378 5
377 397 1
378 379 3
378 398 2
379 380 5
379 399 3
380 400 3
381 382 3
382 383 1
383 384 3
384 385 3
385 386 3
386 387 5
387 388 2
388 389 4
389 390 2
390 391 3
391 392 1
392 393 1
393 394 2
394 395 1
395 396 3
396 397 4
397 398 1
398 399 5
399 400 5
