784 1512
1 2 3
1 29 1
2 3 4
2 30 5
3 4 3
3 31 1
4 5 1
4 32 4
5 6 2
5 33 5
6 7 4
6 34 1
7 8 3
7 35 1
8 9 3
8 36 2
9 10 4
9 37 5
10 11 4
10 38 2
11 12 2
11 39 3
12 13 5
12 40 4
13 14 3
13 41 2
14 15 4
14 42 5
15 16 3
15 43 4
16 17 2
16 44 1
17 18 1
17 45 1
18 19 4
18 46 2
19 20 1
19 47 2
20 21 2
20 48 3
21 22 1
21 49 5
22 23 4
22 50 4
23 24 4
23 51 4
24 25 1
24 52 3
25 26 4
25 53 3
26 27 4
26 54 2
27 28 4
27 55 4
28 56 5
29 30 3
29 57 4
30 31 5
30 58 1
31 32 3
31 59 1
32 33 3
32 60 1
33 34 2
33 61 1
34 35 5
34 62 2
35 36 3
35 63 4
36 37 3
36 64 2
37 38 2
37 65 1
38 39 1
38 66 3
39 40 3
39 67 5
40 41 3
40 68 5
41 42 5
41 69 2
42 43 5
42 70 5
43 44 2
43 71 4
44 45 4
44 72 5
45 46 1
45 73 2
46 47 4
46 74 4
47 48 5
47 75 4
48 49 2
48 76 4
49 50 3
49 77 4
50 51 4
50 78 2
51 52 1
51 79 4
52 53 5
52 80 2
53 54 1
53 81 1
54 55 5
54 82 3
55 56 5
55 83 5
56 84 2
57 58 5
57 85 4
58 59 3
58 86 1
59 60 5
59 87 1
60 61 1
60 88 3
61 62 4
61 89 5
62 63 2
62 90 2
63 64 5
63 91 5
64 65 5
64 92 5
65 66 4
65 93 2
66 67 4
66 94 3
67 68 1
67 95 3
68 69 3
68 96 1
69 70 5
69 97 2
70 71 4
70 98 2
71 72 3
71 99 3
72 73 4
72 100 2
73 74 2
73 101 2
74 75 1
74 102 5
75 76 5
75 103 2
76 77 3
76 104 5
77 78 5
77 105 2
78 79 3
78 106 3
79 80 2
79 107 5
80 81 1
80 108 5
81 82 3
81 109 5
82 83 2
82 110 3
83 84 1
83 111 2
84 112 3
85 86 5
85 113 5
86 87 4
86 114 1
87 88 5
87 115 1
88 89 3
88 116 1
89 90 4
89 117 4
90 91 2
90 118 1
91 92 5
91 119 3
92 93 2
92 120 1
93 94 2
93 121 2
94 95 2
94 122 5
95 96 5
95 123 4
96 97 2
96 124 5
97 98 5
97 125 5
98 99 2
98 126 2
99 100 4
99 127 1
100 101 3
100 128 2
101 102 3
101 129 5
102 103 2
102 130 3
103 104 5
103 131 5
104 105 3
104 132 4
105 106 4
105 133 3
106 107 1
106 134 1
107 108 3
107 135 1
108 109 2
108 136 2
109 110 2
109 137 3
110 111 2
110 138 5
111 112 4
111 139 5
112 140 4
113 114 4
113 141 4
114 115 1
114 142 4
115 116 4
115 143 1
116 117 1
116 144 1
117 118 5
117 145 1
118 119 1
118 146 4
119 120 5
119 147 2
120 121 1
120 148 4
121 122 5
121 149 3
122 123 1
122 150 5
123 124 5
123 151 2
124 125 4
124 152 5
125 126 2
125 153 1
126 127 5
126 154 5
127 128 4
127 155 1
128 129 4
128 156 2
129 130 1
129 157 2
130 131 3
130 158 3
131 132 1
131 159 3
132 133 3
132 160 3
133 134 1
133 161 5
134 135 1
134 162 3
135 136 2
135 163 4
136 137 1
136 164 4
137 138 1
137 165 3
138 139 5
138 166 1
139 140 5
139 167 1
140 168 1
141 142 1
141 169 5
142 143 4
142 170 5
143 144 2
143 171 3
144 145 1
144 172 5
145 146 4
145 173 3
146 147 5
146 174 5
147 148 4
147 175 5
148 149 1
148 176 1
149 150 4
149 177 1
150 151 2
150 178 4
151 152 5
151 179 1
152 153 1
152 180 3
153 154 5
153 181 2
154 155 5
154 182 5
155 156 2
155 183 5
156 157 3
156 184 1
157 158 2
157 185 1
158 159 3
158 186 5
159 160 5
159 187 2
160 161 3
160 188 5
161 162 3
161 189 1
162 163 3
162 190 5
163 164 3
163 191 4
164 165 3
164 192 4
165 166 5
165 193 2
166 167 5
166 194 2
167 168 5
167 195 5
168 196 2
169 170 1
169 197 3
170 171 1
170 198 2
171 172 2
171 199 4
172 173 1
172 200 2
173 174 5
173 201 4
174 175 4
174 202 3
175 176 3
175 203 2
176 177 5
176 204 1
177 178 5
177 205 5
178 179 5
178 206 1
179 180 4
179 207 1
180 181 5
180 208 5
181 182 1
181 209 2
182 183 5
182 210 4
183 184 1
183 211 3
184 185 4
184 212 5
185 186 3
185 213 1
186 187 4
186 214 3
187 188 1
187 215 3
188 189 5
188 216 4
189 190 3
189 217 4
190 191 1
190 218 5
191 192 3
191 219 5
192 193 1
192 220 5
193 194 2
193 221 1
194 195 1
194 222 3
195 196 1
195 223 5
196 224 4
197 198 4
197 225 5
198 199 5
198 226 4
199 200 1
199 227 5
200 201 3
200 228 5
201 202 5
201 229 3
202 203 5
202 230 2
203 204 2
203 231 2
204 205 5
204 232 5
205 206 5
205 233 4
206 207 1
206 234 5
207 208 2
207 235 1
208 209 2
208 236 5
209 210 2
209 237 1
210 211 2
210 238 5
211 212 2
211 239 3
212 213 2
212 240 5
213 214 4
213 241 1
214 215 4
214 242 3
215 216 4
215 243 2
216 217 5
216 244 1
217 218 5
217 245 2
218 219 3
218 246 3
219 220 5
219 247 3
220 221 5
220 248 5
221 222 3
221 249 2
222 223 5
222 250 3
223 224 3
223 251 5
224 252 2
225 226 1
225 253 2
226 227 5
226 254 3
227 228 2
227 255 5
228 229 2
228 256 5
229 230 1
229 257 4
230 231 2
230 258 4
231 232 5
231 259 1
232 233 1
232 260 5
233 234 5
233 261 4
234 235 4
234 262 2
235 236 2
235 263 5
236 237 3
236 264 2
237 238 5
237 265 1
238 239 5
238 266 3
239 240 4
239 267 3
240 241 5
240 268 1
241 242 5
241 269 1
242 243 3
242 270 4
243 244 2
243 271 4
244 245 3
244 272 3
245 246 1
245 273 3
246 247 3
246 274 1
247 248 5
247 275 4
248 249 1
248 276 1
249 250 1
249 277 1
250 251 4
250 278 2
251 252 1
251 279 4
252 280 4
253 254 3
253 281 5
254 255 2
254 282 3
255 256 3
255 283 2
256 257 3
256 284 2
257 258 5
257 285 1
258 259 1
258 286 4
259 260 4
259 287 3
260 261 4
260 288 2
261 262 5
261 289 4
262 263 5
262 290 3
263 264 5
263 291 2
264 265 3
264 292 5
265 266 1
265 293 4
266 267 3
266 294 4
267 268 3
267 295 4
268 269 5
268 296 3
269 270 2
269 297 2
270 271 5
270 298 2
271 272 2
271 299 2
272 273 4
272 300 5
273 274 4
273 301 3
274 275 2
274 302 2
275 276 5
275 303 2
276 277 1
276 304 5
277 278 3
277 305 2
278 279 4
278 306 3
279 280 4
279 307 2
280 308 1
281 282 5
281 309 4
282 283 4
282 310 1
283 284 5
283 311 4
284 285 2
284 312 4
285 286 2
285 313 4
286 287 2
286 314 5
287 288 5
287 315 4
288 289 2
288 316 5
289 290 5
289 317 3
290 291 5
290 318 2
291 292 2
291 319 4
292 293 3
292 320 2
293 294 5
293 321 4
294 295 3
294 322 1
295 296 5
295 323 3
296 297 4
296 324 2
297 298 5
297 325 1
298 299 1
298 326 4
299 300 1
299 327 4
300 301 1
300 328 2
301 302 4
301 329 2
302 303 5
302 330 5
303 304 2
303 331 2
304 305 2
304 332 3
305 306 1
305 333 3
306 307 5
306 334 4
307 308 5
307 335 2
308 336 2
309 310 1
309 337 5
310 311 1
310 338 5
311 312 2
311 339 3
312 313 2
312 340 3
313 314 4
313 341 2
314 315 4
314 342 5
315 316 5
315 343 2
316 317 2
316 344 5
317 318 1
317 345 3
318 319 5
318 346 4
319 320 2
319 347 5
320 321 1
320 348 5
321 322 5
321 349 2
322 323 2
322 350 3
323 324 1
323 351 3
324 325 1
324 352 3
325 326 1
325 353 2
326 327 2
326 354 1
327 328 5
327 355 2
328 329 4
328 356 4
329 330 3
329 357 4
330 331 3
330 358 4
331 332 2
331 359 5
332 333 2
332 360 2
333 334 4
333 361 5
334 335 5
334 362 1
335 336 4
335 363 3
336 364 2
337 338 4
337 365 1
338 339 4
338 366 4
339 340 3
339 367 5
340 341 5
340 368 3
341 342 3
341 369 2
342 343 4
342 370 4
343 344 1
343 371 2
344 345 5
344 372 2
345 346 3
345 373 3
346 347 5
346 374 3
347 348 2
347 375 2
348 349 1
348 376 2
349 350 2
349 377 5
350 351 4
350 378 5
351 352 5
351 379 1
352 353 2
352 380 1
353 354 2
353 381 3
354 355 2
354 382 4
355 356 2
355 383 1
356 357 3
356 384 4
357 358 1
357 385 4
358 359 3
358 386 2
359 360 1
359 387 3
360 361 5
360 388 1
361 362 1
361 389 4
362 363 2
362 390 2
363 364 2
363 391 5
364 392 5
365 366 2
365 393 5
366 367 4
366 394 4
367 368 3
367 395 5
368 369 1
368 396 5
369 370 3
369 397 3
370 371 3
370 398 2
371 372 5
371 399 4
372 373 3
372 400 4
373 374 3
373 401 1
374 375 2
374 402 2
375 376 1
375 403 2
376 377 1
376 404 5
377 378 1
377 405 1
378 379 4
378 406 3
379 380 1
379 407 2
380 381 2
380 408 2
381 382 2
381 409 3
382 383 1
382 410 2
383 384 1
383 411 1
384 385 2
384 412 5
385 386 1
385 413 5
386 387 2
386 414 5
387 388 1
387 415 5
388 389 5
388 416 1
389 390 5
389 417 3
390 391 2
390 418 1
391 392 1
391 419 2
392 420 3
393 394 3
393 421 5
394 395 4
394 422 4
395 396 1
395 423 4
396 397 1
396 424 2
397 398 1
397 425 3
398 399 3
398 426 2
399 400 3
399 427 4
400 401 2
400 428 2
401 402 5
401 429 1
402 403 3
402 430 2
403 404 5
403 431 4
404 405 1
404 432 4
405 406 4
405 433 1
406 407 1
406 434 2
407 408 2
407 435 2
408 409 4
408 436 1
409 410 5
409 437 5
410 411 1
410 438 5
411 412 3
411 439 3
412 413 5
412 440 5
413 414 3
413 441 4
414 415 1
414 442 2
415 416 3
415 443 2
416 417 1
416 444 2
417 418 2
417 445 3
418 419 1
418 446 2
419 420 3
419 447 1
420 448 3
421 422 4
421 449 1
422 423 1
422 450 4
423 424 3
423 451 5
424 425 4
424 452 5
425 426 2
425 453 5
426 427 2
426 454 2
427 428 2
427 455 2
428 429 3
428 456 3
429 430 4
429 457 4
430 431 1
430 458 4
431 432 5
431 459 3
432 433 2
432 460 3
433 434 1
433 461 4
434 435 5
434 462 5
435 436 1
435 463 1
436 437 1
436 464 2
437 438 1
437 465 1
438 439 2
438 466 4
439 440 4
439 467 3
440 441 5
440 468 2
441 442 5
441 469 5
442 443 5
442 470 3
443 444 4
443 471 4
444 445 4
444 472 1
445 446 5
445 473 1
446 447 2
446 474 4
447 448 3
447 475 2
448 476 1
449 450 3
449 477 4
450 451 2
450 478 5
451 452 1
451 479 1
452 453 2
452 480 5
453 454 3
453 481 3
454 455 2
454 482 5
455 456 2
455 483 1
456 457 5
456 484 2
457 458 4
457 485 3
458 459 4
458 486 1
459 460 1
459 487 5
460 461 5
460 488 2
461 462 5
461 489 1
462 463 3
462 490 5
463 464 4
463 491 3
464 465 2
464 492 5
465 466 1
465 493 2
466 467 4
466 494 3
467 468 5
467 495 2
468 469 3
468 496 2
469 470 3
469 497 3
470 471 2
470 498 2
471 472 1
471 499 4
472 473 5
472 500 5
473 474 5
473 501 5
474 475 1
474 502 3
475 476 4
475 503 5
476 504 3
477 478 3
477 505 3
478 479 4
478 506 2
479 480 2
479 507 5
480 481 1
480 508 2
481 482 2
481 509 4
482 483 5
482 510 3
483 484 4
483 511 1
484 485 4
484 512 2
485 486 1
485 513 4
486 487 1
486 514 4
487 488 1
487 515 5
488 489 3
488 516 1
489 490 1
489 517 5
490 491 4
490 518 4
491 492 4
491 519 2
492 493 4
492 520 2
493 494 4
493 521 4
494 495 2
494 522 2
495 496 1
495 523 4
496 497 1
496 524 3
497 498 1
497 525 5
498 499 4
498 526 1
499 500 2
499 527 2
500 501 2
500 528 1
501 502 4
501 529 2
502 503 5
502 530 5
503 504 1
503 531 5
504 532 4
505 506 2
505 533 2
506 507 1
506 534 4
507 508 1
507 535 2
508 509 4
508 536 2
509 510 4
509 537 5
510 511 4
510 538 5
511 512 2
511 539 1
512 513 3
512 540 1
513 514 3
513 541 1
514 515 2
514 542 2
515 516 5
515 543 2
516 517 4
516 544 4
517 518 1
517 545 5
518 519 3
518 546 1
519 520 2
519 547 3
520 521 1
520 548 5
521 522 5
521 549 1
522 523 1
522 550 1
523 524 4
523 551 5
524 525 2
524 552 3
525 526 5
525 553 5
526 527 1
526 554 5
527 528 3
527 555 2
528 529 2
528 556 4
529 530 2
529 557 3
530 531 5
530 558 5
531 532 2
531 559 5
532 560 3
533 534 2
533 561 4
534 535 1
534 562 3
535 536 5
535 563 5
536 537 2
536 564 4
537 538 4
537 565 5
538 539 1
538 566 5
539 540 2
539 567 4
540 541 3
540 568 5
541 542 2
541 569 3
542 543 1
542 570 4
543 544 2
543 571 4
544 545 2
544 572 4
545 546 3
545 573 5
546 547 1
546 574 3
547 548 3
547 575 1
548 549 2
548 576 2
549 550 5
549 577 4
550 551 4
550 578 1
551 552 1
551 579 2
552 553 5
552 580 1
553 554 1
553 581 4
554 555 3
554 582 5
555 556 4
555 583 5
556 557 5
556 584 2
557 558 2
557 585 5
558 559 2
558 586 4
559 560 1
559 587 1
560 588 3
561 562 2
561 589 5
562 563 5
562 590 5
563 564 2
563 591 2
564 565 5
564 592 1
565 566 4
565 593 1
566 567 2
566 594 2
567 568 5
567 595 2
568 569 3
568 596 3
569 570 2
569 597 4
570 571 3
570 598 4
571 572 2
571 599 5
572 573 4
572 600 5
573 574 1
573 601 5
574 575 3
574 602 5
575 576 5
575 603 2
576 577 2
576 604 2
577 578 3
577 605 4
578 579 3
578 606 1
579 580 5
579 607 1
580 581 3
580 608 3
581 582 1
581 609 2
582 583 3
582 610 2
583 584 2
583 611 3
584 585 1
584 612 3
585 586 4
585 613 5
586 587 2
586 614 3
587 588 5
587 615 1
588 616 2
589 590 2
589 617 2
590 591 3
590 618 3
591 592 4
591 619 2
592 593 4
592 620 5
593 594 5
593 621 2
594 595 5
594 622 2
595 596 5
595 623 4
596 597 3
596 624 3
597 598 1
597 625 4
598 599 1
598 626 3
599 600 2
599 627 5
600 601 2
600 628 3
601 602 4
601 629 5
602 603 4
602 630 5
603 604 2
603 631 5
604 605 5
604 632 1
605 606 5
605 633 1
606 607 2
606 634 2
607 608 1
607 635 3
608 609 5
608 636 2
609 610 5
609 637 2
610 611 2
610 638 1
611 612 1
611 639 3
612 613 4
612 640 5
613 614 4
613 641 1
614 615 1
614 642 2
615 616 5
615 643 5
616 644 2
617 618 5
617 645 3
618 619 1
618 646 5
619 620 1
619 647 5
620 621 5
620 648 3
621 622 1
621 649 1
622 623 3
622 650 1
623 624 2
623 651 1
624 625 4
624 652 5
625 626 5
625 653 1
626 627 2
626 654 4
627 628 3
627 655 4
628 629 3
628 656 4
629 630 2
629 657 1
630 631 4
630 658 3
631 632 5
631 659 2
632 633 5
632 660 2
633 634 4
633 661 5
634 635 3
634 662 1
635 636 2
635 663 5
636 637 4
636 664 3
637 638 5
637 665 1
638 639 3
638 666 3
639 640 1
639 667 2
640 641 3
640 668 1
641 642 4
641 669 5
642 643 5
642 670 1
643 644 4
643 671 4
644 672 4
645 646 2
645 673 4
646 647 2
646 674 1
647 648 4
647 675 4
648 649 4
648 676 5
649 650 3
649 677 1
650 651 3
650 678 3
651 652 3
651 679 5
652 653 5
652 680 4
653 654 3
653 681 1
654 655 1
654 682 1
655 656 1
655 683 3
656 657 4
656 684 2
657 658 4
657 685 4
658 659 1
658 686 5
659 660 2
659 687 1
660 661 2
660 688 4
661 662 5
661 689 1
662 663 3
662 690 1
663 664 4
663 691 4
664 665 1
664 692 5
665 666 1
665 693 5
666 667 5
666 694 5
667 668 5
667 695 1
668 669 4
668 696 2
669 670 3
669 697 2
670 671 5
670 698 2
671 672 2
671 699 5
672 700 2
673 674 4
673 701 3
674 675 1
674 702 5
675 676 5
675 703 1
676 677 5
676 704 3
677 678 1
677 705 2
678 679 3
678 706 5
679 680 3
679 707 2
680 681 1
680 708 1
681 682 5
681 709 1
682 683 2
682 710 3
683 684 3
683 711 3
684 685 1
684 712 5
685 686 4
685 713 1
686 687 4
686 714 5
687 688 3
687 715 3
688 689 2
688 716 5
689 690 3
689 717 1
690 691 3
690 718 1
691 692 2
691 719 4
692 693 4
692 720 3
693 694 5
693 721 2
694 695 4
694 722 1
695 696 4
695 723 2
696 697 1
696 724 4
697 698 1
697 725 3
698 699 4
698 726 5
699 700 2
699 727 2
700 728 2
701 702 4
701 729 3
702 703 5
702 730 2
703 704 4
703 731 2
704 705 4
704 732 5
705 706 3
705 733 3
706 707 4
706 734 1
707 708 4
707 735 4
708 709 5
708 736 2
709 710 1
709 737 1
710 711 1
710 738 1
711 712 2
711 739 5
712 713 1
712 740 5
713 714 1
713 741 2
714 715 4
714 742 4
715 716 1
715 743 1
716 717 4
716 744 3
717 718 1
717 745 5
718 719 2
718 746 2
719 720 5
719 747 4
720 721 5
720 748 1
721 722 2
721 749 2
722 723 2
722 750 1
723 724 4
723 751 2
724 725 1
724 752 1
725 726 3
725 753 5
726 727 3
726 754 5
727 728 2
727 755 4
728 756 4
729 730 2
729 757 4
730 731 3
730 758 4
731 732 4
731 759 3
732 733 3
732 760 2
733 734 3
733 761 4
734 735 3
734 762 5
735 736 2
735 763 4
736 737 2
736 764 2
737 738 1
737 765 4
738 739 2
738 766 1
739 740 2
739 767 2
740 741 4
740 768 4
741 742 3
741 769 1
742 743 2
742 770 4
743 744 2
743 771 2
744 745 4
744 772 4
745 746 5
745 773 1
746 747 5
746 774 3
747 748 5
747 775 3
748 749 2
748 776 2
749 750 5
749 777 1
750 751 4
750 778 5
751 752 1
751 779 3
752 753 3
752 780 4
753 754 5
753 781 1
754 755 2
754 782 2
755 756 2
755 783 2
756 784 5
757 758 1
758 759 5
759 760 4
760 761 4
761 762 2
762 763 4
763 764 1
764 765 2
765 766 3
766 767 1
767 768 2
768 769 2
769 770 4
770 771 2
771 772 4
772 773 1
773 774 1
774 775 1
775 776 5
776 777 3
777 778 2
778 779 5
779 780 4
780 781 4
781 782 4
782 783 3
783 784 1
