1600 3120
1 2 4
1 41 1
2 3 2
2 42 3
3 4 5
3 43 3
4 5 1
4 44 5
5 6 1
5 45 1
6 7 5
6 46 5
7 8 3
7 47 5
8 9 2
8 48 3
9 10 5
9 49 2
10 11 3
10 50 3
11 12 1
11 51 3
12 13 3
12 52 1
13 14 5
13 53 2
14 15 4
14 54 4
15 16 1
15 55 4
16 17 3
16 56 1
17 18 4
17 57 5
18 19 1
18 58 4
19 20 2
19 59 3
20 21 1
20 60 2
21 22 1
21 61 1
22 23 4
22 62 4
23 24 1
23 63 4
24 25 5
24 64 3
25 26 4
25 65 4
26 27 3
26 66 1
27 28 4
27 67 5
28 29 3
28 68 1
29 30 1
29 69 2
30 31 2
30 70 2
31 32 1
31 71 3
32 33 3
32 72 5
33 34 4
33 73 2
34 35 4
34 74 5
35 36 3
35 75 1
36 37 4
36 76 5
37 38 5
37 77 5
38 39 2
38 78 2
39 40 5
39 79 1
40 80 4
41 42 3
41 81 1
42 43 5
42 82 3
43 44 3
43 83 1
44 45 5
44 84 1
45 46 3
45 85 2
46 47 2
46 86 2
47 48 2
47 87 4
48 49 2
48 88 4
49 50 3
49 89 3
50 51 1
50 90 5
51 52 1
51 91 4
52 53 2
52 92 2
53 54 2
53 93 2
54 55 2
54 94 2
55 56 3
55 95 1
56 57 1
56 96 3
57 58 2
57 97 4
58 59 4
58 98 5
59 60 3
59 99 2
60 61 2
60 100 2
61 62 2
61 101 2
62 63 2
62 102 2
63 64 2
63 103 1
64 65 2
64 104 3
65 66 1
65 105 3
66 67 3
66 106 4
67 68 1
67 107 1
68 69 5
68 108 3
69 70 4
69 109 2
70 71 3
70 110 4
71 72 2
71 111 1
72 73 1
72 112 2
73 74 1
73 113 2
74 75 5
74 114 4
75 76 4
75 115 3
76 77 4
76 116 1
77 78 4
77 117 3
78 79 5
78 118 4
79 80 3
79 119 5
80 120 3
81 82 4
81 121 2
82 83 3
82 122 5
83 84 2
83 123 3
84 85 2
84 124 2
85 86 1
85 125 5
86 87 1
86 126 5
87 88 2
87 127 1
88 89 2
88 128 1
89 90 1
89 129 1
90 91 4
90 130 3
91 92 3
91 131 1
92 93 4
92 132 1
93 94 4
93 133 4
94 95 5
94 134 4
95 96 4
95 135 5
96 97 4
96 136 1
97 98 5
97 137 4
98 99 4
98 138 5
99 100 5
99 139 5
100 101 3
100 140 5
101 102 5
101 141 3
102 103 1
102 142 5
103 104 2
103 143 5
104 105 4
104 144 1
105 106 5
105 145 2
106 107 4
106 146 2
107 108 1
107 147 3
108 109 2
108 148 4
109 110 1
109 149 2
110 111 4
110 150 1
111 112 1
111 151 1
112 113 1
112 152 4
113 114 2
113 153 3
114 115 4
114 154 4
115 116 2
115 155 3
116 117 3
116 156 4
117 118 1
117 157 4
118 119 1
118 158 1
119 120 5
119 159 3
120 160 2
121 122 4
121 161 4
122 123 4
122 162 3
123 124 4
123 163 2
124 125 3
124 164 4
125 126 2
125 165 5
126 127 4
126 166 3
127 128 5
127 167 3
128 129 1
128 168 4
129 130 4
129 169 4
130 131 3
130 170 3
131 132 2
131 171 5
132 133 1
132 172 1
133 134 1
133 173 3
134 135 4
134 174 3
135 136 3
135 175 5
136 137 1
136 176 4
137 138 3
137 177 2
138 139 5
138 178 5
139 140 4
139 179 1
140 141 4
140 180 2
141 142 2
141 181 5
142 143 2
142 182 3
143 144 5
143 183 2
144 145 3
144 184 3
145 146 1
145 185 1
146 147 4
146 186 1
147 148 1
147 187 5
148 149 3
148 188 1
149 150 3
149 189 4
150 151 1
150 190 1
151 152 3
151 191 4
152 153 1
152 192 3
153 154 2
153 193 3
154 155 5
154 194 2
155 156 5
155 195 5
156 157 2
156 196 1
157 158 4
157 197 1
158 159 1
158 198 1
159 160 3
159 199 5
160 200 1
161 162 2
161 201 3
162 163 4
162 202 4
163 164 5
163 203 2
164 165 4
164 204 3
165 166 2
165 205 3
166 167 4
166 206 4
167 168 1
167 207 2
168 169 4
168 208 1
169 170 2
169 209 4
170 171 3
170 210 4
171 172 3
171 211 5
172 173 2
172 212 2
173 174 3
173 213 2
174 175 3
174 214 1
175 176 3
175 215 1
176 177 3
176 216 2
177 178 4
177 217 5
178 179 1
178 218 4
179 180 5
179 219 5
180 181 5
180 220 4
181 182 2
181 221 4
182 183 2
182 222 1
183 184 5
183 223 4
184 185 2
184 224 5
185 186 3
185 225 1
186 187 2
186 226 2
187 188 3
187 227 3
188 189 5
188 228 3
189 190 1
189 229 4
190 191 4
190 230 2
191 192 3
191 231 4
192 193 2
192 232 1
193 194 4
193 233 1
194 195 5
194 234 1
195 196 2
195 235 2
196 197 4
196 236 3
197 198 4
197 237 1
198 199 5
198 238 1
199 200 2
199 239 3
200 240 1
201 202 5
201 241 2
202 203 3
202 242 4
203 204 2
203 243 2
204 205 5
204 244 4
205 206 1
205 245 3
206 207 5
206 246 2
207 208 2
207 247 3
208 209 3
208 248 1
209 210 5
209 249 2
210 211 4
210 250 3
211 212 4
211 251 3
212 213 4
212 252 3
213 214 2
213 253 3
214 215 5
214 254 5
215 216 5
215 255 2
216 217 3
216 256 5
217 218 4
217 257 4
218 219 4
218 258 1
219 220 1
219 259 2
220 221 2
220 260 1
221 222 2
221 261 4
222 223 1
222 262 3
223 224 2
223 263 5
224 225 1
224 264 2
225 226 3
225 265 4
226 227 5
226 266 5
227 228 3
227 267 3
228 229 4
228 268 4
229 230 2
229 269 2
230 231 3
230 270 2
231 232 2
231 271 1
232 233 3
232 272 3
233 234 1
233 273 3
234 235 5
234 274 3
235 236 1
235 275 1
236 237 5
236 276 5
237 238 2
237 277 1
238 239 2
238 278 1
239 240 2
239 279 1
240 280 3
241 242 1
241 281 2
242 243 1
242 282 1
243 244 3
243 283 1
244 245 3
244 284 3
245 246 4
245 285 4
246 247 5
246 286 3
247 248 4
247 287 5
248 249 2
248 288 5
249 250 3
249 289 2
250 251 3
250 290 3
251 252 1
251 291 5
252 253 4
252 292 1
253 254 3
253 293 3
254 255 5
254 294 1
255 256 4
255 295 1
256 257 1
256 296 5
257 258 5
257 297 1
258 259 4
258 298 5
259 260 5
259 299 1
260 261 4
260 300 5
261 262 5
261 301 5
262 263 1
262 302 1
263 264 2
263 303 3
264 265 4
264 304 5
265 266 2
265 305 3
266 267 5
266 306 1
267 268 4
267 307 3
268 269 1
268 308 3
269 270 5
269 309 5
270 271 1
270 310 2
271 272 5
271 311 4
272 273 5
272 312 5
273 274 1
273 313 1
274 275 4
274 314 1
275 276 1
275 315 3
276 277 2
276 316 2
277 278 4
277 317 5
278 279 4
278 318 5
279 280 2
279 319 2
280 320 1
281 282 2
281 321 2
282 283 5
282 322 4
283 284 4
283 323 4
284 285 1
284 324 5
285 286 4
285 325 2
286 287 4
286 326 2
287 288 4
287 327 2
288 289 5
288 328 1
289 290 5
289 329 1
290 291 4
290 330 2
291 292 1
291 331 4
292 293 5
292 332 1
293 294 3
293 333 3
294 295 4
294 334 3
295 296 4
295 335 1
296 297 1
296 336 3
297 298 5
297 337 1
298 299 2
298 338 5
299 300 3
299 339 1
300 301 4
300 340 1
301 302 5
301 341 1
302 303 3
302 342 3
303 304 3
303 343 1
304 305 1
304 344 4
305 306 4
305 345 3
306 307 3
306 346 5
307 308 4
307 347 3
308 309 1
308 348 4
309 310 1
309 349 4
310 311 4
310 350 2
311 312 2
311 351 4
312 313 4
312 352 4
313 314 1
313 353 1
314 315 4
314 354 1
315 316 5
315 355 2
316 317 2
316 356 5
317 318 3
317 357 1
318 319 3
318 358 1
319 320 2
319 359 2
320 360 2
321 322 1
321 361 2
322 323 1
322 362 4
323 324 2
323 363 4
324 325 4
324 364 4
325 326 1
325 365 4
326 327 1
326 366 4
327 328 5
327 367 1
328 329 5
328 368 3
329 330 5
329 369 2
330 331 2
330 370 2
331 332 1
331 371 2
332 333 4
332 372 4
333 334 1
333 373 5
334 335 1
334 374 5
335 336 4
335 375 4
336 337 4
336 376 3
337 338 4
337 377 2
338 339 1
338 378 1
339 340 1
339 379 3
340 341 5
340 380 2
341 342 3
341 381 5
342 343 4
342 382 3
343 344 3
343 383 5
344 345 3
344 384 1
345 346 3
345 385 2
346 347 3
346 386 2
347 348 5
347 387 1
348 349 2
348 388 2
349 350 4
349 389 5
350 351 1
350 390 5
351 352 5
351 391 5
352 353 3
352 392 2
353 354 5
353 393 2
354 355 4
354 394 4
355 356 4
355 395 5
356 357 1
356 396 1
357 358 5
357 397 2
358 359 4
358 398 4
359 360 5
359 399 1
360 400 5
361 362 4
361 401 1
362 363 5
362 402 3
363 364 2
363 403 3
364 365 1
364 404 1
365 366 4
365 405 5
366 367 1
366 406 4
367 368 1
367 407 2
368 369 4
368 408 5
369 370 3
369 409 3
370 371 2
370 410 2
371 372 5
371 411 1
372 373 4
372 412 4
373 374 1
373 413 1
374 375 3
374 414 5
375 376 3
375 415 1
376 377 4
376 416 1
377 378 3
377 417 5
378 379 5
378 418 4
379 380 1
379 419 1
380 381 3
380 420 1
381 382 4
381 421 1
382 383 5
382 422 2
383 384 3
383 423 3
384 385 4
384 424 3
385 386 1
385 425 5
386 387 2
386 426 4
387 388 2
387 427 3
388 389 5
388 428 3
389 390 5
389 429 4
390 391 2
390 430 4
391 392 3
391 431 1
392 393 4
392 432 5
393 394 3
393 433 2
394 395 3
394 434 3
395 396 1
395 435 2
396 397 4
396 436 4
397 398 4
397 437 3
398 399 5
398 438 3
399 400 5
399 439 1
400 440 2
401 402 3
401 441 1
402 403 2
402 442 2
403 404 3
403 443 3
404 405 1
404 444 4
405 406 4
405 445 5
406 407 4
406 446 3
407 408 5
407 447 3
408 409 3
408 448 2
409 410 4
409 449 4
410 411 4
410 450 4
411 412 4
411 451 1
412 413 5
412 452 5
413 414 2
413 453 3
414 415 3
414 454 4
415 416 4
415 455 3
416 417 5
416 456 1
417 418 4
417 457 4
418 419 4
418 458 4
419 420 1
419 459 4
420 421 2
420 460 5
421 422 2
421 461 2
422 423 1
422 462 5
423 424 2
423 463 5
424 425 3
424 464 3
425 426 5
425 465 3
426 427 2
426 466 4
427 428 4
427 467 3
428 429 1
428 468 1
429 430 3
429 469 2
430 431 4
430 470 1
431 432 3
431 471 2
432 433 5
432 472 2
433 434 4
433 473 4
434 435 5
434 474 5
435 436 1
435 475 1
436 437 2
436 476 5
437 438 1
437 477 3
438 439 2
438 478 5
439 440 1
439 479 3
440 480 4
441 442 4
441 481 2
442 443 2
442 482 5
443 444 2
443 483 2
444 445 2
444 484 4
445 446 4
445 485 5
446 447 3
446 486 5
447 448 1
447 487 4
448 449 1
448 488 5
449 450 5
449 489 3
450 451 4
450 490 2
451 452 4
451 491 2
452 453 1
452 492 4
453 454 3
453 493 1
454 455 2
454 494 3
455 456 5
455 495 3
456 457 3
456 496 1
457 458 1
457 497 3
458 459 3
458 498 1
459 460 3
459 499 1
460 461 3
460 500 5
461 462 2
461 501 2
462 463 4
462 502 2
463 464 1
463 503 1
464 465 5
464 504 5
465 466 1
465 505 4
466 467 1
466 506 5
467 468 4
467 507 1
468 469 5
468 508 5
469 470 1
469 509 4
470 471 1
470 510 3
471 472 4
471 511 4
472 473 4
472 512 1
473 474 4
473 513 1
474 475 1
474 514 5
475 476 5
475 515 3
476 477 3
476 516 2
477 478 2
477 517 3
478 479 5
478 518 4
479 480 4
479 519 5
480 520 2
481 482 2
481 521 2
482 483 1
482 522 5
483 484 1
483 523 3
484 485 1
484 524 4
485 486 5
485 525 2
486 487 1
486 526 1
487 488 3
487 527 2
488 489 5
488 528 1
489 490 2
489 529 4
490 491 5
490 530 4
491 492 2
491 531 4
492 493 5
492 532 5
493 494 1
493 533 3
494 495 1
494 534 2
495 496 2
495 535 2
496 497 4
496 536 5
497 498 5
497 537 4
498 499 2
498 538 3
499 500 4
499 539 3
500 501 4
500 540 1
501 502 4
501 541 3
502 503 1
502 542 1
503 504 4
503 543 2
504 505 1
504 544 4
505 506 4
505 545 2
506 507 3
506 546 4
507 508 4
507 547 5
508 509 4
508 548 2
509 510 5
509 549 5
510 511 3
510 550 1
511 512 5
511 551 4
512 513 1
512 552 2
513 514 5
513 553 3
514 515 2
514 554 1
515 516 3
515 555 2
516 517 3
516 556 4
517 518 2
517 557 5
518 519 4
518 558 1
519 520 3
519 559 4
520 560 2
521 522 3
521 561 4
522 523 1
522 562 1
523 524 4
523 563 1
524 525 4
524 564 4
525 526 2
525 565 2
526 527 1
526 566 5
527 528 1
527 567 3
528 529 1
528 568 2
529 530 2
529 569 2
530 531 3
530 570 3
531 532 5
531 571 3
532 533 5
532 572 3
533 534 3
533 573 5
534 535 1
534 574 4
535 536 2
535 575 1
536 537 2
536 576 2
537 538 3
537 577 5
538 539 1
538 578 4
539 540 2
539 579 4
540 541 3
540 580 4
541 542 2
541 581 3
542 543 1
542 582 4
543 544 1
543 583 3
544 545 4
544 584 5
545 546 3
545 585 5
546 547 1
546 586 5
547 548 1
547 587 5
548 549 2
548 588 1
549 550 4
549 589 4
550 551 4
550 590 3
551 552 5
551 591 3
552 553 2
552 592 5
553 554 1
553 593 1
554 555 3
554 594 2
555 556 3
555 595 2
556 557 1
556 596 4
557 558 4
557 597 2
558 559 1
558 598 5
559 560 5
559 599 1
560 600 4
561 562 4
561 601 1
562 563 5
562 602 3
563 564 5
563 603 3
564 565 4
564 604 5
565 566 3
565 605 3
566 567 4
566 606 3
567 568 3
567 607 5
568 569 5
568 608 1
569 570 5
569 609 5
570 571 1
570 610 2
571 572 1
571 611 5
572 573 2
572 612 5
573 574 3
573 613 5
574 575 2
574 614 5
575 576 5
575 615 2
576 577 5
576 616 1
577 578 3
577 617 3
578 579 1
578 618 3
579 580 5
579 619 5
580 581 3
580 620 2
581 582 5
581 621 1
582 583 5
582 622 3
583 584 2
583 623 4
584 585 2
584 624 1
585 586 1
585 625 5
586 587 1
586 626 4
587 588 1
587 627 1
588 589 3
588 628 5
589 590 5
589 629 2
590 591 5
590 630 1
591 592 3
591 631 4
592 593 3
592 632 3
593 594 5
593 633 4
594 595 2
594 634 1
595 596 1
595 635 5
596 597 2
596 636 4
597 598 3
597 637 4
598 599 2
598 638 5
599 600 2
599 639 1
600 640 3
601 602 1
601 641 3
602 603 1
602 642 4
603 604 1
603 643 1
604 605 5
604 644 4
605 606 3
605 645 4
606 607 1
606 646 3
607 608 1
607 647 5
608 609 4
608 648 3
609 610 2
609 649 2
610 611 2
610 650 1
611 612 5
611 651 3
612 613 1
612 652 1
613 614 3
613 653 2
614 615 3
614 654 5
615 616 2
615 655 1
616 617 5
616 656 1
617 618 5
617 657 2
618 619 3
618 658 2
619 620 2
619 659 5
620 621 1
620 660 5
621 622 1
621 661 1
622 623 1
622 662 3
623 624 5
623 663 3
624 625 2
624 664 5
625 626 5
625 665 1
626 627 4
626 666 3
627 628 1
627 667 1
628 629 4
628 668 4
629 630 5
629 669 2
630 631 4
630 670 3
631 632 4
631 671 2
632 633 3
632 672 4
633 634 2
633 673 4
634 635 4
634 674 1
635 636 1
635 675 1
636 637 1
636 676 2
637 638 5
637 677 1
638 639 4
638 678 4
639 640 2
639 679 3
640 680 4
641 642 1
641 681 1
642 643 2
642 682 5
643 644 5
643 683 2
644 645 4
644 684 3
645 646 5
645 685 5
646 647 2
646 686 4
647 648 2
647 687 5
648 649 5
648 688 3
649 650 4
649 689 1
650 651 2
650 690 1
651 652 4
651 691 1
652 653 5
652 692 1
653 654 1
653 693 2
654 655 4
654 694 1
655 656 3
655 695 2
656 657 3
656 696 3
657 658 2
657 697 2
658 659 2
658 698 2
659 660 5
659 699 5
660 661 4
660 700 4
661 662 1
661 701 2
662 663 1
662 702 5
663 664 3
663 703 5
664 665 5
664 704 5
665 666 5
665 705 1
666 667 2
666 706 1
667 668 5
667 707 2
668 669 5
668 708 1
669 670 5
669 709 4
670 671 1
670 710 1
671 672 4
671 711 4
672 673 1
672 712 1
673 674 5
673 713 4
674 675 5
674 714 5
675 676 4
675 715 4
676 677 3
676 716 4
677 678 5
677 717 2
678 679 3
678 718 2
679 680 3
679 719 3
680 720 2
681 682 4
681 721 4
682 683 3
682 722 2
683 684 1
683 723 1
684 685 3
684 724 1
685 686 4
685 725 4
686 687 2
686 726 5
687 688 4
687 727 2
688 689 2
688 728 1
689 690 2
689 729 4
690 691 5
690 730 4
691 692 2
691 731 4
692 693 2
692 732 2
693 694 4
693 733 3
694 695 4
694 734 1
695 696 2
695 735 4
696 697 4
696 736 1
697 698 4
697 737 2
698 699 1
698 738 5
699 700 5
699 739 5
700 701 2
700 740 3
701 702 3
701 741 5
702 703 2
702 742 1
703 704 2
703 743 1
704 705 1
704 744 1
705 706 3
705 745 5
706 707 4
706 746 3
707 708 1
707 747 2
708 709 1
708 748 1
709 710 3
709 749 2
710 711 2
710 750 4
711 712 3
711 751 3
712 713 3
712 752 5
713 714 4
713 753 2
714 715 4
714 754 4
715 716 2
715 755 5
716 717 4
716 756 4
717 718 5
717 757 3
718 719 3
718 758 2
719 720 5
719 759 3
720 760 1
721 722 3
721 761 5
722 723 1
722 762 5
723 724 3
723 763 1
724 725 4
724 764 2
725 726 3
725 765 5
726 727 4
726 766 1
727 728 2
727 767 1
728 729 4
728 768 1
729 730 4
729 769 4
730 731 1
730 770 2
731 732 1
731 771 1
732 733 2
732 772 3
733 734 2
733 773 3
734 735 1
734 774 5
735 736 1
735 775 2
736 737 5
736 776 3
737 738 5
737 777 5
738 739 2
738 778 5
739 740 3
739 779 3
740 741 1
740 780 5
741 742 4
741 781 4
742 743 3
742 782 4
743 744 2
743 783 1
744 745 2
744 784 2
745 746 2
745 785 5
746 747 3
746 786 5
747 748 4
747 787 1
748 749 3
748 788 3
749 750 4
749 789 2
750 751 5
750 790 5
751 752 1
751 791 3
752 753 4
752 792 5
753 754 5
753 793 1
754 755 3
754 794 5
755 756 1
755 795 2
756 757 3
756 796 2
757 758 3
757 797 3
758 759 4
758 798 2
759 760 1
759 799 1
760 800 5
761 762 5
761 801 3
762 763 3
762 802 1
763 764 4
763 803 2
764 765 4
764 804 3
765 766 1
765 805 4
766 767 2
766 806 2
767 768 4
767 807 3
768 769 3
768 808 3
769 770 2
769 809 1
770 771 4
770 810 2
771 772 2
771 811 3
772 773 4
772 812 5
773 774 2
773 813 2
774 775 4
774 814 4
775 776 4
775 815 4
776 777 2
776 816 2
777 778 4
777 817 4
778 779 2
778 818 2
779 780 1
779 819 5
780 781 3
780 820 5
781 782 1
781 821 4
782 783 2
782 822 3
783 784 2
783 823 4
784 785 5
784 824 5
785 786 2
785 825 3
786 787 1
786 826 4
787 788 4
787 827 1
788 789 5
788 828 2
789 790 2
789 829 3
790 791 2
790 830 5
791 792 5
791 831 3
792 793 4
792 832 1
793 794 5
793 833 2
794 795 2
794 834 3
795 796 1
795 835 3
796 797 2
796 836 4
797 798 2
797 837 3
798 799 2
798 838 3
799 800 4
799 839 3
800 840 3
801 802 3
801 841 1
802 803 1
802 842 5
803 804 5
803 843 4
804 805 2
804 844 5
805 806 1
805 845 2
806 807 2
806 846 2
807 808 2
807 847 2
808 809 1
808 848 5
809 810 4
809 849 2
810 811 4
810 850 1
811 812 1
811 851 1
812 813 2
812 852 4
813 814 3
813 853 2
814 815 2
814 854 2
815 816 2
815 855 1
816 817 5
816 856 3
817 818 1
817 857 5
818 819 1
818 858 3
819 820 1
819 859 1
820 821 1
820 860 2
821 822 4
821 861 1
822 823 4
822 862 4
823 824 4
823 863 5
824 825 4
824 864 2
825 826 4
825 865 5
826 827 5
826 866 2
827 828 2
827 867 4
828 829 4
828 868 5
829 830 4
829 869 4
830 831 3
830 870 5
831 832 2
831 871 1
832 833 4
832 872 5
833 834 3
833 873 5
834 835 2
834 874 2
835 836 5
835 875 3
836 837 2
836 876 1
837 838 5
837 877 5
838 839 3
838 878 2
839 840 2
839 879 4
840 880 1
841 842 4
841 881 3
842 843 1
842 882 2
843 844 2
843 883 2
844 845 1
844 884 2
845 846 4
845 885 2
846 847 5
846 886 2
847 848 2
847 887 3
848 849 2
848 888 1
849 850 2
849 889 5
850 851 5
850 890 4
851 852 1
851 891 2
852 853 5
852 892 2
853 854 5
853 893 4
854 855 5
854 894 3
855 856 4
855 895 1
856 857 4
856 896 5
857 858 2
857 897 2
858 859 4
858 898 4
859 860 1
859 899 3
860 861 5
860 900 2
861 862 4
861 901 2
862 863 2
862 902 2
863 864 2
863 903 2
864 865 1
864 904 2
865 866 4
865 905 3
866 867 4
866 906 1
867 868 5
867 907 4
868 869 2
868 908 4
869 870 3
869 909 3
870 871 4
870 910 3
871 872 2
871 911 3
872 873 2
872 912 1
873 874 5
873 913 1
874 875 5
874 914 4
875 876 5
875 915 2
876 877 2
876 916 3
877 878 5
877 917 3
878 879 2
878 918 4
879 880 2
879 919 5
880 920 5
881 882 4
881 921 5
882 883 1
882 922 1
883 884 1
883 923 3
884 885 3
884 924 4
885 886 5
885 925 1
886 887 1
886 926 5
887 888 4
887 927 3
888 889 3
888 928 2
889 890 4
889 929 5
890 891 5
890 930 5
891 892 2
891 931 1
892 893 4
892 932 4
893 894 1
893 933 4
894 895 4
894 934 3
895 896 2
895 935 1
896 897 3
896 936 3
897 898 5
897 937 2
898 899 5
898 938 2
899 900 2
899 939 3
900 901 2
900 940 5
901 902 3
901 941 5
902 903 5
902 942 2
903 904 1
903 943 2
904 905 5
904 944 4
905 906 4
905 945 1
906 907 3
906 946 5
907 908 4
907 947 4
908 909 3
908 948 3
909 910 2
909 949 5
910 911 4
910 950 1
911 912 2
911 951 5
912 913 5
912 952 5
913 914 5
913 953 2
914 915 1
914 954 5
915 916 5
915 955 2
916 917 5
916 956 3
917 918 2
917 957 3
918 919 3
918 958 5
919 920 3
919 959 2
920 960 2
921 922 3
921 961 2
922 923 3
922 962 2
923 924 1
923 963 2
924 925 5
924 964 3
925 926 4
925 965 3
926 927 4
926 966 1
927 928 5
927 967 3
928 929 2
928 968 4
929 930 4
929 969 5
930 931 3
930 970 4
931 932 4
931 971 3
932 933 5
932 972 1
933 934 3
933 973 5
934 935 5
934 974 4
935 936 1
935 975 3
936 937 3
936 976 4
937 938 1
937 977 3
938 939 1
938 978 1
939 940 2
939 979 1
940 941 4
940 980 5
941 942 1
941 981 5
942 943 2
942 982 3
943 944 2
943 983 5
944 945 4
944 984 1
945 946 3
945 985 3
946 947 3
946 986 2
947 948 1
947 987 5
948 949 1
948 988 1
949 950 4
949 989 4
950 951 2
950 990 5
951 952 2
951 991 1
952 953 1
952 992 4
953 954 3
953 993 1
954 955 1
954 994 2
955 956 2
955 995 1
956 957 1
956 996 1
957 958 5
957 997 3
958 959 5
958 998 1
959 960 5
959 999 2
960 1000 4
961 962 1
961 1001 3
962 963 1
962 1002 4
963 964 5
963 1003 1
964 965 1
964 1004 1
965 966 1
965 1005 4
966 967 5
966 1006 5
967 968 1
967 1007 3
968 969 1
968 1008 2
969 970 2
969 1009 5
970 971 2
970 1010 4
971 972 5
971 1011 3
972 973 4
972 1012 1
973 974 4
973 1013 1
974 975 4
974 1014 2
975 976 1
975 1015 2
976 977 4
976 1016 4
977 978 4
977 1017 3
978 979 3
978 1018 1
979 980 3
979 1019 1
980 981 3
980 1020 1
981 982 4
981 1021 3
982 983 2
982 1022 5
983 984 5
983 1023 1
984 985 4
984 1024 1
985 986 3
985 1025 4
986 987 4
986 1026 2
987 988 3
987 1027 2
988 989 4
988 1028 2
989 990 3
989 1029 4
990 991 5
990 1030 5
991 992 2
991 1031 2
992 993 4
992 1032 5
993 994 4
993 1033 3
994 995 3
994 1034 1
995 996 5
995 1035 2
996 997 4
996 1036 2
997 998 5
997 1037 4
998 999 4
998 1038 5
999 1000 2
999 1039 3
1000 1040 5
1001 1002 4
1001 1041 4
1002 1003 5
1002 1042 1
1003 1004 3
1003 1043 4
1004 1005 4
1004 1044 2
1005 1006 1
1005 1045 2
1006 1007 2
1006 1046 5
1007 1008 4
1007 1047 4
1008 1009 2
1008 1048 1
1009 1010 2
1009 1049 1
1010 1011 3
1010 1050 4
1011 1012 1
1011 1051 4
1012 1013 5
1012 1052 4
1013 1014 3
1013 1053 1
1014 1015 3
1014 1054 3
1015 1016 1
1015 1055 3
1016 1017 2
1016 1056 4
1017 1018 4
1017 1057 1
1018 1019 1
1018 1058 4
1019 1020 2
1019 1059 3
1020 1021 5
1020 1060 1
1021 1022 3
1021 1061 2
1022 1023 2
1022 1062 4
1023 1024 5
1023 1063 1
1024 1025 4
1024 1064 2
1025 1026 1
1025 1065 4
1026 1027 3
1026 1066 4
1027 1028 3
1027 1067 3
1028 1029 5
1028 1068 5
1029 1030 5
1029 1069 5
1030 1031 4
1030 1070 5
1031 1032 3
1031 1071 1
1032 1033 5
1032 1072 1
1033 1034 1
1033 1073 4
1034 1035 1
1034 1074 5
1035 1036 2
1035 1075 5
1036 1037 1
1036 1076 4
1037 1038 4
1037 1077 1
1038 1039 2
1038 1078 3
1039 1040 5
1039 1079 4
1040 1080 4
1041 1042 5
1041 1081 1
1042 1043 5
1042 1082 5
1043 1044 3
1043 1083 3
1044 1045 4
1044 1084 1
1045 1046 1
1045 1085 1
1046 1047 2
1046 1086 2
1047 1048 5
1047 1087 1
1048 1049 1
1048 1088 3
1049 1050 2
1049 1089 4
1050 1051 5
1050 1090 3
1051 1052 4
1051 1091 3
1052 1053 1
1052 1092 1
1053 1054 5
1053 1093 5
1054 1055 5
1054 1094 1
1055 1056 2
1055 1095 5
1056 1057 4
1056 1096 1
1057 1058 3
1057 1097 1
1058 1059 2
1058 1098 2
1059 1060 2
1059 1099 3
1060 1061 5
1060 1100 4
1061 1062 3
1061 1101 5
1062 1063 4
1062 1102 4
1063 1064 2
1063 1103 3
1064 1065 5
1064 1104 4
1065 1066 2
1065 1105 2
1066 1067 5
1066 1106 1
1067 1068 1
1067 1107 5
1068 1069 1
1068 1108 2
1069 1070 4
1069 1109 3
1070 1071 5
1070 1110 2
1071 1072 3
1071 1111 1
1072 1073 5
1072 1112 1
1073 1074 3
1073 1113 1
1074 1075 5
1074 1114 3
1075 1076 5
1075 1115 1
1076 1077 4
1076 1116 1
1077 1078 2
1077 1117 1
1078 1079 4
1078 1118 1
1079 1080 3
1079 1119 5
1080 1120 1
1081 1082 2
1081 1121 3
1082 1083 5
1082 1122 2
1083 1084 4
1083 1123 4
1084 1085 4
1084 1124 1
1085 1086 4
1085 1125 4
1086 1087 2
1086 1126 3
1087 1088 4
1087 1127 2
1088 1089 1
1088 1128 2
1089 1090 5
1089 1129 3
1090 1091 4
1090 1130 4
1091 1092 4
1091 1131 2
1092 1093 5
1092 1132 4
1093 1094 3
1093 1133 1
1094 1095 3
1094 1134 4
1095 1096 3
1095 1135 3
1096 1097 4
1096 1136 5
1097 1098 4
1097 1137 2
1098 1099 4
1098 1138 3
1099 1100 1
1099 1139 2
1100 1101 3
1100 1140 3
1101 1102 1
1101 1141 1
1102 1103 1
1102 1142 1
1103 1104 5
1103 1143 2
1104 1105 3
1104 1144 1
1105 1106 5
1105 1145 1
1106 1107 2
1106 1146 2
1107 1108 3
1107 1147 1
1108 1109 3
1108 1148 5
1109 1110 4
1109 1149 4
1110 1111 3
1110 1150 4
1111 1112 5
1111 1151 3
1112 1113 4
1112 1152 1
1113 1114 4
1113 1153 5
1114 1115 1
1114 1154 4
1115 1116 4
1115 1155 1
1116 1117 4
1116 1156 5
1117 1118 3
1117 1157 4
1118 1119 2
1118 1158 3
1119 1120 4
1119 1159 3
1120 1160 3
1121 1122 1
1121 1161 3
1122 1123 1
1122 1162 3
1123 1124 5
1123 1163 4
1124 1125 4
1124 1164 1
1125 1126 3
1125 1165 3
1126 1127 3
1126 1166 5
1127 1128 1
1127 1167 5
1128 1129 1
1128 1168 4
1129 1130 5
1129 1169 3
1130 1131 2
1130 1170 2
1131 1132 5
1131 1171 3
1132 1133 3
1132 1172 2
1133 1134 4
1133 1173 3
1134 1135 1
1134 1174 3
1135 1136 5
1135 1175 5
1136 1137 3
1136 1176 1
1137 1138 3
1137 1177 4
1138 1139 1
1138 1178 3
1139 1140 4
1139 1179 5
1140 1141 5
1140 1180 1
1141 1142 2
1141 1181 4
1142 1143 4
1142 1182 3
1143 1144 3
1143 1183 2
1144 1145 1
1144 1184 5
1145 1146 2
1145 1185 4
1146 1147 3
1146 1186 2
1147 1148 5
1147 1187 1
1148 1149 4
1148 1188 2
1149 1150 3
1149 1189 3
1150 1151 1
1150 1190 3
1151 1152 2
1151 1191 2
1152 1153 3
1152 1192 2
1153 1154 5
1153 1193 1
1154 1155 4
1154 1194 1
1155 1156 3
1155 1195 5
1156 1157 1
1156 1196 5
1157 1158 3
1157 1197 1
1158 1159 1
1158 1198 5
1159 1160 4
1159 1199 4
1160 1200 3
1161 1162 1
1161 1201 2
1162 1163 4
1162 1202 3
1163 1164 5
1163 1203 2
1164 1165 5
1164 1204 1
1165 1166 4
1165 1205 1
1166 1167 3
1166 1206 5
1167 1168 4
1167 1207 4
1168 1169 5
1168 1208 2
1169 1170 4
1169 1209 3
1170 1171 3
1170 1210 4
1171 1172 1
1171 1211 2
1172 1173 4
1172 1212 5
1173 1174 3
1173 1213 2
1174 1175 3
1174 1214 2
1175 1176 4
1175 1215 5
1176 1177 4
1176 1216 4
1177 1178 4
1177 1217 1
1178 1179 2
1178 1218 5
1179 1180 3
1179 1219 2
1180 1181 3
1180 1220 2
1181 1182 4
1181 1221 2
1182 1183 3
1182 1222 5
1183 1184 4
1183 1223 3
1184 1185 3
1184 1224 2
1185 1186 5
1185 1225 2
1186 1187 2
1186 1226 1
1187 1188 4
1187 1227 4
1188 1189 4
1188 1228 4
1189 1190 4
1189 1229 5
1190 1191 1
1190 1230 4
1191 1192 3
1191 1231 3
1192 1193 3
1192 1232 5
1193 1194 2
1193 1233 1
1194 1195 3
1194 1234 3
1195 1196 1
1195 1235 2
1196 1197 3
1196 1236 4
1197 1198 2
1197 1237 3
1198 1199 3
1198 1238 3
1199 1200 1
1199 1239 2
1200 1240 5
1201 1202 2
1201 1241 1
1202 1203 1
1202 1242 4
1203 1204 4
1203 1243 5
1204 1205 3
1204 1244 1
1205 1206 4
1205 1245 2
1206 1207 3
1206 1246 4
1207 1208 3
1207 1247 1
1208 1209 2
1208 1248 4
1209 1210 2
1209 1249 3
1210 1211 1
1210 1250 1
1211 1212 5
1211 1251 1
1212 1213 5
1212 1252 2
1213 1214 4
1213 1253 5
1214 1215 2
1214 1254 4
1215 1216 4
1215 1255 4
1216 1217 2
1216 1256 1
1217 1218 4
1217 1257 2
1218 1219 3
1218 1258 5
1219 1220 1
1219 1259 5
1220 1221 1
1220 1260 1
1221 1222 5
1221 1261 1
1222 1223 4
1222 1262 2
1223 1224 3
1223 1263 4
1224 1225 3
1224 1264 2
1225 1226 2
1225 1265 4
1226 1227 1
1226 1266 4
1227 1228 3
1227 1267 5
1228 1229 3
1228 1268 2
1229 1230 4
1229 1269 4
1230 1231 2
1230 1270 1
1231 1232 5
1231 1271 3
1232 1233 4
1232 1272 2
1233 1234 2
1233 1273 1
1234 1235 3
1234 1274 2
1235 1236 2
1235 1275 5
1236 1237 1
1236 1276 4
1237 1238 3
1237 1277 5
1238 1239 5
1238 1278 4
1239 1240 3
1239 1279 3
1240 1280 3
1241 1242 1
1241 1281 5
1242 1243 4
1242 1282 1
1243 1244 4
1243 1283 1
1244 1245 4
1244 1284 1
1245 1246 5
1245 1285 1
1246 1247 3
1246 1286 4
1247 1248 5
1247 1287 1
1248 1249 5
1248 1288 3
1249 1250 4
1249 1289 3
1250 1251 1
1250 1290 1
1251 1252 2
1251 1291 5
1252 1253 1
1252 1292 1
1253 1254 3
1253 1293 2
1254 1255 2
1254 1294 1
1255 1256 5
1255 1295 1
1256 1257 4
1256 1296 3
1257 1258 1
1257 1297 1
1258 1259 4
1258 1298 1
1259 1260 4
1259 1299 3
1260 1261 5
1260 1300 1
1261 1262 1
1261 1301 1
1262 1263 5
1262 1302 4
1263 1264 3
1263 1303 4
1264 1265 4
1264 1304 3
1265 1266 3
1265 1305 4
1266 1267 5
1266 1306 4
1267 1268 3
1267 1307 4
1268 1269 5
1268 1308 4
1269 1270 3
1269 1309 3
1270 1271 1
1270 1310 1
1271 1272 1
1271 1311 1
1272 1273 3
1272 1312 3
1273 1274 3
1273 1313 2
1274 1275 4
1274 1314 2
1275 1276 4
1275 1315 5
1276 1277 3
1276 1316 3
1277 1278 4
1277 1317 3
1278 1279 3
1278 1318 1
1279 1280 2
1279 1319 1
1280 1320 2
1281 1282 4
1281 1321 4
1282 1283 1
1282 1322 1
1283 1284 4
1283 1323 5
1284 1285 1
1284 1324 1
1285 1286 1
1285 1325 5
1286 1287 3
1286 1326 5
1287 1288 1
1287 1327 4
1288 1289 5
1288 1328 2
1289 1290 5
1289 1329 2
1290 1291 5
1290 1330 2
1291 1292 4
1291 1331 2
1292 1293 3
1292 1332 2
1293 1294 5
1293 1333 2
1294 1295 1
1294 1334 1
1295 1296 1
1295 1335 4
1296 1297 1
1296 1336 4
1297 1298 1
1297 1337 5
1298 1299 5
1298 1338 1
1299 1300 3
1299 1339 4
1300 1301 4
1300 1340 1
1301 1302 3
1301 1341 1
1302 1303 2
1302 1342 2
1303 1304 1
1303 1343 3
1304 1305 2
1304 1344 1
1305 1306 3
1305 1345 5
1306 1307 2
1306 1346 4
1307 1308 5
1307 1347 4
1308 1309 5
1308 1348 5
1309 1310 5
1309 1349 3
1310 1311 5
1310 1350 2
1311 1312 4
1311 1351 1
1312 1313 3
1312 1352 3
1313 1314 5
1313 1353 5
1314 1315 3
1314 1354 4
1315 1316 5
1315 1355 2
1316 1317 2
1316 1356 2
1317 1318 5
1317 1357 1
1318 1319 3
1318 1358 1
1319 1320 1
1319 1359 1
1320 1360 3
1321 1322 3
1321 1361 2
1322 1323 3
1322 1362 5
1323 1324 2
1323 1363 2
1324 1325 2
1324 1364 1
1325 1326 5
1325 1365 3
1326 1327 2
1326 1366 5
1327 1328 2
1327 1367 5
1328 1329 3
1328 1368 1
1329 1330 1
1329 1369 2
1330 1331 4
1330 1370 3
1331 1332 1
1331 1371 2
1332 1333 3
1332 1372 4
1333 1334 1
1333 1373 2
1334 1335 5
1334 1374 4
1335 1336 4
1335 1375 2
1336 1337 5
1336 1376 3
1337 1338 2
1337 1377 2
1338 1339 4
1338 1378 2
1339 1340 3
1339 1379 5
1340 1341 5
1340 1380 3
1341 1342 3
1341 1381 1
1342 1343 4
1342 1382 4
1343 1344 2
1343 1383 3
1344 1345 4
1344 1384 3
1345 1346 2
1345 1385 4
1346 1347 3
1346 1386 1
1347 1348 3
1347 1387 1
1348 1349 3
1348 1388 3
1349 1350 3
1349 1389 5
1350 1351 5
1350 1390 4
1351 1352 2
1351 1391 4
1352 1353 3
1352 1392 3
1353 1354 5
1353 1393 3
1354 1355 3
1354 1394 1
1355 1356 1
1355 1395 3
1356 1357 5
1356 1396 3
1357 1358 1
1357 1397 2
1358 1359 5
1358 1398 4
1359 1360 3
1359 1399 2
1360 1400 1
1361 1362 4
1361 1401 4
1362 1363 1
1362 1402 2
1363 1364 3
1363 1403 3
1364 1365 2
1364 1404 2
1365 1366 3
1365 1405 3
1366 1367 1
1366 1406 2
1367 1368 5
1367 1407 4
1368 1369 5
1368 1408 2
1369 1370 2
1369 1409 4
1370 1371 3
1370 1410 5
1371 1372 5
1371 1411 4
1372 1373 4
1372 1412 1
1373 1374 3
1373 1413 1
1374 1375 5
1374 1414 4
1375 1376 2
1375 1415 4
1376 1377 2
1376 1416 1
1377 1378 5
1377 1417 2
1378 1379 2
1378 1418 3
1379 1380 5
1379 1419 2
1380 1381 3
1380 1420 2
1381 1382 5
1381 1421 1
1382 1383 1
1382 1422 1
1383 1384 1
1383 1423 1
1384 1385 1
1384 1424 5
1385 1386 2
1385 1425 1
1386 1387 1
1386 1426 3
1387 1388 5
1387 1427 4
1388 1389 1
1388 1428 5
1389 1390 4
1389 1429 4
1390 1391 2
1390 1430 2
1391 1392 3
1391 1431 5
1392 1393 4
1392 1432 3
1393 1394 3
1393 1433 3
1394 1395 1
1394 1434 3
1395 1396 2
1395 1435 4
1396 1397 1
1396 1436 4
1397 1398 1
1397 1437 3
1398 1399 5
1398 1438 2
1399 1400 2
1399 1439 1
1400 1440 5
1401 1402 5
1401 1441 2
1402 1403 1
1402 1442 4
1403 1404 2
1403 1443 5
1404 1405 1
1404 1444 1
1405 1406 3
1405 1445 4
1406 1407 4
1406 1446 4
1407 1408 3
1407 1447 1
1408 1409 5
1408 1448 3
1409 1410 5
1409 1449 5
1410 1411 3
1410 1450 5
1411 1412 4
1411 1451 1
1412 1413 5
1412 1452 1
1413 1414 4
1413 1453 4
1414 1415 4
1414 1454 4
1415 1416 2
1415 1455 4
1416 1417 1
1416 1456 4
1417 1418 1
1417 1457 5
1418 1419 5
1418 1458 2
1419 1420 4
1419 1459 1
1420 1421 5
1420 1460 2
1421 1422 5
1421 1461 2
1422 1423 4
1422 1462 2
1423 1424 5
1423 1463 2
1424 1425 2
1424 1464 5
1425 1426 1
1425 1465 3
1426 1427 3
1426 1466 1
1427 1428 4
1427 1467 1
1428 1429 1
1428 1468 2
1429 1430 2
1429 1469 4
1430 1431 5
1430 1470 4
1431 1432 3
1431 1471 5
1432 1433 4
1432 1472 5
1433 1434 4
1433 1473 5
1434 1435 5
1434 1474 3
1435 1436 5
1435 1475 4
1436 1437 2
1436 1476 1
1437 1438 4
1437 1477 3
1438 1439 3
1438 1478 4
1439 1440 3
1439 1479 4
1440 1480 3
1441 1442 1
1441 1481 5
1442 1443 3
1442 1482 4
1443 1444 1
1443 1483 1
1444 1445 4
1444 1484 2
1445 1446 5
1445 1485 3
1446 1447 2
1446 1486 3
1447 1448 3
1447 1487 3
1448 1449 4
1448 1488 3
1449 1450 2
1449 1489 3
1450 1451 4
1450 1490 1
1451 1452 4
1451 1491 2
1452 1453 5
1452 1492 3
1453 1454 1
1453 1493 5
1454 1455 3
1454 1494 4
1455 1456 1
1455 1495 3
1456 1457 5
1456 1496 5
1457 1458 3
1457 1497 2
1458 1459 2
1458 1498 2
1459 1460 2
1459 1499 1
1460 1461 2
1460 1500 5
1461 1462 4
1461 1501 1
1462 1463 4
1462 1502 1
1463 1464 5
1463 1503 2
1464 1465 1
1464 1504 1
1465 1466 5
1465 1505 1
1466 1467 4
1466 1506 2
1467 1468 4
1467 1507 5
1468 1469 3
1468 1508 5
1469 1470 3
1469 1509 4
1470 1471 1
1470 1510 5
1471 1472 3
1471 1511 5
1472 1473 5
1472 1512 4
1473 1474 4
1473 1513 3
1474 1475 3
1474 1514 5
1475 1476 5
1475 1515 4
1476 1477 2
1476 1516 2
1477 1478 4
1477 1517 4
1478 1479 3
1478 1518 2
1479 1480 3
1479 1519 3
1480 1520 2
1481 1482 1
1481 1521 4
1482 1483 1
1482 1522 3
1483 1484 5
1483 1523 1
1484 1485 5
1484 1524 4
1485 1486 1
1485 1525 2
1486 1487 2
1486 1526 1
1487 1488 3
1487 1527 1
1488 1489 3
1488 1528 1
1489 1490 5
1489 1529 1
1490 1491 3
1490 1530 2
1491 1492 4
1491 1531 3
1492 1493 1
1492 1532 3
1493 1494 5
1493 1533 2
1494 1495 1
1494 1534 5
1495 1496 5
1495 1535 1
1496 1497 4
1496 1536 4
1497 1498 4
1497 1537 5
1498 1499 4
1498 1538 1
1499 1500 2
1499 1539 1
1500 1501 4
1500 1540 5
1501 1502 4
1501 1541 2
1502 1503 3
1502 1542 1
1503 1504 2
1503 1543 1
1504 1505 1
1504 1544 1
1505 1506 5
1505 1545 2
1506 1507 1
1506 1546 4
1507 1508 5
1507 1547 1
1508 1509 5
1508 1548 4
1509 1510 4
1509 1549 5
1510 1511 4
1510 1550 5
1511 1512 2
1511 1551 5
1512 1513 5
1512 1552 1
1513 1514 3
1513 1553 5
1514 1515 2
1514 1554 5
1515 1516 5
1515 1555 1
1516 1517 2
1516 1556 2
1517 1518 5
1517 1557 4
1518 1519 5
1518 1558 4
1519 1520 5
1519 1559 5
1520 1560 4
1521 1522 1
1521 1561 1
1522 1523 2
1522 1562 5
1523 1524 5
1523 1563 1
1524 1525 4
1524 1564 2
1525 1526 3
1525 1565 2
1526 1527 5
1526 1566 5
1527 1528 1
1527 1567 4
1528 1529 4
1528 1568 2
1529 1530 2
1529 1569 2
1530 1531 1
1530 1570 3
1531 1532 2
1531 1571 2
1532 1533 5
1532 1572 2
1533 1534 2
1533 1573 1
1534 1535 3
1534 1574 3
1535 1536 4
1535 1575 5
1536 1537 3
1536 1576 3
1537 1538 2
1537 1577 2
1538 1539 5
1538 1578 1
1539 1540 5
1539 1579 3
1540 1541 3
1540 1580 5
1541 1542 4
1541 1581 1
1542 1543 5
1542 1582 1
1543 1544 4
1543 1583 4
1544 1545 2
1544 1584 2
1545 1546 5
1545 1585 1
1546 1547 4
1546 1586 2
1547 1548 2
1547 1587 4
1548 1549 5
1548 1588 5
1549 1550 5
1549 1589 4
1550 1551 3
1550 1590 1
1551 1552 3
1551 1591 4
1552 1553 4
1552 1592 5
1553 1554 2
1553 1593 3
1554 1555 2
1554 1594 1
1555 1556 4
1555 1595 3
1556 1557 4
1556 1596 4
1557 1558 5
1557 1597 3
1558 1559 2
1558 1598 2
1559 1560 1
1559 1599 5
1560 1600 4
1561 1562 2
1562 1563 1
1563 1564 1
1564 1565 5
1565 1566 3
1566 1567 4
1567 1568 5
1568 1569 5
1569 1570 2
1570 1571 2
1571 1572 5
1572 1573 5
1573 1574 5
1574 1575 4
1575 1576 3
1576 1577 1
1577 1578 3
1578 1579 3
1579 1580 2
1580 1581 5
1581 1582 3
1582 1583 5
1583 1584 4
1584 1585 1
1585 1586 4
1586 1587 3
1587 1588 1
1588 1589 2
1589 1590 3
1590 1591 5
1591 1592 1
1592 1593 1
1593 1594 4
1594 1595 2
1595 1596 2
1596 1597 4
1597 1598 1
1598 1599 3
1599 1600 3
