784 1512
1 2 4
1 29 2
2 3 5
2 30 4
3 4 5
3 31 5
4 5 3
4 32 2
5 6 5
5 33 2
6 7 2
6 34 5
7 8 2
7 35 2
8 9 3
8 36 4
9 10 3
9 37 3
10 11 4
10 38 2
11 12 2
11 39 5
12 13 1
12 40 4
13 14 2
13 41 3
14 15 4
14 42 1
15 16 4
15 43 5
16 17 1
16 44 3
17 18 5
17 45 2
18 19 4
18 46 2
19 20 5
19 47 5
20 21 3
20 48 2
21 22 2
21 49 3
22 23 4
22 50 3
23 24 3
23 51 4
24 25 2
24 52 4
25 26 3
25 53 5
26 27 2
26 54 5
27 28 4
27 55 1
28 56 1
29 30 4
29 57 3
30 31 5
30 58 1
31 32 3
31 59 2
32 33 5
32 60 1
33 34 3
33 61 4
34 35 1
34 62 5
35 36 3
35 63 2
36 37 4
36 64 2
37 38 1
37 65 2
38 39 4
38 66 5
39 40 5
39 67 2
40 41 2
40 68 2
41 42 4
41 69 2
42 43 2
42 70 2
43 44 4
43 71 5
44 45 1
44 72 5
45 46 2
45 73 4
46 47 4
46 74 4
47 48 2
47 75 3
48 49 3
48 76 4
49 50 2
49 77 3
50 51 4
50 78 4
51 52 1
51 79 4
52 53 4
52 80 4
53 54 4
53 81 1
54 55 1
54 82 4
55 56 3
55 83 5
56 84 5
57 58 1
57 85 4
58 59 2
58 86 2
59 60 2
59 87 1
60 61 3
60 88 3
61 62 4
61 89 4
62 63 3
62 90 3
63 64 3
63 91 3
64 65 2
64 92 5
65 66 2
65 93 3
66 67 2
66 94 1
67 68 5
67 95 4
68 69 1
68 96 3
69 70 2
69 97 5
70 71 5
70 98 3
71 72 4
71 99 5
72 73 5
72 100 2
73 74 4
73 101 5
74 75 5
74 102 1
75 76 3
75 103 1
76 77 3
76 104 3
77 78 5
77 105 3
78 79 3
78 106 5
79 80 1
79 107 3
80 81 3
80 108 4
81 82 5
81 109 1
82 83 2
82 110 3
83 84 3
83 111 3
84 112 5
85 86 4
85 113 5
86 87 1
86 114 4
87 88 2
87 115 3
88 89 2
88 116 4
89 90 4
89 117 2
90 91 2
90 118 2
91 92 1
91 119 1
92 93 4
92 120 3
93 94 4
93 121 4
94 95 2
94 122 3
95 96 5
95 123 3
96 97 4
96 124 2
97 98 2
97 125 2
98 99 5
98 126 2
99 100 4
99 127 1
100 101 5
100 128 5
101 102 5
101 129 1
102 103 1
102 130 3
103 104 1
103 131 4
104 105 4
104 132 3
105 106 1
105 133 4
106 107 4
106 134 5
107 108 4
107 135 2
108 109 3
108 136 4
109 110 2
109 137 4
110 111 2
110 138 3
111 112 1
111 139 1
112 140 5
113 114 4
113 141 4
114 115 5
114 142 1
115 116 3
115 143 4
116 117 5
116 144 1
117 118 3
117 145 5
118 119 5
118 146 4
119 120 5
119 147 3
120 121 3
120 148 4
121 122 2
121 149 4
122 123 4
122 150 2
123 124 3
123 151 1
124 125 4
124 152 2
125 126 1
125 153 4
126 127 4
126 154 3
127 128 5
127 155 1
128 129 5
128 156 1
129 130 5
129 157 2
130 131 1
130 158 5
131 132 3
131 159 4
132 133 4
132 160 5
133 134 3
133 161 1
134 135 4
134 162 3
135 136 3
135 163 3
136 137 3
136 164 4
137 138 1
137 165 2
138 139 3
138 166 2
139 140 4
139 167 1
140 168 4
141 142 3
141 169 4
142 143 4
142 170 2
143 144 5
143 171 3
144 145 3
144 172 4
145 146 2
145 173 1
146 147 4
146 174 3
147 148 5
147 175 1
148 149 1
148 176 2
149 150 1
149 177 3
150 151 1
150 178 5
151 152 2
151 179 2
152 153 4
152 180 5
153 154 4
153 181 4
154 155 2
154 182 4
155 156 4
155 183 1
156 157 5
156 184 2
157 158 5
157 185 3
158 159 5
158 186 3
159 160 2
159 187 3
160 161 1
160 188 1
161 162 2
161 189 5
162 163 2
162 190 5
163 164 5
163 191 3
164 165 3
164 192 1
165 166 5
165 193 3
166 167 4
166 194 3
167 168 4
167 195 1
168 196 5
169 170 1
169 197 2
170 171 4
170 198 1
171 172 4
171 199 4
172 173 4
172 200 5
173 174 2
173 201 4
174 175 4
174 202 2
175 176 3
175 203 3
176 177 1
176 204 1
177 178 3
177 205 4
178 179 1
178 206 2
179 180 2
179 207 1
180 181 2
180 208 2
181 182 5
181 209 1
182 183 5
182 210 2
183 184 3
183 211 2
184 185 2
184 212 3
185 186 5
185 213 2
186 187 2
186 214 5
187 188 1
187 215 2
188 189 1
188 216 1
189 190 4
189 217 5
190 191 4
190 218 4
191 192 3
191 219 4
192 193 1
192 220 1
193 194 3
193 221 1
194 195 5
194 222 2
195 196 3
195 223 2
196 224 5
197 198 2
197 225 2
198 199 1
198 226 1
199 200 3
199 227 5
200 201 3
200 228 1
201 202 1
201 229 1
202 203 3
202 230 2
203 204 3
203 231 2
204 205 5
204 232 4
205 206 5
205 233 1
206 207 5
206 234 1
207 208 1
207 235 2
208 209 5
208 236 2
209 210 4
209 237 4
210 211 1
210 238 4
211 212 5
211 239 1
212 213 3
212 240 1
213 214 4
213 241 2
214 215 5
214 242 1
215 216 4
215 243 4
216 217 3
216 244 3
217 218 5
217 245 4
218 219 5
218 246 1
219 220 5
219 247 5
220 221 1
220 248 1
221 222 1
221 249 1
222 223 3
222 250 1
223 224 4
223 251 5
224 252 2
225 226 5
225 253 1
226 227 1
226 254 4
227 228 2
227 255 4
228 229 2
228 256 5
229 230 2
229 257 5
230 231 1
230 258 4
231 232 1
231 259 3
232 233 5
232 260 2
233 234 4
233 261 1
234 235 4
234 262 2
235 236 1
235 263 4
236 237 5
236 264 3
237 238 2
237 265 2
238 239 4
238 266 3
239 240 1
239 267 4
240 241 1
240 268 2
241 242 3
241 269 4
242 243 4
242 270 4
243 244 4
243 271 1
244 245 1
244 272 2
245 246 3
245 273 2
246 247 1
246 274 3
247 248 3
247 275 3
248 249 2
248 276 4
249 250 5
249 277 5
250 251 3
250 278 2
251 252 1
251 279 4
252 280 5
253 254 4
253 281 3
254 255 2
254 282 4
255 256 1
255 283 4
256 257 3
256 284 1
257 258 1
257 285 3
258 259 5
258 286 4
259 260 1
259 287 1
260 261 2
260 288 5
261 262 5
261 289 3
262 263 3
262 290 3
263 264 1
263 291 2
264 265 5
264 292 3
265 266 5
265 293 2
266 267 1
266 294 2
267 268 1
267 295 3
268 269 4
268 296 1
269 270 1
269 297 2
270 271 1
270 298 4
271 272 5
271 299 4
272 273 3
272 300 4
273 274 4
273 301 5
274 275 4
274 302 2
275 276 1
275 303 2
276 277 5
276 304 3
277 278 4
277 305 3
278 279 3
278 306 2
279 280 2
279 307 3
280 308 5
281 282 1
281 309 5
282 283 1
282 310 4
283 284 3
283 311 1
284 285 5
284 312 1
285 286 5
285 313 4
286 287 4
286 314 2
287 288 2
287 315 4
288 289 1
288 316 2
289 290 4
289 317 1
290 291 2
290 318 1
291 292 2
291 319 2
292 293 4
292 320 4
293 294 4
293 321 4
294 295 3
294 322 5
295 296 3
295 323 4
296 297 5
296 324 2
297 298 1
297 325 4
298 299 4
298 326 2
299 300 1
299 327 5
300 301 3
300 328 1
301 302 2
301 329 4
302 303 5
302 330 4
303 304 3
303 331 1
304 305 4
304 332 4
305 306 2
305 333 2
306 307 4
306 334 5
307 308 2
307 335 1
308 336 5
309 310 5
309 337 5
310 311 2
310 338 1
311 312 5
311 339 4
312 313 4
312 340 1
313 314 4
313 341 5
314 315 2
314 342 5
315 316 5
315 343 3
316 317 2
316 344 1
317 318 2
317 345 4
318 319 1
318 346 5
319 320 4
319 347 3
320 321 2
320 348 1
321 322 2
321 349 3
322 323 1
322 350 4
323 324 5
323 351 1
324 325 3
324 352 4
325 326 5
325 353 3
326 327 5
326 354 2
327 328 2
327 355 2
328 329 2
328 356 3
329 330 5
329 357 3
330 331 3
330 358 1
331 332 3
331 359 3
332 333 1
332 360 3
333 334 2
333 361 4
334 335 2
334 362 4
335 336 3
335 363 1
336 364 1
337 338 2
337 365 1
338 339 3
338 366 4
339 340 3
339 367 3
340 341 1
340 368 2
341 342 5
341 369 2
342 343 3
342 370 1
343 344 2
343 371 3
344 345 4
344 372 3
345 346 2
345 373 1
346 347 5
346 374 4
347 348 2
347 375 2
348 349 2
348 376 3
349 350 3
349 377 1
350 351 2
350 378 1
351 352 2
351 379 5
352 353 2
352 380 4
353 354 1
353 381 3
354 355 5
354 382 3
355 356 4
355 383 4
356 357 5
356 384 2
357 358 2
357 385 1
358 359 4
358 386 2
359 360 3
359 387 4
360 361 2
360 388 3
361 362 5
361 389 5
362 363 4
362 390 4
363 364 2
363 391 2
364 392 5
365 366 5
365 393 3
366 367 2
366 394 1
367 368 5
367 395 4
368 369 5
368 396 5
369 370 3
369 397 5
370 371 2
370 398 1
371 372 4
371 399 3
372 373 1
372 400 1
373 374 1
373 401 4
374 375 2
374 402 1
375 376 5
375 403 3
376 377 1
376 404 4
377 378 5
377 405 5
378 379 4
378 406 1
379 380 2
379 407 3
380 381 3
380 408 4
381 382 1
381 409 1
382 383 4
382 410 5
383 384 4
383 411 3
384 385 1
384 412 5
385 386 2
385 413 1
386 387 3
386 414 1
387 388 4
387 415 2
388 389 5
388 416 4
389 390 5
389 417 5
390 391 1
390 418 4
391 392 5
391 419 2
392 420 5
393 394 3
393 421 2
394 395 1
394 422 4
395 396 4
395 423 1
396 397 1
396 424 4
397 398 5
397 425 5
398 399 2
398 426 2
399 400 4
399 427 2
400 401 3
400 428 3
401 402 1
401 429 4
402 403 1
402 430 4
403 404 5
403 431 2
404 405 3
404 432 2
405 406 3
405 433 3
406 407 5
406 434 3
407 408 1
407 435 3
408 409 1
408 436 2
409 410 3
409 437 3
410 411 1
410 438 4
411 412 3
411 439 4
412 413 3
412 440 1
413 414 3
413 441 3
414 415 5
414 442 4
415 416 1
415 443 1
416 417 1
416 444 3
417 418 3
417 445 1
418 419 1
418 446 3
419 420 2
419 447 2
420 448 4
421 422 3
421 449 5
422 423 1
422 450 1
423 424 4
423 451 5
424 425 2
424 452 2
425 426 5
425 453 3
426 427 5
426 454 1
427 428 3
427 455 1
428 429 2
428 456 2
429 430 2
429 457 2
430 431 5
430 458 1
431 432 4
431 459 1
432 433 5
432 460 2
433 434 4
433 461 3
434 435 2
434 462 3
435 436 3
435 463 4
436 437 4
436 464 5
437 438 3
437 465 2
438 439 5
438 466 3
439 440 4
439 467 3
440 441 3
440 468 2
441 442 4
441 469 2
442 443 5
442 470 2
443 444 5
443 471 4
444 445 5
444 472 5
445 446 2
445 473 1
446 447 1
446 474 4
447 448 2
447 475 5
448 476 2
449 450 1
449 477 3
450 451 1
450 478 5
451 452 5
451 479 3
452 453 2
452 480 5
453 454 1
453 481 2
454 455 2
454 482 5
455 456 1
455 483 1
456 457 3
456 484 4
457 458 2
457 485 1
458 459 5
458 486 3
459 460 3
459 487 2
460 461 5
460 488 1
461 462 1
461 489 3
462 463 2
462 490 1
463 464 5
463 491 2
464 465 3
464 492 4
465 466 1
465 493 5
466 467 2
466 494 4
467 468 5
467 495 5
468 469 1
468 496 5
469 470 2
469 497 2
470 471 4
470 498 3
471 472 5
471 499 2
472 473 3
472 500 2
473 474 2
473 501 2
474 475 2
474 502 2
475 476 1
475 503 4
476 504 2
477 478 5
477 505 3
478 479 4
478 506 2
479 480 5
479 507 3
480 481 1
480 508 5
481 482 1
481 509 5
482 483 3
482 510 1
483 484 3
483 511 2
484 485 3
484 512 1
485 486 1
485 513 3
486 487 3
486 514 1
487 488 5
487 515 2
488 489 3
488 516 4
489 490 1
489 517 1
490 491 5
490 518 3
491 492 1
491 519 1
492 493 3
492 520 4
493 494 3
493 521 3
494 495 3
494 522 4
495 496 3
495 523 2
496 497 4
496 524 1
497 498 1
497 525 3
498 499 4
498 526 1
499 500 4
499 527 3
500 501 5
500 528 2
501 502 4
501 529 3
502 503 3
502 530 5
503 504 5
503 531 2
504 532 5
505 506 2
505 533 3
506 507 3
506 534 2
507 508 1
507 535 2
508 509 5
508 536 1
509 510 3
509 537 1
510 511 1
510 538 2
511 512 1
511 539 2
512 513 4
512 540 5
513 514 5
513 541 4
514 515 2
514 542 3
515 516 3
515 543 1
516 517 4
516 544 5
517 518 5
517 545 1
518 519 4
518 546 1
519 520 4
519 547 4
520 521 5
520 548 4
521 522 4
521 549 4
522 523 5
522 550 2
523 524 5
523 551 4
524 525 5
524 552 2
525 526 4
525 553 2
526 527 4
526 554 2
527 528 5
527 555 5
528 529 3
528 556 1
529 530 5
529 557 1
530 531 3
530 558 5
531 532 5
531 559 4
532 560 3
533 534 2
533 561 1
534 535 1
534 562 3
535 536 2
535 563 3
536 537 1
536 564 1
537 538 4
537 565 4
538 539 4
538 566 1
539 540 1
539 567 2
540 541 3
540 568 3
541 542 3
541 569 5
542 543 3
542 570 5
543 544 1
543 571 1
544 545 5
544 572 5
545 546 3
545 573 5
546 547 4
546 574 4
547 548 1
547 575 5
548 549 1
548 576 1
549 550 3
549 577 4
550 551 4
550 578 5
551 552 2
551 579 4
552 553 4
552 580 3
553 554 3
553 581 4
554 555 1
554 582 2
555 556 5
555 583 4
556 557 4
556 584 5
557 558 3
557 585 2
558 559 3
558 586 2
559 560 2
559 587 4
560 588 4
561 562 3
561 589 4
562 563 3
562 590 4
563 564 3
563 591 5
564 565 1
564 592 5
565 566 5
565 593 2
566 567 1
566 594 1
567 568 2
567 595 4
568 569 2
568 596 5
569 570 4
569 597 5
570 571 3
570 598 2
571 572 3
571 599 5
572 573 5
572 600 2
573 574 3
573 601 1
574 575 3
574 602 3
575 576 2
575 603 1
576 577 5
576 604 4
577 578 2
577 605 1
578 579 2
578 606 2
579 580 5
579 607 1
580 581 1
580 608 5
581 582 1
581 609 4
582 583 5
582 610 4
583 584 2
583 611 1
584 585 3
584 612 5
585 586 4
585 613 2
586 587 3
586 614 4
587 588 3
587 615 4
588 616 4
589 590 3
589 617 4
590 591 4
590 618 1
591 592 4
591 619 3
592 593 1
592 620 1
593 594 4
593 621 4
594 595 4
594 622 5
595 596 4
595 623 2
596 597 5
596 624 3
597 598 5
597 625 2
598 599 5
598 626 3
599 600 5
599 627 1
600 601 2
600 628 1
601 602 3
601 629 2
602 603 4
602 630 4
603 604 4
603 631 4
604 605 3
604 632 2
605 606 3
605 633 5
606 607 2
606 634 1
607 608 2
607 635 2
608 609 3
608 636 3
609 610 1
609 637 2
610 611 3
610 638 4
611 612 3
611 639 3
612 613 1
612 640 5
613 614 3
613 641 3
614 615 2
614 642 1
615 616 3
615 643 4
616 644 1
617 618 1
617 645 2
618 619 5
618 646 4
619 620 2
619 647 4
620 621 5
620 648 5
621 622 1
621 649 5
622 623 3
622 650 2
623 624 3
623 651 2
624 625 1
624 652 4
625 626 3
625 653 1
626 627 4
626 654 4
627 628 1
627 655 1
628 629 3
628 656 2
629 630 3
629 657 5
630 631 4
630 658 4
631 632 3
631 659 4
632 633 5
632 660 2
633 634 3
633 661 5
634 635 5
634 662 5
635 636 4
635 663 1
636 637 1
636 664 1
637 638 5
637 665 5
638 639 1
638 666 5
639 640 4
639 667 4
640 641 1
640 668 2
641 642 5
641 669 4
642 643 3
642 670 4
643 644 4
643 671 5
644 672 4
645 646 4
645 673 4
646 647 4
646 674 1
647 648 1
647 675 4
648 649 4
648 676 2
649 650 4
649 677 4
650 651 3
650 678 5
651 652 3
651 679 3
652 653 2
652 680 1
653 654 4
653 681 5
654 655 3
654 682 2
655 656 5
655 683 1
656 657 1
656 684 1
657 658 1
657 685 4
658 659 1
658 686 3
659 660 2
659 687 1
660 661 1
660 688 3
661 662 2
661 689 2
662 663 4
662 690 5
663 664 4
663 691 1
664 665 3
664 692 4
665 666 3
665 693 2
666 667 2
666 694 4
667 668 1
667 695 3
668 669 5
668 696 3
669 670 1
669 697 3
670 671 5
670 698 3
671 672 3
671 699 3
672 700 3
673 674 1
673 701 2
674 675 3
674 702 4
675 676 1
675 703 2
676 677 2
676 704 4
677 678 5
677 705 5
678 679 4
678 706 4
679 680 3
679 707 5
680 681 5
680 708 3
681 682 4
681 709 4
682 683 3
682 710 3
683 684 2
683 711 1
684 685 2
684 712 1
685 686 2
685 713 3
686 687 4
686 714 2
687 688 2
687 715 4
688 689 4
688 716 2
689 690 4
689 717 1
690 691 5
690 718 2
691 692 2
691 719 4
692 693 1
692 720 2
693 694 3
693 721 1
694 695 3
694 722 4
695 696 3
695 723 3
696 697 4
696 724 4
697 698 1
697 725 1
698 699 1
698 726 1
699 700 1
699 727 5
700 728 1
701 702 5
701 729 1
702 703 2
702 730 3
703 704 2
703 731 1
704 705 3
704 732 5
705 706 2
705 733 2
706 707 5
706 734 1
707 708 2
707 735 1
708 709 3
708 736 5
709 710 4
709 737 2
710 711 4
710 738 5
711 712 4
711 739 2
712 713 2
712 740 3
713 714 3
713 741 1
714 715 1
714 742 3
715 716 1
715 743 2
716 717 4
716 744 4
717 718 3
717 745 4
718 719 5
718 746 4
719 720 2
719 747 2
720 721 3
720 748 3
721 722 3
721 749 3
722 723 1
722 750 5
723 724 3
723 751 4
724 725 3
724 752 3
725 726 4
725 753 5
726 727 5
726 754 5
727 728 2
727 755 1
728 756 2
729 730 1
729 757 1
730 731 3
730 758 4
731 732 1
731 759 2
732 733 3
732 760 3
733 734 5
733 761 1
734 735 4
734 762 5
735 736 5
735 763 2
736 737 4
736 764 4
737 738 3
737 765 3
738 739 4
738 766 3
739 740 3
739 767 5
740 741 2
740 768 5
741 742 3
741 769 3
742 743 3
742 770 2
743 744 2
743 771 3
744 745 4
744 772 3
745 746 2
745 773 1
746 747 5
746 774 1
747 748 3
747 775 1
748 749 3
748 776 5
749 750 1
749 777 1
750 751 3
750 778 4
751 752 4
751 779 2
752 753 5
752 780 1
753 754 3
753 781 4
754 755 3
754 782 2
755 756 2
755 783 2
756 784 5
757 758 4
758 759 2
759 760 4
760 761 4
761 762 4
762 763 4
763 764 3
764 765 2
765 766 1
766 767 1
767 768 2
768 769 3
769 770 4
770 771 1
771 772 1
772 773 3
773 774 2
774 775 3
775 776 4
776 777 2
777 778 1
778 779 2
779 780 2
780 781 3
781 782 2
782 783 5
783 784 2
