400 760
1 2 2
1 21 5
2 3 5
2 22 4
3 4 3
3 23 1
4 5 5
4 24 2
5 6 5
5 25 5
6 7 3
6 26 1
7 8 1
7 27 4
8 9 3
8 28 5
9 10 2
9 29 1
10 11 1
10 30 1
11 12 3
11 31 3
12 13 1
12 32 2
13 14 4
13 33 2
14 15 5
14 34 1
15 16 1
15 35 2
16 17 4
16 36 2
17 18 4
17 37 4
18 19 2
18 38 4
19 20 1
19 39 5
20 40 4
21 22 2
21 41 1
22 23 1
22 42 2
23 24 4
23 43 1
24 25 4
24 44 4
25 26 3
25 45 1
26 27 1
26 46 1
27 28 2
27 47 5
28 29 1
28 48 3
29 30 1
29 49 3
30 31 2
30 50 2
31 32 2
31 51 3
32 33 3
32 52 1
33 34 4
33 53 2
34 35 2
34 54 5
35 36 4
35 55 1
36 37 4
36 56 5
37 38 5
37 57 2
38 39 1
38 58 1
39 40 1
39 59 4
40 60 2
41 42 4
41 61 3
42 43 1
42 62 1
43 44 3
43 63 4
44 45 3
44 64 4
45 46 3
45 65 1
46 47 4
46 66 4
47 48 5
47 67 2
48 49 5
48 68 3
49 50 5
49 69 1
50 51 3
50 70 1
51 52 4
51 71 1
52 53 5
52 72 1
53 54 1
53 73 4
54 55 3
54 74 3
55 56 5
55 75 1
56 57 5
56 76 4
57 58 1
57 77 2
58 59 4
58 78 1
59 60 1
59 79 1
60 80 1
61 62 1
61 81 5
62 63 1
62 82 1
63 64 1
63 83 2
64 65 5
64 84 5
65 66 5
65 85 3
66 67 2
66 86 5
67 68 5
67 87 2
68 69 5
68 88 1
69 70 2
69 89 1
70 71 1
70 90 1
71 72 1
71 91 1
72 73 1
72 92 1
73 74 1
73 93 5
74 75 3
74 94 4
75 76 1
75 95 3
76 77 2
76 96 1
77 78 1
77 97 4
78 79 4
78 98 3
79 80 3
79 99 2
80 100 2
81 82 3
81 101 1
82 83 1
82 102 2
83 84 5
83 103 3
84 85 2
84 104 3
85 86 4
85 105 1
86 87 4
86 106 3
87 88 3
87 107 1
88 89 4
88 108 2
89 90 4
89 109 4
90 91 2
90 110 2
91 92 5
91 111 5
92 93 4
92 112 1
93 94 5
93 113 5
94 95 4
94 114 1
95 96 4
95 115 5
96 97 1
96 116 3
97 98 3
97 117 2
98 99 3
98 118 1
99 100 4
99 119 1
100 120 2
101 102 2
101 121 3
102 103 5
102 122 3
103 104 3
103 123 1
104 105 5
104 124 1
105 106 5
105 125 3
106 107 2
106 126 3
107 108 1
107 127 1
108 109 1
108 128 1
109 110 5
109 129 2
110 111 5
110 130 1
111 112 3
111 131 3
112 113 1
112 132 2
113 114 5
113 133 5
114 115 2
114 134 3
115 116 5
115 135 5
116 117 2
116 136 3
117 118 2
117 137 2
118 119 5
118 138 1
119 120 1
119 139 1
120 140 2
121 122 5
121 141 4
122 123 4
122 142 3
123 124 2
123 143 4
124 125 1
124 144 4
125 126 2
125 145 2
126 127 3
126 146 2
127 128 2
127 147 5
128 129 2
128 148 3
129 130 3
129 149 4
130 131 3
130 150 4
131 132 2
131 151 5
132 133 4
132 152 2
133 134 5
133 153 1
134 135 5
134 154 3
135 136 3
135 155 1
136 137 5
136 156 5
137 138 4
137 157 2
138 139 3
138 158 2
139 140 5
139 159 2
140 160 5
141 142 5
141 161 3
142 143 4
142 162 2
143 144 5
143 163 1
144 145 2
144 164 4
145 146 1
145 165 3
146 147 3
146 166 4
147 148 2
147 167 3
148 149 1
148 168 3
149 150 5
149 169 4
150 151 5
150 170 5
151 152 5
151 171 3
152 153 4
152 172 2
153 154 2
153 173 3
154 155 3
154 174 2
155 156 5
155 175 2
156 157 4
156 176 5
157 158 1
157 177 4
158 159 1
158 178 2
159 160 4
159 179 5
160 180 1
161 162 1
161 181 5
162 163 1
162 182 1
163 164 4
163 183 1
164 165 5
164 184 4
165 166 1
165 185 3
166 167 2
166 186 2
167 168 1
167 187 5
168 169 4
168 188 1
169 170 3
169 189 2
170 171 3
170 190 3
171 172 1
171 191 3
172 173 4
172 192 2
173 174 2
173 193 4
174 175 2
174 194 4
175 176 2
175 195 4
176 177 3
176 196 5
177 178 1
177 197 2
178 179 1
178 198 5
179 180 1
179 199 3
180 200 1
181 182 1
181 201 4
182 183 3
182 202 2
183 184 4
183 203 5
184 185 1
184 204 5
185 186 1
185 205 4
186 187 5
186 206 2
187 188 3
187 207 3
188 189 1
188 208 5
189 190 1
189 209 5
190 191 1
190 210 4
191 192 4
191 211 2
192 193 4
192 212 2
193 194 5
193 213 1
194 195 1
194 214 1
195 196 2
195 215 4
196 197 5
196 216 3
197 198 3
197 217 4
198 199 3
198 218 2
199 200 2
199 219 4
200 220 2
201 202 2
201 221 4
202 203 2
202 222 3
203 204 4
203 223 1
204 205 1
204 224 4
205 206 2
205 225 2
206 207 1
206 226 2
207 208 1
207 227 5
208 209 4
208 228 4
209 210 5
209 229 4
210 211 2
210 230 5
211 212 5
211 231 5
212 213 4
212 232 5
213 214 4
213 233 5
214 215 4
214 234 1
215 216 4
215 235 5
216 217 2
216 236 1
217 218 2
217 237 5
218 219 5
218 238 3
219 220 3
219 239 4
220 240 5
221 222 5
221 241 1
222 223 2
222 242 5
223 224 1
223 243 2
224 225 2
224 244 2
225 226 2
225 245 3
226 227 3
226 246 2
227 228 5
227 247 2
228 229 3
228 248 3
229 230 4
229 249 2
230 231 3
230 250 4
231 232 4
231 251 2
232 233 3
232 252 3
233 234 4
233 253 3
234 235 4
234 254 2
235 236 3
235 255 1
236 237 4
236 256 4
237 238 4
237 257 1
238 239 3
238 258 4
239 240 4
239 259 4
240 260 1
241 242 1
241 261 2
242 243 1
242 262 3
243 244 2
243 263 5
244 245 2
244 264 5
245 246 1
245 265 3
246 247 5
246 266 4
247 248 5
247 267 2
248 249 1
248 268 2
249 250 4
249 269 1
250 251 1
250 270 4
251 252 1
251 271 1
252 253 4
252 272 5
253 254 2
253 273 5
254 255 5
254 274 4
255 256 4
255 275 2
256 257 2
256 276 3
257 258 4
257 277 5
258 259 2
258 278 1
259 260 1
259 279 5
260 280 4
261 262 4
261 281 2
262 263 3
262 282 1
263 264 2
263 283 5
264 265 4
264 284 3
265 266 3
265 285 2
266 267 1
266 286 1
267 268 4
267 287 4
268 269 4
268 288 1
269 270 1
269 289 4
270 271 1
270 290 3
271 272 2
271 291 3
272 273 4
272 292 3
273 274 3
273 293 5
274 275 5
274 294 1
275 276 4
275 295 4
276 277 5
276 296 3
277 278 2
277 297 4
278 279 5
278 298 5
279 280 4
279 299 4
280 300 1
281 282 4
281 301 1
282 283 4
282 302 3
283 284 1
283 303 5
284 285 3
284 304 4
285 286 2
285 305 2
286 287 5
286 306 3
287 288 4
287 307 5
288 289 4
288 308 3
289 290 3
289 309 1
290 291 1
290 310 3
291 292 4
291 311 1
292 293 5
292 312 2
293 294 3
293 313 5
294 295 5
294 314 4
295 296 1
295 315 3
296 297 1
296 316 5
297 298 1
297 317 3
298 299 3
298 318 4
299 300 2
299 319 4
300 320 1
301 302 3
301 321 5
302 303 1
302 322 1
303 304 2
303 323 2
304 305 5
304 324 3
305 306 2
305 325 2
306 307 4
306 326 3
307 308 4
307 327 5
308 309 1
308 328 5
309 310 2
309 329 4
310 311 5
310 330 2
311 312 4
311 331 2
312 313 5
312 332 4
313 314 1
313 333 5
314 315 4
314 334 1
315 316 3
315 335 5
316 317 1
316 336 1
317 318 2
317 337 4
318 319 1
318 338 5
319 320 3
319 339 4
320 340 1
321 322 2
321 341 4
322 323 1
322 342 3
323 324 1
323 343 1
324 325 5
324 344 1
325 326 3
325 345 5
326 327 4
326 346 1
327 328 2
327 347 1
328 329 1
328 348 1
329 330 4
329 349 4
330 331 5
330 350 1
331 332 2
331 351 3
332 333 5
332 352 1
333 334 5
333 353 2
334 335 2
334 354 4
335 336 5
335 355 1
336 337 4
336 356 3
337 338 2
337 357 1
338 339 3
338 358 4
339 340 5
339 359 4
340 360 1
341 342 1
341 361 3
342 343 3
342 362 2
343 344 1
343 363 3
344 345 1
344 364 3
345 346 4
345 365 5
346 347 5
346 366 5
347 348 1
347 367 1
348 349 3
348 368 2
349 350 3
349 369 3
350 351 4
350 370 2
351 352 1
351 371 4
352 353 3
352 372 4
353 354 3
353 373 4
354 355 5
354 374 1
355 356 1
355 375 1
356 357 1
356 376 4
357 358 1
357 377 4
358 359 4
358 378 3
359 360 5
359 379 1
360 380 4
361 362 2
361 381 1
362 363 3
362 382 2
363 364 2
363 383 3
364 365 3
364 384 4
365 366 4
365 385 5
366 367 1
366 386 1
367 368 1
367 387 4
368 369 3
368 388 2
369 370 1
369 389 5
370 371 2
370 390 4
371 372 5
371 391 3
372 373 5
372 392 3
373 374 3
373 393 4
374 375 5
374 394 3
375 376 1
375 395 5
376 377 2
376 396 3
377 378 4
377 397 4
378 379 3
378 398 5
379 380 4
379 399 2
380 400 2
381 382 4
382 383 1
383 384 1
384 385 5
385 386 1
386 387 4
387 388 4
388 389 3
389 390 2
390 391 5
391 392 1
392 393 4
393 394 1
394 395 3
395 396 1
396 397 4
397 398 1
398 399 1
399 400 5
