1600 3120
1 2 5
1 41 2
2 3 3
2 42 3
3 4 5
3 43 5
4 5 4
4 44 1
5 6 1
5 45 2
6 7 4
6 46 2
7 8 1
7 47 2
8 9 2
8 48 3
9 10 4
9 49 2
10 11 3
10 50 4
11 12 2
11 51 1
12 13 2
12 52 2
13 14 2
13 53 4
14 15 1
14 54 2
15 16 3
15 55 5
16 17 1
16 56 5
17 18 4
17 57 1
18 19 2
18 58 3
19 20 5
19 59 3
20 21 2
20 60 5
21 22 3
21 61 3
22 23 2
22 62 3
23 24 3
23 63 4
24 25 4
24 64 4
25 26 1
25 65 1
26 27 3
26 66 3
27 28 2
27 67 5
28 29 1
28 68 2
29 30 3
29 69 3
30 31 2
30 70 4
31 32 1
31 71 2
32 33 1
32 72 4
33 34 5
33 73 4
34 35 2
34 74 1
35 36 2
35 75 1
36 37 3
36 76 4
37 38 5
37 77 1
38 39 2
38 78 4
39 40 5
39 79 2
40 80 3
41 42 2
41 81 3
42 43 1
42 82 3
43 44 3
43 83 2
44 45 1
44 84 4
45 46 1
45 85 4
46 47 1
46 86 1
47 48 1
47 87 5
48 49 3
48 88 3
49 50 2
49 89 2
50 51 2
50 90 2
51 52 5
51 91 1
52 53 1
52 92 5
53 54 1
53 93 1
54 55 5
54 94 5
55 56 2
55 95 1
56 57 5
56 96 2
57 58 4
57 97 4
58 59 4
58 98 5
59 60 4
59 99 4
60 61 4
60 100 4
61 62 5
61 101 1
62 63 1
62 102 5
63 64 2
63 103 3
64 65 5
64 104 5
65 66 4
65 105 5
66 67 1
66 106 5
67 68 3
67 107 2
68 69 3
68 108 3
69 70 4
69 109 4
70 71 5
70 110 1
71 72 2
71 111 2
72 73 2
72 112 3
73 74 1
73 113 5
74 75 5
74 114 5
75 76 4
75 115 1
76 77 1
76 116 1
77 78 3
77 117 2
78 79 1
78 118 5
79 80 5
79 119 1
80 120 1
81 82 3
81 121 5
82 83 1
82 122 5
83 84 4
83 123 2
84 85 2
84 124 3
85 86 4
85 125 1
86 87 2
86 126 3
87 88 4
87 127 5
88 89 3
88 128 1
89 90 1
89 129 1
90 91 5
90 130 5
91 92 3
91 131 2
92 93 4
92 132 1
93 94 4
93 133 5
94 95 1
94 134 5
95 96 3
95 135 5
96 97 1
96 136 5
97 98 1
97 137 5
98 99 2
98 138 5
99 100 3
99 139 1
100 101 5
100 140 2
101 102 4
101 141 5
102 103 1
102 142 2
103 104 2
103 143 1
104 105 5
104 144 1
105 106 1
105 145 4
106 107 3
106 146 3
107 108 1
107 147 3
108 109 1
108 148 2
109 110 3
109 149 4
110 111 4
110 150 5
111 112 4
111 151 3
112 113 1
112 152 3
113 114 5
113 153 4
114 115 4
114 154 3
115 116 1
115 155 2
116 117 2
116 156 3
117 118 4
117 157 2
118 119 5
118 158 4
119 120 2
119 159 1
120 160 1
121 122 4
121 161 5
122 123 5
122 162 4
123 124 5
123 163 4
124 125 3
124 164 1
125 126 2
125 165 1
126 127 5
126 166 3
127 128 1
127 167 3
128 129 3
128 168 3
129 130 1
129 169 3
130 131 2
130 170 1
131 132 3
131 171 3
132 133 2
132 172 4
133 134 2
133 173 1
134 135 1
134 174 1
135 136 3
135 175 3
136 137 5
136 176 2
137 138 5
137 177 5
138 139 4
138 178 2
139 140 1
139 179 5
140 141 5
140 180 2
141 142 3
141 181 2
142 143 5
142 182 3
143 144 1
143 183 3
144 145 4
144 184 4
145 146 1
145 185 3
146 147 5
146 186 4
147 148 2
147 187 1
148 149 3
148 188 2
149 150 1
149 189 2
150 151 3
150 190 3
151 152 2
151 191 2
152 153 3
152 192 2
153 154 1
153 193 5
154 155 5
154 194 1
155 156 5
155 195 5
156 157 4
156 196 1
157 158 4
157 197 1
158 159 2
158 198 1
159 160 5
159 199 3
160 200 2
161 162 1
161 201 5
162 163 5
162 202 4
163 164 1
163 203 4
164 165 4
164 204 5
165 166 4
165 205 4
166 167 1
166 206 2
167 168 4
167 207 4
168 169 2
168 208 2
169 170 5
169 209 4
170 171 5
170 210 3
171 172 4
171 211 5
172 173 4
172 212 2
173 174 2
173 213 2
174 175 1
174 214 1
175 176 2
175 215 1
176 177 5
176 216 1
177 178 2
177 217 2
178 179 3
178 218 1
179 180 2
179 219 1
180 181 3
180 220 3
181 182 4
181 221 1
182 183 4
182 222 3
183 184 2
183 223 2
184 185 2
184 224 4
185 186 5
185 225 3
186 187 1
186 226 2
187 188 2
187 227 3
188 189 1
188 228 2
189 190 4
189 229 5
190 191 4
190 230 2
191 192 1
191 231 3
192 193 2
192 232 1
193 194 4
193 233 1
194 195 3
194 234 1
195 196 3
195 235 2
196 197 5
196 236 3
197 198 3
197 237 2
198 199 1
198 238 4
199 200 3
199 239 1
200 240 2
201 202 3
201 241 3
202 203 1
202 242 3
203 204 4
203 243 3
204 205 1
204 244 5
205 206 1
205 245 1
206 207 2
206 246 1
207 208 5
207 247 1
208 209 1
208 248 1
209 210 5
209 249 2
210 211 5
210 250 5
211 212 4
211 251 5
212 213 4
212 252 4
213 214 3
213 253 3
214 215 2
214 254 3
215 216 3
215 255 5
216 217 3
216 256 5
217 218 3
217 257 4
218 219 3
218 258 2
219 220 3
219 259 3
220 221 5
220 260 4
221 222 5
221 261 1
222 223 4
222 262 5
223 224 3
223 263 5
224 225 5
224 264 2
225 226 1
225 265 1
226 227 1
226 266 1
227 228 4
227 267 2
228 229 5
228 268 5
229 230 5
229 269 5
230 231 4
230 270 1
231 232 1
231 271 4
232 233 5
232 272 3
233 234 5
233 273 5
234 235 1
234 274 1
235 236 3
235 275 2
236 237 2
236 276 1
237 238 4
237 277 3
238 239 1
238 278 5
239 240 5
239 279 2
240 280 3
241 242 2
241 281 3
242 243 3
242 282 4
243 244 5
243 283 5
244 245 3
244 284 4
245 246 4
245 285 1
246 247 2
246 286 4
247 248 3
247 287 2
248 249 3
248 288 3
249 250 2
249 289 1
250 251 2
250 290 3
251 252 5
251 291 5
252 253 1
252 292 3
253 254 2
253 293 4
254 255 5
254 294 4
255 256 2
255 295 1
256 257 3
256 296 4
257 258 3
257 297 5
258 259 4
258 298 5
259 260 5
259 299 4
260 261 4
260 300 3
261 262 5
261 301 2
262 263 4
262 302 5
263 264 1
263 303 4
264 265 3
264 304 4
265 266 3
265 305 3
266 267 5
266 306 3
267 268 4
267 307 4
268 269 1
268 308 5
269 270 5
269 309 2
270 271 5
270 310 5
271 272 3
271 311 5
272 273 1
272 312 5
273 274 3
273 313 1
274 275 2
274 314 1
275 276 1
275 315 5
276 277 3
276 316 4
277 278 5
277 317 5
278 279 4
278 318 2
279 280 5
279 319 3
280 320 5
281 282 5
281 321 1
282 283 3
282 322 1
283 284 3
283 323 2
284 285 4
284 324 1
285 286 2
285 325 5
286 287 1
286 326 5
287 288 5
287 327 1
288 289 5
288 328 5
289 290 4
289 329 4
290 291 3
290 330 5
291 292 4
291 331 4
292 293 4
292 332 2
293 294 3
293 333 5
294 295 2
294 334 3
295 296 3
295 335 1
296 297 1
296 336 3
297 298 3
297 337 5
298 299 5
298 338 3
299 300 5
299 339 3
300 301 5
300 340 5
301 302 4
301 341 2
302 303 4
302 342 3
303 304 3
303 343 1
304 305 1
304 344 3
305 306 3
305 345 3
306 307 5
306 346 3
307 308 1
307 347 1
308 309 1
308 348 3
309 310 4
309 349 3
310 311 1
310 350 5
311 312 3
311 351 2
312 313 1
312 352 5
313 314 3
313 353 1
314 315 2
314 354 1
315 316 1
315 355 4
316 317 1
316 356 2
317 318 4
317 357 1
318 319 5
318 358 4
319 320 2
319 359 2
320 360 1
321 322 2
321 361 3
322 323 2
322 362 2
323 324 4
323 363 5
324 325 4
324 364 4
325 326 3
325 365 1
326 327 5
326 366 3
327 328 5
327 367 5
328 329 4
328 368 1
329 330 1
329 369 2
330 331 4
330 370 2
331 332 1
331 371 2
332 333 3
332 372 3
333 334 2
333 373 4
334 335 4
334 374 5
335 336 2
335 375 5
336 337 3
336 376 2
337 338 5
337 377 3
338 339 2
338 378 1
339 340 3
339 379 2
340 341 5
340 380 2
341 342 5
341 381 3
342 343 2
342 382 5
343 344 1
343 383 3
344 345 3
344 384 4
345 346 1
345 385 3
346 347 2
346 386 3
347 348 1
347 387 5
348 349 4
348 388 3
349 350 5
349 389 1
350 351 2
350 390 4
351 352 5
351 391 2
352 353 3
352 392 5
353 354 4
353 393 1
354 355 4
354 394 3
355 356 5
355 395 5
356 357 3
356 396 2
357 358 3
357 397 1
358 359 3
358 398 3
359 360 2
359 399 1
360 400 5
361 362 4
361 401 3
362 363 5
362 402 3
363 364 1
363 403 5
364 365 3
364 404 2
365 366 4
365 405 5
366 367 4
366 406 1
367 368 4
367 407 2
368 369 2
368 408 4
369 370 4
369 409 3
370 371 4
370 410 4
371 372 3
371 411 2
372 373 1
372 412 4
373 374 2
373 413 1
374 375 3
374 414 3
375 376 2
375 415 3
376 377 3
376 416 2
377 378 2
377 417 2
378 379 3
378 418 5
379 380 3
379 419 1
380 381 3
380 420 4
381 382 1
381 421 5
382 383 2
382 422 5
383 384 5
383 423 1
384 385 4
384 424 4
385 386 5
385 425 2
386 387 1
386 426 2
387 388 5
387 427 2
388 389 5
388 428 5
389 390 5
389 429 4
390 391 4
390 430 4
391 392 5
391 431 4
392 393 5
392 432 3
393 394 1
393 433 4
394 395 4
394 434 1
395 396 4
395 435 2
396 397 5
396 436 3
397 398 4
397 437 3
398 399 5
398 438 1
399 400 5
399 439 1
400 440 4
401 402 1
401 441 2
402 403 1
402 442 5
403 404 3
403 443 2
404 405 3
404 444 3
405 406 2
405 445 3
406 407 4
406 446 4
407 408 5
407 447 2
408 409 3
408 448 3
409 410 1
409 449 5
410 411 4
410 450 1
411 412 4
411 451 4
412 413 4
412 452 3
413 414 1
413 453 4
414 415 2
414 454 2
415 416 5
415 455 3
416 417 1
416 456 2
417 418 5
417 457 4
418 419 2
418 458 5
419 420 4
419 459 4
420 421 1
420 460 3
421 422 3
421 461 4
422 423 2
422 462 5
423 424 4
423 463 5
424 425 5
424 464 3
425 426 3
425 465 5
426 427 4
426 466 1
427 428 1
427 467 1
428 429 4
428 468 1
429 430 1
429 469 5
430 431 3
430 470 5
431 432 2
431 471 5
432 433 3
432 472 1
433 434 2
433 473 2
434 435 4
434 474 3
435 436 5
435 475 4
436 437 2
436 476 1
437 438 3
437 477 1
438 439 3
438 478 3
439 440 2
439 479 2
440 480 2
441 442 4
441 481 4
442 443 4
442 482 3
443 444 1
443 483 1
444 445 4
444 484 3
445 446 5
445 485 1
446 447 1
446 486 2
447 448 2
447 487 4
448 449 5
448 488 2
449 450 1
449 489 4
450 451 3
450 490 1
451 452 3
451 491 4
452 453 5
452 492 5
453 454 3
453 493 2
454 455 3
454 494 4
455 456 4
455 495 2
456 457 1
456 496 3
457 458 4
457 497 2
458 459 4
458 498 1
459 460 5
459 499 2
460 461 3
460 500 1
461 462 1
461 501 2
462 463 4
462 502 2
463 464 1
463 503 3
464 465 3
464 504 2
465 466 4
465 505 3
466 467 2
466 506 4
467 468 2
467 507 2
468 469 4
468 508 5
469 470 3
469 509 1
470 471 5
470 510 5
471 472 1
471 511 5
472 473 1
472 512 4
473 474 4
473 513 1
474 475 5
474 514 1
475 476 1
475 515 4
476 477 3
476 516 1
477 478 1
477 517 2
478 479 1
478 518 4
479 480 5
479 519 3
480 520 3
481 482 5
481 521 5
482 483 4
482 522 3
483 484 1
483 523 4
484 485 1
484 524 5
485 486 2
485 525 5
486 487 1
486 526 5
487 488 4
487 527 1
488 489 1
488 528 2
489 490 5
489 529 4
490 491 1
490 530 5
491 492 2
491 531 2
492 493 5
492 532 3
493 494 1
493 533 1
494 495 2
494 534 3
495 496 3
495 535 5
496 497 5
496 536 2
497 498 3
497 537 2
498 499 5
498 538 5
499 500 2
499 539 4
500 501 5
500 540 3
501 502 2
501 541 5
502 503 3
502 542 1
503 504 4
503 543 1
504 505 1
504 544 1
505 506 5
505 545 5
506 507 2
506 546 5
507 508 5
507 547 5
508 509 5
508 548 2
509 510 3
509 549 1
510 511 4
510 550 1
511 512 3
511 551 5
512 513 5
512 552 1
513 514 4
513 553 3
514 515 4
514 554 5
515 516 3
515 555 5
516 517 2
516 556 1
517 518 5
517 557 2
518 519 4
518 558 3
519 520 2
519 559 1
520 560 5
521 522 3
521 561 4
522 523 1
522 562 2
523 524 2
523 563 4
524 525 5
524 564 3
525 526 1
525 565 4
526 527 3
526 566 1
527 528 5
527 567 2
528 529 1
528 568 2
529 530 1
529 569 3
530 531 1
530 570 1
531 532 4
531 571 3
532 533 1
532 572 5
533 534 1
533 573 2
534 535 4
534 574 1
535 536 4
535 575 1
536 537 1
536 576 3
537 538 2
537 577 4
538 539 2
538 578 5
539 540 3
539 579 4
540 541 2
540 580 5
541 542 2
541 581 1
542 543 5
542 582 5
543 544 5
543 583 1
544 545 4
544 584 1
545 546 3
545 585 1
546 547 2
546 586 3
547 548 2
547 587 2
548 549 1
548 588 5
549 550 5
549 589 3
550 551 5
550 590 3
551 552 4
551 591 4
552 553 4
552 592 3
553 554 1
553 593 4
554 555 5
554 594 2
555 556 3
555 595 5
556 557 2
556 596 1
557 558 1
557 597 2
558 559 2
558 598 1
559 560 5
559 599 3
560 600 1
561 562 3
561 601 5
562 563 4
562 602 1
563 564 5
563 603 1
564 565 1
564 604 2
565 566 4
565 605 5
566 567 2
566 606 5
567 568 5
567 607 4
568 569 1
568 608 3
569 570 4
569 609 2
570 571 3
570 610 5
571 572 3
571 611 5
572 573 2
572 612 3
573 574 2
573 613 2
574 575 3
574 614 5
575 576 1
575 615 2
576 577 1
576 616 2
577 578 2
577 617 5
578 579 1
578 618 2
579 580 3
579 619 1
580 581 2
580 620 5
581 582 3
581 621 1
582 583 1
582 622 2
583 584 2
583 623 1
584 585 4
584 624 1
585 586 5
585 625 2
586 587 5
586 626 2
587 588 3
587 627 3
588 589 1
588 628 2
589 590 2
589 629 1
590 591 4
590 630 1
591 592 5
591 631 1
592 593 1
592 632 5
593 594 3
593 633 5
594 595 2
594 634 3
595 596 5
595 635 2
596 597 5
596 636 4
597 598 5
597 637 5
598 599 5
598 638 1
599 600 3
599 639 5
600 640 3
601 602 1
601 641 4
602 603 3
602 642 3
603 604 2
603 643 4
604 605 1
604 644 1
605 606 2
605 645 5
606 607 2
606 646 3
607 608 2
607 647 1
608 609 4
608 648 1
609 610 3
609 649 1
610 611 4
610 650 5
611 612 1
611 651 5
612 613 2
612 652 2
613 614 1
613 653 3
614 615 5
614 654 3
615 616 1
615 655 2
616 617 5
616 656 2
617 618 5
617 657 1
618 619 2
618 658 4
619 620 1
619 659 1
620 621 5
620 660 5
621 622 3
621 661 1
622 623 2
622 662 3
623 624 2
623 663 1
624 625 1
624 664 5
625 626 5
625 665 3
626 627 3
626 666 5
627 628 1
627 667 3
628 629 2
628 668 1
629 630 5
629 669 2
630 631 2
630 670 3
631 632 1
631 671 3
632 633 4
632 672 5
633 634 2
633 673 3
634 635 4
634 674 3
635 636 3
635 675 3
636 637 5
636 676 3
637 638 4
637 677 1
638 639 4
638 678 2
639 640 2
639 679 1
640 680 4
641 642 5
641 681 3
642 643 2
642 682 2
643 644 2
643 683 5
644 645 5
644 684 5
645 646 2
645 685 5
646 647 2
646 686 3
647 648 1
647 687 2
648 649 1
648 688 4
649 650 1
649 689 4
650 651 2
650 690 5
651 652 3
651 691 3
652 653 4
652 692 1
653 654 2
653 693 2
654 655 5
654 694 4
655 656 4
655 695 2
656 657 4
656 696 5
657 658 2
657 697 1
658 659 3
658 698 3
659 660 2
659 699 2
660 661 5
660 700 2
661 662 1
661 701 5
662 663 2
662 702 3
663 664 3
663 703 3
664 665 2
664 704 4
665 666 1
665 705 5
666 667 5
666 706 5
667 668 1
667 707 5
668 669 1
668 708 1
669 670 4
669 709 1
670 671 2
670 710 1
671 672 1
671 711 5
672 673 1
672 712 4
673 674 4
673 713 4
674 675 4
674 714 1
675 676 3
675 715 1
676 677 2
676 716 1
677 678 3
677 717 3
678 679 3
678 718 3
679 680 3
679 719 4
680 720 2
681 682 5
681 721 5
682 683 1
682 722 1
683 684 5
683 723 5
684 685 5
684 724 1
685 686 1
685 725 1
686 687 5
686 726 5
687 688 2
687 727 1
688 689 3
688 728 1
689 690 4
689 729 2
690 691 2
690 730 2
691 692 1
691 731 4
692 693 5
692 732 4
693 694 4
693 733 4
694 695 1
694 734 5
695 696 1
695 735 4
696 697 5
696 736 1
697 698 3
697 737 2
698 699 4
698 738 4
699 700 1
699 739 4
700 701 5
700 740 4
701 702 5
701 741 5
702 703 2
702 742 4
703 704 1
703 743 3
704 705 3
704 744 4
705 706 4
705 745 4
706 707 1
706 746 1
707 708 5
707 747 4
708 709 1
708 748 3
709 710 5
709 749 4
710 711 1
710 750 5
711 712 2
711 751 1
712 713 2
712 752 3
713 714 1
713 753 1
714 715 1
714 754 3
715 716 2
715 755 2
716 717 4
716 756 2
717 718 3
717 757 2
718 719 2
718 758 1
719 720 1
719 759 2
720 760 3
721 722 5
721 761 2
722 723 2
722 762 1
723 724 2
723 763 5
724 725 5
724 764 5
725 726 3
725 765 5
726 727 2
726 766 3
727 728 2
727 767 1
728 729 2
728 768 5
729 730 5
729 769 4
730 731 3
730 770 3
731 732 2
731 771 5
732 733 4
732 772 3
733 734 5
733 773 5
734 735 3
734 774 2
735 736 5
735 775 2
736 737 3
736 776 4
737 738 1
737 777 1
738 739 4
738 778 5
739 740 1
739 779 2
740 741 5
740 780 5
741 742 2
741 781 4
742 743 3
742 782 4
743 744 1
743 783 4
744 745 4
744 784 4
745 746 2
745 785 2
746 747 3
746 786 1
747 748 2
747 787 3
748 749 4
748 788 3
749 750 1
749 789 2
750 751 3
750 790 4
751 752 4
751 791 3
752 753 5
752 792 3
753 754 3
753 793 4
754 755 3
754 794 3
755 756 2
755 795 3
756 757 4
756 796 4
757 758 2
757 797 3
758 759 3
758 798 2
759 760 2
759 799 4
760 800 4
761 762 2
761 801 2
762 763 1
762 802 3
763 764 4
763 803 2
764 765 1
764 804 5
765 766 2
765 805 1
766 767 2
766 806 3
767 768 2
767 807 4
768 769 4
768 808 5
769 770 1
769 809 1
770 771 4
770 810 1
771 772 5
771 811 3
772 773 3
772 812 2
773 774 2
773 813 2
774 775 2
774 814 2
775 776 4
775 815 3
776 777 2
776 816 4
777 778 4
777 817 2
778 779 5
778 818 5
779 780 3
779 819 1
780 781 1
780 820 2
781 782 4
781 821 4
782 783 2
782 822 2
783 784 2
783 823 2
784 785 3
784 824 5
785 786 3
785 825 2
786 787 2
786 826 1
787 788 5
787 827 3
788 789 4
788 828 5
789 790 3
789 829 3
790 791 5
790 830 2
791 792 1
791 831 1
792 793 5
792 832 3
793 794 2
793 833 3
794 795 2
794 834 2
795 796 1
795 835 1
796 797 2
796 836 5
797 798 5
797 837 3
798 799 4
798 838 1
799 800 3
799 839 4
800 840 4
801 802 4
801 841 3
802 803 1
802 842 1
803 804 2
803 843 3
804 805 2
804 844 2
805 806 1
805 845 3
806 807 4
806 846 2
807 808 5
807 847 4
808 809 4
808 848 3
809 810 3
809 849 1
810 811 2
810 850 3
811 812 3
811 851 3
812 813 4
812 852 2
813 814 4
813 853 2
814 815 2
814 854 1
815 816 5
815 855 1
816 817 4
816 856 5
817 818 2
817 857 3
818 819 2
818 858 4
819 820 4
819 859 4
820 821 2
820 860 5
821 822 3
821 861 4
822 823 2
822 862 2
823 824 3
823 863 4
824 825 3
824 864 5
825 826 4
825 865 3
826 827 5
826 866 1
827 828 2
827 867 2
828 829 4
828 868 4
829 830 4
829 869 3
830 831 5
830 870 4
831 832 2
831 871 2
832 833 2
832 872 5
833 834 2
833 873 2
834 835 3
834 874 5
835 836 2
835 875 1
836 837 3
836 876 5
837 838 3
837 877 2
838 839 2
838 878 2
839 840 5
839 879 1
840 880 5
841 842 5
841 881 3
842 843 3
842 882 3
843 844 5
843 883 5
844 845 2
844 884 5
845 846 4
845 885 2
846 847 1
846 886 2
847 848 5
847 887 3
848 849 5
848 888 1
849 850 2
849 889 3
850 851 2
850 890 4
851 852 1
851 891 1
852 853 5
852 892 4
853 854 3
853 893 4
854 855 3
854 894 2
855 856 5
855 895 5
856 857 2
856 896 4
857 858 5
857 897 4
858 859 3
858 898 2
859 860 2
859 899 5
860 861 2
860 900 1
861 862 3
861 901 4
862 863 3
862 902 4
863 864 2
863 903 5
864 865 2
864 904 2
865 866 2
865 905 2
866 867 1
866 906 1
867 868 4
867 907 5
868 869 4
868 908 3
869 870 2
869 909 5
870 871 3
870 910 3
871 872 5
871 911 1
872 873 4
872 912 3
873 874 5
873 913 3
874 875 2
874 914 4
875 876 1
875 915 1
876 877 4
876 916 1
877 878 3
877 917 3
878 879 2
878 918 1
879 880 3
879 919 4
880 920 2
881 882 2
881 921 3
882 883 4
882 922 1
883 884 1
883 923 2
884 885 4
884 924 1
885 886 5
885 925 5
886 887 3
886 926 3
887 888 3
887 927 4
888 889 3
888 928 5
889 890 5
889 929 4
890 891 1
890 930 4
891 892 3
891 931 4
892 893 3
892 932 4
893 894 2
893 933 1
894 895 5
894 934 4
895 896 5
895 935 3
896 897 1
896 936 2
897 898 2
897 937 3
898 899 2
898 938 1
899 900 4
899 939 1
900 901 1
900 940 2
901 902 3
901 941 2
902 903 2
902 942 5
903 904 3
903 943 1
904 905 1
904 944 3
905 906 5
905 945 4
906 907 1
906 946 4
907 908 2
907 947 3
908 909 4
908 948 2
909 910 1
909 949 1
910 911 2
910 950 4
911 912 4
911 951 4
912 913 3
912 952 1
913 914 5
913 953 2
914 915 1
914 954 3
915 916 4
915 955 3
916 917 4
916 956 4
917 918 2
917 957 2
918 919 2
918 958 1
919 920 4
919 959 3
920 960 1
921 922 2
921 961 4
922 923 3
922 962 1
923 924 3
923 963 4
924 925 1
924 964 3
925 926 1
925 965 2
926 927 2
926 966 3
927 928 1
927 967 2
928 929 3
928 968 3
929 930 4
929 969 2
930 931 5
930 970 5
931 932 2
931 971 5
932 933 4
932 972 3
933 934 2
933 973 4
934 935 4
934 974 4
935 936 1
935 975 3
936 937 2
936 976 3
937 938 4
937 977 1
938 939 4
938 978 5
939 940 4
939 979 1
940 941 2
940 980 2
941 942 3
941 981 2
942 943 3
942 982 4
943 944 2
943 983 1
944 945 2
944 984 4
945 946 2
945 985 3
946 947 1
946 986 1
947 948 1
947 987 3
948 949 1
948 988 4
949 950 2
949 989 2
950 951 3
950 990 3
951 952 3
951 991 1
952 953 4
952 992 1
953 954 2
953 993 4
954 955 2
954 994 2
955 956 4
955 995 2
956 957 2
956 996 3
957 958 5
957 997 2
958 959 5
958 998 3
959 960 1
959 999 4
960 1000 2
961 962 2
961 1001 1
962 963 3
962 1002 5
963 964 4
963 1003 5
964 965 2
964 1004 1
965 966 5
965 1005 1
966 967 4
966 1006 2
967 968 3
967 1007 5
968 969 5
968 1008 4
969 970 3
969 1009 2
970 971 2
970 1010 1
971 972 3
971 1011 5
972 973 4
972 1012 1
973 974 2
973 1013 4
974 975 1
974 1014 5
975 976 4
975 1015 1
976 977 3
976 1016 2
977 978 3
977 1017 2
978 979 1
978 1018 3
979 980 5
979 1019 2
980 981 2
980 1020 1
981 982 5
981 1021 1
982 983 1
982 1022 2
983 984 2
983 1023 1
984 985 3
984 1024 4
985 986 5
985 1025 5
986 987 2
986 1026 4
987 988 5
987 1027 4
988 989 5
988 1028 1
989 990 5
989 1029 1
990 991 1
990 1030 1
991 992 3
991 1031 4
992 993 2
992 1032 5
993 994 4
993 1033 1
994 995 2
994 1034 1
995 996 5
995 1035 1
996 997 1
996 1036 1
997 998 2
997 1037 4
998 999 1
998 1038 2
999 1000 1
999 1039 5
1000 1040 2
1001 1002 3
1001 1041 5
1002 1003 2
1002 1042 5
1003 1004 2
1003 1043 4
1004 1005 1
1004 1044 1
1005 1006 5
1005 1045 2
1006 1007 3
1006 1046 4
1007 1008 1
1007 1047 3
1008 1009 1
1008 1048 4
1009 1010 1
1009 1049 2
1010 1011 4
1010 1050 2
1011 1012 5
1011 1051 1
1012 1013 3
1012 1052 4
1013 1014 3
1013 1053 5
1014 1015 2
1014 1054 5
1015 1016 5
1015 1055 3
1016 1017 2
1016 1056 3
1017 1018 4
1017 1057 5
1018 1019 3
1018 1058 2
1019 1020 5
1019 1059 1
1020 1021 3
1020 1060 2
1021 1022 4
1021 1061 1
1022 1023 2
1022 1062 4
1023 1024 5
1023 1063 4
1024 1025 1
1024 1064 5
1025 1026 2
1025 1065 1
1026 1027 5
1026 1066 2
1027 1028 3
1027 1067 4
1028 1029 5
1028 1068 1
1029 1030 3
1029 1069 3
1030 1031 3
1030 1070 3
1031 1032 2
1031 1071 2
1032 1033 3
1032 1072 4
1033 1034 5
1033 1073 3
1034 1035 5
1034 1074 4
1035 1036 2
1035 1075 1
1036 1037 1
1036 1076 4
1037 1038 5
1037 1077 4
1038 1039 4
1038 1078 4
1039 1040 5
1039 1079 2
1040 1080 3
1041 1042 3
1041 1081 4
1042 1043 5
1042 1082 2
1043 1044 2
1043 1083 5
1044 1045 5
1044 1084 5
1045 1046 2
1045 1085 1
1046 1047 5
1046 1086 1
1047 1048 5
1047 1087 2
1048 1049 5
1048 1088 5
1049 1050 4
1049 1089 5
1050 1051 4
1050 1090 2
1051 1052 5
1051 1091 5
1052 1053 3
1052 1092 3
1053 1054 1
1053 1093 1
1054 1055 5
1054 1094 5
1055 1056 1
1055 1095 4
1056 1057 5
1056 1096 1
1057 1058 1
1057 1097 4
1058 1059 4
1058 1098 1
1059 1060 3
1059 1099 2
1060 1061 2
1060 1100 2
1061 1062 5
1061 1101 4
1062 1063 3
1062 1102 2
1063 1064 3
1063 1103 1
1064 1065 4
1064 1104 3
1065 1066 4
1065 1105 1
1066 1067 5
1066 1106 4
1067 1068 4
1067 1107 1
1068 1069 4
1068 1108 2
1069 1070 1
1069 1109 2
1070 1071 1
1070 1110 3
1071 1072 3
1071 1111 4
1072 1073 2
1072 1112 4
1073 1074 1
1073 1113 4
1074 1075 1
1074 1114 5
1075 1076 2
1075 1115 2
1076 1077 5
1076 1116 4
1077 1078 2
1077 1117 5
1078 1079 1
1078 1118 5
1079 1080 3
1079 1119 1
1080 1120 1
1081 1082 4
1081 1121 3
1082 1083 5
1082 1122 2
1083 1084 5
1083 1123 5
1084 1085 5
1084 1124 3
1085 1086 1
1085 1125 5
1086 1087 1
1086 1126 4
1087 1088 5
1087 1127 2
1088 1089 3
1088 1128 3
1089 1090 5
1089 1129 1
1090 1091 1
1090 1130 2
1091 1092 4
1091 1131 1
1092 1093 5
1092 1132 4
1093 1094 5
1093 1133 1
1094 1095 3
1094 1134 3
1095 1096 4
1095 1135 5
1096 1097 3
1096 1136 4
1097 1098 1
1097 1137 2
1098 1099 5
1098 1138 5
1099 1100 4
1099 1139 1
1100 1101 4
1100 1140 4
1101 1102 3
1101 1141 3
1102 1103 4
1102 1142 5
1103 1104 1
1103 1143 4
1104 1105 3
1104 1144 4
1105 1106 2
1105 1145 4
1106 1107 3
1106 1146 5
1107 1108 5
1107 1147 3
1108 1109 2
1108 1148 1
1109 1110 5
1109 1149 5
1110 1111 4
1110 1150 1
1111 1112 1
1111 1151 5
1112 1113 3
1112 1152 1
1113 1114 3
1113 1153 2
1114 1115 1
1114 1154 1
1115 1116 1
1115 1155 5
1116 1117 5
1116 1156 1
1117 1118 1
1117 1157 4
1118 1119 5
1118 1158 2
1119 1120 2
1119 1159 4
1120 1160 1
1121 1122 4
1121 1161 5
1122 1123 5
1122 1162 5
1123 1124 1
1123 1163 5
1124 1125 4
1124 1164 4
1125 1126 3
1125 1165 3
1126 1127 3
1126 1166 5
1127 1128 1
1127 1167 1
1128 1129 2
1128 1168 3
1129 1130 2
1129 1169 4
1130 1131 1
1130 1170 2
1131 1132 1
1131 1171 3
1132 1133 4
1132 1172 1
1133 1134 2
1133 1173 3
1134 1135 3
1134 1174 5
1135 1136 4
1135 1175 1
1136 1137 1
1136 1176 5
1137 1138 1
1137 1177 1
1138 1139 4
1138 1178 5
1139 1140 1
1139 1179 2
1140 1141 5
1140 1180 2
1141 1142 1
1141 1181 3
1142 1143 2
1142 1182 4
1143 1144 2
1143 1183 5
1144 1145 3
1144 1184 4
1145 1146 4
1145 1185 1
1146 1147 2
1146 1186 1
1147 1148 1
1147 1187 5
1148 1149 2
1148 1188 2
1149 1150 3
1149 1189 3
1150 1151 4
1150 1190 1
1151 1152 2
1151 1191 5
1152 1153 2
1152 1192 3
1153 1154 4
1153 1193 2
1154 1155 1
1154 1194 2
1155 1156 2
1155 1195 3
1156 1157 4
1156 1196 5
1157 1158 3
1157 1197 5
1158 1159 5
1158 1198 2
1159 1160 3
1159 1199 1
1160 1200 1
1161 1162 4
1161 1201 4
1162 1163 3
1162 1202 2
1163 1164 5
1163 1203 5
1164 1165 3
1164 1204 5
1165 1166 4
1165 1205 4
1166 1167 2
1166 1206 4
1167 1168 2
1167 1207 3
1168 1169 3
1168 1208 4
1169 1170 4
1169 1209 4
1170 1171 5
1170 1210 4
1171 1172 4
1171 1211 4
1172 1173 4
1172 1212 4
1173 1174 5
1173 1213 2
1174 1175 3
1174 1214 4
1175 1176 1
1175 1215 1
1176 1177 5
1176 1216 3
1177 1178 4
1177 1217 3
1178 1179 5
1178 1218 4
1179 1180 5
1179 1219 4
1180 1181 1
1180 1220 3
1181 1182 4
1181 1221 1
1182 1183 3
1182 1222 1
1183 1184 5
1183 1223 5
1184 1185 5
1184 1224 2
1185 1186 2
1185 1225 5
1186 1187 1
1186 1226 4
1187 1188 2
1187 1227 2
1188 1189 5
1188 1228 3
1189 1190 5
1189 1229 5
1190 1191 4
1190 1230 5
1191 1192 4
1191 1231 2
1192 1193 1
1192 1232 2
1193 1194 4
1193 1233 1
1194 1195 4
1194 1234 1
1195 1196 1
1195 1235 3
1196 1197 4
1196 1236 3
1197 1198 3
1197 1237 4
1198 1199 4
1198 1238 5
1199 1200 5
1199 1239 5
1200 1240 2
1201 1202 2
1201 1241 3
1202 1203 4
1202 1242 5
1203 1204 2
1203 1243 1
1204 1205 2
1204 1244 5
1205 1206 5
1205 1245 3
1206 1207 4
1206 1246 2
1207 1208 2
1207 1247 2
1208 1209 3
1208 1248 4
1209 1210 2
1209 1249 1
1210 1211 1
1210 1250 5
1211 1212 1
1211 1251 2
1212 1213 3
1212 1252 2
1213 1214 3
1213 1253 3
1214 1215 3
1214 1254 5
1215 1216 2
1215 1255 4
1216 1217 4
1216 1256 5
1217 1218 2
1217 1257 3
1218 1219 1
1218 1258 3
1219 1220 4
1219 1259 4
1220 1221 5
1220 1260 2
1221 1222 1
1221 1261 5
1222 1223 1
1222 1262 5
1223 1224 1
1223 1263 1
1224 1225 5
1224 1264 5
1225 1226 5
1225 1265 5
1226 1227 4
1226 1266 5
1227 1228 5
1227 1267 1
1228 1229 5
1228 1268 3
1229 1230 5
1229 1269 2
1230 1231 3
1230 1270 5
1231 1232 4
1231 1271 1
1232 1233 1
1232 1272 3
1233 1234 4
1233 1273 3
1234 1235 4
1234 1274 1
1235 1236 4
1235 1275 3
1236 1237 1
1236 1276 5
1237 1238 4
1237 1277 4
1238 1239 4
1238 1278 3
1239 1240 1
1239 1279 5
1240 1280 2
1241 1242 4
1241 1281 1
1242 1243 5
1242 1282 1
1243 1244 1
1243 1283 4
1244 1245 3
1244 1284 3
1245 1246 3
1245 1285 1
1246 1247 2
1246 1286 2
1247 1248 1
1247 1287 3
1248 1249 3
1248 1288 5
1249 1250 2
1249 1289 1
1250 1251 1
1250 1290 2
1251 1252 1
1251 1291 5
1252 1253 3
1252 1292 4
1253 1254 1
1253 1293 1
1254 1255 4
1254 1294 2
1255 1256 5
1255 1295 2
1256 1257 2
1256 1296 1
1257 1258 5
1257 1297 1
1258 1259 2
1258 1298 2
1259 1260 2
1259 1299 5
1260 1261 2
1260 1300 2
1261 1262 4
1261 1301 5
1262 1263 2
1262 1302 5
1263 1264 2
1263 1303 5
1264 1265 3
1264 1304 5
1265 1266 1
1265 1305 2
1266 1267 4
1266 1306 5
1267 1268 5
1267 1307 3
1268 1269 5
1268 1308 1
1269 1270 5
1269 1309 5
1270 1271 5
1270 1310 3
1271 1272 1
1271 1311 2
1272 1273 2
1272 1312 3
1273 1274 2
1273 1313 2
1274 1275 1
1274 1314 2
1275 1276 3
1275 1315 5
1276 1277 4
1276 1316 3
1277 1278 5
1277 1317 1
1278 1279 3
1278 1318 5
1279 1280 5
1279 1319 5
1280 1320 3
1281 1282 4
1281 1321 4
1282 1283 2
1282 1322 5
1283 1284 1
1283 1323 1
1284 1285 1
1284 1324 1
1285 1286 3
1285 1325 3
1286 1287 1
1286 1326 3
1287 1288 3
1287 1327 4
1288 1289 2
1288 1328 2
1289 1290 5
1289 1329 4
1290 1291 4
1290 1330 2
1291 1292 1
1291 1331 4
1292 1293 3
1292 1332 5
1293 1294 5
1293 1333 1
1294 1295 1
1294 1334 5
1295 1296 1
1295 1335 2
1296 1297 1
1296 1336 2
1297 1298 4
1297 1337 1
1298 1299 5
1298 1338 2
1299 1300 1
1299 1339 1
1300 1301 5
1300 1340 3
1301 1302 1
1301 1341 2
1302 1303 3
1302 1342 2
1303 1304 5
1303 1343 4
1304 1305 5
1304 1344 4
1305 1306 4
1305 1345 4
1306 1307 1
1306 1346 5
1307 1308 5
1307 1347 3
1308 1309 3
1308 1348 2
1309 1310 4
1309 1349 1
1310 1311 1
1310 1350 5
1311 1312 1
1311 1351 1
1312 1313 5
1312 1352 3
1313 1314 1
1313 1353 4
1314 1315 3
1314 1354 2
1315 1316 1
1315 1355 2
1316 1317 4
1316 1356 5
1317 1318 2
1317 1357 2
1318 1319 4
1318 1358 5
1319 1320 2
1319 1359 1
1320 1360 1
1321 1322 3
1321 1361 3
1322 1323 1
1322 1362 1
1323 1324 5
1323 1363 4
1324 1325 1
1324 1364 5
1325 1326 4
1325 1365 4
1326 1327 5
1326 1366 2
1327 1328 1
1327 1367 1
1328 1329 3
1328 1368 2
1329 1330 5
1329 1369 1
1330 1331 5
1330 1370 3
1331 1332 1
1331 1371 4
1332 1333 2
1332 1372 4
1333 1334 2
1333 1373 3
1334 1335 5
1334 1374 4
1335 1336 5
1335 1375 4
1336 1337 3
1336 1376 4
1337 1338 1
1337 1377 5
1338 1339 2
1338 1378 5
1339 1340 1
1339 1379 2
1340 1341 4
1340 1380 2
1341 1342 4
1341 1381 2
1342 1343 4
1342 1382 1
1343 1344 2
1343 1383 1
1344 1345 3
1344 1384 5
1345 1346 1
1345 1385 3
1346 1347 1
1346 1386 1
1347 1348 4
1347 1387 5
1348 1349 5
1348 1388 4
1349 1350 4
1349 1389 3
1350 1351 5
1350 1390 2
1351 1352 2
1351 1391 1
1352 1353 2
1352 1392 3
1353 1354 2
1353 1393 5
1354 1355 1
1354 1394 4
1355 1356 5
1355 1395 4
1356 1357 1
1356 1396 2
1357 1358 5
1357 1397 5
1358 1359 5
1358 1398 3
1359 1360 5
1359 1399 5
1360 1400 5
1361 1362 3
1361 1401 1
1362 1363 2
1362 1402 3
1363 1364 4
1363 1403 1
1364 1365 5
1364 1404 1
1365 1366 4
1365 1405 3
1366 1367 4
1366 1406 4
1367 1368 4
1367 1407 5
1368 1369 2
1368 1408 4
1369 1370 1
1369 1409 1
1370 1371 5
1370 1410 3
1371 1372 2
1371 1411 2
1372 1373 3
1372 1412 5
1373 1374 2
1373 1413 4
1374 1375 5
1374 1414 4
1375 1376 1
1375 1415 5
1376 1377 1
1376 1416 3
1377 1378 5
1377 1417 1
1378 1379 3
1378 1418 2
1379 1380 2
1379 1419 4
1380 1381 4
1380 1420 3
1381 1382 3
1381 1421 4
1382 1383 1
1382 1422 2
1383 1384 5
1383 1423 1
1384 1385 4
1384 1424 2
1385 1386 1
1385 1425 2
1386 1387 4
1386 1426 4
1387 1388 2
1387 1427 4
1388 1389 3
1388 1428 5
1389 1390 2
1389 1429 5
1390 1391 3
1390 1430 5
1391 1392 4
1391 1431 5
1392 1393 5
1392 1432 1
1393 1394 3
1393 1433 4
1394 1395 5
1394 1434 1
1395 1396 4
1395 1435 5
1396 1397 3
1396 1436 5
1397 1398 1
1397 1437 1
1398 1399 1
1398 1438 2
1399 1400 4
1399 1439 1
1400 1440 1
1401 1402 2
1401 1441 2
1402 1403 1
1402 1442 2
1403 1404 1
1403 1443 3
1404 1405 3
1404 1444 3
1405 1406 5
1405 1445 1
1406 1407 4
1406 1446 3
1407 1408 3
1407 1447 5
1408 1409 4
1408 1448 5
1409 1410 4
1409 1449 5
1410 1411 2
1410 1450 4
1411 1412 5
1411 1451 3
1412 1413 5
1412 1452 4
1413 1414 4
1413 1453 5
1414 1415 4
1414 1454 2
1415 1416 3
1415 1455 3
1416 1417 3
1416 1456 4
1417 1418 5
1417 1457 5
1418 1419 1
1418 1458 5
1419 1420 4
1419 1459 1
1420 1421 3
1420 1460 5
1421 1422 4
1421 1461 1
1422 1423 2
1422 1462 4
1423 1424 3
1423 1463 5
1424 1425 5
1424 1464 2
1425 1426 4
1425 1465 4
1426 1427 5
1426 1466 3
1427 1428 4
1427 1467 3
1428 1429 3
1428 1468 3
1429 1430 4
1429 1469 5
1430 1431 1
1430 1470 2
1431 1432 4
1431 1471 4
1432 1433 1
1432 1472 5
1433 1434 1
1433 1473 2
1434 1435 1
1434 1474 3
1435 1436 2
1435 1475 3
1436 1437 1
1436 1476 4
1437 1438 1
1437 1477 3
1438 1439 5
1438 1478 2
1439 1440 2
1439 1479 5
1440 1480 1
1441 1442 5
1441 1481 2
1442 1443 1
1442 1482 3
1443 1444 1
1443 1483 2
1444 1445 4
1444 1484 2
1445 1446 2
1445 1485 4
1446 1447 3
1446 1486 3
1447 1448 4
1447 1487 1
1448 1449 2
1448 1488 5
1449 1450 4
1449 1489 1
1450 1451 3
1450 1490 5
1451 1452 1
1451 1491 1
1452 1453 4
1452 1492 4
1453 1454 5
1453 1493 5
1454 1455 2
1454 1494 4
1455 1456 4
1455 1495 3
1456 1457 3
1456 1496 4
1457 1458 5
1457 1497 3
1458 1459 2
1458 1498 3
1459 1460 3
1459 1499 4
1460 1461 3
1460 1500 5
1461 1462 5
1461 1501 2
1462 1463 4
1462 1502 2
1463 1464 1
1463 1503 4
1464 1465 1
1464 1504 2
1465 1466 2
1465 1505 1
1466 1467 4
1466 1506 4
1467 1468 3
1467 1507 1
1468 1469 5
1468 1508 3
1469 1470 3
1469 1509 4
1470 1471 4
1470 1510 5
1471 1472 4
1471 1511 4
1472 1473 1
1472 1512 4
1473 1474 2
1473 1513 3
1474 1475 4
1474 1514 1
1475 1476 4
1475 1515 1
1476 1477 5
1476 1516 5
1477 1478 1
1477 1517 2
1478 1479 5
1478 1518 1
1479 1480 2
1479 1519 3
1480 1520 1
1481 1482 3
1481 1521 2
1482 1483 4
1482 1522 1
1483 1484 5
1483 1523 5
1484 1485 2
1484 1524 3
1485 1486 3
1485 1525 5
1486 1487 4
1486 1526 5
1487 1488 5
1487 1527 4
1488 1489 5
1488 1528 5
1489 1490 5
1489 1529 2
1490 1491 1
1490 1530 4
1491 1492 3
1491 1531 5
1492 1493 1
1492 1532 4
1493 1494 4
1493 1533 5
1494 1495 3
1494 1534 4
1495 1496 2
1495 1535 1
1496 1497 3
1496 1536 4
1497 1498 2
1497 1537 4
1498 1499 3
1498 1538 4
1499 1500 3
1499 1539 3
1500 1501 3
1500 1540 2
1501 1502 1
1501 1541 1
1502 1503 4
1502 1542 2
1503 1504 4
1503 1543 3
1504 1505 4
1504 1544 1
1505 1506 4
1505 1545 1
1506 1507 3
1506 1546 4
1507 1508 3
1507 1547 1
1508 1509 5
1508 1548 1
1509 1510 3
1509 1549 1
1510 1511 3
1510 1550 5
1511 1512 3
1511 1551 3
1512 1513 2
1512 1552 3
1513 1514 5
1513 1553 2
1514 1515 1
1514 1554 5
1515 1516 4
1515 1555 2
1516 1517 3
1516 1556 1
1517 1518 4
1517 1557 3
1518 1519 4
1518 1558 3
1519 1520 2
1519 1559 2
1520 1560 4
1521 1522 4
1521 1561 2
1522 1523 2
1522 1562 5
1523 1524 1
1523 1563 2
1524 1525 4
1524 1564 1
1525 1526 1
1525 1565 2
1526 1527 4
1526 1566 2
1527 1528 1
1527 1567 1
1528 1529 4
1528 1568 3
1529 1530 1
1529 1569 1
1530 1531 2
1530 1570 1
1531 1532 5
1531 1571 2
1532 1533 4
1532 1572 2
1533 1534 5
1533 1573 4
1534 1535 5
1534 1574 4
1535 1536 1
1535 1575 5
1536 1537 2
1536 1576 2
1537 1538 3
1537 1577 2
1538 1539 5
1538 1578 4
1539 1540 1
1539 1579 5
1540 1541 3
1540 1580 1
1541 1542 5
1541 1581 2
1542 1543 3
1542 1582 1
1543 1544 1
1543 1583 4
1544 1545 2
1544 1584 3
1545 1546 4
1545 1585 4
1546 1547 3
1546 1586 1
1547 1548 3
1547 1587 1
1548 1549 1
1548 1588 5
1549 1550 1
1549 1589 3
1550 1551 4
1550 1590 4
1551 1552 2
1551 1591 3
1552 1553 3
1552 1592 3
1553 1554 4
1553 1593 3
1554 1555 4
1554 1594 1
1555 1556 2
1555 1595 4
1556 1557 2
1556 1596 1
1557 1558 5
1557 1597 5
1558 1559 4
1558 1598 1
1559 1560 3
1559 1599 4
1560 1600 5
1561 1562 2
1562 1563 3
1563 1564 2
1564 1565 5
1565 1566 4
1566 1567 5
1567 1568 3
1568 1569 2
1569 1570 2
1570 1571 1
1571 1572 1
1572 1573 2
1573 1574 3
1574 1575 1
1575 1576 3
1576 1577 4
1577 1578 2
1578 1579 5
1579 1580 2
1580 1581 2
1581 1582 3
1582 1583 1
1583 1584 5
1584 1585 5
1585 1586 4
1586 1587 2
1587 1588 4
1588 1589 4
1589 1590 4
1590 1591 1
1591 1592 2
1592 1593 4
1593 1594 5
1594 1595 4
1595 1596 1
1596 1597 3
1597 1598 2
1598 1599 4
1599 1600 1
