1600 3120
1 2 4
1 41 3
2 3 1
2 42 2
3 4 1
3 43 5
4 5 5
4 44 1
5 6 5
5 45 5
6 7 1
6 46 4
7 8 4
7 47 1
8 9 4
8 48 4
9 10 2
9 49 2
10 11 1
10 50 4
11 12 5
11 51 5
12 13 2
12 52 4
13 14 1
13 53 4
14 15 2
14 54 4
15 16 3
15 55 4
16 17 2
16 56 4
17 18 5
17 57 5
18 19 2
18 58 4
19 20 1
19 59 3
20 21 5
20 60 5
21 22 5
21 61 1
22 23 2
22 62 4
23 24 2
23 63 5
24 25 4
24 64 2
25 26 5
25 65 2
26 27 3
26 66 1
27 28 4
27 67 1
28 29 5
28 68 3
29 30 2
29 69 3
30 31 5
30 70 1
31 32 5
31 71 3
32 33 1
32 72 1
33 34 1
33 73 3
34 35 5
34 74 2
35 36 4
35 75 3
36 37 3
36 76 1
37 38 3
37 77 4
38 39 4
38 78 3
39 40 5
39 79 1
40 80 3
41 42 5
41 81 4
42 43 3
42 82 5
43 44 1
43 83 2
44 45 3
44 84 2
45 46 4
45 85 4
46 47 4
46 86 4
47 48 3
47 87 4
48 49 5
48 88 5
49 50 2
49 89 2
50 51 5
50 90 1
51 52 5
51 91 3
52 53 3
52 92 4
53 54 5
53 93 3
54 55 2
54 94 3
55 56 5
55 95 3
56 57 1
56 96 3
57 58 3
57 97 4
58 59 4
58 98 3
59 60 2
59 99 1
60 61 3
60 100 4
61 62 3
61 101 4
62 63 1
62 102 2
63 64 1
63 103 1
64 65 5
64 104 5
65 66 1
65 105 2
66 67 3
66 106 1
67 68 1
67 107 3
68 69 1
68 108 5
69 70 3
69 109 5
70 71 3
70 110 2
71 72 4
71 111 5
72 73 2
72 112 4
73 74 5
73 113 2
74 75 1
74 114 4
75 76 1
75 115 3
76 77 2
76 116 4
77 78 2
77 117 5
78 79 1
78 118 4
79 80 5
79 119 3
80 120 3
81 82 1
81 121 5
82 83 5
82 122 4
83 84 1
83 123 4
84 85 5
84 124 4
85 86 2
85 125 5
86 87 2
86 126 2
87 88 1
87 127 2
88 89 3
88 128 1
89 90 2
89 129 5
90 91 5
90 130 5
91 92 3
91 131 1
92 93 2
92 132 2
93 94 1
93 133 2
94 95 5
94 134 5
95 96 1
95 135 4
96 97 1
96 136 4
97 98 3
97 137 5
98 99 3
98 138 5
99 100 1
99 139 5
100 101 1
100 140 2
101 102 5
101 141 3
102 103 2
102 142 2
103 104 3
103 143 5
104 105 5
104 144 5
105 106 1
105 145 1
106 107 1
106 146 4
107 108 1
107 147 4
108 109 3
108 148 4
109 110 2
109 149 4
110 111 3
110 150 4
111 112 5
111 151 5
112 113 2
112 152 4
113 114 2
113 153 5
114 115 1
114 154 3
115 116 1
115 155 3
116 117 5
116 156 5
117 118 2
117 157 5
118 119 3
118 158 2
119 120 2
119 159 3
120 160 5
121 122 1
121 161 3
122 123 3
122 162 5
123 124 5
123 163 5
124 125 5
124 164 5
125 126 1
125 165 2
126 127 2
126 166 5
127 128 5
127 167 2
128 129 2
128 168 2
129 130 4
129 169 2
130 131 1
130 170 5
131 132 4
131 171 5
132 133 1
132 172 1
133 134 1
133 173 4
134 135 2
134 174 1
135 136 1
135 175 1
136 137 2
136 176 3
137 138 1
137 177 4
138 139 5
138 178 2
139 140 4
139 179 5
140 141 4
140 180 5
141 142 5
141 181 4
142 143 3
142 182 1
143 144 1
143 183 4
144 145 2
144 184 3
145 146 2
145 185 5
146 147 2
146 186 3
147 148 1
147 187 4
148 149 3
148 188 2
149 150 3
149 189 1
150 151 3
150 190 2
151 152 1
151 191 1
152 153 3
152 192 1
153 154 3
153 193 5
154 155 4
154 194 1
155 156 4
155 195 4
156 157 2
156 196 5
157 158 4
157 197 4
158 159 5
158 198 3
159 160 3
159 199 2
160 200 4
161 162 5
161 201 4
162 163 3
162 202 1
163 164 2
163 203 4
164 165 2
164 204 5
165 166 2
165 205 5
166 167 2
166 206 2
167 168 5
167 207 3
168 169 5
168 208 2
169 170 2
169 209 4
170 171 4
170 210 5
171 172 4
171 211 3
172 173 1
172 212 3
173 174 4
173 213 4
174 175 1
174 214 1
175 176 4
175 215 5
176 177 1
176 216 2
177 178 5
177 217 2
178 179 2
178 218 1
179 180 2
179 219 5
180 181 4
180 220 3
181 182 2
181 221 2
182 183 4
182 222 5
183 184 4
183 223 2
184 185 1
184 224 5
185 186 1
185 225 5
186 187 1
186 226 5
187 188 4
187 227 5
188 189 3
188 228 1
189 190 1
189 229 2
190 191 2
190 230 2
191 192 5
191 231 3
192 193 2
192 232 2
193 194 4
193 233 4
194 195 3
194 234 4
195 196 3
195 235 2
196 197 3
196 236 4
197 198 1
197 237 2
198 199 2
198 238 5
199 200 4
199 239 5
200 240 4
201 202 3
201 241 4
202 203 1
202 242 3
203 204 2
203 243 1
204 205 5
204 244 2
205 206 3
205 245 5
206 207 4
206 246 3
207 208 4
207 247 1
208 209 5
208 248 2
209 210 3
209 249 4
210 211 1
210 250 3
211 212 1
211 251 2
212 213 5
212 252 4
213 214 2
213 253 5
214 215 4
214 254 1
215 216 4
215 255 4
216 217 2
216 256 2
217 218 4
217 257 4
218 219 4
218 258 3
219 220 5
219 259 2
220 221 1
220 260 1
221 222 1
221 261 2
222 223 2
222 262 3
223 224 3
223 263 3
224 225 3
224 264 5
225 226 1
225 265 3
226 227 5
226 266 3
227 228 2
227 267 4
228 229 1
228 268 2
229 230 1
229 269 1
230 231 1
230 270 1
231 232 1
231 271 2
232 233 4
232 272 2
233 234 3
233 273 2
234 235 5
234 274 3
235 236 3
235 275 5
236 237 2
236 276 3
237 238 3
237 277 4
238 239 3
238 278 2
239 240 5
239 279 1
240 280 2
241 242 3
241 281 5
242 243 4
242 282 4
243 244 5
243 283 4
244 245 1
244 284 5
245 246 5
245 285 3
246 247 5
246 286 4
247 248 5
247 287 3
248 249 5
248 288 4
249 250 3
249 289 1
250 251 3
250 290 3
251 252 3
251 291 5
252 253 1
252 292 3
253 254 3
253 293 1
254 255 5
254 294 4
255 256 3
255 295 2
256 257 3
256 296 4
257 258 4
257 297 4
258 259 5
258 298 5
259 260 3
259 299 2
260 261 4
260 300 5
261 262 2
261 301 4
262 263 3
262 302 5
263 264 4
263 303 1
264 265 3
264 304 5
265 266 5
265 305 1
266 267 4
266 306 5
267 268 3
267 307 2
268 269 4
268 308 4
269 270 4
269 309 4
270 271 4
270 310 3
271 272 4
271 311 1
272 273 2
272 312 3
273 274 3
273 313 1
274 275 1
274 314 3
275 276 1
275 315 2
276 277 3
276 316 2
277 278 1
277 317 1
278 279 4
278 318 3
279 280 4
279 319 5
280 320 1
281 282 3
281 321 4
282 283 5
282 322 2
283 284 2
283 323 5
284 285 4
284 324 5
285 286 3
285 325 3
286 287 5
286 326 1
287 288 4
287 327 2
288 289 5
288 328 2
289 290 5
289 329 5
290 291 3
290 330 1
291 292 3
291 331 3
292 293 5
292 332 1
293 294 3
293 333 1
294 295 1
294 334 1
295 296 5
295 335 2
296 297 4
296 336 4
297 298 3
297 337 5
298 299 3
298 338 2
299 300 3
299 339 4
300 301 5
300 340 2
301 302 1
301 341 4
302 303 2
302 342 3
303 304 1
303 343 3
304 305 4
304 344 1
305 306 2
305 345 4
306 307 3
306 346 2
307 308 4
307 347 2
308 309 4
308 348 4
309 310 4
309 349 4
310 311 1
310 350 3
311 312 4
311 351 5
312 313 3
312 352 3
313 314 4
313 353 1
314 315 2
314 354 5
315 316 2
315 355 1
316 317 4
316 356 1
317 318 1
317 357 1
318 319 1
318 358 1
319 320 5
319 359 5
320 360 1
321 322 2
321 361 2
322 323 2
322 362 5
323 324 5
323 363 2
324 325 2
324 364 5
325 326 4
325 365 1
326 327 5
326 366 3
327 328 3
327 367 3
328 329 5
328 368 4
329 330 1
329 369 2
330 331 3
330 370 1
331 332 2
331 371 3
332 333 4
332 372 4
333 334 4
333 373 3
334 335 1
334 374 1
335 336 4
335 375 2
336 337 3
336 376 2
337 338 1
337 377 1
338 339 5
338 378 3
339 340 2
339 379 2
340 341 2
340 380 2
341 342 3
341 381 2
342 343 5
342 382 4
343 344 5
343 383 5
344 345 4
344 384 5
345 346 1
345 385 1
346 347 3
346 386 5
347 348 4
347 387 1
348 349 3
348 388 2
349 350 3
349 389 2
350 351 3
350 390 4
351 352 5
351 391 4
352 353 2
352 392 3
353 354 4
353 393 2
354 355 1
354 394 1
355 356 1
355 395 2
356 357 1
356 396 2
357 358 5
357 397 4
358 359 4
358 398 1
359 360 2
359 399 4
360 400 4
361 362 2
361 401 4
362 363 2
362 402 1
363 364 1
363 403 4
364 365 4
364 404 1
365 366 2
365 405 4
366 367 2
366 406 3
367 368 2
367 407 5
368 369 1
368 408 2
369 370 2
369 409 5
370 371 4
370 410 4
371 372 2
371 411 5
372 373 4
372 412 1
373 374 3
373 413 2
374 375 4
374 414 5
375 376 5
375 415 1
376 377 2
376 416 1
377 378 5
377 417 4
378 379 5
378 418 1
379 380 2
379 419 3
380 381 4
380 420 1
381 382 1
381 421 1
382 383 4
382 422 3
383 384 3
383 423 1
384 385 4
384 424 2
385 386 2
385 425 2
386 387 1
386 426 5
387 388 3
387 427 5
388 389 3
388 428 3
389 390 1
389 429 3
390 391 1
390 430 3
391 392 3
391 431 4
392 393 3
392 432 1
393 394 3
393 433 3
394 395 5
394 434 3
395 396 3
395 435 5
396 397 4
396 436 3
397 398 4
397 437 3
398 399 4
398 438 1
399 400 4
399 439 3
400 440 1
401 402 5
401 441 4
402 403 2
402 442 2
403 404 5
403 443 3
404 405 5
404 444 1
405 406 5
405 445 1
406 407 5
406 446 5
407 408 2
407 447 1
408 409 5
408 448 3
409 410 4
409 449 2
410 411 3
410 450 5
411 412 5
411 451 2
412 413 2
412 452 4
413 414 5
413 453 3
414 415 5
414 454 4
415 416 1
415 455 1
416 417 5
416 456 3
417 418 2
417 457 4
418 419 2
418 458 4
419 420 4
419 459 1
420 421 3
420 460 1
421 422 5
421 461 5
422 423 1
422 462 3
423 424 1
423 463 3
424 425 2
424 464 5
425 426 1
425 465 5
426 427 5
426 466 1
427 428 4
427 467 2
428 429 3
428 468 1
429 430 2
429 469 1
430 431 3
430 470 3
431 432 3
431 471 4
432 433 3
432 472 3
433 434 5
433 473 3
434 435 2
434 474 1
435 436 1
435 475 3
436 437 4
436 476 3
437 438 1
437 477 5
438 439 1
438 478 2
439 440 2
439 479 1
440 480 3
441 442 5
441 481 1
442 443 1
442 482 3
443 444 5
443 483 5
444 445 2
444 484 5
445 446 1
445 485 4
446 447 2
446 486 4
447 448 3
447 487 5
448 449 2
448 488 5
449 450 4
449 489 3
450 451 3
450 490 5
451 452 2
451 491 4
452 453 4
452 492 1
453 454 5
453 493 4
454 455 2
454 494 1
455 456 1
455 495 5
456 457 5
456 496 5
457 458 3
457 497 5
458 459 1
458 498 3
459 460 1
459 499 3
460 461 2
460 500 1
461 462 2
461 501 4
462 463 1
462 502 5
463 464 3
463 503 4
464 465 4
464 504 5
465 466 4
465 505 4
466 467 2
466 506 2
467 468 2
467 507 1
468 469 3
468 508 2
469 470 2
469 509 2
470 471 3
470 510 5
471 472 1
471 511 2
472 473 1
472 512 4
473 474 3
473 513 3
474 475 4
474 514 2
475 476 5
475 515 5
476 477 1
476 516 3
477 478 4
477 517 5
478 479 3
478 518 2
479 480 2
479 519 4
480 520 4
481 482 2
481 521 2
482 483 3
482 522 2
483 484 3
483 523 2
484 485 3
484 524 2
485 486 2
485 525 5
486 487 3
486 526 4
487 488 4
487 527 3
488 489 4
488 528 1
489 490 5
489 529 1
490 491 1
490 530 3
491 492 1
491 531 5
492 493 5
492 532 1
493 494 1
493 533 5
494 495 3
494 534 5
495 496 1
495 535 3
496 497 4
496 536 4
497 498 3
497 537 4
498 499 2
498 538 3
499 500 5
499 539 3
500 501 4
500 540 3
501 502 2
501 541 3
502 503 5
502 542 2
503 504 4
503 543 3
504 505 2
504 544 1
505 506 5
505 545 2
506 507 5
506 546 2
507 508 4
507 547 1
508 509 4
508 548 4
509 510 4
509 549 3
510 511 4
510 550 1
511 512 2
511 551 1
512 513 5
512 552 4
513 514 2
513 553 1
514 515 1
514 554 3
515 516 5
515 555 1
516 517 4
516 556 1
517 518 5
517 557 4
518 519 2
518 558 3
519 520 2
519 559 1
520 560 2
521 522 2
521 561 2
522 523 1
522 562 5
523 524 1
523 563 1
524 525 1
524 564 2
525 526 2
525 565 4
526 527 5
526 566 1
527 528 5
527 567 5
528 529 5
528 568 5
529 530 2
529 569 3
530 531 2
530 570 5
531 532 5
531 571 1
532 533 4
532 572 5
533 534 3
533 573 1
534 535 2
534 574 2
535 536 4
535 575 4
536 537 2
536 576 3
537 538 2
537 577 5
538 539 3
538 578 3
539 540 1
539 579 2
540 541 5
540 580 5
541 542 5
541 581 4
542 543 5
542 582 1
543 544 1
543 583 4
544 545 3
544 584 4
545 546 1
545 585 4
546 547 5
546 586 2
547 548 1
547 587 5
548 549 3
548 588 5
549 550 4
549 589 2
550 551 5
550 590 2
551 552 2
551 591 4
552 553 1
552 592 1
553 554 3
553 593 1
554 555 5
554 594 1
555 556 4
555 595 1
556 557 1
556 596 5
557 558 4
557 597 5
558 559 5
558 598 2
559 560 2
559 599 4
560 600 5
561 562 4
561 601 4
562 563 5
562 602 5
563 564 1
563 603 3
564 565 1
564 604 3
565 566 1
565 605 4
566 567 1
566 606 5
567 568 2
567 607 3
568 569 4
568 608 5
569 570 1
569 609 1
570 571 2
570 610 4
571 572 4
571 611 2
572 573 3
572 612 3
573 574 1
573 613 1
574 575 4
574 614 5
575 576 5
575 615 5
576 577 2
576 616 2
577 578 2
577 617 4
578 579 5
578 618 3
579 580 5
579 619 5
580 581 4
580 620 2
581 582 2
581 621 1
582 583 2
582 622 2
583 584 5
583 623 1
584 585 2
584 624 3
585 586 5
585 625 5
586 587 2
586 626 4
587 588 3
587 627 1
588 589 2
588 628 3
589 590 1
589 629 2
590 591 4
590 630 4
591 592 2
591 631 4
592 593 3
592 632 4
593 594 3
593 633 4
594 595 4
594 634 3
595 596 2
595 635 4
596 597 2
596 636 4
597 598 4
597 637 3
598 599 1
598 638 4
599 600 5
599 639 1
600 640 3
601 602 2
601 641 2
602 603 4
602 642 1
603 604 1
603 643 4
604 605 5
604 644 5
605 606 1
605 645 5
606 607 5
606 646 5
607 608 4
607 647 3
608 609 3
608 648 1
609 610 4
609 649 2
610 611 1
610 650 5
611 612 2
611 651 4
612 613 5
612 652 3
613 614 2
613 653 2
614 615 5
614 654 1
615 616 4
615 655 1
616 617 1
616 656 2
617 618 3
617 657 4
618 619 5
618 658 1
619 620 4
619 659 3
620 621 5
620 660 4
621 622 4
621 661 3
622 623 3
622 662 5
623 624 5
623 663 4
624 625 2
624 664 3
625 626 5
625 665 1
626 627 3
626 666 1
627 628 4
627 667 2
628 629 5
628 668 3
629 630 5
629 669 5
630 631 2
630 670 2
631 632 5
631 671 3
632 633 4
632 672 2
633 634 2
633 673 4
634 635 5
634 674 1
635 636 2
635 675 1
636 637 1
636 676 1
637 638 2
637 677 4
638 639 1
638 678 1
639 640 2
639 679 2
640 680 1
641 642 4
641 681 3
642 643 1
642 682 5
643 644 3
643 683 4
644 645 4
644 684 2
645 646 4
645 685 2
646 647 3
646 686 1
647 648 2
647 687 2
648 649 3
648 688 4
649 650 3
649 689 2
650 651 3
650 690 5
651 652 2
651 691 1
652 653 4
652 692 4
653 654 2
653 693 5
654 655 4
654 694 4
655 656 2
655 695 1
656 657 5
656 696 2
657 658 1
657 697 1
658 659 2
658 698 4
659 660 3
659 699 2
660 661 5
660 700 2
661 662 3
661 701 2
662 663 1
662 702 3
663 664 1
663 703 4
664 665 1
664 704 5
665 666 2
665 705 3
666 667 3
666 706 1
667 668 4
667 707 1
668 669 4
668 708 1
669 670 4
669 709 4
670 671 2
670 710 3
671 672 5
671 711 2
672 673 3
672 712 1
673 674 4
673 713 3
674 675 3
674 714 2
675 676 1
675 715 5
676 677 2
676 716 5
677 678 2
677 717 2
678 679 4
678 718 5
679 680 2
679 719 3
680 720 4
681 682 1
681 721 5
682 683 5
682 722 2
683 684 2
683 723 1
684 685 3
684 724 3
685 686 3
685 725 5
686 687 5
686 726 2
687 688 1
687 727 2
688 689 2
688 728 4
689 690 3
689 729 4
690 691 3
690 730 4
691 692 4
691 731 5
692 693 1
692 732 2
693 694 4
693 733 5
694 695 2
694 734 1
695 696 5
695 735 5
696 697 4
696 736 2
697 698 4
697 737 4
698 699 1
698 738 5
699 700 5
699 739 3
700 701 2
700 740 5
701 702 3
701 741 4
702 703 5
702 742 5
703 704 2
703 743 1
704 705 2
704 744 5
705 706 2
705 745 1
706 707 3
706 746 4
707 708 4
707 747 2
708 709 1
708 748 2
709 710 4
709 749 3
710 711 4
710 750 1
711 712 1
711 751 3
712 713 4
712 752 1
713 714 3
713 753 1
714 715 2
714 754 3
715 716 3
715 755 2
716 717 2
716 756 2
717 718 5
717 757 1
718 719 4
718 758 3
719 720 5
719 759 3
720 760 5
721 722 2
721 761 4
722 723 3
722 762 1
723 724 3
723 763 2
724 725 2
724 764 4
725 726 5
725 765 5
726 727 4
726 766 5
727 728 4
727 767 4
728 729 1
728 768 1
729 730 5
729 769 3
730 731 4
730 770 5
731 732 1
731 771 3
732 733 1
732 772 2
733 734 3
733 773 2
734 735 3
734 774 3
735 736 1
735 775 1
736 737 3
736 776 2
737 738 2
737 777 2
738 739 1
738 778 1
739 740 2
739 779 3
740 741 5
740 780 5
741 742 4
741 781 3
742 743 5
742 782 2
743 744 3
743 783 4
744 745 2
744 784 3
745 746 1
745 785 3
746 747 3
746 786 3
747 748 1
747 787 4
748 749 2
748 788 5
749 750 4
749 789 2
750 751 5
750 790 5
751 752 1
751 791 5
752 753 1
752 792 5
753 754 3
753 793 3
754 755 1
754 794 3
755 756 2
755 795 5
756 757 5
756 796 3
757 758 5
757 797 3
758 759 5
758 798 2
759 760 2
759 799 5
760 800 2
761 762 5
761 801 2
762 763 5
762 802 3
763 764 2
763 803 2
764 765 3
764 804 4
765 766 2
765 805 1
766 767 1
766 806 2
767 768 5
767 807 3
768 769 1
768 808 2
769 770 3
769 809 4
770 771 3
770 810 1
771 772 4
771 811 5
772 773 4
772 812 2
773 774 4
773 813 1
774 775 2
774 814 5
775 776 4
775 815 4
776 777 4
776 816 1
777 778 4
777 817 1
778 779 2
778 818 2
779 780 5
779 819 3
780 781 3
780 820 3
781 782 4
781 821 2
782 783 4
782 822 3
783 784 4
783 823 1
784 785 4
784 824 1
785 786 5
785 825 2
786 787 5
786 826 5
787 788 5
787 827 5
788 789 2
788 828 1
789 790 1
789 829 5
790 791 3
790 830 1
791 792 1
791 831 1
792 793 4
792 832 5
793 794 1
793 833 3
794 795 3
794 834 5
795 796 2
795 835 3
796 797 2
796 836 3
797 798 2
797 837 1
798 799 2
798 838 3
799 800 5
799 839 5
800 840 1
801 802 2
801 841 3
802 803 3
802 842 4
803 804 2
803 843 2
804 805 5
804 844 1
805 806 4
805 845 3
806 807 5
806 846 3
807 808 1
807 847 3
808 809 4
808 848 2
809 810 4
809 849 3
810 811 5
810 850 1
811 812 4
811 851 4
812 813 1
812 852 5
813 814 1
813 853 4
814 815 2
814 854 2
815 816 2
815 855 1
816 817 1
816 856 3
817 818 1
817 857 2
818 819 1
818 858 5
819 820 2
819 859 4
820 821 4
820 860 3
821 822 1
821 861 4
822 823 4
822 862 4
823 824 1
823 863 4
824 825 1
824 864 5
825 826 1
825 865 4
826 827 2
826 866 5
827 828 1
827 867 1
828 829 1
828 868 4
829 830 5
829 869 1
830 831 1
830 870 3
831 832 4
831 871 3
832 833 4
832 872 5
833 834 1
833 873 1
834 835 3
834 874 3
835 836 4
835 875 4
836 837 2
836 876 5
837 838 1
837 877 5
838 839 4
838 878 1
839 840 4
839 879 4
840 880 4
841 842 5
841 881 2
842 843 3
842 882 1
843 844 2
843 883 2
844 845 2
844 884 1
845 846 1
845 885 2
846 847 5
846 886 2
847 848 3
847 887 2
848 849 1
848 888 2
849 850 5
849 889 4
850 851 4
850 890 5
851 852 3
851 891 5
852 853 1
852 892 1
853 854 2
853 893 4
854 855 5
854 894 4
855 856 3
855 895 4
856 857 2
856 896 1
857 858 2
857 897 2
858 859 4
858 898 5
859 860 1
859 899 4
860 861 3
860 900 4
861 862 5
861 901 4
862 863 4
862 902 5
863 864 3
863 903 1
864 865 3
864 904 5
865 866 3
865 905 4
866 867 3
866 906 1
867 868 5
867 907 3
868 869 1
868 908 3
869 870 4
869 909 1
870 871 5
870 910 3
871 872 5
871 911 3
872 873 3
872 912 1
873 874 3
873 913 4
874 875 3
874 914 3
875 876 3
875 915 4
876 877 2
876 916 2
877 878 5
877 917 1
878 879 3
878 918 3
879 880 2
879 919 3
880 920 4
881 882 1
881 921 5
882 883 1
882 922 5
883 884 3
883 923 2
884 885 5
884 924 3
885 886 4
885 925 3
886 887 4
886 926 4
887 888 3
887 927 1
888 889 4
888 928 5
889 890 2
889 929 4
890 891 4
890 930 5
891 892 3
891 931 5
892 893 4
892 932 2
893 894 4
893 933 1
894 895 2
894 934 5
895 896 5
895 935 4
896 897 2
896 936 5
897 898 1
897 937 2
898 899 1
898 938 1
899 900 5
899 939 3
900 901 3
900 940 1
901 902 4
901 941 5
902 903 3
902 942 5
903 904 5
903 943 5
904 905 5
904 944 2
905 906 2
905 945 3
906 907 2
906 946 3
907 908 2
907 947 2
908 909 1
908 948 3
909 910 1
909 949 3
910 911 3
910 950 1
911 912 4
911 951 2
912 913 2
912 952 5
913 914 4
913 953 4
914 915 3
914 954 5
915 916 5
915 955 2
916 917 1
916 956 2
917 918 2
917 957 4
918 919 3
918 958 1
919 920 1
919 959 4
920 960 2
921 922 3
921 961 5
922 923 5
922 962 5
923 924 1
923 963 4
924 925 3
924 964 1
925 926 1
925 965 3
926 927 3
926 966 5
927 928 1
927 967 5
928 929 3
928 968 3
929 930 3
929 969 1
930 931 4
930 970 5
931 932 1
931 971 2
932 933 4
932 972 3
933 934 2
933 973 4
934 935 5
934 974 1
935 936 2
935 975 2
936 937 1
936 976 1
937 938 2
937 977 1
938 939 3
938 978 2
939 940 4
939 979 2
940 941 2
940 980 1
941 942 1
941 981 1
942 943 1
942 982 2
943 944 5
943 983 5
944 945 1
944 984 3
945 946 2
945 985 5
946 947 2
946 986 5
947 948 3
947 987 3
948 949 1
948 988 3
949 950 5
949 989 4
950 951 3
950 990 4
951 952 4
951 991 4
952 953 4
952 992 1
953 954 3
953 993 2
954 955 4
954 994 4
955 956 4
955 995 5
956 957 4
956 996 4
957 958 4
957 997 4
958 959 1
958 998 5
959 960 2
959 999 3
960 1000 1
961 962 3
961 1001 1
962 963 5
962 1002 3
963 964 2
963 1003 1
964 965 5
964 1004 5
965 966 1
965 1005 3
966 967 5
966 1006 1
967 968 3
967 1007 4
968 969 3
968 1008 3
969 970 2
969 1009 5
970 971 5
970 1010 3
971 972 3
971 1011 1
972 973 2
972 1012 4
973 974 5
973 1013 3
974 975 4
974 1014 2
975 976 5
975 1015 2
976 977 1
976 1016 5
977 978 2
977 1017 1
978 979 5
978 1018 1
979 980 5
979 1019 3
980 981 5
980 1020 5
981 982 2
981 1021 4
982 983 3
982 1022 2
983 984 5
983 1023 3
984 985 4
984 1024 3
985 986 2
985 1025 4
986 987 5
986 1026 4
987 988 4
987 1027 5
988 989 3
988 1028 4
989 990 2
989 1029 2
990 991 4
990 1030 3
991 992 2
991 1031 4
992 993 5
992 1032 5
993 994 2
993 1033 2
994 995 3
994 1034 2
995 996 4
995 1035 3
996 997 1
996 1036 5
997 998 3
997 1037 1
998 999 1
998 1038 5
999 1000 5
999 1039 5
1000 1040 1
1001 1002 3
1001 1041 1
1002 1003 3
1002 1042 2
1003 1004 1
1003 1043 4
1004 1005 2
1004 1044 1
1005 1006 3
1005 1045 5
1006 1007 2
1006 1046 5
1007 1008 4
1007 1047 1
1008 1009 5
1008 1048 5
1009 1010 2
1009 1049 3
1010 1011 4
1010 1050 5
1011 1012 2
1011 1051 4
1012 1013 3
1012 1052 4
1013 1014 5
1013 1053 1
1014 1015 3
1014 1054 4
1015 1016 4
1015 1055 2
1016 1017 4
1016 1056 5
1017 1018 2
1017 1057 2
1018 1019 5
1018 1058 5
1019 1020 4
1019 1059 5
1020 1021 5
1020 1060 1
1021 1022 3
1021 1061 5
1022 1023 1
1022 1062 5
1023 1024 5
1023 1063 2
1024 1025 4
1024 1064 3
1025 1026 2
1025 1065 3
1026 1027 5
1026 1066 5
1027 1028 2
1027 1067 2
1028 1029 2
1028 1068 4
1029 1030 2
1029 1069 4
1030 1031 2
1030 1070 3
1031 1032 2
1031 1071 2
1032 1033 1
1032 1072 2
1033 1034 4
1033 1073 5
1034 1035 2
1034 1074 2
1035 1036 5
1035 1075 1
1036 1037 4
1036 1076 3
1037 1038 3
1037 1077 5
1038 1039 5
1038 1078 5
1039 1040 4
1039 1079 3
1040 1080 3
1041 1042 5
1041 1081 4
1042 1043 1
1042 1082 2
1043 1044 5
1043 1083 1
1044 1045 2
1044 1084 2
1045 1046 1
1045 1085 5
1046 1047 5
1046 1086 3
1047 1048 1
1047 1087 4
1048 1049 5
1048 1088 5
1049 1050 5
1049 1089 3
1050 1051 3
1050 1090 5
1051 1052 2
1051 1091 5
1052 1053 3
1052 1092 2
1053 1054 5
1053 1093 4
1054 1055 2
1054 1094 5
1055 1056 4
1055 1095 5
1056 1057 4
1056 1096 5
1057 1058 3
1057 1097 1
1058 1059 3
1058 1098 1
1059 1060 5
1059 1099 4
1060 1061 3
1060 1100 4
1061 1062 2
1061 1101 5
1062 1063 3
1062 1102 4
1063 1064 3
1063 1103 1
1064 1065 2
1064 1104 5
1065 1066 4
1065 1105 2
1066 1067 1
1066 1106 3
1067 1068 5
1067 1107 3
1068 1069 3
1068 1108 5
1069 1070 3
1069 1109 5
1070 1071 5
1070 1110 1
1071 1072 3
1071 1111 4
1072 1073 5
1072 1112 1
1073 1074 1
1073 1113 1
1074 1075 5
1074 1114 1
1075 1076 3
1075 1115 4
1076 1077 1
1076 1116 5
1077 1078 2
1077 1117 4
1078 1079 5
1078 1118 2
1079 1080 1
1079 1119 1
1080 1120 3
1081 1082 1
1081 1121 3
1082 1083 4
1082 1122 4
1083 1084 5
1083 1123 1
1084 1085 4
1084 1124 3
1085 1086 1
1085 1125 5
1086 1087 1
1086 1126 2
1087 1088 2
1087 1127 5
1088 1089 1
1088 1128 3
1089 1090 4
1089 1129 2
1090 1091 4
1090 1130 2
1091 1092 1
1091 1131 1
1092 1093 4
1092 1132 5
1093 1094 5
1093 1133 5
1094 1095 5
1094 1134 2
1095 1096 1
1095 1135 4
1096 1097 3
1096 1136 5
1097 1098 5
1097 1137 2
1098 1099 4
1098 1138 3
1099 1100 1
1099 1139 3
1100 1101 5
1100 1140 2
1101 1102 1
1101 1141 4
1102 1103 4
1102 1142 2
1103 1104 5
1103 1143 5
1104 1105 5
1104 1144 1
1105 1106 3
1105 1145 2
1106 1107 1
1106 1146 3
1107 1108 1
1107 1147 3
1108 1109 4
1108 1148 5
1109 1110 5
1109 1149 4
1110 1111 5
1110 1150 1
1111 1112 1
1111 1151 3
1112 1113 4
1112 1152 3
1113 1114 3
1113 1153 2
1114 1115 5
1114 1154 1
1115 1116 1
1115 1155 2
1116 1117 4
1116 1156 2
1117 1118 2
1117 1157 5
1118 1119 1
1118 1158 1
1119 1120 3
1119 1159 5
1120 1160 2
1121 1122 4
1121 1161 2
1122 1123 3
1122 1162 3
1123 1124 1
1123 1163 3
1124 1125 4
1124 1164 3
1125 1126 1
1125 1165 2
1126 1127 2
1126 1166 4
1127 1128 1
1127 1167 2
1128 1129 2
1128 1168 5
1129 1130 5
1129 1169 2
1130 1131 2
1130 1170 3
1131 1132 5
1131 1171 4
1132 1133 5
1132 1172 4
1133 1134 1
1133 1173 2
1134 1135 4
1134 1174 4
1135 1136 3
1135 1175 5
1136 1137 1
1136 1176 4
1137 1138 1
1137 1177 3
1138 1139 1
1138 1178 1
1139 1140 3
1139 1179 1
1140 1141 5
1140 1180 1
1141 1142 5
1141 1181 3
1142 1143 1
1142 1182 2
1143 1144 3
1143 1183 1
1144 1145 4
1144 1184 2
1145 1146 2
1145 1185 1
1146 1147 5
1146 1186 4
1147 1148 4
1147 1187 4
1148 1149 2
1148 1188 5
1149 1150 3
1149 1189 4
1150 1151 5
1150 1190 4
1151 1152 1
1151 1191 4
1152 1153 5
1152 1192 4
1153 1154 2
1153 1193 5
1154 1155 3
1154 1194 1
1155 1156 1
1155 1195 1
1156 1157 4
1156 1196 1
1157 1158 4
1157 1197 5
1158 1159 1
1158 1198 3
1159 1160 5
1159 1199 5
1160 1200 1
1161 1162 2
1161 1201 2
1162 1163 2
1162 1202 4
1163 1164 4
1163 1203 5
1164 1165 5
1164 1204 1
1165 1166 5
1165 1205 1
1166 1167 2
1166 1206 3
1167 1168 1
1167 1207 5
1168 1169 2
1168 1208 2
1169 1170 3
1169 1209 2
1170 1171 5
1170 1210 3
1171 1172 3
1171 1211 2
1172 1173 5
1172 1212 3
1173 1174 1
1173 1213 2
1174 1175 5
1174 1214 3
1175 1176 1
1175 1215 3
1176 1177 2
1176 1216 5
1177 1178 5
1177 1217 4
1178 1179 4
1178 1218 2
1179 1180 5
1179 1219 5
1180 1181 2
1180 1220 5
1181 1182 2
1181 1221 4
1182 1183 5
1182 1222 3
1183 1184 2
1183 1223 3
1184 1185 5
1184 1224 4
1185 1186 5
1185 1225 4
1186 1187 1
1186 1226 4
1187 1188 3
1187 1227 4
1188 1189 1
1188 1228 2
1189 1190 5
1189 1229 3
1190 1191 5
1190 1230 1
1191 1192 1
1191 1231 3
1192 1193 2
1192 1232 4
1193 1194 3
1193 1233 5
1194 1195 4
1194 1234 4
1195 1196 1
1195 1235 1
1196 1197 2
1196 1236 2
1197 1198 3
1197 1237 4
1198 1199 4
1198 1238 2
1199 1200 5
1199 1239 3
1200 1240 3
1201 1202 2
1201 1241 3
1202 1203 1
1202 1242 1
1203 1204 4
1203 1243 3
1204 1205 3
1204 1244 1
1205 1206 2
1205 1245 3
1206 1207 4
1206 1246 4
1207 1208 4
1207 1247 4
1208 1209 4
1208 1248 1
1209 1210 2
1209 1249 4
1210 1211 5
1210 1250 4
1211 1212 1
1211 1251 5
1212 1213 4
1212 1252 5
1213 1214 1
1213 1253 3
1214 1215 4
1214 1254 2
1215 1216 5
1215 1255 3
1216 1217 1
1216 1256 1
1217 1218 3
1217 1257 1
1218 1219 2
1218 1258 1
1219 1220 1
1219 1259 3
1220 1221 2
1220 1260 5
1221 1222 3
1221 1261 5
1222 1223 1
1222 1262 1
1223 1224 2
1223 1263 1
1224 1225 3
1224 1264 4
1225 1226 3
1225 1265 4
1226 1227 4
1226 1266 2
1227 1228 1
1227 1267 5
1228 1229 3
1228 1268 5
1229 1230 1
1229 1269 5
1230 1231 2
1230 1270 1
1231 1232 4
1231 1271 1
1232 1233 5
1232 1272 3
1233 1234 4
1233 1273 4
1234 1235 4
1234 1274 2
1235 1236 1
1235 1275 2
1236 1237 5
1236 1276 1
1237 1238 5
1237 1277 1
1238 1239 2
1238 1278 1
1239 1240 5
1239 1279 3
1240 1280 4
1241 1242 2
1241 1281 2
1242 1243 5
1242 1282 2
1243 1244 1
1243 1283 1
1244 1245 2
1244 1284 1
1245 1246 3
1245 1285 3
1246 1247 5
1246 1286 4
1247 1248 5
1247 1287 3
1248 1249 3
1248 1288 1
1249 1250 1
1249 1289 3
1250 1251 4
1250 1290 5
1251 1252 3
1251 1291 4
1252 1253 5
1252 1292 4
1253 1254 1
1253 1293 3
1254 1255 4
1254 1294 3
1255 1256 1
1255 1295 1
1256 1257 5
1256 1296 4
1257 1258 2
1257 1297 3
1258 1259 1
1258 1298 2
1259 1260 5
1259 1299 3
1260 1261 4
1260 1300 1
1261 1262 2
1261 1301 5
1262 1263 2
1262 1302 2
1263 1264 3
1263 1303 3
1264 1265 5
1264 1304 2
1265 1266 3
1265 1305 3
1266 1267 4
1266 1306 1
1267 1268 2
1267 1307 5
1268 1269 5
1268 1308 3
1269 1270 3
1269 1309 5
1270 1271 2
1270 1310 3
1271 1272 3
1271 1311 5
1272 1273 5
1272 1312 2
1273 1274 2
1273 1313 3
1274 1275 5
1274 1314 3
1275 1276 5
1275 1315 4
1276 1277 5
1276 1316 5
1277 1278 2
1277 1317 5
1278 1279 1
1278 1318 1
1279 1280 1
1279 1319 4
1280 1320 1
1281 1282 1
1281 1321 2
1282 1283 3
1282 1322 5
1283 1284 1
1283 1323 4
1284 1285 4
1284 1324 1
1285 1286 5
1285 1325 4
1286 1287 2
1286 1326 1
1287 1288 2
1287 1327 3
1288 1289 1
1288 1328 3
1289 1290 2
1289 1329 3
1290 1291 1
1290 1330 5
1291 1292 5
1291 1331 3
1292 1293 1
1292 1332 3
1293 1294 3
1293 1333 1
1294 1295 1
1294 1334 2
1295 1296 2
1295 1335 5
1296 1297 4
1296 1336 5
1297 1298 3
1297 1337 2
1298 1299 5
1298 1338 3
1299 1300 5
1299 1339 3
1300 1301 4
1300 1340 4
1301 1302 3
1301 1341 5
1302 1303 2
1302 1342 1
1303 1304 3
1303 1343 2
1304 1305 3
1304 1344 4
1305 1306 3
1305 1345 4
1306 1307 4
1306 1346 4
1307 1308 1
1307 1347 2
1308 1309 2
1308 1348 1
1309 1310 4
1309 1349 3
1310 1311 4
1310 1350 3
1311 1312 1
1311 1351 4
1312 1313 4
1312 1352 5
1313 1314 5
1313 1353 3
1314 1315 3
1314 1354 1
1315 1316 2
1315 1355 5
1316 1317 2
1316 1356 2
1317 1318 3
1317 1357 5
1318 1319 3
1318 1358 3
1319 1320 5
1319 1359 4
1320 1360 2
1321 1322 1
1321 1361 5
1322 1323 1
1322 1362 4
1323 1324 3
1323 1363 3
1324 1325 3
1324 1364 2
1325 1326 2
1325 1365 2
1326 1327 3
1326 1366 1
1327 1328 5
1327 1367 3
1328 1329 5
1328 1368 3
1329 1330 4
1329 1369 3
1330 1331 3
1330 1370 1
1331 1332 4
1331 1371 3
1332 1333 1
1332 1372 3
1333 1334 1
1333 1373 2
1334 1335 3
1334 1374 4
1335 1336 5
1335 1375 3
1336 1337 3
1336 1376 2
1337 1338 2
1337 1377 4
1338 1339 2
1338 1378 2
1339 1340 4
1339 1379 4
1340 1341 1
1340 1380 1
1341 1342 2
1341 1381 1
1342 1343 1
1342 1382 4
1343 1344 4
1343 1383 4
1344 1345 3
1344 1384 5
1345 1346 4
1345 1385 3
1346 1347 4
1346 1386 5
1347 1348 5
1347 1387 1
1348 1349 4
1348 1388 2
1349 1350 4
1349 1389 3
1350 1351 3
1350 1390 3
1351 1352 3
1351 1391 3
1352 1353 5
1352 1392 1
1353 1354 4
1353 1393 4
1354 1355 3
1354 1394 3
1355 1356 2
1355 1395 3
1356 1357 3
1356 1396 3
1357 1358 2
1357 1397 4
1358 1359 2
1358 1398 5
1359 1360 1
1359 1399 5
1360 1400 1
1361 1362 4
1361 1401 1
1362 1363 5
1362 1402 1
1363 1364 2
1363 1403 2
1364 1365 3
1364 1404 5
1365 1366 3
1365 1405 1
1366 1367 3
1366 1406 3
1367 1368 1
1367 1407 3
1368 1369 1
1368 1408 5
1369 1370 3
1369 1409 5
1370 1371 2
1370 1410 1
1371 1372 3
1371 1411 5
1372 1373 3
1372 1412 4
1373 1374 1
1373 1413 4
1374 1375 3
1374 1414 4
1375 1376 3
1375 1415 2
1376 1377 4
1376 1416 3
1377 1378 4
1377 1417 1
1378 1379 4
1378 1418 4
1379 1380 1
1379 1419 4
1380 1381 5
1380 1420 2
1381 1382 3
1381 1421 1
1382 1383 5
1382 1422 2
1383 1384 1
1383 1423 1
1384 1385 4
1384 1424 5
1385 1386 3
1385 1425 2
1386 1387 2
1386 1426 5
1387 1388 3
1387 1427 1
1388 1389 1
1388 1428 1
1389 1390 3
1389 1429 2
1390 1391 5
1390 1430 2
1391 1392 5
1391 1431 2
1392 1393 1
1392 1432 2
1393 1394 1
1393 1433 1
1394 1395 2
1394 1434 4
1395 1396 4
1395 1435 2
1396 1397 5
1396 1436 3
1397 1398 4
1397 1437 2
1398 1399 1
1398 1438 4
1399 1400 4
1399 1439 5
1400 1440 5
1401 1402 4
1401 1441 4
1402 1403 4
1402 1442 3
1403 1404 2
1403 1443 4
1404 1405 3
1404 1444 1
1405 1406 1
1405 1445 2
1406 1407 2
1406 1446 1
1407 1408 5
1407 1447 1
1408 1409 5
1408 1448 5
1409 1410 2
1409 1449 5
1410 1411 3
1410 1450 4
1411 1412 3
1411 1451 4
1412 1413 5
1412 1452 5
1413 1414 2
1413 1453 3
1414 1415 5
1414 1454 5
1415 1416 4
1415 1455 5
1416 1417 4
1416 1456 5
1417 1418 2
1417 1457 3
1418 1419 2
1418 1458 2
1419 1420 5
1419 1459 3
1420 1421 5
1420 1460 2
1421 1422 2
1421 1461 5
1422 1423 1
1422 1462 2
1423 1424 5
1423 1463 3
1424 1425 4
1424 1464 3
1425 1426 1
1425 1465 2
1426 1427 3
1426 1466 3
1427 1428 5
1427 1467 5
1428 1429 1
1428 1468 4
1429 1430 4
1429 1469 3
1430 1431 1
1430 1470 1
1431 1432 2
1431 1471 5
1432 1433 1
1432 1472 5
1433 1434 4
1433 1473 4
1434 1435 3
1434 1474 1
1435 1436 5
1435 1475 2
1436 1437 4
1436 1476 3
1437 1438 4
1437 1477 4
1438 1439 2
1438 1478 2
1439 1440 1
1439 1479 5
1440 1480 1
1441 1442 2
1441 1481 4
1442 1443 1
1442 1482 1
1443 1444 1
1443 1483 3
1444 1445 5
1444 1484 5
1445 1446 5
1445 1485 1
1446 1447 1
1446 1486 5
1447 1448 2
1447 1487 2
1448 1449 1
1448 1488 2
1449 1450 1
1449 1489 2
1450 1451 2
1450 1490 3
1451 1452 3
1451 1491 5
1452 1453 2
1452 1492 1
1453 1454 5
1453 1493 3
1454 1455 3
1454 1494 4
1455 1456 3
1455 1495 3
1456 1457 2
1456 1496 4
1457 1458 5
1457 1497 2
1458 1459 5
1458 1498 1
1459 1460 5
1459 1499 4
1460 1461 4
1460 1500 2
1461 1462 2
1461 1501 1
1462 1463 2
1462 1502 3
1463 1464 1
1463 1503 3
1464 1465 3
1464 1504 4
1465 1466 4
1465 1505 2
1466 1467 3
1466 1506 4
1467 1468 3
1467 1507 4
1468 1469 5
1468 1508 4
1469 1470 2
1469 1509 1
1470 1471 2
1470 1510 5
1471 1472 4
1471 1511 4
1472 1473 5
1472 1512 1
1473 1474 2
1473 1513 1
1474 1475 1
1474 1514 2
1475 1476 5
1475 1515 1
1476 1477 2
1476 1516 3
1477 1478 2
1477 1517 3
1478 1479 1
1478 1518 2
1479 1480 2
1479 1519 5
1480 1520 5
1481 1482 4
1481 1521 1
1482 1483 4
1482 1522 1
1483 1484 1
1483 1523 4
1484 1485 2
1484 1524 3
1485 1486 3
1485 1525 4
1486 1487 4
1486 1526 1
1487 1488 1
1487 1527 5
1488 1489 1
1488 1528 2
1489 1490 3
1489 1529 1
1490 1491 3
1490 1530 3
1491 1492 3
1491 1531 3
1492 1493 4
1492 1532 4
1493 1494 2
1493 1533 2
1494 1495 5
1494 1534 4
1495 1496 1
1495 1535 3
1496 1497 5
1496 1536 3
1497 1498 5
1497 1537 4
1498 1499 2
1498 1538 5
1499 1500 5
1499 1539 4
1500 1501 2
1500 1540 5
1501 1502 2
1501 1541 1
1502 1503 2
1502 1542 5
1503 1504 4
1503 1543 5
1504 1505 2
1504 1544 1
1505 1506 5
1505 1545 1
1506 1507 3
1506 1546 3
1507 1508 5
1507 1547 1
1508 1509 5
1508 1548 1
1509 1510 1
1509 1549 5
1510 1511 5
1510 1550 3
1511 1512 5
1511 1551 4
1512 1513 1
1512 1552 1
1513 1514 1
1513 1553 4
1514 1515 4
1514 1554 3
1515 1516 2
1515 1555 2
1516 1517 3
1516 1556 4
1517 1518 1
1517 1557 2
1518 1519 3
1518 1558 1
1519 1520 4
1519 1559 5
1520 1560 2
1521 1522 1
1521 1561 2
1522 1523 3
1522 1562 5
1523 1524 2
1523 1563 1
1524 1525 5
1524 1564 5
1525 1526 4
1525 1565 4
1526 1527 3
1526 1566 2
1527 1528 1
1527 1567 1
1528 1529 5
1528 1568 2
1529 1530 2
1529 1569 3
1530 1531 4
1530 1570 2
1531 1532 2
1531 1571 1
1532 1533 4
1532 1572 4
1533 1534 2
1533 1573 4
1534 1535 3
1534 1574 1
1535 1536 3
1535 1575 2
1536 1537 4
1536 1576 4
1537 1538 4
1537 1577 5
1538 1539 1
1538 1578 2
1539 1540 5
1539 1579 3
1540 1541 3
1540 1580 5
1541 1542 1
1541 1581 2
1542 1543 4
1542 1582 1
1543 1544 1
1543 1583 4
1544 1545 4
1544 1584 1
1545 1546 5
1545 1585 2
1546 1547 3
1546 1586 5
1547 1548 4
1547 1587 2
1548 1549 2
1548 1588 2
1549 1550 5
1549 1589 3
1550 1551 1
1550 1590 1
1551 1552 4
1551 1591 4
1552 1553 2
1552 1592 1
1553 1554 1
1553 1593 4
1554 1555 3
1554 1594 4
1555 1556 3
1555 1595 3
1556 1557 3
1556 1596 4
1557 1558 3
1557 1597 3
1558 1559 5
1558 1598 3
1559 1560 4
1559 1599 4
1560 1600 3
1561 1562 5
1562 1563 4
1563 1564 3
1564 1565 1
1565 1566 4
1566 1567 4
1567 1568 2
1568 1569 5
1569 1570 5
1570 1571 3
1571 1572 1
1572 1573 4
1573 1574 5
1574 1575 1
1575 1576 4
1576 1577 3
1577 1578 1
1578 1579 5
1579 1580 1
1580 1581 2
1581 1582 5
1582 1583 5
1583 1584 3
1584 1585 5
1585 1586 5
1586 1587 4
1587 1588 3
1588 1589 1
1589 1590 4
1590 1591 3
1591 1592 2
1592 1593 1
1593 1594 3
1594 1595 2
1595 1596 5
1596 1597 4
1597 1598 5
1598 1599 2
1599 1600 1
