784 1512
1 2 5
1 29 2
2 3 5
2 30 1
3 4 3
3 31 3
4 5 5
4 32 2
5 6 5
5 33 3
6 7 2
6 34 5
7 8 2
7 35 5
8 9 3
8 36 5
9 10 5
9 37 1
10 11 4
10 38 2
11 12 3
11 39 1
12 13 2
12 40 4
13 14 4
13 41 3
14 15 3
14 42 4
15 16 5
15 43 2
16 17 2
16 44 1
17 18 3
17 45 4
18 19 3
18 46 4
19 20 1
19 47 2
20 21 2
20 48 2
21 22 2
21 49 4
22 23 5
22 50 2
23 24 4
23 51 2
24 25 5
24 52 5
25 26 4
25 53 1
26 27 2
26 54 5
27 28 4
27 55 2
28 56 5
29 30 2
29 57 1
30 31 4
30 58 3
31 32 2
31 59 4
32 33 3
32 60 1
33 34 1
33 61 5
34 35 5
34 62 5
35 36 1
35 63 3
36 37 2
36 64 3
37 38 2
37 65 4
38 39 4
38 66 3
39 40 4
39 67 3
40 41 4
40 68 5
41 42 5
41 69 4
42 43 2
42 70 1
43 44 5
43 71 1
44 45 5
44 72 3
45 46 3
45 73 1
46 47 5
46 74 1
47 48 1
47 75 2
48 49 3
48 76 3
49 50 2
49 77 1
50 51 2
50 78 5
51 52 1
51 79 2
52 53 4
52 80 2
53 54 4
53 81 3
54 55 1
54 82 5
55 56 3
55 83 1
56 84 2
57 58 4
57 85 3
58 59 3
58 86 2
59 60 4
59 87 1
60 61 3
60 88 5
61 62 4
61 89 3
62 63 1
62 90 2
63 64 3
63 91 3
64 65 4
64 92 3
65 66 4
65 93 4
66 67 5
66 94 3
67 68 4
67 95 1
68 69 5
68 96 2
69 70 2
69 97 2
70 71 5
70 98 1
71 72 1
71 99 3
72 73 4
72 100 3
73 74 1
73 101 2
74 75 3
74 102 2
75 76 1
75 103 2
76 77 4
76 104 1
77 78 2
77 105 5
78 79 3
78 106 5
79 80 1
79 107 3
80 81 3
80 108 5
81 82 3
81 109 1
82 83 2
82 110 3
83 84 1
83 111 3
84 112 5
85 86 4
85 113 5
86 87 1
86 114 2
87 88 5
87 115 4
88 89 4
88 116 3
89 90 5
89 117 3
90 91 4
90 118 5
91 92 5
91 119 3
92 93 5
92 120 5
93 94 5
93 121 3
94 95 4
94 122 5
95 96 4
95 123 3
96 97 4
96 124 3
97 98 3
97 125 3
98 99 3
98 126 5
99 100 4
99 127 4
100 101 2
100 128 3
101 102 2
101 129 2
102 103 1
102 130 5
103 104 5
103 131 4
104 105 3
104 132 5
105 106 3
105 133 1
106 107 4
106 134 1
107 108 4
107 135 5
108 109 4
108 136 3
109 110 4
109 137 4
110 111 5
110 138 4
111 112 1
111 139 5
112 140 5
113 114 1
113 141 4
114 115 1
114 142 2
115 116 2
115 143 1
116 117 4
116 144 2
117 118 5
117 145 2
118 119 4
118 146 2
119 120 2
119 147 1
120 121 5
120 148 4
121 122 4
121 149 5
122 123 3
122 150 5
123 124 4
123 151 2
124 125 5
124 152 2
125 126 4
125 153 3
126 127 5
126 154 3
127 128 1
127 155 3
128 129 4
128 156 3
129 130 5
129 157 2
130 131 5
130 158 3
131 132 2
131 159 5
132 133 3
132 160 4
133 134 3
133 161 3
134 135 1
134 162 5
135 136 4
135 163 5
136 137 3
136 164 5
137 138 4
137 165 5
138 139 4
138 166 3
139 140 5
139 167 2
140 168 1
141 142 5
141 169 2
142 143 5
142 170 3
143 144 5
143 171 1
144 145 5
144 172 5
145 146 4
145 173 2
146 147 3
146 174 4
147 148 1
147 175 3
148 149 5
148 176 4
149 150 4
149 177 5
150 151 3
150 178 5
151 152 5
151 179 5
152 153 4
152 180 4
153 154 2
153 181 5
154 155 4
154 182 3
155 156 4
155 183 2
156 157 4
156 184 3
157 158 4
157 185 5
158 159 1
158 186 5
159 160 2
159 187 4
160 161 4
160 188 4
161 162 5
161 189 4
162 163 3
162 190 2
163 164 3
163 191 3
164 165 3
164 192 1
165 166 2
165 193 5
166 167 3
166 194 5
167 168 1
167 195 3
168 196 1
169 170 1
169 197 2
170 171 3
170 198 4
171 172 5
171 199 1
172 173 3
172 200 2
173 174 4
173 201 4
174 175 5
174 202 3
175 176 2
175 203 2
176 177 3
176 204 4
177 178 4
177 205 4
178 179 1
178 206 2
179 180 3
179 207 2
180 181 3
180 208 4
181 182 1
181 209 3
182 183 1
182 210 3
183 184 5
183 211 3
184 185 5
184 212 4
185 186 1
185 213 5
186 187 1
186 214 2
187 188 1
187 215 3
188 189 2
188 216 4
189 190 4
189 217 4
190 191 4
190 218 5
191 192 3
191 219 1
192 193 1
192 220 3
193 194 5
193 221 5
194 195 3
194 222 5
195 196 3
195 223 1
196 224 1
197 198 3
197 225 2
198 199 3
198 226 1
199 200 3
199 227 1
200 201 3
200 228 2
201 202 1
201 229 1
202 203 4
202 230 1
203 204 1
203 231 3
204 205 2
204 232 3
205 206 2
205 233 2
206 207 3
206 234 4
207 208 5
207 235 4
208 209 1
208 236 3
209 210 5
209 237 2
210 211 2
210 238 1
211 212 4
211 239 4
212 213 1
212 240 1
213 214 1
213 241 4
214 215 3
214 242 4
215 216 4
215 243 3
216 217 4
216 244 2
217 218 3
217 245 5
218 219 3
218 246 3
219 220 3
219 247 1
220 221 4
220 248 1
221 222 4
221 249 3
222 223 5
222 250 5
223 224 3
223 251 5
224 252 1
225 226 4
225 253 3
226 227 4
226 254 4
227 228 3
227 255 3
228 229 5
228 256 3
229 230 4
229 257 5
230 231 1
230 258 4
231 232 2
231 259 2
232 233 3
232 260 2
233 234 3
233 261 2
234 235 2
234 262 4
235 236 4
235 263 2
236 237 1
236 264 2
237 238 3
237 265 5
238 239 2
238 266 1
239 240 3
239 267 4
240 241 5
240 268 4
241 242 1
241 269 4
242 243 2
242 270 5
243 244 2
243 271 3
244 245 2
244 272 4
245 246 3
245 273 5
246 247 3
246 274 2
247 248 2
247 275 3
248 249 5
248 276 1
249 250 1
249 277 1
250 251 4
250 278 5
251 252 3
251 279 2
252 280 4
253 254 3
253 281 3
254 255 5
254 282 2
255 256 5
255 283 2
256 257 1
256 284 5
257 258 5
257 285 4
258 259 3
258 286 1
259 260 4
259 287 5
260 261 5
260 288 3
261 262 3
261 289 4
262 263 4
262 290 4
263 264 1
263 291 4
264 265 2
264 292 2
265 266 1
265 293 1
266 267 4
266 294 5
267 268 5
267 295 5
268 269 5
268 296 5
269 270 1
269 297 2
270 271 2
270 298 4
271 272 4
271 299 4
272 273 2
272 300 1
273 274 4
273 301 3
274 275 4
274 302 5
275 276 4
275 303 1
276 277 3
276 304 1
277 278 1
277 305 5
278 279 4
278 306 1
279 280 2
279 307 2
280 308 1
281 282 3
281 309 4
282 283 2
282 310 5
283 284 2
283 311 3
284 285 4
284 312 5
285 286 4
285 313 4
286 287 1
286 314 2
287 288 1
287 315 4
288 289 3
288 316 4
289 290 5
289 317 1
290 291 4
290 318 4
291 292 1
291 319 4
292 293 1
292 320 5
293 294 5
293 321 1
294 295 5
294 322 2
295 296 4
295 323 3
296 297 5
296 324 2
297 298 4
297 325 3
298 299 2
298 326 2
299 300 1
299 327 2
300 301 1
300 328 1
301 302 1
301 329 1
302 303 5
302 330 5
303 304 2
303 331 5
304 305 4
304 332 2
305 306 5
305 333 4
306 307 4
306 334 5
307 308 4
307 335 3
308 336 3
309 310 5
309 337 1
310 311 1
310 338 1
311 312 1
311 339 2
312 313 3
312 340 3
313 314 1
313 341 1
314 315 2
314 342 3
315 316 5
315 343 4
316 317 3
316 344 1
317 318 1
317 345 3
318 319 5
318 346 5
319 320 5
319 347 2
320 321 2
320 348 1
321 322 1
321 349 2
322 323 3
322 350 1
323 324 2
323 351 4
324 325 4
324 352 1
325 326 3
325 353 5
326 327 3
326 354 2
327 328 5
327 355 1
328 329 3
328 356 5
329 330 4
329 357 3
330 331 1
330 358 4
331 332 5
331 359 4
332 333 4
332 360 2
333 334 1
333 361 2
334 335 5
334 362 5
335 336 4
335 363 1
336 364 3
337 338 4
337 365 1
338 339 4
338 366 2
339 340 3
339 367 3
340 341 2
340 368 5
341 342 2
341 369 4
342 343 1
342 370 3
343 344 4
343 371 4
344 345 5
344 372 3
345 346 3
345 373 2
346 347 1
346 374 2
347 348 1
347 375 4
348 349 2
348 376 5
349 350 1
349 377 3
350 351 4
350 378 5
351 352 1
351 379 4
352 353 1
352 380 1
353 354 4
353 381 2
354 355 4
354 382 4
355 356 2
355 383 3
356 357 4
356 384 1
357 358 5
357 385 2
358 359 4
358 386 4
359 360 4
359 387 3
360 361 4
360 388 4
361 362 4
361 389 5
362 363 5
362 390 4
363 364 1
363 391 1
364 392 1
365 366 1
365 393 5
366 367 4
366 394 1
367 368 1
367 395 2
368 369 3
368 396 3
369 370 2
369 397 2
370 371 3
370 398 2
371 372 2
371 399 4
372 373 2
372 400 2
373 374 3
373 401 2
374 375 1
374 402 1
375 376 5
375 403 2
376 377 2
376 404 5
377 378 4
377 405 2
378 379 3
378 406 3
379 380 1
379 407 4
380 381 5
380 408 5
381 382 1
381 409 4
382 383 5
382 410 5
383 384 3
383 411 1
384 385 4
384 412 3
385 386 2
385 413 5
386 387 4
386 414 4
387 388 1
387 415 3
388 389 4
388 416 5
389 390 2
389 417 3
390 391 5
390 418 5
391 392 1
391 419 1
392 420 2
393 394 3
393 421 2
394 395 1
394 422 3
395 396 5
395 423 5
396 397 1
396 424 1
397 398 5
397 425 1
398 399 2
398 426 1
399 400 3
399 427 3
400 401 2
400 428 4
401 402 3
401 429 3
402 403 3
402 430 5
403 404 3
403 431 4
404 405 5
404 432 3
405 406 2
405 433 1
406 407 2
406 434 5
407 408 1
407 435 2
408 409 4
408 436 2
409 410 4
409 437 5
410 411 1
410 438 1
411 412 5
411 439 5
412 413 3
412 440 3
413 414 5
413 441 3
414 415 4
414 442 5
415 416 3
415 443 5
416 417 5
416 444 3
417 418 5
417 445 1
418 419 1
418 446 2
419 420 2
419 447 4
420 448 2
421 422 5
421 449 3
422 423 3
422 450 1
423 424 2
423 451 4
424 425 5
424 452 2
425 426 3
425 453 2
426 427 5
426 454 1
427 428 3
427 455 2
428 429 5
428 456 2
429 430 2
429 457 5
430 431 1
430 458 5
431 432 1
431 459 1
432 433 1
432 460 1
433 434 1
433 461 4
434 435 4
434 462 4
435 436 3
435 463 1
436 437 5
436 464 5
437 438 2
437 465 2
438 439 5
438 466 1
439 440 2
439 467 1
440 441 3
440 468 5
441 442 2
441 469 3
442 443 1
442 470 3
443 444 2
443 471 3
444 445 5
444 472 5
445 446 1
445 473 5
446 447 2
446 474 5
447 448 3
447 475 3
448 476 3
449 450 2
449 477 3
450 451 1
450 478 2
451 452 4
451 479 1
452 453 2
452 480 3
453 454 4
453 481 2
454 455 5
454 482 4
455 456 1
455 483 1
456 457 1
456 484 5
457 458 2
457 485 1
458 459 5
458 486 3
459 460 3
459 487 1
460 461 4
460 488 3
461 462 5
461 489 4
462 463 2
462 490 3
463 464 1
463 491 1
464 465 1
464 492 1
465 466 5
465 493 2
466 467 3
466 494 4
467 468 5
467 495 1
468 469 4
468 496 1
469 470 2
469 497 1
470 471 3
470 498 1
471 472 1
471 499 3
472 473 5
472 500 4
473 474 2
473 501 1
474 475 2
474 502 4
475 476 1
475 503 2
476 504 4
477 478 3
477 505 5
478 479 5
478 506 3
479 480 5
479 507 2
480 481 5
480 508 5
481 482 1
481 509 2
482 483 5
482 510 1
483 484 4
483 511 2
484 485 1
484 512 5
485 486 2
485 513 5
486 487 1
486 514 3
487 488 3
487 515 4
488 489 3
488 516 4
489 490 5
489 517 5
490 491 1
490 518 5
491 492 5
491 519 2
492 493 3
492 520 1
493 494 3
493 521 4
494 495 5
494 522 2
495 496 2
495 523 5
496 497 2
496 524 5
497 498 1
497 525 3
498 499 3
498 526 2
499 500 2
499 527 4
500 501 1
500 528 4
501 502 5
501 529 4
502 503 2
502 530 4
503 504 1
503 531 5
504 532 2
505 506 4
505 533 1
506 507 3
506 534 5
507 508 1
507 535 5
508 509 1
508 536 2
509 510 1
509 537 1
510 511 3
510 538 5
511 512 1
511 539 5
512 513 4
512 540 5
513 514 2
513 541 5
514 515 5
514 542 5
515 516 5
515 543 5
516 517 2
516 544 1
517 518 5
517 545 2
518 519 4
518 546 2
519 520 1
519 547 4
520 521 3
520 548 5
521 522 5
521 549 5
522 523 4
522 550 3
523 524 3
523 551 1
524 525 4
524 552 4
525 526 3
525 553 2
526 527 3
526 554 3
527 528 1
527 555 3
528 529 2
528 556 5
529 530 4
529 557 1
530 531 4
530 558 3
531 532 4
531 559 5
532 560 2
533 534 3
533 561 1
534 535 2
534 562 3
535 536 3
535 563 4
536 537 3
536 564 2
537 538 4
537 565 1
538 539 5
538 566 4
539 540 1
539 567 2
540 541 5
540 568 3
541 542 4
541 569 1
542 543 1
542 570 1
543 544 3
543 571 1
544 545 1
544 572 2
545 546 5
545 573 5
546 547 4
546 574 1
547 548 4
547 575 3
548 549 4
548 576 5
549 550 3
549 577 2
550 551 3
550 578 4
551 552 5
551 579 4
552 553 2
552 580 2
553 554 1
553 581 1
554 555 2
554 582 1
555 556 3
555 583 3
556 557 3
556 584 2
557 558 1
557 585 5
558 559 1
558 586 1
559 560 3
559 587 3
560 588 2
561 562 1
561 589 3
562 563 5
562 590 2
563 564 5
563 591 4
564 565 3
564 592 1
565 566 5
565 593 5
566 567 1
566 594 1
567 568 5
567 595 3
568 569 1
568 596 4
569 570 5
569 597 5
570 571 5
570 598 2
571 572 1
571 599 4
572 573 1
572 600 1
573 574 5
573 601 5
574 575 3
574 602 1
575 576 5
575 603 5
576 577 5
576 604 1
577 578 3
577 605 3
578 579 1
578 606 1
579 580 4
579 607 5
580 581 4
580 608 3
581 582 1
581 609 5
582 583 3
582 610 2
583 584 1
583 611 3
584 585 1
584 612 3
585 586 2
585 613 4
586 587 1
586 614 5
587 588 5
587 615 3
588 616 2
589 590 5
589 617 5
590 591 1
590 618 2
591 592 2
591 619 2
592 593 5
592 620 4
593 594 2
593 621 4
594 595 1
594 622 5
595 596 3
595 623 4
596 597 2
596 624 5
597 598 2
597 625 2
598 599 1
598 626 4
599 600 1
599 627 2
600 601 1
600 628 4
601 602 5
601 629 4
602 603 2
602 630 5
603 604 5
603 631 2
604 605 2
604 632 2
605 606 4
605 633 1
606 607 1
606 634 2
607 608 2
607 635 2
608 609 4
608 636 2
609 610 1
609 637 3
610 611 3
610 638 5
611 612 5
611 639 3
612 613 1
612 640 4
613 614 4
613 641 1
614 615 2
614 642 5
615 616 1
615 643 4
616 644 1
617 618 1
617 645 4
618 619 4
618 646 5
619 620 4
619 647 4
620 621 2
620 648 4
621 622 5
621 649 5
622 623 4
622 650 1
623 624 1
623 651 5
624 625 4
624 652 5
625 626 5
625 653 3
626 627 4
626 654 3
627 628 1
627 655 4
628 629 3
628 656 3
629 630 5
629 657 4
630 631 2
630 658 3
631 632 2
631 659 1
632 633 3
632 660 5
633 634 2
633 661 3
634 635 1
634 662 1
635 636 2
635 663 5
636 637 2
636 664 5
637 638 4
637 665 2
638 639 5
638 666 4
639 640 4
639 667 5
640 641 4
640 668 3
641 642 5
641 669 3
642 643 1
642 670 4
643 644 1
643 671 1
644 672 1
645 646 5
645 673 5
646 647 2
646 674 2
647 648 1
647 675 5
648 649 4
648 676 4
649 650 4
649 677 4
650 651 2
650 678 5
651 652 5
651 679 4
652 653 2
652 680 2
653 654 3
653 681 3
654 655 1
654 682 3
655 656 2
655 683 1
656 657 1
656 684 5
657 658 4
657 685 3
658 659 3
658 686 5
659 660 1
659 687 4
660 661 5
660 688 5
661 662 5
661 689 3
662 663 5
662 690 2
663 664 4
663 691 2
664 665 1
664 692 1
665 666 5
665 693 5
666 667 3
666 694 5
667 668 5
667 695 5
668 669 4
668 696 4
669 670 3
669 697 4
670 671 3
670 698 2
671 672 3
671 699 4
672 700 2
673 674 1
673 701 1
674 675 2
674 702 5
675 676 4
675 703 2
676 677 3
676 704 3
677 678 1
677 705 5
678 679 4
678 706 4
679 680 1
679 707 1
680 681 2
680 708 4
681 682 4
681 709 5
682 683 1
682 710 4
683 684 4
683 711 2
684 685 3
684 712 3
685 686 4
685 713 2
686 687 2
686 714 4
687 688 4
687 715 3
688 689 1
688 716 3
689 690 1
689 717 3
690 691 2
690 718 5
691 692 4
691 719 5
692 693 4
692 720 4
693 694 5
693 721 4
694 695 5
694 722 3
695 696 3
695 723 2
696 697 4
696 724 4
697 698 2
697 725 2
698 699 3
698 726 5
699 700 4
699 727 1
700 728 4
701 702 1
701 729 3
702 703 2
702 730 5
703 704 2
703 731 5
704 705 4
704 732 5
705 706 1
705 733 3
706 707 1
706 734 1
707 708 1
707 735 3
708 709 4
708 736 4
709 710 1
709 737 5
710 711 5
710 738 3
711 712 2
711 739 3
712 713 2
712 740 5
713 714 3
713 741 5
714 715 5
714 742 4
715 716 5
715 743 2
716 717 3
716 744 4
717 718 1
717 745 4
718 719 3
718 746 1
719 720 5
719 747 3
720 721 2
720 748 3
721 722 5
721 749 1
722 723 1
722 750 5
723 724 5
723 751 1
724 725 5
724 752 1
725 726 3
725 753 1
726 727 1
726 754 4
727 728 1
727 755 1
728 756 4
729 730 1
729 757 4
730 731 5
730 758 3
731 732 5
731 759 1
732 733 1
732 760 3
733 734 3
733 761 4
734 735 5
734 762 1
735 736 1
735 763 1
736 737 1
736 764 3
737 738 2
737 765 3
738 739 4
738 766 3
739 740 3
739 767 5
740 741 3
740 768 1
741 742 1
741 769 5
742 743 3
742 770 4
743 744 4
743 771 5
744 745 2
744 772 3
745 746 1
745 773 1
746 747 3
746 774 5
747 748 3
747 775 5
748 749 5
748 776 2
749 750 4
749 777 1
750 751 1
750 778 1
751 752 1
751 779 3
752 753 2
752 780 5
753 754 5
753 781 4
754 755 1
754 782 5
755 756 3
755 783 3
756 784 3
757 758 4
758 759 3
759 760 2
760 761 5
761 762 2
762 763 4
763 764 4
764 765 3
765 766 1
766 767 2
767 768 5
768 769 1
769 770 3
770 771 1
771 772 4
772 773 4
773 774 3
774 775 2
775 776 5
776 777 2
777 778 1
778 779 2
779 780 1
780 781 4
781 782 4
782 783 2
783 784 2
