1600 3120
1 2 5
1 41 1
2 3 3
2 42 1
3 4 5
3 43 2
4 5 4
4 44 3
5 6 1
5 45 4
6 7 5
6 46 4
7 8 3
7 47 5
8 9 3
8 48 2
9 10 2
9 49 5
10 11 4
10 50 2
11 12 1
11 51 2
12 13 2
12 52 3
13 14 5
13 53 4
14 15 3
14 54 3
15 16 2
15 55 2
16 17 4
16 56 1
17 18 2
17 57 5
18 19 2
18 58 4
19 20 5
19 59 4
20 21 2
20 60 3
21 22 3
21 61 2
22 23 2
22 62 3
23 24 2
23 63 2
24 25 5
24 64 1
25 26 5
25 65 2
26 27 5
26 66 3
27 28 2
27 67 1
28 29 2
28 68 4
29 30 3
29 69 3
30 31 5
30 70 3
31 32 3
31 71 4
32 33 4
32 72 4
33 34 3
33 73 1
34 35 5
34 74 2
35 36 4
35 75 1
36 37 3
36 76 1
37 38 1
37 77 3
38 39 2
38 78 3
39 40 1
39 79 4
40 80 2
41 42 4
41 81 1
42 43 5
42 82 2
43 44 3
43 83 1
44 45 2
44 84 3
45 46 4
45 85 4
46 47 2
46 86 1
47 48 5
47 87 1
48 49 5
48 88 3
49 50 5
49 89 2
50 51 5
50 90 5
51 52 1
51 91 1
52 53 1
52 92 1
53 54 1
53 93 3
54 55 4
54 94 5
55 56 4
55 95 1
56 57 1
56 96 3
57 58 3
57 97 5
58 59 5
58 98 2
59 60 4
59 99 2
60 61 1
60 100 4
61 62 3
61 101 3
62 63 5
62 102 4
63 64 5
63 103 2
64 65 5
64 104 2
65 66 4
65 105 3
66 67 5
66 106 3
67 68 2
67 107 4
68 69 4
68 108 5
69 70 1
69 109 2
70 71 2
70 110 3
71 72 1
71 111 1
72 73 2
72 112 2
73 74 2
73 113 2
74 75 4
74 114 2
75 76 1
75 115 3
76 77 2
76 116 1
77 78 3
77 117 5
78 79 4
78 118 2
79 80 5
79 119 2
80 120 2
81 82 5
81 121 1
82 83 4
82 122 3
83 84 3
83 123 3
84 85 4
84 124 5
85 86 4
85 125 2
86 87 1
86 126 4
87 88 5
87 127 2
88 89 5
88 128 3
89 90 3
89 129 4
90 91 1
90 130 2
91 92 1
91 131 2
92 93 4
92 132 3
93 94 2
93 133 4
94 95 1
94 134 4
95 96 1
95 135 4
96 97 4
96 136 5
97 98 2
97 137 3
98 99 5
98 138 1
99 100 3
99 139 2
100 101 2
100 140 4
101 102 2
101 141 4
102 103 1
102 142 3
103 104 5
103 143 2
104 105 3
104 144 5
105 106 2
105 145 4
106 107 5
106 146 2
107 108 2
107 147 2
108 109 2
108 148 1
109 110 4
109 149 2
110 111 4
110 150 1
111 112 1
111 151 4
112 113 1
112 152 3
113 114 1
113 153 2
114 115 4
114 154 3
115 116 1
115 155 3
116 117 5
116 156 1
117 118 5
117 157 4
118 119 3
118 158 1
119 120 3
119 159 2
120 160 2
121 122 4
121 161 3
122 123 2
122 162 5
123 124 4
123 163 2
124 125 2
124 164 1
125 126 2
125 165 4
126 127 2
126 166 2
127 128 3
127 167 4
128 129 5
128 168 3
129 130 5
129 169 1
130 131 3
130 170 2
131 132 5
131 171 1
132 133 5
132 172 4
133 134 5
133 173 3
134 135 5
134 174 1
135 136 5
135 175 1
136 137 4
136 176 4
137 138 2
137 177 3
138 139 4
138 178 3
139 140 1
139 179 4
140 141 2
140 180 1
141 142 5
141 181 4
142 143 5
142 182 4
143 144 1
143 183 1
144 145 2
144 184 2
145 146 2
145 185 5
146 147 2
146 186 1
147 148 5
147 187 3
148 149 2
148 188 2
149 150 5
149 189 1
150 151 5
150 190 5
151 152 3
151 191 3
152 153 1
152 192 4
153 154 5
153 193 3
154 155 2
154 194 1
155 156 2
155 195 1
156 157 4
156 196 1
157 158 5
157 197 3
158 159 3
158 198 3
159 160 1
159 199 3
160 200 3
161 162 3
161 201 5
162 163 5
162 202 5
163 164 3
163 203 2
164 165 3
164 204 1
165 166 4
165 205 2
166 167 5
166 206 5
167 168 5
167 207 2
168 169 4
168 208 1
169 170 2
169 209 2
170 171 1
170 210 4
171 172 3
171 211 5
172 173 4
172 212 4
173 174 2
173 213 3
174 175 1
174 214 1
175 176 3
175 215 5
176 177 2
176 216 3
177 178 4
177 217 1
178 179 1
178 218 2
179 180 4
179 219 4
180 181 2
180 220 3
181 182 1
181 221 3
182 183 3
182 222 2
183 184 4
183 223 3
184 185 1
184 224 3
185 186 4
185 225 4
186 187 5
186 226 3
187 188 1
187 227 3
188 189 5
188 228 3
189 190 5
189 229 2
190 191 3
190 230 5
191 192 3
191 231 5
192 193 2
192 232 2
193 194 1
193 233 1
194 195 4
194 234 3
195 196 3
195 235 4
196 197 4
196 236 1
197 198 5
197 237 2
198 199 3
198 238 1
199 200 1
199 239 1
200 240 2
201 202 5
201 241 5
202 203 3
202 242 1
203 204 3
203 243 2
204 205 5
204 244 5
205 206 3
205 245 2
206 207 5
206 246 5
207 208 1
207 247 5
208 209 1
208 248 2
209 210 2
209 249 2
210 211 1
210 250 5
211 212 1
211 251 4
212 213 3
212 252 1
213 214 5
213 253 3
214 215 2
214 254 3
215 216 5
215 255 4
216 217 5
216 256 3
217 218 4
217 257 5
218 219 5
218 258 3
219 220 4
219 259 2
220 221 4
220 260 3
221 222 2
221 261 1
222 223 5
222 262 5
223 224 4
223 263 1
224 225 1
224 264 5
225 226 5
225 265 5
226 227 5
226 266 3
227 228 5
227 267 2
228 229 3
228 268 5
229 230 1
229 269 1
230 231 4
230 270 4
231 232 2
231 271 5
232 233 1
232 272 1
233 234 4
233 273 4
234 235 5
234 274 5
235 236 1
235 275 1
236 237 5
236 276 3
237 238 1
237 277 3
238 239 1
238 278 4
239 240 5
239 279 1
240 280 1
241 242 2
241 281 1
242 243 2
242 282 2
243 244 3
243 283 5
244 245 4
244 284 1
245 246 4
245 285 4
246 247 2
246 286 1
247 248 4
247 287 5
248 249 3
248 288 3
249 250 2
249 289 4
250 251 1
250 290 4
251 252 4
251 291 1
252 253 5
252 292 4
253 254 2
253 293 5
254 255 4
254 294 3
255 256 5
255 295 4
256 257 3
256 296 5
257 258 2
257 297 2
258 259 1
258 298 1
259 260 5
259 299 2
260 261 2
260 300 2
261 262 4
261 301 1
262 263 2
262 302 5
263 264 5
263 303 2
264 265 5
264 304 1
265 266 4
265 305 3
266 267 5
266 306 2
267 268 1
267 307 2
268 269 2
268 308 2
269 270 3
269 309 4
270 271 2
270 310 5
271 272 1
271 311 3
272 273 4
272 312 1
273 274 4
273 313 2
274 275 4
274 314 3
275 276 4
275 315 5
276 277 1
276 316 3
277 278 1
277 317 4
278 279 2
278 318 3
279 280 2
279 319 1
280 320 2
281 282 1
281 321 2
282 283 2
282 322 2
283 284 1
283 323 2
284 285 4
284 324 4
285 286 4
285 325 3
286 287 5
286 326 5
287 288 3
287 327 2
288 289 4
288 328 5
289 290 3
289 329 5
290 291 1
290 330 3
291 292 5
291 331 3
292 293 2
292 332 1
293 294 4
293 333 5
294 295 2
294 334 5
295 296 4
295 335 4
296 297 4
296 336 5
297 298 1
297 337 5
298 299 4
298 338 3
299 300 2
299 339 5
300 301 2
300 340 2
301 302 5
301 341 2
302 303 2
302 342 5
303 304 2
303 343 2
304 305 3
304 344 4
305 306 4
305 345 4
306 307 3
306 346 1
307 308 4
307 347 1
308 309 2
308 348 2
309 310 1
309 349 3
310 311 1
310 350 3
311 312 1
311 351 3
312 313 4
312 352 5
313 314 1
313 353 2
314 315 4
314 354 5
315 316 4
315 355 5
316 317 1
316 356 1
317 318 5
317 357 5
318 319 3
318 358 5
319 320 1
319 359 2
320 360 2
321 322 5
321 361 1
322 323 4
322 362 5
323 324 4
323 363 1
324 325 4
324 364 3
325 326 5
325 365 2
326 327 2
326 366 2
327 328 5
327 367 5
328 329 2
328 368 4
329 330 5
329 369 5
330 331 5
330 370 1
331 332 4
331 371 3
332 333 3
332 372 5
333 334 1
333 373 4
334 335 3
334 374 1
335 336 2
335 375 3
336 337 2
336 376 3
337 338 2
337 377 2
338 339 1
338 378 2
339 340 4
339 379 4
340 341 2
340 380 3
341 342 1
341 381 1
342 343 4
342 382 3
343 344 3
343 383 1
344 345 1
344 384 4
345 346 4
345 385 2
346 347 3
346 386 3
347 348 5
347 387 2
348 349 2
348 388 2
349 350 1
349 389 5
350 351 4
350 390 4
351 352 4
351 391 5
352 353 5
352 392 4
353 354 5
353 393 4
354 355 3
354 394 2
355 356 3
355 395 2
356 357 4
356 396 1
357 358 3
357 397 5
358 359 3
358 398 4
359 360 2
359 399 1
360 400 5
361 362 1
361 401 2
362 363 4
362 402 3
363 364 1
363 403 4
364 365 3
364 404 4
365 366 1
365 405 5
366 367 1
366 406 1
367 368 1
367 407 2
368 369 3
368 408 4
369 370 4
369 409 1
370 371 1
370 410 3
371 372 1
371 411 5
372 373 5
372 412 5
373 374 5
373 413 3
374 375 1
374 414 1
375 376 2
375 415 4
376 377 1
376 416 4
377 378 4
377 417 5
378 379 4
378 418 1
379 380 5
379 419 4
380 381 4
380 420 3
381 382 4
381 421 5
382 383 2
382 422 4
383 384 3
383 423 1
384 385 3
384 424 1
385 386 1
385 425 2
386 387 5
386 426 5
387 388 1
387 427 4
388 389 3
388 428 3
389 390 4
389 429 1
390 391 3
390 430 5
391 392 2
391 431 5
392 393 1
392 432 3
393 394 4
393 433 3
394 395 4
394 434 4
395 396 4
395 435 4
396 397 5
396 436 4
397 398 5
397 437 4
398 399 3
398 438 4
399 400 1
399 439 2
400 440 2
401 402 4
401 441 5
402 403 5
402 442 2
403 404 3
403 443 3
404 405 3
404 444 5
405 406 5
405 445 4
406 407 4
406 446 3
407 408 1
407 447 3
408 409 1
408 448 5
409 410 3
409 449 3
410 411 3
410 450 2
411 412 3
411 451 5
412 413 4
412 452 2
413 414 4
413 453 5
414 415 5
414 454 1
415 416 5
415 455 5
416 417 4
416 456 3
417 418 5
417 457 5
418 419 1
418 458 2
419 420 4
419 459 3
420 421 3
420 460 2
421 422 5
421 461 1
422 423 3
422 462 4
423 424 3
423 463 1
424 425 5
424 464 4
425 426 5
425 465 3
426 427 2
426 466 1
427 428 2
427 467 2
428 429 5
428 468 1
429 430 5
429 469 5
430 431 2
430 470 2
431 432 4
431 471 3
432 433 2
432 472 2
433 434 2
433 473 5
434 435 3
434 474 2
435 436 3
435 475 5
436 437 1
436 476 2
437 438 5
437 477 5
438 439 2
438 478 4
439 440 4
439 479 4
440 480 3
441 442 3
441 481 3
442 443 5
442 482 5
443 444 5
443 483 4
444 445 2
444 484 3
445 446 5
445 485 4
446 447 5
446 486 4
447 448 1
447 487 3
448 449 5
448 488 4
449 450 2
449 489 1
450 451 1
450 490 5
451 452 1
451 491 4
452 453 4
452 492 1
453 454 5
453 493 3
454 455 1
454 494 2
455 456 3
455 495 1
456 457 4
456 496 4
457 458 5
457 497 1
458 459 2
458 498 2
459 460 3
459 499 3
460 461 2
460 500 1
461 462 4
461 501 1
462 463 5
462 502 2
463 464 2
463 503 1
464 465 5
464 504 4
465 466 3
465 505 4
466 467 3
466 506 1
467 468 3
467 507 5
468 469 5
468 508 5
469 470 3
469 509 2
470 471 5
470 510 3
471 472 3
471 511 5
472 473 2
472 512 4
473 474 3
473 513 5
474 475 1
474 514 3
475 476 3
475 515 2
476 477 2
476 516 5
477 478 1
477 517 2
478 479 2
478 518 2
479 480 2
479 519 1
480 520 1
481 482 5
481 521 4
482 483 5
482 522 1
483 484 5
483 523 3
484 485 1
484 524 2
485 486 5
485 525 3
486 487 2
486 526 1
487 488 3
487 527 4
488 489 3
488 528 5
489 490 2
489 529 2
490 491 4
490 530 5
491 492 4
491 531 2
492 493 5
492 532 4
493 494 2
493 533 5
494 495 5
494 534 4
495 496 3
495 535 2
496 497 4
496 536 1
497 498 5
497 537 2
498 499 4
498 538 4
499 500 1
499 539 3
500 501 5
500 540 5
501 502 3
501 541 4
502 503 4
502 542 2
503 504 3
503 543 2
504 505 4
504 544 3
505 506 2
505 545 4
506 507 2
506 546 2
507 508 5
507 547 3
508 509 5
508 548 5
509 510 5
509 549 1
510 511 2
510 550 1
511 512 5
511 551 1
512 513 1
512 552 3
513 514 2
513 553 3
514 515 3
514 554 4
515 516 1
515 555 3
516 517 3
516 556 5
517 518 2
517 557 1
518 519 1
518 558 3
519 520 4
519 559 1
520 560 3
521 522 3
521 561 1
522 523 4
522 562 1
523 524 2
523 563 3
524 525 5
524 564 5
525 526 4
525 565 5
526 527 4
526 566 2
527 528 4
527 567 3
528 529 2
528 568 3
529 530 5
529 569 4
530 531 4
530 570 2
531 532 2
531 571 2
532 533 2
532 572 2
533 534 2
533 573 4
534 535 3
534 574 3
535 536 2
535 575 5
536 537 4
536 576 2
537 538 3
537 577 2
538 539 2
538 578 1
539 540 4
539 579 1
540 541 1
540 580 2
541 542 1
541 581 4
542 543 5
542 582 1
543 544 2
543 583 5
544 545 4
544 584 4
545 546 1
545 585 1
546 547 5
546 586 3
547 548 2
547 587 5
548 549 3
548 588 5
549 550 4
549 589 1
550 551 3
550 590 1
551 552 4
551 591 5
552 553 5
552 592 4
553 554 4
553 593 2
554 555 2
554 594 5
555 556 4
555 595 2
556 557 5
556 596 5
557 558 5
557 597 1
558 559 1
558 598 5
559 560 4
559 599 3
560 600 4
561 562 1
561 601 2
562 563 2
562 602 1
563 564 3
563 603 1
564 565 5
564 604 4
565 566 3
565 605 5
566 567 4
566 606 3
567 568 4
567 607 5
568 569 1
568 608 5
569 570 1
569 609 1
570 571 2
570 610 2
571 572 3
571 611 3
572 573 2
572 612 1
573 574 2
573 613 3
574 575 2
574 614 4
575 576 1
575 615 4
576 577 4
576 616 2
577 578 5
577 617 3
578 579 3
578 618 4
579 580 5
579 619 5
580 581 2
580 620 2
581 582 4
581 621 2
582 583 3
582 622 2
583 584 4
583 623 1
584 585 1
584 624 2
585 586 3
585 625 3
586 587 5
586 626 1
587 588 2
587 627 5
588 589 1
588 628 1
589 590 1
589 629 1
590 591 5
590 630 4
591 592 4
591 631 1
592 593 3
592 632 5
593 594 2
593 633 2
594 595 5
594 634 4
595 596 2
595 635 5
596 597 3
596 636 4
597 598 5
597 637 4
598 599 2
598 638 3
599 600 4
599 639 2
600 640 4
601 602 4
601 641 4
602 603 1
602 642 2
603 604 5
603 643 2
604 605 5
604 644 3
605 606 1
605 645 1
606 607 4
606 646 2
607 608 1
607 647 2
608 609 5
608 648 4
609 610 2
609 649 4
610 611 5
610 650 1
611 612 2
611 651 3
612 613 2
612 652 1
613 614 5
613 653 5
614 615 1
614 654 4
615 616 5
615 655 3
616 617 3
616 656 5
617 618 2
617 657 4
618 619 3
618 658 3
619 620 1
619 659 5
620 621 4
620 660 4
621 622 4
621 661 2
622 623 1
622 662 2
623 624 3
623 663 2
624 625 3
624 664 2
625 626 1
625 665 2
626 627 4
626 666 3
627 628 1
627 667 4
628 629 3
628 668 2
629 630 3
629 669 5
630 631 4
630 670 4
631 632 4
631 671 5
632 633 2
632 672 4
633 634 5
633 673 3
634 635 3
634 674 4
635 636 1
635 675 4
636 637 3
636 676 4
637 638 5
637 677 5
638 639 1
638 678 1
639 640 2
639 679 2
640 680 4
641 642 1
641 681 1
642 643 3
642 682 4
643 644 1
643 683 2
644 645 5
644 684 4
645 646 5
645 685 4
646 647 1
646 686 2
647 648 4
647 687 4
648 649 2
648 688 1
649 650 1
649 689 5
650 651 5
650 690 4
651 652 2
651 691 4
652 653 1
652 692 1
653 654 5
653 693 1
654 655 3
654 694 2
655 656 1
655 695 5
656 657 2
656 696 5
657 658 3
657 697 2
658 659 2
658 698 1
659 660 2
659 699 1
660 661 5
660 700 5
661 662 4
661 701 5
662 663 5
662 702 1
663 664 4
663 703 5
664 665 3
664 704 5
665 666 1
665 705 1
666 667 2
666 706 3
667 668 3
667 707 1
668 669 1
668 708 3
669 670 4
669 709 3
670 671 2
670 710 1
671 672 3
671 711 4
672 673 5
672 712 2
673 674 5
673 713 1
674 675 1
674 714 3
675 676 3
675 715 4
676 677 3
676 716 2
677 678 1
677 717 1
678 679 3
678 718 4
679 680 3
679 719 2
680 720 5
681 682 4
681 721 3
682 683 1
682 722 2
683 684 3
683 723 4
684 685 5
684 724 1
685 686 5
685 725 1
686 687 2
686 726 3
687 688 4
687 727 2
688 689 1
688 728 3
689 690 5
689 729 3
690 691 4
690 730 2
691 692 1
691 731 4
692 693 3
692 732 1
693 694 1
693 733 3
694 695 4
694 734 4
695 696 1
695 735 1
696 697 2
696 736 3
697 698 5
697 737 4
698 699 1
698 738 3
699 700 5
699 739 1
700 701 1
700 740 1
701 702 1
701 741 2
702 703 2
702 742 3
703 704 2
703 743 5
704 705 2
704 744 2
705 706 4
705 745 4
706 707 1
706 746 1
707 708 3
707 747 4
708 709 4
708 748 4
709 710 3
709 749 2
710 711 4
710 750 4
711 712 3
711 751 5
712 713 4
712 752 3
713 714 5
713 753 4
714 715 3
714 754 1
715 716 4
715 755 5
716 717 5
716 756 5
717 718 2
717 757 1
718 719 2
718 758 2
719 720 2
719 759 4
720 760 4
721 722 1
721 761 2
722 723 4
722 762 3
723 724 2
723 763 1
724 725 1
724 764 5
725 726 4
725 765 3
726 727 5
726 766 5
727 728 2
727 767 4
728 729 1
728 768 5
729 730 3
729 769 3
730 731 3
730 770 2
731 732 5
731 771 4
732 733 3
732 772 2
733 734 4
733 773 3
734 735 5
734 774 2
735 736 3
735 775 5
736 737 5
736 776 4
737 738 3
737 777 2
738 739 4
738 778 1
739 740 3
739 779 2
740 741 5
740 780 3
741 742 2
741 781 5
742 743 2
742 782 5
743 744 5
743 783 4
744 745 5
744 784 3
745 746 3
745 785 5
746 747 1
746 786 5
747 748 1
747 787 2
748 749 1
748 788 2
749 750 4
749 789 2
750 751 1
750 790 5
751 752 5
751 791 4
752 753 2
752 792 5
753 754 5
753 793 4
754 755 1
754 794 2
755 756 4
755 795 1
756 757 3
756 796 2
757 758 4
757 797 5
758 759 2
758 798 4
759 760 2
759 799 5
760 800 2
761 762 2
761 801 1
762 763 3
762 802 1
763 764 5
763 803 5
764 765 3
764 804 4
765 766 4
765 805 2
766 767 2
766 806 5
767 768 5
767 807 1
768 769 2
768 808 1
769 770 5
769 809 1
770 771 4
770 810 3
771 772 4
771 811 4
772 773 5
772 812 3
773 774 4
773 813 1
774 775 2
774 814 2
775 776 1
775 815 3
776 777 4
776 816 2
777 778 1
777 817 2
778 779 1
778 818 1
779 780 2
779 819 2
780 781 1
780 820 3
781 782 5
781 821 4
782 783 4
782 822 2
783 784 4
783 823 4
784 785 4
784 824 3
785 786 3
785 825 2
786 787 2
786 826 5
787 788 1
787 827 1
788 789 1
788 828 1
789 790 1
789 829 5
790 791 4
790 830 5
791 792 2
791 831 4
792 793 1
792 832 2
793 794 5
793 833 5
794 795 5
794 834 5
795 796 2
795 835 1
796 797 5
796 836 3
797 798 1
797 837 1
798 799 5
798 838 3
799 800 3
799 839 5
800 840 5
801 802 4
801 841 3
802 803 4
802 842 2
803 804 4
803 843 2
804 805 5
804 844 3
805 806 4
805 845 5
806 807 2
806 846 2
807 808 1
807 847 5
808 809 2
808 848 2
809 810 2
809 849 1
810 811 1
810 850 1
811 812 5
811 851 3
812 813 3
812 852 3
813 814 4
813 853 5
814 815 3
814 854 2
815 816 1
815 855 5
816 817 2
816 856 3
817 818 2
817 857 5
818 819 1
818 858 2
819 820 1
819 859 5
820 821 4
820 860 1
821 822 5
821 861 1
822 823 1
822 862 3
823 824 3
823 863 5
824 825 4
824 864 3
825 826 5
825 865 1
826 827 5
826 866 3
827 828 5
827 867 2
828 829 5
828 868 3
829 830 2
829 869 5
830 831 1
830 870 3
831 832 1
831 871 2
832 833 2
832 872 3
833 834 1
833 873 2
834 835 2
834 874 4
835 836 2
835 875 3
836 837 4
836 876 4
837 838 5
837 877 3
838 839 4
838 878 2
839 840 5
839 879 3
840 880 1
841 842 2
841 881 1
842 843 5
842 882 4
843 844 4
843 883 5
844 845 4
844 884 5
845 846 4
845 885 1
846 847 1
846 886 1
847 848 2
847 887 1
848 849 1
848 888 4
849 850 4
849 889 4
850 851 5
850 890 4
851 852 3
851 891 1
852 853 4
852 892 1
853 854 3
853 893 5
854 855 3
854 894 5
855 856 4
855 895 4
856 857 4
856 896 1
857 858 2
857 897 2
858 859 1
858 898 4
859 860 2
859 899 2
860 861 1
860 900 4
861 862 1
861 901 3
862 863 3
862 902 3
863 864 4
863 903 4
864 865 2
864 904 5
865 866 4
865 905 4
866 867 4
866 906 4
867 868 1
867 907 1
868 869 2
868 908 3
869 870 5
869 909 2
870 871 1
870 910 4
871 872 2
871 911 4
872 873 4
872 912 5
873 874 5
873 913 1
874 875 4
874 914 5
875 876 2
875 915 5
876 877 3
876 916 3
877 878 1
877 917 1
878 879 3
878 918 5
879 880 1
879 919 3
880 920 3
881 882 1
881 921 5
882 883 3
882 922 1
883 884 5
883 923 3
884 885 3
884 924 1
885 886 3
885 925 5
886 887 2
886 926 4
887 888 1
887 927 4
888 889 1
888 928 5
889 890 1
889 929 1
890 891 4
890 930 2
891 892 1
891 931 1
892 893 2
892 932 4
893 894 3
893 933 4
894 895 5
894 934 1
895 896 5
895 935 5
896 897 4
896 936 4
897 898 2
897 937 5
898 899 2
898 938 1
899 900 3
899 939 3
900 901 2
900 940 2
901 902 3
901 941 1
902 903 2
902 942 4
903 904 1
903 943 1
904 905 1
904 944 2
905 906 1
905 945 3
906 907 3
906 946 1
907 908 1
907 947 4
908 909 4
908 948 5
909 910 5
909 949 2
910 911 1
910 950 4
911 912 3
911 951 3
912 913 1
912 952 1
913 914 5
913 953 1
914 915 2
914 954 4
915 916 3
915 955 5
916 917 2
916 956 2
917 918 1
917 957 4
918 919 2
918 958 5
919 920 4
919 959 1
920 960 2
921 922 5
921 961 1
922 923 3
922 962 2
923 924 4
923 963 1
924 925 2
924 964 3
925 926 4
925 965 4
926 927 5
926 966 3
927 928 2
927 967 5
928 929 3
928 968 2
929 930 4
929 969 3
930 931 4
930 970 1
931 932 5
931 971 3
932 933 5
932 972 3
933 934 1
933 973 3
934 935 5
934 974 3
935 936 1
935 975 5
936 937 5
936 976 5
937 938 3
937 977 2
938 939 4
938 978 5
939 940 1
939 979 1
940 941 2
940 980 4
941 942 1
941 981 3
942 943 1
942 982 4
943 944 4
943 983 1
944 945 3
944 984 2
945 946 1
945 985 2
946 947 4
946 986 2
947 948 3
947 987 1
948 949 2
948 988 5
949 950 1
949 989 5
950 951 2
950 990 1
951 952 3
951 991 5
952 953 5
952 992 2
953 954 4
953 993 4
954 955 1
954 994 1
955 956 1
955 995 4
956 957 5
956 996 4
957 958 2
957 997 3
958 959 2
958 998 4
959 960 3
959 999 1
960 1000 2
961 962 2
961 1001 1
962 963 5
962 1002 5
963 964 1
963 1003 4
964 965 3
964 1004 5
965 966 5
965 1005 5
966 967 1
966 1006 1
967 968 5
967 1007 4
968 969 1
968 1008 4
969 970 2
969 1009 2
970 971 5
970 1010 4
971 972 3
971 1011 4
972 973 3
972 1012 4
973 974 1
973 1013 4
974 975 2
974 1014 3
975 976 5
975 1015 5
976 977 3
976 1016 2
977 978 4
977 1017 1
978 979 4
978 1018 1
979 980 1
979 1019 1
980 981 2
980 1020 5
981 982 4
981 1021 2
982 983 3
982 1022 1
983 984 5
983 1023 3
984 985 4
984 1024 1
985 986 3
985 1025 4
986 987 2
986 1026 2
987 988 4
987 1027 1
988 989 1
988 1028 3
989 990 3
989 1029 2
990 991 3
990 1030 3
991 992 5
991 1031 1
992 993 5
992 1032 1
993 994 4
993 1033 3
994 995 3
994 1034 3
995 996 1
995 1035 5
996 997 1
996 1036 4
997 998 1
997 1037 1
998 999 5
998 1038 5
999 1000 4
999 1039 4
1000 1040 4
1001 1002 2
1001 1041 5
1002 1003 2
1002 1042 4
1003 1004 1
1003 1043 1
1004 1005 4
1004 1044 4
1005 1006 4
1005 1045 3
1006 1007 2
1006 1046 1
1007 1008 5
1007 1047 3
1008 1009 2
1008 1048 3
1009 1010 3
1009 1049 4
1010 1011 3
1010 1050 5
1011 1012 2
1011 1051 4
1012 1013 2
1012 1052 5
1013 1014 4
1013 1053 1
1014 1015 4
1014 1054 3
1015 1016 5
1015 1055 1
1016 1017 2
1016 1056 5
1017 1018 3
1017 1057 5
1018 1019 5
1018 1058 4
1019 1020 5
1019 1059 5
1020 1021 5
1020 1060 5
1021 1022 1
1021 1061 5
1022 1023 3
1022 1062 4
1023 1024 2
1023 1063 4
1024 1025 2
1024 1064 1
1025 1026 1
1025 1065 5
1026 1027 1
1026 1066 2
1027 1028 3
1027 1067 2
1028 1029 1
1028 1068 3
1029 1030 1
1029 1069 1
1030 1031 2
1030 1070 5
1031 1032 5
1031 1071 5
1032 1033 1
1032 1072 3
1033 1034 2
1033 1073 5
1034 1035 1
1034 1074 4
1035 1036 2
1035 1075 2
1036 1037 1
1036 1076 3
1037 1038 1
1037 1077 4
1038 1039 5
1038 1078 3
1039 1040 5
1039 1079 5
1040 1080 3
1041 1042 4
1041 1081 3
1042 1043 5
1042 1082 2
1043 1044 1
1043 1083 4
1044 1045 4
1044 1084 3
1045 1046 5
1045 1085 5
1046 1047 3
1046 1086 3
1047 1048 3
1047 1087 5
1048 1049 4
1048 1088 3
1049 1050 1
1049 1089 2
1050 1051 5
1050 1090 1
1051 1052 4
1051 1091 5
1052 1053 3
1052 1092 4
1053 1054 2
1053 1093 4
1054 1055 1
1054 1094 4
1055 1056 4
1055 1095 4
1056 1057 3
1056 1096 2
1057 1058 5
1057 1097 3
1058 1059 1
1058 1098 1
1059 1060 2
1059 1099 5
1060 1061 5
1060 1100 2
1061 1062 5
1061 1101 1
1062 1063 1
1062 1102 3
1063 1064 2
1063 1103 2
1064 1065 3
1064 1104 1
1065 1066 1
1065 1105 4
1066 1067 4
1066 1106 5
1067 1068 3
1067 1107 2
1068 1069 4
1068 1108 3
1069 1070 5
1069 1109 5
1070 1071 1
1070 1110 4
1071 1072 3
1071 1111 1
1072 1073 5
1072 1112 4
1073 1074 3
1073 1113 4
1074 1075 2
1074 1114 2
1075 1076 1
1075 1115 5
1076 1077 2
1076 1116 2
1077 1078 1
1077 1117 2
1078 1079 5
1078 1118 4
1079 1080 4
1079 1119 4
1080 1120 3
1081 1082 5
1081 1121 1
1082 1083 3
1082 1122 3
1083 1084 4
1083 1123 3
1084 1085 1
1084 1124 3
1085 1086 1
1085 1125 4
1086 1087 2
1086 1126 3
1087 1088 5
1087 1127 5
1088 1089 3
1088 1128 1
1089 1090 4
1089 1129 3
1090 1091 2
1090 1130 1
1091 1092 2
1091 1131 2
1092 1093 5
1092 1132 1
1093 1094 5
1093 1133 4
1094 1095 5
1094 1134 5
1095 1096 1
1095 1135 1
1096 1097 3
1096 1136 1
1097 1098 4
1097 1137 4
1098 1099 3
1098 1138 5
1099 1100 1
1099 1139 1
1100 1101 3
1100 1140 2
1101 1102 4
1101 1141 4
1102 1103 1
1102 1142 2
1103 1104 1
1103 1143 2
1104 1105 1
1104 1144 4
1105 1106 1
1105 1145 2
1106 1107 5
1106 1146 1
1107 1108 4
1107 1147 5
1108 1109 2
1108 1148 4
1109 1110 2
1109 1149 5
1110 1111 5
1110 1150 4
1111 1112 3
1111 1151 5
1112 1113 5
1112 1152 1
1113 1114 2
1113 1153 3
1114 1115 4
1114 1154 3
1115 1116 1
1115 1155 3
1116 1117 4
1116 1156 3
1117 1118 3
1117 1157 1
1118 1119 3
1118 1158 5
1119 1120 4
1119 1159 3
1120 1160 2
1121 1122 2
1121 1161 2
1122 1123 2
1122 1162 2
1123 1124 3
1123 1163 4
1124 1125 5
1124 1164 2
1125 1126 1
1125 1165 2
1126 1127 2
1126 1166 1
1127 1128 5
1127 1167 3
1128 1129 3
1128 1168 4
1129 1130 5
1129 1169 3
1130 1131 5
1130 1170 2
1131 1132 5
1131 1171 3
1132 1133 2
1132 1172 4
1133 1134 5
1133 1173 1
1134 1135 2
1134 1174 4
1135 1136 1
1135 1175 1
1136 1137 5
1136 1176 1
1137 1138 4
1137 1177 3
1138 1139 1
1138 1178 3
1139 1140 4
1139 1179 1
1140 1141 1
1140 1180 4
1141 1142 5
1141 1181 1
1142 1143 2
1142 1182 4
1143 1144 3
1143 1183 5
1144 1145 2
1144 1184 4
1145 1146 1
1145 1185 1
1146 1147 5
1146 1186 1
1147 1148 5
1147 1187 5
1148 1149 3
1148 1188 3
1149 1150 2
1149 1189 3
1150 1151 1
1150 1190 5
1151 1152 1
1151 1191 5
1152 1153 1
1152 1192 1
1153 1154 1
1153 1193 3
1154 1155 3
1154 1194 5
1155 1156 2
1155 1195 4
1156 1157 3
1156 1196 5
1157 1158 2
1157 1197 3
1158 1159 5
1158 1198 2
1159 1160 2
1159 1199 3
1160 1200 1
1161 1162 5
1161 1201 3
1162 1163 3
1162 1202 2
1163 1164 3
1163 1203 4
1164 1165 1
1164 1204 5
1165 1166 2
1165 1205 5
1166 1167 1
1166 1206 1
1167 1168 3
1167 1207 3
1168 1169 2
1168 1208 5
1169 1170 3
1169 1209 1
1170 1171 1
1170 1210 2
1171 1172 3
1171 1211 5
1172 1173 3
1172 1212 5
1173 1174 5
1173 1213 5
1174 1175 3
1174 1214 3
1175 1176 5
1175 1215 1
1176 1177 4
1176 1216 1
1177 1178 3
1177 1217 1
1178 1179 2
1178 1218 2
1179 1180 3
1179 1219 5
1180 1181 3
1180 1220 1
1181 1182 3
1181 1221 2
1182 1183 5
1182 1222 4
1183 1184 5
1183 1223 5
1184 1185 2
1184 1224 4
1185 1186 4
1185 1225 5
1186 1187 2
1186 1226 4
1187 1188 3
1187 1227 5
1188 1189 1
1188 1228 1
1189 1190 1
1189 1229 4
1190 1191 5
1190 1230 3
1191 1192 1
1191 1231 5
1192 1193 1
1192 1232 5
1193 1194 4
1193 1233 1
1194 1195 5
1194 1234 5
1195 1196 2
1195 1235 3
1196 1197 1
1196 1236 1
1197 1198 5
1197 1237 3
1198 1199 2
1198 1238 5
1199 1200 4
1199 1239 3
1200 1240 2
1201 1202 2
1201 1241 4
1202 1203 3
1202 1242 1
1203 1204 3
1203 1243 1
1204 1205 5
1204 1244 2
1205 1206 2
1205 1245 1
1206 1207 5
1206 1246 2
1207 1208 4
1207 1247 3
1208 1209 4
1208 1248 3
1209 1210 1
1209 1249 5
1210 1211 1
1210 1250 4
1211 1212 5
1211 1251 2
1212 1213 1
1212 1252 5
1213 1214 3
1213 1253 2
1214 1215 4
1214 1254 1
1215 1216 1
1215 1255 3
1216 1217 4
1216 1256 1
1217 1218 4
1217 1257 5
1218 1219 1
1218 1258 2
1219 1220 5
1219 1259 2
1220 1221 3
1220 1260 4
1221 1222 5
1221 1261 2
1222 1223 3
1222 1262 1
1223 1224 4
1223 1263 1
1224 1225 1
1224 1264 2
1225 1226 5
1225 1265 1
1226 1227 3
1226 1266 4
1227 1228 1
1227 1267 1
1228 1229 1
1228 1268 3
1229 1230 3
1229 1269 5
1230 1231 4
1230 1270 5
1231 1232 5
1231 1271 1
1232 1233 4
1232 1272 1
1233 1234 4
1233 1273 5
1234 1235 5
1234 1274 4
1235 1236 2
1235 1275 5
1236 1237 1
1236 1276 1
1237 1238 4
1237 1277 5
1238 1239 4
1238 1278 5
1239 1240 3
1239 1279 1
1240 1280 1
1241 1242 3
1241 1281 4
1242 1243 5
1242 1282 3
1243 1244 5
1243 1283 2
1244 1245 5
1244 1284 5
1245 1246 4
1245 1285 4
1246 1247 2
1246 1286 1
1247 1248 3
1247 1287 3
1248 1249 1
1248 1288 2
1249 1250 5
1249 1289 2
1250 1251 1
1250 1290 1
1251 1252 5
1251 1291 4
1252 1253 1
1252 1292 2
1253 1254 3
1253 1293 1
1254 1255 2
1254 1294 1
1255 1256 1
1255 1295 2
1256 1257 1
1256 1296 2
1257 1258 5
1257 1297 3
1258 1259 2
1258 1298 2
1259 1260 1
1259 1299 1
1260 1261 2
1260 1300 4
1261 1262 4
1261 1301 3
1262 1263 4
1262 1302 1
1263 1264 2
1263 1303 2
1264 1265 3
1264 1304 2
1265 1266 4
1265 1305 5
1266 1267 3
1266 1306 4
1267 1268 5
1267 1307 4
1268 1269 1
1268 1308 4
1269 1270 3
1269 1309 1
1270 1271 3
1270 1310 4
1271 1272 2
1271 1311 3
1272 1273 5
1272 1312 3
1273 1274 5
1273 1313 2
1274 1275 1
1274 1314 2
1275 1276 1
1275 1315 1
1276 1277 3
1276 1316 5
1277 1278 4
1277 1317 3
1278 1279 2
1278 1318 2
1279 1280 4
1279 1319 4
1280 1320 1
1281 1282 4
1281 1321 5
1282 1283 3
1282 1322 5
1283 1284 3
1283 1323 5
1284 1285 4
1284 1324 4
1285 1286 1
1285 1325 1
1286 1287 2
1286 1326 4
1287 1288 1
1287 1327 4
1288 1289 5
1288 1328 5
1289 1290 2
1289 1329 5
1290 1291 2
1290 1330 1
1291 1292 3
1291 1331 2
1292 1293 3
1292 1332 4
1293 1294 1
1293 1333 3
1294 1295 5
1294 1334 5
1295 1296 4
1295 1335 1
1296 1297 3
1296 1336 3
1297 1298 1
1297 1337 2
1298 1299 3
1298 1338 4
1299 1300 1
1299 1339 4
1300 1301 4
1300 1340 3
1301 1302 4
1301 1341 2
1302 1303 3
1302 1342 1
1303 1304 5
1303 1343 1
1304 1305 1
1304 1344 4
1305 1306 2
1305 1345 4
1306 1307 3
1306 1346 5
1307 1308 4
1307 1347 1
1308 1309 5
1308 1348 4
1309 1310 2
1309 1349 5
1310 1311 3
1310 1350 4
1311 1312 3
1311 1351 1
1312 1313 1
1312 1352 3
1313 1314 2
1313 1353 1
1314 1315 3
1314 1354 5
1315 1316 4
1315 1355 4
1316 1317 4
1316 1356 4
1317 1318 3
1317 1357 2
1318 1319 1
1318 1358 1
1319 1320 4
1319 1359 1
1320 1360 3
1321 1322 1
1321 1361 5
1322 1323 1
1322 1362 2
1323 1324 5
1323 1363 2
1324 1325 4
1324 1364 3
1325 1326 1
1325 1365 3
1326 1327 1
1326 1366 3
1327 1328 3
1327 1367 1
1328 1329 5
1328 1368 4
1329 1330 5
1329 1369 5
1330 1331 1
1330 1370 3
1331 1332 3
1331 1371 5
1332 1333 2
1332 1372 4
1333 1334 2
1333 1373 3
1334 1335 3
1334 1374 1
1335 1336 4
1335 1375 5
1336 1337 5
1336 1376 1
1337 1338 1
1337 1377 3
1338 1339 3
1338 1378 2
1339 1340 4
1339 1379 3
1340 1341 3
1340 1380 1
1341 1342 4
1341 1381 5
1342 1343 1
1342 1382 2
1343 1344 3
1343 1383 3
1344 1345 3
1344 1384 2
1345 1346 3
1345 1385 3
1346 1347 1
1346 1386 1
1347 1348 3
1347 1387 5
1348 1349 4
1348 1388 2
1349 1350 3
1349 1389 2
1350 1351 1
1350 1390 1
1351 1352 3
1351 1391 3
1352 1353 4
1352 1392 2
1353 1354 4
1353 1393 2
1354 1355 1
1354 1394 2
1355 1356 1
1355 1395 4
1356 1357 4
1356 1396 1
1357 1358 3
1357 1397 1
1358 1359 1
1358 1398 2
1359 1360 5
1359 1399 1
1360 1400 4
1361 1362 5
1361 1401 3
1362 1363 5
1362 1402 4
1363 1364 3
1363 1403 4
1364 1365 2
1364 1404 5
1365 1366 2
1365 1405 1
1366 1367 1
1366 1406 5
1367 1368 2
1367 1407 1
1368 1369 3
1368 1408 3
1369 1370 1
1369 1409 2
1370 1371 2
1370 1410 1
1371 1372 3
1371 1411 4
1372 1373 2
1372 1412 3
1373 1374 3
1373 1413 3
1374 1375 5
1374 1414 2
1375 1376 1
1375 1415 2
1376 1377 3
1376 1416 3
1377 1378 2
1377 1417 1
1378 1379 1
1378 1418 5
1379 1380 5
1379 1419 5
1380 1381 5
1380 1420 3
1381 1382 4
1381 1421 2
1382 1383 3
1382 1422 2
1383 1384 3
1383 1423 3
1384 1385 5
1384 1424 2
1385 1386 4
1385 1425 3
1386 1387 5
1386 1426 2
1387 1388 3
1387 1427 5
1388 1389 3
1388 1428 4
1389 1390 3
1389 1429 2
1390 1391 2
1390 1430 3
1391 1392 4
1391 1431 4
1392 1393 4
1392 1432 1
1393 1394 4
1393 1433 3
1394 1395 5
1394 1434 2
1395 1396 4
1395 1435 4
1396 1397 4
1396 1436 4
1397 1398 5
1397 1437 1
1398 1399 1
1398 1438 1
1399 1400 3
1399 1439 5
1400 1440 5
1401 1402 3
1401 1441 3
1402 1403 1
1402 1442 2
1403 1404 4
1403 1443 5
1404 1405 1
1404 1444 2
1405 1406 3
1405 1445 2
1406 1407 2
1406 1446 3
1407 1408 4
1407 1447 3
1408 1409 4
1408 1448 1
1409 1410 2
1409 1449 3
1410 1411 5
1410 1450 4
1411 1412 3
1411 1451 5
1412 1413 3
1412 1452 2
1413 1414 1
1413 1453 5
1414 1415 2
1414 1454 2
1415 1416 4
1415 1455 1
1416 1417 5
1416 1456 3
1417 1418 1
1417 1457 2
1418 1419 5
1418 1458 2
1419 1420 1
1419 1459 2
1420 1421 4
1420 1460 4
1421 1422 1
1421 1461 4
1422 1423 1
1422 1462 4
1423 1424 4
1423 1463 3
1424 1425 2
1424 1464 5
1425 1426 5
1425 1465 1
1426 1427 5
1426 1466 3
1427 1428 5
1427 1467 5
1428 1429 2
1428 1468 5
1429 1430 2
1429 1469 3
1430 1431 2
1430 1470 1
1431 1432 5
1431 1471 4
1432 1433 2
1432 1472 5
1433 1434 5
1433 1473 4
1434 1435 3
1434 1474 2
1435 1436 2
1435 1475 3
1436 1437 4
1436 1476 1
1437 1438 1
1437 1477 5
1438 1439 1
1438 1478 5
1439 1440 3
1439 1479 5
1440 1480 2
1441 1442 1
1441 1481 2
1442 1443 1
1442 1482 5
1443 1444 2
1443 1483 1
1444 1445 1
1444 1484 1
1445 1446 4
1445 1485 1
1446 1447 3
1446 1486 3
1447 1448 3
1447 1487 4
1448 1449 4
1448 1488 1
1449 1450 4
1449 1489 5
1450 1451 2
1450 1490 5
1451 1452 4
1451 1491 2
1452 1453 4
1452 1492 3
1453 1454 4
1453 1493 1
1454 1455 3
1454 1494 2
1455 1456 5
1455 1495 4
1456 1457 5
1456 1496 1
1457 1458 3
1457 1497 2
1458 1459 4
1458 1498 4
1459 1460 5
1459 1499 2
1460 1461 4
1460 1500 2
1461 1462 3
1461 1501 4
1462 1463 2
1462 1502 2
1463 1464 5
1463 1503 5
1464 1465 4
1464 1504 5
1465 1466 2
1465 1505 2
1466 1467 4
1466 1506 2
1467 1468 3
1467 1507 2
1468 1469 2
1468 1508 5
1469 1470 4
1469 1509 3
1470 1471 4
1470 1510 1
1471 1472 1
1471 1511 3
1472 1473 4
1472 1512 3
1473 1474 4
1473 1513 5
1474 1475 2
1474 1514 4
1475 1476 3
1475 1515 3
1476 1477 2
1476 1516 5
1477 1478 3
1477 1517 4
1478 1479 1
1478 1518 5
1479 1480 4
1479 1519 3
1480 1520 5
1481 1482 5
1481 1521 4
1482 1483 1
1482 1522 4
1483 1484 4
1483 1523 2
1484 1485 1
1484 1524 3
1485 1486 4
1485 1525 4
1486 1487 3
1486 1526 1
1487 1488 5
1487 1527 4
1488 1489 1
1488 1528 2
1489 1490 3
1489 1529 3
1490 1491 1
1490 1530 4
1491 1492 3
1491 1531 5
1492 1493 4
1492 1532 1
1493 1494 1
1493 1533 2
1494 1495 2
1494 1534 2
1495 1496 3
1495 1535 2
1496 1497 3
1496 1536 3
1497 1498 4
1497 1537 1
1498 1499 2
1498 1538 3
1499 1500 1
1499 1539 5
1500 1501 3
1500 1540 3
1501 1502 1
1501 1541 2
1502 1503 5
1502 1542 2
1503 1504 5
1503 1543 2
1504 1505 4
1504 1544 3
1505 1506 4
1505 1545 5
1506 1507 1
1506 1546 4
1507 1508 1
1507 1547 1
1508 1509 3
1508 1548 2
1509 1510 5
1509 1549 1
1510 1511 2
1510 1550 4
1511 1512 2
1511 1551 3
1512 1513 1
1512 1552 5
1513 1514 1
1513 1553 4
1514 1515 1
1514 1554 3
1515 1516 3
1515 1555 1
1516 1517 1
1516 1556 4
1517 1518 5
1517 1557 2
1518 1519 1
1518 1558 2
1519 1520 4
1519 1559 3
1520 1560 4
1521 1522 1
1521 1561 3
1522 1523 2
1522 1562 3
1523 1524 5
1523 1563 1
1524 1525 3
1524 1564 4
1525 1526 1
1525 1565 1
1526 1527 3
1526 1566 4
1527 1528 3
1527 1567 4
1528 1529 5
1528 1568 5
1529 1530 5
1529 1569 1
1530 1531 3
1530 1570 3
1531 1532 4
1531 1571 4
1532 1533 3
1532 1572 3
1533 1534 3
1533 1573 4
1534 1535 2
1534 1574 4
1535 1536 1
1535 1575 5
1536 1537 5
1536 1576 5
1537 1538 5
1537 1577 3
1538 1539 2
1538 1578 1
1539 1540 3
1539 1579 5
1540 1541 5
1540 1580 5
1541 1542 2
1541 1581 2
1542 1543 5
1542 1582 2
1543 1544 4
1543 1583 5
1544 1545 1
1544 1584 3
1545 1546 5
1545 1585 1
1546 1547 5
1546 1586 5
1547 1548 2
1547 1587 5
1548 1549 4
1548 1588 5
1549 1550 4
1549 1589 2
1550 1551 2
1550 1590 3
1551 1552 4
1551 1591 5
1552 1553 5
1552 1592 5
1553 1554 1
1553 1593 2
1554 1555 4
1554 1594 1
1555 1556 1
1555 1595 5
1556 1557 1
1556 1596 5
1557 1558 5
1557 1597 5
1558 1559 5
1558 1598 2
1559 1560 5
1559 1599 5
1560 1600 3
1561 1562 2
1562 1563 4
1563 1564 1
1564 1565 1
1565 1566 1
1566 1567 5
1567 1568 4
1568 1569 5
1569 1570 2
1570 1571 4
1571 1572 3
1572 1573 2
1573 1574 5
1574 1575 2
1575 1576 1
1576 1577 1
1577 1578 5
1578 1579 4
1579 1580 4
1580 1581 4
1581 1582 3
1582 1583 5
1583 1584 2
1584 1585 4
1585 1586 3
1586 1587 3
1587 1588 3
1588 1589 2
1589 1590 3
1590 1591 1
1591 1592 2
1592 1593 1
1593 1594 3
1594 1595 2
1595 1596 5
1596 1597 2
1597 1598 4
1598 1599 2
1599 1600 2
