1600 3120
1 2 5
1 41 1
2 3 3
2 42 1
3 4 2
3 43 3
4 5 2
4 44 3
5 6 1
5 45 2
6 7 2
6 46 5
7 8 5
7 47 5
8 9 3
8 48 2
9 10 1
9 49 3
10 11 3
10 50 3
11 12 1
11 51 1
12 13 2
12 52 1
13 14 5
13 53 2
14 15 4
14 54 4
15 16 4
15 55 3
16 17 5
16 56 3
17 18 1
17 57 1
18 19 1
18 58 5
19 20 2
19 59 3
20 21 5
20 60 3
21 22 5
21 61 3
22 23 2
22 62 3
23 24 5
23 63 4
24 25 2
24 64 3
25 26 3
25 65 4
26 27 1
26 66 4
27 28 1
27 67 4
28 29 4
28 68 2
29 30 4
29 69 5
30 31 4
30 70 4
31 32 5
31 71 2
32 33 1
32 72 4
33 34 4
33 73 5
34 35 1
34 74 5
35 36 4
35 75 3
36 37 4
36 76 1
37 38 4
37 77 1
38 39 5
38 78 3
39 40 3
39 79 3
40 80 3
41 42 5
41 81 3
42 43 2
42 82 5
43 44 1
43 83 2
44 45 5
44 84 2
45 46 4
45 85 2
46 47 2
46 86 2
47 48 5
47 87 1
48 49 1
48 88 1
49 50 4
49 89 2
50 51 2
50 90 3
51 52 4
51 91 3
52 53 2
52 92 1
53 54 1
53 93 1
54 55 1
54 94 3
55 56 2
55 95 4
56 57 1
56 96 4
57 58 3
57 97 4
58 59 5
58 98 3
59 60 1
59 99 2
60 61 1
60 100 1
61 62 5
61 101 3
62 63 2
62 102 2
63 64 2
63 103 5
64 65 2
64 104 5
65 66 2
65 105 1
66 67 2
66 106 2
67 68 5
67 107 3
68 69 3
68 108 2
69 70 2
69 109 4
70 71 5
70 110 4
71 72 5
71 111 1
72 73 3
72 112 2
73 74 1
73 113 5
74 75 5
74 114 1
75 76 2
75 115 4
76 77 2
76 116 4
77 78 1
77 117 4
78 79 5
78 118 5
79 80 5
79 119 3
80 120 5
81 82 5
81 121 2
82 83 4
82 122 1
83 84 2
83 123 4
84 85 2
84 124 2
85 86 1
85 125 2
86 87 3
86 126 4
87 88 4
87 127 1
88 89 1
88 128 1
89 90 5
89 129 5
90 91 5
90 130 1
91 92 3
91 131 1
92 93 5
92 132 1
93 94 4
93 133 3
94 95 3
94 134 1
95 96 5
95 135 1
96 97 5
96 136 1
97 98 4
97 137 1
98 99 1
98 138 3
99 100 3
99 139 5
100 101 1
100 140 3
101 102 5
101 141 4
102 103 5
102 142 3
103 104 1
103 143 2
104 105 5
104 144 5
105 106 1
105 145 3
106 107 5
106 146 5
107 108 4
107 147 1
108 109 4
108 148 4
109 110 2
109 149 4
110 111 2
110 150 5
111 112 3
111 151 4
112 113 3
112 152 4
113 114 2
113 153 5
114 115 3
114 154 4
115 116 2
115 155 2
116 117 3
116 156 1
117 118 2
117 157 2
118 119 3
118 158 2
119 120 3
119 159 1
120 160 1
121 122 3
121 161 4
122 123 2
122 162 2
123 124 5
123 163 5
124 125 1
124 164 5
125 126 2
125 165 1
126 127 3
126 166 1
127 128 3
127 167 2
128 129 4
128 168 3
129 130 5
129 169 5
130 131 5
130 170 3
131 132 2
131 171 1
132 133 5
132 172 4
133 134 2
133 173 5
134 135 5
134 174 5
135 136 1
135 175 2
136 137 3
136 176 3
137 138 3
137 177 1
138 139 1
138 178 2
139 140 2
139 179 4
140 141 5
140 180 3
141 142 5
141 181 1
142 143 2
142 182 1
143 144 1
143 183 1
144 145 2
144 184 4
145 146 2
145 185 5
146 147 3
146 186 5
147 148 4
147 187 2
148 149 4
148 188 3
149 150 3
149 189 5
150 151 5
150 190 4
151 152 5
151 191 4
152 153 4
152 192 5
153 154 4
153 193 3
154 155 4
154 194 5
155 156 5
155 195 2
156 157 5
156 196 2
157 158 3
157 197 5
158 159 2
158 198 5
159 160 4
159 199 2
160 200 4
161 162 1
161 201 3
162 163 1
162 202 1
163 164 2
163 203 3
164 165 2
164 204 5
165 166 3
165 205 3
166 167 1
166 206 3
167 168 1
167 207 4
168 169 3
168 208 1
169 170 3
169 209 3
170 171 2
170 210 5
171 172 3
171 211 3
172 173 1
172 212 4
173 174 1
173 213 3
174 175 3
174 214 2
175 176 3
175 215 5
176 177 3
176 216 1
177 178 5
177 217 5
178 179 1
178 218 1
179 180 3
179 219 5
180 181 3
180 220 4
181 182 1
181 221 5
182 183 4
182 222 4
183 184 4
183 223 1
184 185 4
184 224 5
185 186 4
185 225 5
186 187 1
186 226 3
187 188 1
187 227 5
188 189 4
188 228 3
189 190 5
189 229 1
190 191 2
190 230 3
191 192 4
191 231 1
192 193 1
192 232 5
193 194 2
193 233 1
194 195 2
194 234 5
195 196 2
195 235 3
196 197 4
196 236 1
197 198 4
197 237 2
198 199 1
198 238 1
199 200 2
199 239 4
200 240 2
201 202 3
201 241 5
202 203 3
202 242 5
203 204 3
203 243 3
204 205 5
204 244 4
205 206 4
205 245 5
206 207 2
206 246 1
207 208 5
207 247 2
208 209 4
208 248 1
209 210 3
209 249 5
210 211 2
210 250 2
211 212 4
211 251 2
212 213 5
212 252 2
213 214 1
213 253 4
214 215 4
214 254 4
215 216 3
215 255 1
216 217 5
216 256 4
217 218 4
217 257 1
218 219 1
218 258 5
219 220 5
219 259 4
220 221 5
220 260 3
221 222 2
221 261 5
222 223 2
222 262 2
223 224 3
223 263 2
224 225 1
224 264 2
225 226 5
225 265 3
226 227 5
226 266 4
227 228 2
227 267 3
228 229 4
228 268 2
229 230 3
229 269 5
230 231 4
230 270 4
231 232 2
231 271 4
232 233 1
232 272 5
233 234 2
233 273 1
234 235 5
234 274 5
235 236 5
235 275 2
236 237 2
236 276 2
237 238 5
237 277 5
238 239 5
238 278 1
239 240 3
239 279 3
240 280 1
241 242 3
241 281 1
242 243 2
242 282 1
243 244 4
243 283 4
244 245 1
244 284 3
245 246 2
245 285 1
246 247 1
246 286 3
247 248 1
247 287 4
248 249 4
248 288 4
249 250 2
249 289 3
250 251 5
250 290 4
251 252 2
251 291 5
252 253 5
252 292 3
253 254 5
253 293 1
254 255 4
254 294 1
255 256 5
255 295 5
256 257 1
256 296 1
257 258 3
257 297 2
258 259 4
258 298 5
259 260 1
259 299 1
260 261 2
260 300 3
261 262 5
261 301 5
262 263 2
262 302 4
263 264 1
263 303 2
264 265 2
264 304 2
265 266 2
265 305 1
266 267 3
266 306 3
267 268 2
267 307 3
268 269 3
268 308 4
269 270 2
269 309 1
270 271 3
270 310 2
271 272 5
271 311 5
272 273 4
272 312 5
273 274 2
273 313 3
274 275 4
274 314 1
275 276 2
275 315 2
276 277 4
276 316 4
277 278 2
277 317 4
278 279 1
278 318 1
279 280 3
279 319 5
280 320 5
281 282 4
281 321 4
282 283 1
282 322 1
283 284 3
283 323 4
284 285 1
284 324 3
285 286 3
285 325 2
286 287 4
286 326 2
287 288 4
287 327 1
288 289 4
288 328 3
289 290 3
289 329 2
290 291 2
290 330 4
291 292 5
291 331 5
292 293 5
292 332 5
293 294 4
293 333 5
294 295 2
294 334 1
295 296 2
295 335 5
296 297 4
296 336 5
297 298 1
297 337 1
298 299 2
298 338 4
299 300 1
299 339 5
300 301 3
300 340 2
301 302 5
301 341 1
302 303 2
302 342 3
303 304 4
303 343 3
304 305 1
304 344 3
305 306 4
305 345 2
306 307 1
306 346 1
307 308 2
307 347 2
308 309 2
308 348 4
309 310 2
309 349 3
310 311 3
310 350 4
311 312 4
311 351 4
312 313 5
312 352 4
313 314 1
313 353 1
314 315 3
314 354 4
315 316 5
315 355 4
316 317 1
316 356 3
317 318 1
317 357 3
318 319 2
318 358 3
319 320 5
319 359 1
320 360 2
321 322 4
321 361 4
322 323 5
322 362 1
323 324 3
323 363 4
324 325 4
324 364 3
325 326 4
325 365 5
326 327 4
326 366 3
327 328 5
327 367 3
328 329 1
328 368 3
329 330 2
329 369 4
330 331 1
330 370 2
331 332 4
331 371 3
332 333 5
332 372 4
333 334 2
333 373 4
334 335 3
334 374 3
335 336 1
335 375 4
336 337 3
336 376 4
337 338 3
337 377 4
338 339 2
338 378 3
339 340 5
339 379 4
340 341 2
340 380 5
341 342 5
341 381 5
342 343 1
342 382 3
343 344 2
343 383 2
344 345 3
344 384 2
345 346 3
345 385 2
346 347 2
346 386 4
347 348 3
347 387 4
348 349 1
348 388 4
349 350 5
349 389 5
350 351 4
350 390 1
351 352 2
351 391 1
352 353 5
352 392 1
353 354 3
353 393 1
354 355 5
354 394 1
355 356 1
355 395 5
356 357 1
356 396 4
357 358 3
357 397 1
358 359 2
358 398 3
359 360 1
359 399 2
360 400 1
361 362 4
361 401 1
362 363 2
362 402 1
363 364 4
363 403 4
364 365 5
364 404 2
365 366 2
365 405 3
366 367 5
366 406 3
367 368 4
367 407 3
368 369 4
368 408 3
369 370 2
369 409 1
370 371 5
370 410 5
371 372 4
371 411 2
372 373 5
372 412 5
373 374 4
373 413 2
374 375 3
374 414 1
375 376 2
375 415 5
376 377 2
376 416 1
377 378 4
377 417 4
378 379 5
378 418 1
379 380 2
379 419 2
380 381 2
380 420 2
381 382 2
381 421 3
382 383 4
382 422 5
383 384 4
383 423 1
384 385 4
384 424 4
385 386 3
385 425 2
386 387 4
386 426 5
387 388 4
387 427 2
388 389 4
388 428 5
389 390 5
389 429 1
390 391 3
390 430 1
391 392 5
391 431 2
392 393 4
392 432 2
393 394 2
393 433 4
394 395 4
394 434 1
395 396 3
395 435 5
396 397 5
396 436 3
397 398 4
397 437 1
398 399 1
398 438 3
399 400 5
399 439 3
400 440 2
401 402 4
401 441 1
402 403 4
402 442 1
403 404 1
403 443 1
404 405 3
404 444 2
405 406 3
405 445 1
406 407 1
406 446 4
407 408 3
407 447 1
408 409 1
408 448 5
409 410 3
409 449 5
410 411 2
410 450 4
411 412 2
411 451 5
412 413 3
412 452 2
413 414 5
413 453 5
414 415 3
414 454 3
415 416 1
415 455 3
416 417 2
416 456 2
417 418 5
417 457 1
418 419 5
418 458 1
419 420 5
419 459 1
420 421 2
420 460 3
421 422 1
421 461 2
422 423 2
422 462 1
423 424 4
423 463 1
424 425 5
424 464 5
425 426 5
425 465 4
426 427 3
426 466 2
427 428 2
427 467 1
428 429 5
428 468 3
429 430 2
429 469 1
430 431 1
430 470 1
431 432 1
431 471 5
432 433 2
432 472 5
433 434 4
433 473 1
434 435 3
434 474 5
435 436 3
435 475 4
436 437 1
436 476 5
437 438 5
437 477 2
438 439 3
438 478 3
439 440 5
439 479 3
440 480 2
441 442 1
441 481 2
442 443 2
442 482 5
443 444 2
443 483 1
444 445 5
444 484 3
445 446 5
445 485 4
446 447 3
446 486 4
447 448 2
447 487 4
448 449 5
448 488 1
449 450 3
449 489 3
450 451 4
450 490 1
451 452 3
451 491 5
452 453 5
452 492 1
453 454 3
453 493 3
454 455 1
454 494 2
455 456 5
455 495 3
456 457 4
456 496 4
457 458 1
457 497 2
458 459 4
458 498 1
459 460 3
459 499 2
460 461 4
460 500 1
461 462 1
461 501 2
462 463 1
462 502 3
463 464 2
463 503 5
464 465 3
464 504 4
465 466 5
465 505 3
466 467 2
466 506 5
467 468 1
467 507 2
468 469 5
468 508 5
469 470 2
469 509 2
470 471 4
470 510 3
471 472 2
471 511 4
472 473 5
472 512 5
473 474 1
473 513 4
474 475 5
474 514 5
475 476 2
475 515 2
476 477 3
476 516 4
477 478 2
477 517 1
478 479 1
478 518 2
479 480 5
479 519 3
480 520 5
481 482 1
481 521 3
482 483 2
482 522 4
483 484 3
483 523 2
484 485 5
484 524 3
485 486 2
485 525 2
486 487 2
486 526 2
487 488 5
487 527 2
488 489 1
488 528 3
489 490 5
489 529 5
490 491 2
490 530 3
491 492 2
491 531 2
492 493 2
492 532 3
493 494 3
493 533 4
494 495 1
494 534 4
495 496 3
495 535 5
496 497 3
496 536 1
497 498 3
497 537 2
498 499 1
498 538 3
499 500 5
499 539 1
500 501 1
500 540 3
501 502 3
501 541 5
502 503 5
502 542 3
503 504 4
503 543 5
504 505 1
504 544 5
505 506 5
505 545 2
506 507 2
506 546 5
507 508 1
507 547 4
508 509 5
508 548 5
509 510 2
509 549 5
510 511 2
510 550 1
511 512 1
511 551 2
512 513 1
512 552 4
513 514 5
513 553 3
514 515 2
514 554 3
515 516 3
515 555 5
516 517 2
516 556 4
517 518 3
517 557 4
518 519 4
518 558 2
519 520 4
519 559 4
520 560 3
521 522 3
521 561 2
522 523 2
522 562 3
523 524 3
523 563 3
524 525 5
524 564 4
525 526 3
525 565 3
526 527 5
526 566 1
527 528 1
527 567 1
528 529 1
528 568 4
529 530 5
529 569 5
530 531 3
530 570 3
531 532 1
531 571 3
532 533 4
532 572 2
533 534 4
533 573 1
534 535 1
534 574 2
535 536 4
535 575 3
536 537 4
536 576 3
537 538 1
537 577 3
538 539 1
538 578 3
539 540 4
539 579 2
540 541 4
540 580 1
541 542 4
541 581 4
542 543 1
542 582 1
543 544 1
543 583 3
544 545 5
544 584 3
545 546 5
545 585 4
546 547 3
546 586 3
547 548 4
547 587 4
548 549 1
548 588 3
549 550 5
549 589 2
550 551 5
550 590 4
551 552 1
551 591 1
552 553 3
552 592 1
553 554 5
553 593 3
554 555 3
554 594 2
555 556 4
555 595 2
556 557 2
556 596 5
557 558 1
557 597 3
558 559 5
558 598 3
559 560 3
559 599 2
560 600 1
561 562 5
561 601 2
562 563 3
562 602 2
563 564 5
563 603 3
564 565 5
564 604 5
565 566 3
565 605 2
566 567 5
566 606 2
567 568 5
567 607 4
568 569 1
568 608 2
569 570 5
569 609 2
570 571 5
570 610 1
571 572 3
571 611 1
572 573 2
572 612 4
573 574 1
573 613 5
574 575 2
574 614 2
575 576 3
575 615 4
576 577 4
576 616 4
577 578 4
577 617 1
578 579 4
578 618 5
579 580 1
579 619 5
580 581 2
580 620 2
581 582 1
581 621 4
582 583 1
582 622 1
583 584 2
583 623 5
584 585 2
584 624 1
585 586 2
585 625 3
586 587 2
586 626 2
587 588 5
587 627 4
588 589 1
588 628 3
589 590 3
589 629 1
590 591 4
590 630 2
591 592 5
591 631 4
592 593 5
592 632 5
593 594 4
593 633 1
594 595 2
594 634 3
595 596 4
595 635 2
596 597 5
596 636 1
597 598 4
597 637 1
598 599 5
598 638 5
599 600 5
599 639 2
600 640 1
601 602 4
601 641 3
602 603 3
602 642 4
603 604 5
603 643 5
604 605 2
604 644 1
605 606 4
605 645 3
606 607 2
606 646 2
607 608 2
607 647 2
608 609 3
608 648 2
609 610 5
609 649 4
610 611 1
610 650 4
611 612 1
611 651 3
612 613 1
612 652 1
613 614 3
613 653 4
614 615 2
614 654 1
615 616 5
615 655 4
616 617 1
616 656 2
617 618 5
617 657 3
618 619 4
618 658 2
619 620 3
619 659 2
620 621 5
620 660 5
621 622 4
621 661 2
622 623 1
622 662 2
623 624 4
623 663 2
624 625 5
624 664 3
625 626 4
625 665 2
626 627 3
626 666 4
627 628 5
627 667 3
628 629 2
628 668 3
629 630 1
629 669 3
630 631 5
630 670 1
631 632 4
631 671 5
632 633 2
632 672 3
633 634 5
633 673 4
634 635 5
634 674 4
635 636 5
635 675 3
636 637 5
636 676 1
637 638 5
637 677 2
638 639 4
638 678 4
639 640 4
639 679 2
640 680 5
641 642 3
641 681 2
642 643 1
642 682 2
643 644 4
643 683 2
644 645 2
644 684 2
645 646 3
645 685 5
646 647 3
646 686 1
647 648 5
647 687 2
648 649 4
648 688 2
649 650 2
649 689 2
650 651 1
650 690 3
651 652 2
651 691 5
652 653 4
652 692 2
653 654 4
653 693 1
654 655 2
654 694 5
655 656 2
655 695 3
656 657 5
656 696 4
657 658 3
657 697 4
658 659 4
658 698 3
659 660 2
659 699 4
660 661 1
660 700 5
661 662 4
661 701 1
662 663 4
662 702 3
663 664 4
663 703 4
664 665 4
664 704 3
665 666 4
665 705 1
666 667 1
666 706 2
667 668 4
667 707 1
668 669 4
668 708 1
669 670 1
669 709 2
670 671 2
670 710 1
671 672 1
671 711 2
672 673 4
672 712 4
673 674 4
673 713 3
674 675 5
674 714 3
675 676 5
675 715 3
676 677 5
676 716 5
677 678 5
677 717 5
678 679 4
678 718 4
679 680 5
679 719 3
680 720 1
681 682 2
681 721 4
682 683 5
682 722 4
683 684 3
683 723 1
684 685 3
684 724 2
685 686 4
685 725 4
686 687 4
686 726 1
687 688 1
687 727 5
688 689 5
688 728 1
689 690 1
689 729 5
690 691 4
690 730 1
691 692 3
691 731 3
692 693 2
692 732 5
693 694 5
693 733 4
694 695 2
694 734 1
695 696 3
695 735 1
696 697 1
696 736 3
697 698 1
697 737 5
698 699 1
698 738 3
699 700 5
699 739 1
700 701 1
700 740 4
701 702 1
701 741 2
702 703 4
702 742 5
703 704 5
703 743 3
704 705 4
704 744 5
705 706 2
705 745 3
706 707 2
706 746 5
707 708 5
707 747 5
708 709 4
708 748 4
709 710 4
709 749 4
710 711 4
710 750 2
711 712 3
711 751 4
712 713 3
712 752 1
713 714 2
713 753 3
714 715 5
714 754 4
715 716 3
715 755 2
716 717 5
716 756 3
717 718 4
717 757 3
718 719 4
718 758 3
719 720 4
719 759 1
720 760 2
721 722 2
721 761 1
722 723 3
722 762 3
723 724 2
723 763 5
724 725 3
724 764 4
725 726 4
725 765 4
726 727 4
726 766 5
727 728 5
727 767 5
728 729 4
728 768 1
729 730 5
729 769 3
730 731 2
730 770 5
731 732 5
731 771 2
732 733 1
732 772 2
733 734 4
733 773 3
734 735 2
734 774 2
735 736 4
735 775 2
736 737 3
736 776 2
737 738 4
737 777 3
738 739 5
738 778 4
739 740 3
739 779 4
740 741 1
740 780 1
741 742 5
741 781 3
742 743 3
742 782 4
743 744 3
743 783 1
744 745 4
744 784 4
745 746 5
745 785 1
746 747 1
746 786 2
747 748 4
747 787 2
748 749 4
748 788 4
749 750 3
749 789 2
750 751 4
750 790 3
751 752 5
751 791 4
752 753 4
752 792 1
753 754 3
753 793 3
754 755 4
754 794 2
755 756 5
755 795 5
756 757 5
756 796 5
757 758 5
757 797 5
758 759 4
758 798 1
759 760 2
759 799 2
760 800 3
761 762 1
761 801 3
762 763 2
762 802 4
763 764 3
763 803 3
764 765 1
764 804 4
765 766 4
765 805 4
766 767 1
766 806 3
767 768 2
767 807 1
768 769 1
768 808 4
769 770 5
769 809 2
770 771 5
770 810 1
771 772 5
771 811 4
772 773 3
772 812 2
773 774 4
773 813 5
774 775 5
774 814 4
775 776 4
775 815 3
776 777 1
776 816 3
777 778 1
777 817 2
778 779 3
778 818 2
779 780 3
779 819 1
780 781 5
780 820 1
781 782 5
781 821 2
782 783 1
782 822 5
783 784 4
783 823 3
784 785 2
784 824 2
785 786 3
785 825 4
786 787 1
786 826 5
787 788 3
787 827 1
788 789 2
788 828 4
789 790 1
789 829 2
790 791 5
790 830 5
791 792 3
791 831 5
792 793 3
792 832 5
793 794 1
793 833 5
794 795 1
794 834 1
795 796 1
795 835 4
796 797 4
796 836 3
797 798 2
797 837 2
798 799 5
798 838 5
799 800 1
799 839 1
800 840 4
801 802 5
801 841 5
802 803 2
802 842 5
803 804 5
803 843 4
804 805 2
804 844 5
805 806 1
805 845 3
806 807 1
806 846 3
807 808 5
807 847 5
808 809 1
808 848 3
809 810 3
809 849 2
810 811 5
810 850 5
811 812 4
811 851 2
812 813 1
812 852 5
813 814 1
813 853 4
814 815 1
814 854 5
815 816 3
815 855 1
816 817 1
816 856 5
817 818 2
817 857 1
818 819 3
818 858 1
819 820 4
819 859 1
820 821 4
820 860 1
821 822 4
821 861 5
822 823 4
822 862 4
823 824 4
823 863 1
824 825 4
824 864 2
825 826 2
825 865 2
826 827 2
826 866 1
827 828 3
827 867 2
828 829 2
828 868 3
829 830 2
829 869 2
830 831 1
830 870 5
831 832 3
831 871 4
832 833 4
832 872 4
833 834 4
833 873 3
834 835 1
834 874 1
835 836 4
835 875 4
836 837 4
836 876 4
837 838 3
837 877 1
838 839 5
838 878 1
839 840 4
839 879 3
840 880 5
841 842 2
841 881 4
842 843 1
842 882 3
843 844 1
843 883 2
844 845 2
844 884 5
845 846 5
845 885 4
846 847 3
846 886 4
847 848 4
847 887 1
848 849 1
848 888 3
849 850 4
849 889 5
850 851 1
850 890 5
851 852 5
851 891 4
852 853 5
852 892 1
853 854 5
853 893 2
854 855 5
854 894 3
855 856 3
855 895 5
856 857 3
856 896 1
857 858 4
857 897 2
858 859 2
858 898 5
859 860 4
859 899 3
860 861 2
860 900 4
861 862 2
861 901 3
862 863 2
862 902 2
863 864 3
863 903 2
864 865 2
864 904 1
865 866 3
865 905 3
866 867 2
866 906 4
867 868 3
867 907 3
868 869 2
868 908 1
869 870 5
869 909 5
870 871 2
870 910 3
871 872 4
871 911 1
872 873 1
872 912 2
873 874 1
873 913 1
874 875 2
874 914 1
875 876 2
875 915 3
876 877 5
876 916 1
877 878 2
877 917 3
878 879 5
878 918 4
879 880 4
879 919 5
880 920 2
881 882 2
881 921 1
882 883 3
882 922 5
883 884 3
883 923 4
884 885 3
884 924 5
885 886 1
885 925 1
886 887 2
886 926 5
887 888 5
887 927 1
888 889 1
888 928 1
889 890 5
889 929 4
890 891 3
890 930 1
891 892 4
891 931 3
892 893 1
892 932 2
893 894 2
893 933 4
894 895 3
894 934 3
895 896 4
895 935 1
896 897 5
896 936 3
897 898 1
897 937 5
898 899 1
898 938 4
899 900 5
899 939 5
900 901 5
900 940 4
901 902 2
901 941 3
902 903 2
902 942 2
903 904 4
903 943 5
904 905 4
904 944 3
905 906 5
905 945 5
906 907 4
906 946 2
907 908 4
907 947 5
908 909 2
908 948 2
909 910 4
909 949 1
910 911 3
910 950 5
911 912 4
911 951 1
912 913 1
912 952 4
913 914 4
913 953 1
914 915 5
914 954 5
915 916 1
915 955 4
916 917 5
916 956 3
917 918 5
917 957 4
918 919 5
918 958 3
919 920 5
919 959 5
920 960 4
921 922 3
921 961 1
922 923 1
922 962 3
923 924 1
923 963 2
924 925 3
924 964 4
925 926 5
925 965 3
926 927 4
926 966 5
927 928 4
927 967 2
928 929 3
928 968 4
929 930 1
929 969 1
930 931 1
930 970 1
931 932 2
931 971 1
932 933 3
932 972 2
933 934 4
933 973 3
934 935 4
934 974 1
935 936 4
935 975 2
936 937 5
936 976 5
937 938 5
937 977 4
938 939 5
938 978 5
939 940 1
939 979 3
940 941 3
940 980 5
941 942 5
941 981 4
942 943 3
942 982 3
943 944 2
943 983 3
944 945 1
944 984 4
945 946 5
945 985 1
946 947 3
946 986 5
947 948 4
947 987 2
948 949 4
948 988 5
949 950 5
949 989 3
950 951 2
950 990 1
951 952 2
951 991 5
952 953 2
952 992 4
953 954 2
953 993 2
954 955 1
954 994 1
955 956 4
955 995 5
956 957 1
956 996 5
957 958 2
957 997 4
958 959 5
958 998 5
959 960 4
959 999 3
960 1000 3
961 962 5
961 1001 1
962 963 2
962 1002 2
963 964 3
963 1003 4
964 965 5
964 1004 3
965 966 1
965 1005 4
966 967 1
966 1006 2
967 968 4
967 1007 2
968 969 5
968 1008 1
969 970 5
969 1009 3
970 971 2
970 1010 3
971 972 4
971 1011 1
972 973 1
972 1012 3
973 974 4
973 1013 5
974 975 4
974 1014 5
975 976 1
975 1015 5
976 977 3
976 1016 4
977 978 3
977 1017 4
978 979 1
978 1018 4
979 980 4
979 1019 2
980 981 5
980 1020 4
981 982 5
981 1021 5
982 983 4
982 1022 1
983 984 4
983 1023 2
984 985 5
984 1024 4
985 986 5
985 1025 3
986 987 5
986 1026 4
987 988 3
987 1027 1
988 989 4
988 1028 5
989 990 4
989 1029 2
990 991 3
990 1030 1
991 992 5
991 1031 4
992 993 4
992 1032 4
993 994 2
993 1033 3
994 995 2
994 1034 4
995 996 4
995 1035 1
996 997 1
996 1036 1
997 998 1
997 1037 3
998 999 1
998 1038 4
999 1000 1
999 1039 1
1000 1040 1
1001 1002 3
1001 1041 2
1002 1003 5
1002 1042 4
1003 1004 4
1003 1043 3
1004 1005 1
1004 1044 3
1005 1006 5
1005 1045 1
1006 1007 3
1006 1046 2
1007 1008 3
1007 1047 5
1008 1009 4
1008 1048 4
1009 1010 2
1009 1049 5
1010 1011 5
1010 1050 3
1011 1012 5
1011 1051 2
1012 1013 3
1012 1052 1
1013 1014 4
1013 1053 4
1014 1015 4
1014 1054 3
1015 1016 4
1015 1055 4
1016 1017 1
1016 1056 3
1017 1018 2
1017 1057 4
1018 1019 3
1018 1058 1
1019 1020 5
1019 1059 5
1020 1021 2
1020 1060 2
1021 1022 4
1021 1061 5
1022 1023 3
1022 1062 2
1023 1024 2
1023 1063 5
1024 1025 5
1024 1064 5
1025 1026 5
1025 1065 1
1026 1027 4
1026 1066 1
1027 1028 4
1027 1067 2
1028 1029 3
1028 1068 4
1029 1030 4
1029 1069 3
1030 1031 2
1030 1070 1
1031 1032 1
1031 1071 3
1032 1033 1
1032 1072 4
1033 1034 4
1033 1073 5
1034 1035 2
1034 1074 5
1035 1036 5
1035 1075 5
1036 1037 5
1036 1076 4
1037 1038 4
1037 1077 1
1038 1039 2
1038 1078 3
1039 1040 5
1039 1079 5
1040 1080 4
1041 1042 2
1041 1081 1
1042 1043 1
1042 1082 3
1043 1044 3
1043 1083 5
1044 1045 3
1044 1084 2
1045 1046 5
1045 1085 5
1046 1047 5
1046 1086 3
1047 1048 2
1047 1087 4
1048 1049 4
1048 1088 3
1049 1050 4
1049 1089 5
1050 1051 2
1050 1090 4
1051 1052 5
1051 1091 5
1052 1053 5
1052 1092 4
1053 1054 4
1053 1093 1
1054 1055 2
1054 1094 5
1055 1056 4
1055 1095 4
1056 1057 4
1056 1096 1
1057 1058 1
1057 1097 2
1058 1059 2
1058 1098 2
1059 1060 1
1059 1099 1
1060 1061 3
1060 1100 5
1061 1062 2
1061 1101 2
1062 1063 2
1062 1102 5
1063 1064 5
1063 1103 5
1064 1065 2
1064 1104 5
1065 1066 3
1065 1105 2
1066 1067 5
1066 1106 5
1067 1068 2
1067 1107 4
1068 1069 2
1068 1108 4
1069 1070 2
1069 1109 3
1070 1071 4
1070 1110 4
1071 1072 3
1071 1111 2
1072 1073 1
1072 1112 2
1073 1074 1
1073 1113 5
1074 1075 3
1074 1114 1
1075 1076 1
1075 1115 3
1076 1077 1
1076 1116 2
1077 1078 1
1077 1117 4
1078 1079 3
1078 1118 1
1079 1080 4
1079 1119 2
1080 1120 1
1081 1082 5
1081 1121 4
1082 1083 3
1082 1122 2
1083 1084 1
1083 1123 4
1084 1085 3
1084 1124 2
1085 1086 3
1085 1125 2
1086 1087 5
1086 1126 5
1087 1088 3
1087 1127 3
1088 1089 2
1088 1128 2
1089 1090 1
1089 1129 2
1090 1091 5
1090 1130 1
1091 1092 4
1091 1131 3
1092 1093 4
1092 1132 1
1093 1094 2
1093 1133 2
1094 1095 5
1094 1134 4
1095 1096 2
1095 1135 3
1096 1097 5
1096 1136 1
1097 1098 3
1097 1137 3
1098 1099 1
1098 1138 4
1099 1100 5
1099 1139 5
1100 1101 2
1100 1140 1
1101 1102 3
1101 1141 3
1102 1103 4
1102 1142 1
1103 1104 1
1103 1143 2
1104 1105 3
1104 1144 2
1105 1106 3
1105 1145 3
1106 1107 1
1106 1146 4
1107 1108 1
1107 1147 5
1108 1109 5
1108 1148 2
1109 1110 5
1109 1149 5
1110 1111 5
1110 1150 4
1111 1112 3
1111 1151 2
1112 1113 4
1112 1152 4
1113 1114 2
1113 1153 1
1114 1115 3
1114 1154 1
1115 1116 1
1115 1155 5
1116 1117 5
1116 1156 5
1117 1118 4
1117 1157 2
1118 1119 5
1118 1158 2
1119 1120 4
1119 1159 1
1120 1160 1
1121 1122 3
1121 1161 1
1122 1123 3
1122 1162 5
1123 1124 3
1123 1163 2
1124 1125 5
1124 1164 1
1125 1126 4
1125 1165 1
1126 1127 2
1126 1166 3
1127 1128 5
1127 1167 1
1128 1129 2
1128 1168 3
1129 1130 4
1129 1169 2
1130 1131 3
1130 1170 4
1131 1132 2
1131 1171 2
1132 1133 2
1132 1172 3
1133 1134 5
1133 1173 2
1134 1135 3
1134 1174 1
1135 1136 5
1135 1175 4
1136 1137 5
1136 1176 1
1137 1138 3
1137 1177 1
1138 1139 1
1138 1178 4
1139 1140 2
1139 1179 1
1140 1141 4
1140 1180 5
1141 1142 5
1141 1181 4
1142 1143 3
1142 1182 5
1143 1144 2
1143 1183 4
1144 1145 1
1144 1184 4
1145 1146 4
1145 1185 1
1146 1147 3
1146 1186 4
1147 1148 5
1147 1187 1
1148 1149 5
1148 1188 2
1149 1150 3
1149 1189 2
1150 1151 1
1150 1190 2
1151 1152 5
1151 1191 2
1152 1153 2
1152 1192 1
1153 1154 1
1153 1193 4
1154 1155 2
1154 1194 1
1155 1156 3
1155 1195 2
1156 1157 1
1156 1196 3
1157 1158 2
1157 1197 5
1158 1159 2
1158 1198 4
1159 1160 4
1159 1199 4
1160 1200 1
1161 1162 4
1161 1201 4
1162 1163 5
1162 1202 3
1163 1164 5
1163 1203 1
1164 1165 2
1164 1204 4
1165 1166 5
1165 1205 5
1166 1167 5
1166 1206 3
1167 1168 4
1167 1207 2
1168 1169 5
1168 1208 4
1169 1170 4
1169 1209 3
1170 1171 4
1170 1210 3
1171 1172 1
1171 1211 2
1172 1173 3
1172 1212 4
1173 1174 4
1173 1213 2
1174 1175 3
1174 1214 2
1175 1176 4
1175 1215 3
1176 1177 3
1176 1216 3
1177 1178 1
1177 1217 1
1178 1179 1
1178 1218 2
1179 1180 2
1179 1219 4
1180 1181 3
1180 1220 1
1181 1182 2
1181 1221 3
1182 1183 5
1182 1222 5
1183 1184 5
1183 1223 1
1184 1185 4
1184 1224 1
1185 1186 5
1185 1225 5
1186 1187 4
1186 1226 3
1187 1188 5
1187 1227 1
1188 1189 2
1188 1228 2
1189 1190 3
1189 1229 5
1190 1191 1
1190 1230 4
1191 1192 5
1191 1231 4
1192 1193 3
1192 1232 5
1193 1194 3
1193 1233 1
1194 1195 1
1194 1234 2
1195 1196 2
1195 1235 5
1196 1197 2
1196 1236 1
1197 1198 3
1197 1237 1
1198 1199 4
1198 1238 1
1199 1200 1
1199 1239 1
1200 1240 1
1201 1202 3
1201 1241 2
1202 1203 4
1202 1242 1
1203 1204 4
1203 1243 4
1204 1205 4
1204 1244 4
1205 1206 1
1205 1245 5
1206 1207 5
1206 1246 5
1207 1208 2
1207 1247 1
1208 1209 1
1208 1248 4
1209 1210 4
1209 1249 5
1210 1211 2
1210 1250 3
1211 1212 1
1211 1251 5
1212 1213 5
1212 1252 3
1213 1214 3
1213 1253 3
1214 1215 2
1214 1254 5
1215 1216 5
1215 1255 4
1216 1217 1
1216 1256 1
1217 1218 2
1217 1257 3
1218 1219 3
1218 1258 4
1219 1220 4
1219 1259 4
1220 1221 1
1220 1260 4
1221 1222 1
1221 1261 4
1222 1223 2
1222 1262 3
1223 1224 5
1223 1263 5
1224 1225 2
1224 1264 3
1225 1226 5
1225 1265 5
1226 1227 4
1226 1266 5
1227 1228 3
1227 1267 2
1228 1229 2
1228 1268 1
1229 1230 5
1229 1269 3
1230 1231 4
1230 1270 4
1231 1232 4
1231 1271 4
1232 1233 2
1232 1272 4
1233 1234 5
1233 1273 3
1234 1235 4
1234 1274 4
1235 1236 5
1235 1275 2
1236 1237 4
1236 1276 2
1237 1238 2
1237 1277 2
1238 1239 5
1238 1278 2
1239 1240 1
1239 1279 1
1240 1280 1
1241 1242 2
1241 1281 1
1242 1243 3
1242 1282 2
1243 1244 4
1243 1283 2
1244 1245 4
1244 1284 3
1245 1246 2
1245 1285 5
1246 1247 4
1246 1286 1
1247 1248 3
1247 1287 1
1248 1249 5
1248 1288 5
1249 1250 3
1249 1289 5
1250 1251 4
1250 1290 4
1251 1252 1
1251 1291 2
1252 1253 5
1252 1292 2
1253 1254 5
1253 1293 5
1254 1255 1
1254 1294 2
1255 1256 1
1255 1295 4
1256 1257 4
1256 1296 1
1257 1258 2
1257 1297 5
1258 1259 2
1258 1298 5
1259 1260 3
1259 1299 4
1260 1261 2
1260 1300 4
1261 1262 2
1261 1301 5
1262 1263 3
1262 1302 3
1263 1264 1
1263 1303 1
1264 1265 1
1264 1304 5
1265 1266 3
1265 1305 3
1266 1267 4
1266 1306 4
1267 1268 2
1267 1307 1
1268 1269 1
1268 1308 2
1269 1270 2
1269 1309 3
1270 1271 4
1270 1310 1
1271 1272 2
1271 1311 3
1272 1273 1
1272 1312 1
1273 1274 2
1273 1313 5
1274 1275 1
1274 1314 4
1275 1276 4
1275 1315 4
1276 1277 5
1276 1316 3
1277 1278 4
1277 1317 5
1278 1279 2
1278 1318 5
1279 1280 2
1279 1319 2
1280 1320 4
1281 1282 4
1281 1321 4
1282 1283 2
1282 1322 4
1283 1284 1
1283 1323 5
1284 1285 3
1284 1324 1
1285 1286 4
1285 1325 5
1286 1287 2
1286 1326 3
1287 1288 3
1287 1327 1
1288 1289 1
1288 1328 2
1289 1290 5
1289 1329 1
1290 1291 1
1290 1330 2
1291 1292 4
1291 1331 2
1292 1293 5
1292 1332 2
1293 1294 4
1293 1333 4
1294 1295 2
1294 1334 1
1295 1296 3
1295 1335 1
1296 1297 2
1296 1336 1
1297 1298 3
1297 1337 4
1298 1299 3
1298 1338 2
1299 1300 2
1299 1339 3
1300 1301 5
1300 1340 4
1301 1302 1
1301 1341 4
1302 1303 1
1302 1342 2
1303 1304 2
1303 1343 4
1304 1305 2
1304 1344 2
1305 1306 3
1305 1345 4
1306 1307 5
1306 1346 4
1307 1308 3
1307 1347 1
1308 1309 5
1308 1348 5
1309 1310 5
1309 1349 5
1310 1311 3
1310 1350 4
1311 1312 1
1311 1351 2
1312 1313 1
1312 1352 5
1313 1314 3
1313 1353 3
1314 1315 2
1314 1354 4
1315 1316 5
1315 1355 3
1316 1317 1
1316 1356 2
1317 1318 5
1317 1357 1
1318 1319 5
1318 1358 4
1319 1320 5
1319 1359 5
1320 1360 3
1321 1322 3
1321 1361 3
1322 1323 4
1322 1362 1
1323 1324 3
1323 1363 1
1324 1325 4
1324 1364 2
1325 1326 4
1325 1365 1
1326 1327 4
1326 1366 1
1327 1328 2
1327 1367 4
1328 1329 4
1328 1368 4
1329 1330 2
1329 1369 4
1330 1331 2
1330 1370 4
1331 1332 5
1331 1371 2
1332 1333 4
1332 1372 5
1333 1334 4
1333 1373 1
1334 1335 2
1334 1374 1
1335 1336 2
1335 1375 4
1336 1337 2
1336 1376 3
1337 1338 5
1337 1377 5
1338 1339 5
1338 1378 4
1339 1340 3
1339 1379 1
1340 1341 3
1340 1380 4
1341 1342 5
1341 1381 1
1342 1343 3
1342 1382 5
1343 1344 1
1343 1383 4
1344 1345 5
1344 1384 1
1345 1346 4
1345 1385 1
1346 1347 5
1346 1386 2
1347 1348 3
1347 1387 4
1348 1349 3
1348 1388 5
1349 1350 4
1349 1389 3
1350 1351 4
1350 1390 3
1351 1352 1
1351 1391 5
1352 1353 2
1352 1392 5
1353 1354 3
1353 1393 3
1354 1355 4
1354 1394 4
1355 1356 5
1355 1395 2
1356 1357 3
1356 1396 1
1357 1358 1
1357 1397 5
1358 1359 3
1358 1398 5
1359 1360 3
1359 1399 3
1360 1400 5
1361 1362 1
1361 1401 2
1362 1363 5
1362 1402 5
1363 1364 3
1363 1403 3
1364 1365 3
1364 1404 1
1365 1366 5
1365 1405 1
1366 1367 3
1366 1406 2
1367 1368 1
1367 1407 2
1368 1369 3
1368 1408 3
1369 1370 3
1369 1409 2
1370 1371 3
1370 1410 1
1371 1372 1
1371 1411 3
1372 1373 3
1372 1412 5
1373 1374 4
1373 1413 3
1374 1375 1
1374 1414 5
1375 1376 5
1375 1415 3
1376 1377 3
1376 1416 4
1377 1378 2
1377 1417 4
1378 1379 1
1378 1418 2
1379 1380 4
1379 1419 4
1380 1381 2
1380 1420 2
1381 1382 5
1381 1421 2
1382 1383 5
1382 1422 4
1383 1384 2
1383 1423 5
1384 1385 2
1384 1424 5
1385 1386 5
1385 1425 4
1386 1387 3
1386 1426 1
1387 1388 1
1387 1427 4
1388 1389 2
1388 1428 1
1389 1390 3
1389 1429 3
1390 1391 3
1390 1430 1
1391 1392 2
1391 1431 4
1392 1393 5
1392 1432 1
1393 1394 2
1393 1433 1
1394 1395 3
1394 1434 4
1395 1396 1
1395 1435 3
1396 1397 4
1396 1436 1
1397 1398 5
1397 1437 2
1398 1399 2
1398 1438 1
1399 1400 1
1399 1439 1
1400 1440 2
1401 1402 1
1401 1441 2
1402 1403 4
1402 1442 2
1403 1404 3
1403 1443 4
1404 1405 4
1404 1444 1
1405 1406 2
1405 1445 3
1406 1407 1
1406 1446 2
1407 1408 2
1407 1447 2
1408 1409 5
1408 1448 2
1409 1410 4
1409 1449 4
1410 1411 5
1410 1450 2
1411 1412 1
1411 1451 3
1412 1413 2
1412 1452 1
1413 1414 3
1413 1453 1
1414 1415 4
1414 1454 3
1415 1416 5
1415 1455 3
1416 1417 1
1416 1456 3
1417 1418 4
1417 1457 3
1418 1419 3
1418 1458 3
1419 1420 3
1419 1459 3
1420 1421 2
1420 1460 5
1421 1422 2
1421 1461 1
1422 1423 5
1422 1462 5
1423 1424 4
1423 1463 1
1424 1425 1
1424 1464 1
1425 1426 4
1425 1465 3
1426 1427 2
1426 1466 2
1427 1428 1
1427 1467 2
1428 1429 5
1428 1468 2
1429 1430 4
1429 1469 2
1430 1431 1
1430 1470 2
1431 1432 3
1431 1471 3
1432 1433 3
1432 1472 1
1433 1434 3
1433 1473 2
1434 1435 4
1434 1474 4
1435 1436 5
1435 1475 3
1436 1437 5
1436 1476 2
1437 1438 4
1437 1477 3
1438 1439 1
1438 1478 4
1439 1440 2
1439 1479 2
1440 1480 5
1441 1442 4
1441 1481 4
1442 1443 2
1442 1482 4
1443 1444 2
1443 1483 1
1444 1445 5
1444 1484 1
1445 1446 3
1445 1485 3
1446 1447 5
1446 1486 3
1447 1448 2
1447 1487 1
1448 1449 5
1448 1488 4
1449 1450 4
1449 1489 2
1450 1451 5
1450 1490 5
1451 1452 4
1451 1491 5
1452 1453 3
1452 1492 2
1453 1454 3
1453 1493 4
1454 1455 3
1454 1494 1
1455 1456 3
1455 1495 1
1456 1457 1
1456 1496 2
1457 1458 5
1457 1497 4
1458 1459 3
1458 1498 4
1459 1460 5
1459 1499 1
1460 1461 3
1460 1500 4
1461 1462 4
1461 1501 1
1462 1463 1
1462 1502 1
1463 1464 4
1463 1503 4
1464 1465 5
1464 1504 3
1465 1466 5
1465 1505 2
1466 1467 4
1466 1506 4
1467 1468 2
1467 1507 5
1468 1469 3
1468 1508 2
1469 1470 4
1469 1509 4
1470 1471 3
1470 1510 5
1471 1472 1
1471 1511 4
1472 1473 3
1472 1512 2
1473 1474 5
1473 1513 4
1474 1475 1
1474 1514 4
1475 1476 3
1475 1515 2
1476 1477 5
1476 1516 2
1477 1478 3
1477 1517 5
1478 1479 3
1478 1518 2
1479 1480 1
1479 1519 2
1480 1520 4
1481 1482 3
1481 1521 1
1482 1483 3
1482 1522 3
1483 1484 5
1483 1523 4
1484 1485 3
1484 1524 4
1485 1486 3
1485 1525 3
1486 1487 2
1486 1526 2
1487 1488 5
1487 1527 3
1488 1489 1
1488 1528 5
1489 1490 4
1489 1529 5
1490 1491 2
1490 1530 1
1491 1492 1
1491 1531 4
1492 1493 3
1492 1532 4
1493 1494 5
1493 1533 4
1494 1495 3
1494 1534 2
1495 1496 1
1495 1535 2
1496 1497 3
1496 1536 5
1497 1498 5
1497 1537 3
1498 1499 1
1498 1538 2
1499 1500 2
1499 1539 3
1500 1501 3
1500 1540 1
1501 1502 1
1501 1541 4
1502 1503 3
1502 1542 5
1503 1504 2
1503 1543 5
1504 1505 3
1504 1544 3
1505 1506 2
1505 1545 4
1506 1507 1
1506 1546 1
1507 1508 2
1507 1547 5
1508 1509 4
1508 1548 4
1509 1510 4
1509 1549 3
1510 1511 2
1510 1550 4
1511 1512 3
1511 1551 4
1512 1513 3
1512 1552 4
1513 1514 1
1513 1553 3
1514 1515 3
1514 1554 4
1515 1516 4
1515 1555 5
1516 1517 3
1516 1556 5
1517 1518 2
1517 1557 3
1518 1519 5
1518 1558 2
1519 1520 4
1519 1559 2
1520 1560 4
1521 1522 4
1521 1561 3
1522 1523 3
1522 1562 3
1523 1524 1
1523 1563 2
1524 1525 4
1524 1564 1
1525 1526 1
1525 1565 1
1526 1527 2
1526 1566 1
1527 1528 4
1527 1567 5
1528 1529 2
1528 1568 2
1529 1530 4
1529 1569 2
1530 1531 1
1530 1570 3
1531 1532 5
1531 1571 4
1532 1533 1
1532 1572 3
1533 1534 5
1533 1573 2
1534 1535 4
1534 1574 5
1535 1536 3
1535 1575 3
1536 1537 1
1536 1576 5
1537 1538 1
1537 1577 2
1538 1539 2
1538 1578 1
1539 1540 2
1539 1579 5
1540 1541 2
1540 1580 1
1541 1542 3
1541 1581 4
1542 1543 1
1542 1582 4
1543 1544 3
1543 1583 4
1544 1545 3
1544 1584 4
1545 1546 1
1545 1585 5
1546 1547 2
1546 1586 4
1547 1548 4
1547 1587 4
1548 1549 1
1548 1588 5
1549 1550 5
1549 1589 2
1550 1551 2
1550 1590 3
1551 1552 1
1551 1591 2
1552 1553 4
1552 1592 2
1553 1554 5
1553 1593 4
1554 1555 5
1554 1594 2
1555 1556 4
1555 1595 2
1556 1557 3
1556 1596 4
1557 1558 5
1557 1597 5
1558 1559 2
1558 1598 1
1559 1560 1
1559 1599 5
1560 1600 2
1561 1562 5
1562 1563 5
1563 1564 5
1564 1565 5
1565 1566 5
1566 1567 3
1567 1568 2
1568 1569 4
1569 1570 3
1570 1571 1
1571 1572 2
1572 1573 2
1573 1574 2
1574 1575 3
1575 1576 5
1576 1577 5
1577 1578 4
1578 1579 3
1579 1580 1
1580 1581 4
1581 1582 1
1582 1583 2
1583 1584 5
1584 1585 3
1585 1586 5
1586 1587 5
1587 1588 4
1588 1589 2
1589 1590 4
1590 1591 3
1591 1592 1
1592 1593 1
1593 1594 4
1594 1595 5
1595 1596 5
1596 1597 3
1597 1598 4
1598 1599 3
1599 1600 4
