784 1512
1 2 4
1 29 4
2 3 1
2 30 4
3 4 3
3 31 3
4 5 2
4 32 1
5 6 2
5 33 3
6 7 2
6 34 3
7 8 3
7 35 4
8 9 5
8 36 3
9 10 2
9 37 2
10 11 4
10 38 3
11 12 5
11 39 1
12 13 1
12 40 5
13 14 2
13 41 3
14 15 2
14 42 5
15 16 3
15 43 4
16 17 3
16 44 4
17 18 5
17 45 5
18 19 3
18 46 4
19 20 1
19 47 4
20 21 2
20 48 3
21 22 5
21 49 2
22 23 1
22 50 2
23 24 4
23 51 3
24 25 5
24 52 5
25 26 2
25 53 1
26 27 2
26 54 2
27 28 4
27 55 5
28 56 2
29 30 2
29 57 2
30 31 1
30 58 4
31 32 5
31 59 3
32 33 2
32 60 4
33 34 5
33 61 4
34 35 5
34 62 2
35 36 2
35 63 3
36 37 1
36 64 4
37 38 3
37 65 3
38 39 3
38 66 5
39 40 5
39 67 1
40 41 4
40 68 3
41 42 4
41 69 2
42 43 5
42 70 2
43 44 5
43 71 1
44 45 3
44 72 4
45 46 3
45 73 4
46 47 5
46 74 1
47 48 1
47 75 1
48 49 3
48 76 1
49 50 3
49 77 2
50 51 4
50 78 4
51 52 5
51 79 2
52 53 4
52 80 3
53 54 5
53 81 4
54 55 5
54 82 4
55 56 5
55 83 3
56 84 2
57 58 3
57 85 4
58 59 3
58 86 1
59 60 2
59 87 4
60 61 1
60 88 2
61 62 5
61 89 4
62 63 5
62 90 2
63 64 1
63 91 1
64 65 4
64 92 2
65 66 5
65 93 3
66 67 2
66 94 2
67 68 1
67 95 2
68 69 3
68 96 5
69 70 5
69 97 2
70 71 5
70 98 1
71 72 5
71 99 1
72 73 2
72 100 5
73 74 2
73 101 4
74 75 1
74 102 4
75 76 4
75 103 2
76 77 2
76 104 1
77 78 2
77 105 2
78 79 1
78 106 1
79 80 5
79 107 4
80 81 2
80 108 2
81 82 5
81 109 4
82 83 3
82 110 1
83 84 5
83 111 4
84 112 1
85 86 5
85 113 4
86 87 1
86 114 2
87 88 1
87 115 1
88 89 4
88 116 4
89 90 4
89 117 1
90 91 5
90 118 2
91 92 4
91 119 1
92 93 1
92 120 2
93 94 4
93 121 3
94 95 4
94 122 3
95 96 2
95 123 2
96 97 2
96 124 5
97 98 5
97 125 2
98 99 2
98 126 2
99 100 2
99 127 1
100 101 4
100 128 4
101 102 2
101 129 1
102 103 3
102 130 4
103 104 2
103 131 3
104 105 2
104 132 1
105 106 5
105 133 5
106 107 4
106 134 4
107 108 1
107 135 1
108 109 1
108 136 2
109 110 1
109 137 4
110 111 4
110 138 1
111 112 4
111 139 1
112 140 5
113 114 4
113 141 4
114 115 1
114 142 3
115 116 2
115 143 4
116 117 5
116 144 1
117 118 2
117 145 1
118 119 2
118 146 4
119 120 2
119 147 4
120 121 3
120 148 3
121 122 2
121 149 5
122 123 1
122 150 2
123 124 2
123 151 4
124 125 4
124 152 5
125 126 4
125 153 1
126 127 2
126 154 2
127 128 1
127 155 5
128 129 1
128 156 5
129 130 2
129 157 3
130 131 2
130 158 2
131 132 1
131 159 1
132 133 1
132 160 1
133 134 1
133 161 2
134 135 2
134 162 2
135 136 1
135 163 1
136 137 2
136 164 5
137 138 3
137 165 2
138 139 5
138 166 3
139 140 5
139 167 2
140 168 4
141 142 3
141 169 4
142 143 4
142 170 5
143 144 4
143 171 5
144 145 5
144 172 5
145 146 5
145 173 1
146 147 1
146 174 1
147 148 5
147 175 5
148 149 5
148 176 1
149 150 5
149 177 4
150 151 3
150 178 4
151 152 3
151 179 4
152 153 4
152 180 1
153 154 1
153 181 4
154 155 3
154 182 5
155 156 5
155 183 1
156 157 3
156 184 3
157 158 3
157 185 5
158 159 3
158 186 4
159 160 5
159 187 1
160 161 2
160 188 2
161 162 4
161 189 4
162 163 4
162 190 5
163 164 1
163 191 3
164 165 4
164 192 2
165 166 3
165 193 5
166 167 4
166 194 3
167 168 4
167 195 3
168 196 4
169 170 5
169 197 3
170 171 1
170 198 3
171 172 1
171 199 2
172 173 2
172 200 4
173 174 5
173 201 3
174 175 3
174 202 3
175 176 4
175 203 1
176 177 5
176 204 4
177 178 4
177 205 4
178 179 4
178 206 4
179 180 1
179 207 5
180 181 5
180 208 4
181 182 5
181 209 4
182 183 5
182 210 5
183 184 5
183 211 4
184 185 4
184 212 4
185 186 4
185 213 1
186 187 4
186 214 3
187 188 3
187 215 4
188 189 5
188 216 3
189 190 5
189 217 3
190 191 3
190 218 4
191 192 5
191 219 5
192 193 3
192 220 2
193 194 2
193 221 5
194 195 4
194 222 4
195 196 1
195 223 3
196 224 4
197 198 1
197 225 4
198 199 1
198 226 3
199 200 4
199 227 1
200 201 4
200 228 3
201 202 2
201 229 3
202 203 2
202 230 1
203 204 5
203 231 2
204 205 1
204 232 5
205 206 4
205 233 1
206 207 5
206 234 3
207 208 5
207 235 1
208 209 2
208 236 4
209 210 5
209 237 2
210 211 1
210 238 2
211 212 4
211 239 1
212 213 3
212 240 2
213 214 1
213 241 5
214 215 5
214 242 4
215 216 2
215 243 3
216 217 5
216 244 2
217 218 4
217 245 5
218 219 5
218 246 3
219 220 3
219 247 2
220 221 2
220 248 1
221 222 5
221 249 3
222 223 4
222 250 1
223 224 2
223 251 3
224 252 2
225 226 4
225 253 5
226 227 1
226 254 3
227 228 1
227 255 4
228 229 2
228 256 2
229 230 1
229 257 5
230 231 4
230 258 2
231 232 1
231 259 5
232 233 4
232 260 2
233 234 4
233 261 1
234 235 4
234 262 5
235 236 5
235 263 3
236 237 3
236 264 4
237 238 2
237 265 4
238 239 4
238 266 3
239 240 3
239 267 4
240 241 4
240 268 2
241 242 2
241 269 1
242 243 5
242 270 5
243 244 4
243 271 1
244 245 2
244 272 5
245 246 5
245 273 4
246 247 2
246 274 2
247 248 4
247 275 2
248 249 1
248 276 1
249 250 3
249 277 5
250 251 3
250 278 4
251 252 4
251 279 3
252 280 1
253 254 1
253 281 2
254 255 5
254 282 3
255 256 5
255 283 1
256 257 3
256 284 2
257 258 2
257 285 1
258 259 4
258 286 3
259 260 2
259 287 4
260 261 4
260 288 1
261 262 3
261 289 2
262 263 2
262 290 1
263 264 5
263 291 1
264 265 2
264 292 4
265 266 4
265 293 4
266 267 4
266 294 3
267 268 5
267 295 2
268 269 4
268 296 4
269 270 5
269 297 3
270 271 1
270 298 4
271 272 1
271 299 2
272 273 5
272 300 2
273 274 4
273 301 4
274 275 3
274 302 5
275 276 2
275 303 1
276 277 4
276 304 3
277 278 3
277 305 2
278 279 2
278 306 5
279 280 1
279 307 1
280 308 1
281 282 4
281 309 1
282 283 3
282 310 1
283 284 3
283 311 3
284 285 4
284 312 5
285 286 4
285 313 1
286 287 3
286 314 1
287 288 2
287 315 1
288 289 1
288 316 1
289 290 1
289 317 3
290 291 5
290 318 2
291 292 3
291 319 5
292 293 5
292 320 5
293 294 2
293 321 5
294 295 3
294 322 1
295 296 4
295 323 3
296 297 4
296 324 2
297 298 5
297 325 4
298 299 5
298 326 3
299 300 2
299 327 1
300 301 4
300 328 2
301 302 3
301 329 4
302 303 5
302 330 1
303 304 3
303 331 1
304 305 2
304 332 3
305 306 2
305 333 5
306 307 2
306 334 1
307 308 2
307 335 4
308 336 2
309 310 1
309 337 3
310 311 1
310 338 5
311 312 5
311 339 2
312 313 5
312 340 5
313 314 4
313 341 2
314 315 2
314 342 3
315 316 1
315 343 2
316 317 4
316 344 1
317 318 4
317 345 4
318 319 2
318 346 1
319 320 2
319 347 3
320 321 2
320 348 5
321 322 2
321 349 5
322 323 2
322 350 1
323 324 5
323 351 5
324 325 3
324 352 3
325 326 5
325 353 1
326 327 1
326 354 3
327 328 1
327 355 5
328 329 2
328 356 5
329 330 4
329 357 1
330 331 3
330 358 1
331 332 1
331 359 1
332 333 1
332 360 2
333 334 5
333 361 2
334 335 4
334 362 3
335 336 1
335 363 2
336 364 3
337 338 1
337 365 3
338 339 3
338 366 2
339 340 4
339 367 1
340 341 5
340 368 3
341 342 1
341 369 1
342 343 2
342 370 3
343 344 1
343 371 1
344 345 5
344 372 5
345 346 5
345 373 1
346 347 1
346 374 5
347 348 3
347 375 5
348 349 1
348 376 3
349 350 3
349 377 1
350 351 4
350 378 5
351 352 1
351 379 2
352 353 4
352 380 2
353 354 2
353 381 3
354 355 4
354 382 5
355 356 4
355 383 4
356 357 1
356 384 5
357 358 2
357 385 1
358 359 5
358 386 1
359 360 2
359 387 2
360 361 5
360 388 3
361 362 3
361 389 4
362 363 1
362 390 1
363 364 5
363 391 5
364 392 2
365 366 5
365 393 3
366 367 5
366 394 4
367 368 5
367 395 3
368 369 3
368 396 5
369 370 3
369 397 4
370 371 3
370 398 1
371 372 2
371 399 4
372 373 4
372 400 2
373 374 1
373 401 5
374 375 4
374 402 2
375 376 5
375 403 1
376 377 1
376 404 2
377 378 5
377 405 1
378 379 4
378 406 4
379 380 3
379 407 2
380 381 3
380 408 3
381 382 4
381 409 3
382 383 1
382 410 5
383 384 1
383 411 3
384 385 2
384 412 2
385 386 3
385 413 3
386 387 5
386 414 1
387 388 5
387 415 4
388 389 2
388 416 3
389 390 4
389 417 5
390 391 1
390 418 2
391 392 4
391 419 5
392 420 3
393 394 3
393 421 3
394 395 2
394 422 3
395 396 3
395 423 2
396 397 3
396 424 5
397 398 3
397 425 4
398 399 5
398 426 2
399 400 2
399 427 4
400 401 5
400 428 1
401 402 3
401 429 4
402 403 5
402 430 1
403 404 1
403 431 3
404 405 4
404 432 2
405 406 2
405 433 5
406 407 2
406 434 4
407 408 2
407 435 1
408 409 2
408 436 2
409 410 2
409 437 2
410 411 3
410 438 2
411 412 3
411 439 4
412 413 4
412 440 2
413 414 4
413 441 4
414 415 4
414 442 1
415 416 1
415 443 4
416 417 1
416 444 2
417 418 2
417 445 2
418 419 2
418 446 1
419 420 5
419 447 1
420 448 3
421 422 1
421 449 1
422 423 1
422 450 3
423 424 1
423 451 1
424 425 5
424 452 4
425 426 1
425 453 1
426 427 4
426 454 3
427 428 3
427 455 4
428 429 3
428 456 3
429 430 2
429 457 5
430 431 2
430 458 3
431 432 3
431 459 5
432 433 4
432 460 2
433 434 4
433 461 3
434 435 3
434 462 1
435 436 2
435 463 4
436 437 4
436 464 2
437 438 5
437 465 2
438 439 2
438 466 4
439 440 1
439 467 4
440 441 1
440 468 3
441 442 5
441 469 3
442 443 2
442 470 1
443 444 4
443 471 2
444 445 1
444 472 2
445 446 2
445 473 1
446 447 3
446 474 5
447 448 2
447 475 2
448 476 1
449 450 3
449 477 2
450 451 3
450 478 3
451 452 2
451 479 1
452 453 4
452 480 2
453 454 3
453 481 3
454 455 3
454 482 5
455 456 4
455 483 3
456 457 4
456 484 1
457 458 3
457 485 4
458 459 4
458 486 4
459 460 4
459 487 4
460 461 4
460 488 2
461 462 1
461 489 1
462 463 2
462 490 1
463 464 2
463 491 2
464 465 4
464 492 2
465 466 3
465 493 1
466 467 5
466 494 1
467 468 5
467 495 5
468 469 5
468 496 4
469 470 2
469 497 2
470 471 3
470 498 5
471 472 4
471 499 4
472 473 3
472 500 1
473 474 5
473 501 2
474 475 1
474 502 1
475 476 1
475 503 4
476 504 4
477 478 5
477 505 1
478 479 3
478 506 3
479 480 1
479 507 5
480 481 4
480 508 5
481 482 1
481 509 5
482 483 4
482 510 1
483 484 1
483 511 1
484 485 3
484 512 5
485 486 1
485 513 4
486 487 5
486 514 3
487 488 4
487 515 5
488 489 4
488 516 1
489 490 2
489 517 4
490 491 5
490 518 2
491 492 3
491 519 2
492 493 1
492 520 2
493 494 3
493 521 2
494 495 5
494 522 1
495 496 1
495 523 1
496 497 2
496 524 4
497 498 3
497 525 2
498 499 3
498 526 1
499 500 1
499 527 5
500 501 4
500 528 2
501 502 5
501 529 2
502 503 2
502 530 1
503 504 4
503 531 5
504 532 5
505 506 5
505 533 1
506 507 3
506 534 4
507 508 3
507 535 2
508 509 1
508 536 2
509 510 4
509 537 5
510 511 2
510 538 5
511 512 3
511 539 4
512 513 1
512 540 5
513 514 4
513 541 4
514 515 2
514 542 3
515 516 1
515 543 4
516 517 4
516 544 2
517 518 1
517 545 5
518 519 1
518 546 1
519 520 4
519 547 2
520 521 1
520 548 2
521 522 2
521 549 4
522 523 4
522 550 4
523 524 2
523 551 4
524 525 2
524 552 5
525 526 5
525 553 1
526 527 1
526 554 1
527 528 4
527 555 4
528 529 4
528 556 1
529 530 3
529 557 1
530 531 2
530 558 4
531 532 2
531 559 5
532 560 3
533 534 4
533 561 5
534 535 1
534 562 3
535 536 1
535 563 5
536 537 4
536 564 5
537 538 4
537 565 3
538 539 4
538 566 3
539 540 1
539 567 2
540 541 4
540 568 2
541 542 5
541 569 3
542 543 3
542 570 4
543 544 4
543 571 1
544 545 5
544 572 5
545 546 2
545 573 5
546 547 5
546 574 5
547 548 1
547 575 2
548 549 5
548 576 3
549 550 3
549 577 4
550 551 3
550 578 4
551 552 2
551 579 3
552 553 3
552 580 5
553 554 1
553 581 5
554 555 5
554 582 2
555 556 2
555 583 1
556 557 2
556 584 5
557 558 1
557 585 5
558 559 1
558 586 5
559 560 5
559 587 1
560 588 3
561 562 4
561 589 4
562 563 5
562 590 5
563 564 4
563 591 2
564 565 4
564 592 1
565 566 4
565 593 1
566 567 4
566 594 5
567 568 4
567 595 2
568 569 2
568 596 2
569 570 2
569 597 1
570 571 1
570 598 4
571 572 3
571 599 3
572 573 1
572 600 4
573 574 1
573 601 2
574 575 3
574 602 5
575 576 1
575 603 3
576 577 5
576 604 5
577 578 5
577 605 3
578 579 3
578 606 4
579 580 3
579 607 4
580 581 3
580 608 5
581 582 4
581 609 1
582 583 5
582 610 3
583 584 1
583 611 3
584 585 4
584 612 4
585 586 2
585 613 3
586 587 4
586 614 2
587 588 1
587 615 1
588 616 4
589 590 3
589 617 1
590 591 1
590 618 5
591 592 2
591 619 5
592 593 2
592 620 4
593 594 5
593 621 5
594 595 1
594 622 5
595 596 5
595 623 2
596 597 2
596 624 4
597 598 4
597 625 5
598 599 1
598 626 4
599 600 3
599 627 3
600 601 2
600 628 4
601 602 5
601 629 4
602 603 4
602 630 1
603 604 2
603 631 5
604 605 1
604 632 3
605 606 5
605 633 1
606 607 2
606 634 3
607 608 3
607 635 4
608 609 3
608 636 2
609 610 3
609 637 4
610 611 4
610 638 1
611 612 4
611 639 1
612 613 4
612 640 2
613 614 4
613 641 2
614 615 2
614 642 4
615 616 3
615 643 2
616 644 5
617 618 5
617 645 2
618 619 5
618 646 5
619 620 1
619 647 5
620 621 2
620 648 2
621 622 2
621 649 2
622 623 5
622 650 3
623 624 4
623 651 2
624 625 5
624 652 3
625 626 4
625 653 3
626 627 2
626 654 3
627 628 4
627 655 4
628 629 1
628 656 3
629 630 5
629 657 5
630 631 1
630 658 3
631 632 1
631 659 3
632 633 1
632 660 2
633 634 2
633 661 2
634 635 5
634 662 3
635 636 4
635 663 1
636 637 5
636 664 1
637 638 3
637 665 5
638 639 3
638 666 2
639 640 4
639 667 4
640 641 1
640 668 1
641 642 1
641 669 1
642 643 1
642 670 2
643 644 1
643 671 2
644 672 1
645 646 5
645 673 5
646 647 4
646 674 2
647 648 2
647 675 5
648 649 1
648 676 2
649 650 5
649 677 4
650 651 5
650 678 3
651 652 3
651 679 4
652 653 4
652 680 2
653 654 4
653 681 5
654 655 3
654 682 5
655 656 3
655 683 1
656 657 1
656 684 4
657 658 2
657 685 2
658 659 4
658 686 3
659 660 2
659 687 5
660 661 1
660 688 5
661 662 3
661 689 3
662 663 4
662 690 2
663 664 2
663 691 4
664 665 4
664 692 3
665 666 4
665 693 5
666 667 5
666 694 5
667 668 3
667 695 1
668 669 1
668 696 2
669 670 2
669 697 3
670 671 4
670 698 2
671 672 4
671 699 3
672 700 3
673 674 2
673 701 3
674 675 5
674 702 2
675 676 5
675 703 4
676 677 1
676 704 4
677 678 5
677 705 5
678 679 4
678 706 2
679 680 1
679 707 1
680 681 2
680 708 4
681 682 1
681 709 1
682 683 1
682 710 4
683 684 2
683 711 1
684 685 4
684 712 1
685 686 2
685 713 3
686 687 3
686 714 4
687 688 4
687 715 4
688 689 4
688 716 2
689 690 2
689 717 1
690 691 3
690 718 1
691 692 4
691 719 5
692 693 5
692 720 4
693 694 4
693 721 2
694 695 4
694 722 2
695 696 3
695 723 5
696 697 5
696 724 1
697 698 1
697 725 2
698 699 2
698 726 3
699 700 5
699 727 4
700 728 5
701 702 4
701 729 5
702 703 2
702 730 4
703 704 5
703 731 1
704 705 3
704 732 2
705 706 1
705 733 1
706 707 4
706 734 3
707 708 2
707 735 4
708 709 1
708 736 4
709 710 4
709 737 4
710 711 5
710 738 2
711 712 1
711 739 3
712 713 5
712 740 2
713 714 3
713 741 5
714 715 3
714 742 2
715 716 1
715 743 5
716 717 5
716 744 4
717 718 3
717 745 5
718 719 4
718 746 4
719 720 2
719 747 5
720 721 5
720 748 2
721 722 3
721 749 4
722 723 3
722 750 3
723 724 5
723 751 1
724 725 1
724 752 2
725 726 1
725 753 2
726 727 1
726 754 5
727 728 4
727 755 2
728 756 3
729 730 3
729 757 2
730 731 1
730 758 5
731 732 2
731 759 5
732 733 4
732 760 4
733 734 1
733 761 2
734 735 1
734 762 2
735 736 3
735 763 4
736 737 1
736 764 5
737 738 4
737 765 3
738 739 3
738 766 4
739 740 5
739 767 1
740 741 4
740 768 2
741 742 2
741 769 5
742 743 2
742 770 1
743 744 3
743 771 5
744 745 2
744 772 2
745 746 3
745 773 4
746 747 3
746 774 4
747 748 5
747 775 3
748 749 5
748 776 3
749 750 2
749 777 3
750 751 2
750 778 4
751 752 2
751 779 1
752 753 2
752 780 4
753 754 5
753 781 5
754 755 1
754 782 5
755 756 5
755 783 1
756 784 1
757 758 4
758 759 4
759 760 3
760 761 4
761 762 4
762 763 4
763 764 3
764 765 1
765 766 5
766 767 2
767 768 5
768 769 3
769 770 2
770 771 4
771 772 3
772 773 2
773 774 4
774 775 4
775 776 4
776 777 2
777 778 1
778 779 4
779 780 2
780 781 3
781 782 1
782 783 2
783 784 5
