784 1512
1 2 1
1 29 3
2 3 1
2 30 2
3 4 1
3 31 5
4 5 5
4 32 1
5 6 2
5 33 3
6 7 4
6 34 4
7 8 4
7 35 1
8 9 1
8 36 5
9 10 5
9 37 3
10 11 4
10 38 5
11 12 4
11 39 1
12 13 5
12 40 5
13 14 4
13 41 2
14 15 5
14 42 2
15 16 5
15 43 1
16 17 1
16 44 5
17 18 4
17 45 4
18 19 5
18 46 2
19 20 1
19 47 4
20 21 5
20 48 2
21 22 5
21 49 3
22 23 5
22 50 4
23 24 2
23 51 3
24 25 4
24 52 4
25 26 2
25 53 4
26 27 4
26 54 3
27 28 3
27 55 4
28 56 2
29 30 5
29 57 1
30 31 3
30 58 5
31 32 5
31 59 2
32 33 2
32 60 4
33 34 2
33 61 2
34 35 1
34 62 2
35 36 3
35 63 3
36 37 5
36 64 3
37 38 3
37 65 3
38 39 1
38 66 2
39 40 5
39 67 4
40 41 5
40 68 3
41 42 4
41 69 5
42 43 3
42 70 4
43 44 1
43 71 3
44 45 3
44 72 1
45 46 1
45 73 1
46 47 2
46 74 2
47 48 5
47 75 1
48 49 2
48 76 2
49 50 2
49 77 1
50 51 1
50 78 2
51 52 2
51 79 2
52 53 3
52 80 2
53 54 2
53 81 3
54 55 5
54 82 2
55 56 4
55 83 3
56 84 1
57 58 5
57 85 1
58 59 3
58 86 3
59 60 5
59 87 5
60 61 5
60 88 5
61 62 1
61 89 5
62 63 5
62 90 5
63 64 2
63 91 1
64 65 5
64 92 4
65 66 2
65 93 2
66 67 5
66 94 1
67 68 1
67 95 4
68 69 5
68 96 5
69 70 4
69 97 5
70 71 3
70 98 1
71 72 2
71 99 1
72 73 5
72 100 1
73 74 1
73 101 4
74 75 2
74 102 3
75 76 2
75 103 2
76 77 3
76 104 3
77 78 1
77 105 4
78 79 5
78 106 2
79 80 3
79 107 2
80 81 5
80 108 5
81 82 1
81 109 4
82 83 1
82 110 5
83 84 3
83 111 4
84 112 2
85 86 5
85 113 3
86 87 2
86 114 5
87 88 1
87 115 5
88 89 2
88 116 2
89 90 1
89 117 1
90 91 2
90 118 4
91 92 4
91 119 4
92 93 2
92 120 3
93 94 3
93 121 4
94 95 1
94 122 3
95 96 4
95 123 2
96 97 4
96 124 4
97 98 2
97 125 2
98 99 1
98 126 5
99 100 3
99 127 5
100 101 2
100 128 3
101 102 2
101 129 1
102 103 1
102 130 1
103 104 5
103 131 1
104 105 4
104 132 1
105 106 3
105 133 5
106 107 2
106 134 5
107 108 3
107 135 1
108 109 4
108 136 5
109 110 5
109 137 1
110 111 2
110 138 5
111 112 1
111 139 2
112 140 2
113 114 3
113 141 3
114 115 1
114 142 4
115 116 1
115 143 4
116 117 5
116 144 4
117 118 4
117 145 2
118 119 3
118 146 4
119 120 1
119 147 3
120 121 1
120 148 5
121 122 4
121 149 3
122 123 1
122 150 4
123 124 3
123 151 2
124 125 5
124 152 3
125 126 1
125 153 4
126 127 2
126 154 3
127 128 5
127 155 1
128 129 2
128 156 3
129 130 4
129 157 3
130 131 1
130 158 2
131 132 1
131 159 4
132 133 3
132 160 5
133 134 5
133 161 2
134 135 5
134 162 4
135 136 1
135 163 3
136 137 3
136 164 3
137 138 5
137 165 1
138 139 5
138 166 4
139 140 1
139 167 5
140 168 1
141 142 3
141 169 1
142 143 4
142 170 2
143 144 2
143 171 1
144 145 2
144 172 1
145 146 5
145 173 2
146 147 2
146 174 2
147 148 4
147 175 5
148 149 1
148 176 4
149 150 1
149 177 4
150 151 4
150 178 4
151 152 1
151 179 3
152 153 1
152 180 1
153 154 1
153 181 4
154 155 5
154 182 2
155 156 2
155 183 4
156 157 3
156 184 1
157 158 5
157 185 4
158 159 5
158 186 2
159 160 3
159 187 2
160 161 4
160 188 5
161 162 2
161 189 3
162 163 1
162 190 1
163 164 1
163 191 1
164 165 1
164 192 5
165 166 4
165 193 4
166 167 4
166 194 4
167 168 1
167 195 1
168 196 3
169 170 3
169 197 2
170 171 5
170 198 5
171 172 4
171 199 4
172 173 4
172 200 5
173 174 1
173 201 4
174 175 2
174 202 2
175 176 3
175 203 2
176 177 2
176 204 1
177 178 4
177 205 5
178 179 2
178 206 1
179 180 1
179 207 4
180 181 3
180 208 3
181 182 4
181 209 5
182 183 4
182 210 2
183 184 3
183 211 3
184 185 4
184 212 3
185 186 5
185 213 1
186 187 3
186 214 1
187 188 4
187 215 1
188 189 3
188 216 5
189 190 2
189 217 2
190 191 2
190 218 1
191 192 2
191 219 5
192 193 4
192 220 3
193 194 4
193 221 5
194 195 2
194 222 3
195 196 2
195 223 5
196 224 3
197 198 2
197 225 5
198 199 5
198 226 5
199 200 3
199 227 3
200 201 3
200 228 2
201 202 5
201 229 5
202 203 4
202 230 4
203 204 1
203 231 2
204 205 5
204 232 5
205 206 2
205 233 3
206 207 1
206 234 5
207 208 4
207 235 5
208 209 4
208 236 3
209 210 1
209 237 3
210 211 3
210 238 1
211 212 4
211 239 3
212 213 4
212 240 4
213 214 5
213 241 1
214 215 1
214 242 2
215 216 2
215 243 4
216 217 3
216 244 5
217 218 4
217 245 1
218 219 2
218 246 4
219 220 2
219 247 2
220 221 3
220 248 4
221 222 3
221 249 3
222 223 3
222 250 2
223 224 2
223 251 3
224 252 2
225 226 2
225 253 1
226 227 1
226 254 2
227 228 3
227 255 2
228 229 4
228 256 4
229 230 2
229 257 3
230 231 2
230 258 1
231 232 3
231 259 1
232 233 3
232 260 5
233 234 5
233 261 4
234 235 4
234 262 4
235 236 5
235 263 3
236 237 2
236 264 5
237 238 3
237 265 4
238 239 5
238 266 4
239 240 5
239 267 3
240 241 3
240 268 4
241 242 5
241 269 1
242 243 3
242 270 2
243 244 3
243 271 4
244 245 2
244 272 5
245 246 3
245 273 4
246 247 2
246 274 4
247 248 2
247 275 2
248 249 5
248 276 5
249 250 4
249 277 2
250 251 1
250 278 1
251 252 5
251 279 2
252 280 2
253 254 2
253 281 4
254 255 3
254 282 2
255 256 4
255 283 1
256 257 4
256 284 2
257 258 1
257 285 3
258 259 2
258 286 2
259 260 3
259 287 2
260 261 1
260 288 2
261 262 5
261 289 4
262 263 2
262 290 2
263 264 3
263 291 1
264 265 4
264 292 3
265 266 5
265 293 3
266 267 4
266 294 4
267 268 4
267 295 2
268 269 3
268 296 1
269 270 3
269 297 1
270 271 5
270 298 5
271 272 5
271 299 1
272 273 5
272 300 4
273 274 3
273 301 1
274 275 1
274 302 5
275 276 4
275 303 4
276 277 4
276 304 5
277 278 1
277 305 4
278 279 3
278 306 3
279 280 1
279 307 5
280 308 1
281 282 4
281 309 3
282 283 2
282 310 5
283 284 3
283 311 2
284 285 4
284 312 1
285 286 4
285 313 4
286 287 4
286 314 2
287 288 1
287 315 3
288 289 5
288 316 3
289 290 5
289 317 2
290 291 1
290 318 1
291 292 1
291 319 5
292 293 1
292 320 2
293 294 5
293 321 3
294 295 2
294 322 4
295 296 4
295 323 5
296 297 2
296 324 5
297 298 4
297 325 5
298 299 2
298 326 1
299 300 5
299 327 1
300 301 3
300 328 3
301 302 2
301 329 5
302 303 2
302 330 1
303 304 1
303 331 1
304 305 5
304 332 5
305 306 2
305 333 2
306 307 3
306 334 3
307 308 5
307 335 4
308 336 4
309 310 5
309 337 2
310 311 4
310 338 2
311 312 3
311 339 3
312 313 4
312 340 1
313 314 3
313 341 2
314 315 1
314 342 2
315 316 4
315 343 2
316 317 4
316 344 5
317 318 4
317 345 2
318 319 2
318 346 5
319 320 4
319 347 3
320 321 4
320 348 4
321 322 3
321 349 1
322 323 5
322 350 4
323 324 4
323 351 1
324 325 2
324 352 2
325 326 5
325 353 2
326 327 2
326 354 4
327 328 2
327 355 5
328 329 4
328 356 1
329 330 1
329 357 5
330 331 3
330 358 5
331 332 3
331 359 4
332 333 4
332 360 2
333 334 3
333 361 1
334 335 2
334 362 2
335 336 5
335 363 4
336 364 2
337 338 1
337 365 1
338 339 1
338 366 5
339 340 2
339 367 1
340 341 4
340 368 2
341 342 1
341 369 4
342 343 4
342 370 3
343 344 1
343 371 1
344 345 2
344 372 3
345 346 4
345 373 2
346 347 5
346 374 5
347 348 3
347 375 3
348 349 2
348 376 2
349 350 1
349 377 2
350 351 3
350 378 2
351 352 2
351 379 5
352 353 2
352 380 5
353 354 1
353 381 2
354 355 5
354 382 3
355 356 1
355 383 5
356 357 5
356 384 5
357 358 4
357 385 4
358 359 5
358 386 4
359 360 3
359 387 2
360 361 5
360 388 1
361 362 2
361 389 3
362 363 5
362 390 2
363 364 2
363 391 5
364 392 1
365 366 1
365 393 1
366 367 3
366 394 4
367 368 1
367 395 3
368 369 2
368 396 3
369 370 3
369 397 5
370 371 1
370 398 5
371 372 4
371 399 4
372 373 1
372 400 1
373 374 5
373 401 1
374 375 3
374 402 2
375 376 3
375 403 4
376 377 4
376 404 5
377 378 3
377 405 2
378 379 5
378 406 2
379 380 1
379 407 1
380 381 5
380 408 3
381 382 2
381 409 5
382 383 2
382 410 1
383 384 1
383 411 5
384 385 5
384 412 2
385 386 2
385 413 2
386 387 3
386 414 2
387 388 5
387 415 4
388 389 4
388 416 2
389 390 5
389 417 4
390 391 4
390 418 4
391 392 1
391 419 2
392 420 5
393 394 5
393 421 3
394 395 2
394 422 2
395 396 1
395 423 2
396 397 2
396 424 4
397 398 1
397 425 4
398 399 5
398 426 1
399 400 4
399 427 1
400 401 1
400 428 5
401 402 3
401 429 4
402 403 2
402 430 2
403 404 4
403 431 1
404 405 4
404 432 3
405 406 1
405 433 3
406 407 3
406 434 1
407 408 4
407 435 3
408 409 5
408 436 5
409 410 1
409 437 1
410 411 5
410 438 1
411 412 2
411 439 5
412 413 5
412 440 3
413 414 1
413 441 3
414 415 5
414 442 1
415 416 2
415 443 1
416 417 4
416 444 1
417 418 5
417 445 1
418 419 5
418 446 1
419 420 2
419 447 1
420 448 4
421 422 5
421 449 4
422 423 5
422 450 2
423 424 3
423 451 3
424 425 5
424 452 5
425 426 1
425 453 4
426 427 1
426 454 2
427 428 5
427 455 3
428 429 3
428 456 1
429 430 5
429 457 3
430 431 2
430 458 3
431 432 3
431 459 1
432 433 3
432 460 3
433 434 2
433 461 5
434 435 5
434 462 3
435 436 4
435 463 3
436 437 2
436 464 5
437 438 3
437 465 5
438 439 4
438 466 5
439 440 3
439 467 2
440 441 3
440 468 2
441 442 1
441 469 4
442 443 3
442 470 3
443 444 2
443 471 1
444 445 5
444 472 2
445 446 4
445 473 5
446 447 5
446 474 3
447 448 2
447 475 4
448 476 1
449 450 3
449 477 5
450 451 3
450 478 3
451 452 2
451 479 4
452 453 1
452 480 4
453 454 5
453 481 5
454 455 2
454 482 5
455 456 5
455 483 4
456 457 2
456 484 1
457 458 4
457 485 4
458 459 5
458 486 5
459 460 4
459 487 4
460 461 4
460 488 5
461 462 1
461 489 2
462 463 1
462 490 4
463 464 3
463 491 4
464 465 3
464 492 5
465 466 3
465 493 1
466 467 3
466 494 2
467 468 1
467 495 2
468 469 1
468 496 3
469 470 3
469 497 5
470 471 5
470 498 5
471 472 4
471 499 1
472 473 1
472 500 5
473 474 4
473 501 1
474 475 4
474 502 4
475 476 2
475 503 1
476 504 3
477 478 2
477 505 1
478 479 2
478 506 2
479 480 3
479 507 1
480 481 5
480 508 4
481 482 1
481 509 2
482 483 1
482 510 5
483 484 4
483 511 3
484 485 2
484 512 2
485 486 4
485 513 2
486 487 3
486 514 5
487 488 2
487 515 3
488 489 5
488 516 1
489 490 1
489 517 2
490 491 3
490 518 3
491 492 3
491 519 5
492 493 4
492 520 4
493 494 5
493 521 4
494 495 1
494 522 4
495 496 4
495 523 3
496 497 1
496 524 5
497 498 3
497 525 5
498 499 4
498 526 4
499 500 2
499 527 3
500 501 3
500 528 2
501 502 5
501 529 4
502 503 2
502 530 4
503 504 4
503 531 4
504 532 4
505 506 5
505 533 2
506 507 1
506 534 2
507 508 2
507 535 5
508 509 1
508 536 5
509 510 3
509 537 2
510 511 5
510 538 1
511 512 5
511 539 2
512 513 1
512 540 4
513 514 4
513 541 5
514 515 5
514 542 5
515 516 2
515 543 5
516 517 1
516 544 1
517 518 5
517 545 5
518 519 3
518 546 3
519 520 3
519 547 5
520 521 1
520 548 4
521 522 2
521 549 4
522 523 4
522 550 1
523 524 1
523 551 3
524 525 2
524 552 2
525 526 1
525 553 5
526 527 2
526 554 1
527 528 1
527 555 4
528 529 2
528 556 5
529 530 4
529 557 2
530 531 5
530 558 4
531 532 3
531 559 4
532 560 5
533 534 1
533 561 2
534 535 4
534 562 4
535 536 3
535 563 1
536 537 4
536 564 4
537 538 1
537 565 5
538 539 1
538 566 3
539 540 2
539 567 4
540 541 2
540 568 2
541 542 5
541 569 4
542 543 4
542 570 4
543 544 2
543 571 4
544 545 1
544 572 4
545 546 5
545 573 2
546 547 4
546 574 4
547 548 4
547 575 4
548 549 3
548 576 4
549 550 1
549 577 2
550 551 5
550 578 5
551 552 1
551 579 2
552 553 4
552 580 3
553 554 3
553 581 4
554 555 4
554 582 4
555 556 2
555 583 2
556 557 3
556 584 4
557 558 4
557 585 2
558 559 3
558 586 2
559 560 4
559 587 5
560 588 5
561 562 3
561 589 5
562 563 3
562 590 4
563 564 3
563 591 2
564 565 1
564 592 5
565 566 2
565 593 3
566 567 2
566 594 1
567 568 1
567 595 4
568 569 2
568 596 1
569 570 5
569 597 2
570 571 5
570 598 4
571 572 2
571 599 2
572 573 4
572 600 5
573 574 4
573 601 3
574 575 4
574 602 1
575 576 4
575 603 3
576 577 1
576 604 3
577 578 4
577 605 4
578 579 3
578 606 4
579 580 1
579 607 2
580 581 4
580 608 1
581 582 5
581 609 3
582 583 5
582 610 4
583 584 1
583 611 4
584 585 2
584 612 4
585 586 3
585 613 5
586 587 2
586 614 5
587 588 2
587 615 4
588 616 5
589 590 5
589 617 4
590 591 1
590 618 1
591 592 3
591 619 3
592 593 5
592 620 5
593 594 2
593 621 3
594 595 5
594 622 3
595 596 5
595 623 3
596 597 2
596 624 4
597 598 4
597 625 1
598 599 5
598 626 3
599 600 3
599 627 3
600 601 5
600 628 2
601 602 1
601 629 4
602 603 5
602 630 2
603 604 1
603 631 3
604 605 3
604 632 1
605 606 5
605 633 3
606 607 3
606 634 1
607 608 5
607 635 4
608 609 3
608 636 4
609 610 5
609 637 3
610 611 5
610 638 3
611 612 1
611 639 5
612 613 5
612 640 5
613 614 5
613 641 2
614 615 3
614 642 3
615 616 1
615 643 1
616 644 2
617 618 5
617 645 3
618 619 4
618 646 5
619 620 1
619 647 4
620 621 4
620 648 1
621 622 3
621 649 5
622 623 5
622 650 4
623 624 1
623 651 1
624 625 4
624 652 3
625 626 2
625 653 1
626 627 2
626 654 2
627 628 5
627 655 4
628 629 5
628 656 2
629 630 3
629 657 1
630 631 2
630 658 1
631 632 1
631 659 2
632 633 5
632 660 3
633 634 1
633 661 1
634 635 4
634 662 2
635 636 2
635 663 5
636 637 1
636 664 1
637 638 2
637 665 2
638 639 3
638 666 2
639 640 5
639 667 4
640 641 3
640 668 2
641 642 4
641 669 5
642 643 4
642 670 3
643 644 2
643 671 5
644 672 1
645 646 5
645 673 4
646 647 1
646 674 2
647 648 2
647 675 5
648 649 1
648 676 5
649 650 1
649 677 2
650 651 4
650 678 4
651 652 5
651 679 4
652 653 3
652 680 1
653 654 5
653 681 5
654 655 1
654 682 4
655 656 3
655 683 5
656 657 5
656 684 4
657 658 1
657 685 3
658 659 5
658 686 1
659 660 5
659 687 1
660 661 2
660 688 4
661 662 4
661 689 1
662 663 2
662 690 4
663 664 4
663 691 2
664 665 4
664 692 5
665 666 4
665 693 4
666 667 1
666 694 2
667 668 1
667 695 2
668 669 5
668 696 5
669 670 2
669 697 2
670 671 1
670 698 2
671 672 3
671 699 3
672 700 1
673 674 5
673 701 1
674 675 4
674 702 1
675 676 5
675 703 5
676 677 2
676 704 3
677 678 1
677 705 4
678 679 5
678 706 1
679 680 1
679 707 5
680 681 1
680 708 2
681 682 5
681 709 2
682 683 1
682 710 3
683 684 4
683 711 5
684 685 1
684 712 5
685 686 3
685 713 4
686 687 2
686 714 1
687 688 5
687 715 5
688 689 2
688 716 1
689 690 2
689 717 3
690 691 3
690 718 2
691 692 2
691 719 5
692 693 1
692 720 4
693 694 5
693 721 3
694 695 4
694 722 2
695 696 3
695 723 4
696 697 1
696 724 1
697 698 2
697 725 4
698 699 5
698 726 3
699 700 5
699 727 2
700 728 3
701 702 5
701 729 5
702 703 1
702 730 5
703 704 1
703 731 1
704 705 4
704 732 5
705 706 2
705 733 4
706 707 1
706 734 1
707 708 5
707 735 2
708 709 1
708 736 4
709 710 1
709 737 2
710 711 3
710 738 3
711 712 3
711 739 2
712 713 3
712 740 1
713 714 5
713 741 3
714 715 5
714 742 2
715 716 3
715 743 5
716 717 1
716 744 1
717 718 4
717 745 1
718 719 3
718 746 4
719 720 1
719 747 4
720 721 3
720 748 1
721 722 5
721 749 2
722 723 1
722 750 4
723 724 2
723 751 3
724 725 3
724 752 1
725 726 4
725 753 3
726 727 3
726 754 3
727 728 5
727 755 4
728 756 4
729 730 1
729 757 1
730 731 1
730 758 3
731 732 1
731 759 2
732 733 2
732 760 5
733 734 2
733 761 1
734 735 1
734 762 2
735 736 4
735 763 5
736 737 3
736 764 2
737 738 4
737 765 3
738 739 2
738 766 2
739 740 5
739 767 3
740 741 2
740 768 4
741 742 3
741 769 5
742 743 1
742 770 5
743 744 5
743 771 4
744 745 4
744 772 3
745 746 4
745 773 1
746 747 1
746 774 4
747 748 1
747 775 1
748 749 2
748 776 4
749 750 2
749 777 2
750 751 3
750 778 4
751 752 5
751 779 4
752 753 2
752 780 4
753 754 3
753 781 4
754 755 5
754 782 5
755 756 1
755 783 1
756 784 3
757 758 4
758 759 5
759 760 3
760 761 1
761 762 5
762 763 1
763 764 5
764 765 1
765 766 1
766 767 2
767 768 3
768 769 1
769 770 1
770 771 1
771 772 2
772 773 1
773 774 2
774 775 3
775 776 2
776 777 4
777 778 5
778 779 5
779 780 2
780 781 4
781 782 4
782 783 1
783 784 3
