784 1512
1 2 3
1 29 4
2 3 5
2 30 2
3 4 2
3 31 4
4 5 4
4 32 3
5 6 4
5 33 2
6 7 5
6 34 5
7 8 1
7 35 2
8 9 2
8 36 2
9 10 2
9 37 3
10 11 4
10 38 3
11 12 3
11 39 4
12 13 4
12 40 4
13 14 2
13 41 2
14 15 5
14 42 5
15 16 1
15 43 3
16 17 5
16 44 4
17 18 1
17 45 2
18 19 3
18 46 5
19 20 2
19 47 5
20 21 4
20 48 2
21 22 1
21 49 3
22 23 1
22 50 3
23 24 3
23 51 3
24 25 5
24 52 3
25 26 3
25 53 5
26 27 1
26 54 4
27 28 3
27 55 5
28 56 3
29 30 5
29 57 1
30 31 1
30 58 1
31 32 4
31 59 4
32 33 5
32 60 3
33 34 4
33 61 5
34 35 4
34 62 4
35 36 4
35 63 4
36 37 3
36 64 4
37 38 1
37 65 5
38 39 5
38 66 3
39 40 5
39 67 1
40 41 2
40 68 5
41 42 2
41 69 1
42 43 2
42 70 5
43 44 5
43 71 5
44 45 2
44 72 5
45 46 1
45 73 1
46 47 4
46 74 4
47 48 4
47 75 3
48 49 1
48 76 2
49 50 4
49 77 2
50 51 1
50 78 1
51 52 2
51 79 3
52 53 2
52 80 2
53 54 5
53 81 3
54 55 1
54 82 4
55 56 5
55 83 2
56 84 1
57 58 5
57 85 5
58 59 5
58 86 5
59 60 2
59 87 2
60 61 2
60 88 1
61 62 5
61 89 3
62 63 5
62 90 3
63 64 3
63 91 5
64 65 4
64 92 2
65 66 4
65 93 2
66 67 4
66 94 1
67 68 5
67 95 3
68 69 3
68 96 1
69 70 2
69 97 1
70 71 1
70 98 5
71 72 1
71 99 5
72 73 5
72 100 1
73 74 2
73 101 1
74 75 1
74 102 3
75 76 5
75 103 4
76 77 5
76 104 2
77 78 2
77 105 4
78 79 5
78 106 5
79 80 1
79 107 1
80 81 5
80 108 2
81 82 1
81 109 2
82 83 3
82 110 1
83 84 1
83 111 1
84 112 1
85 86 4
85 113 3
86 87 5
86 114 4
87 88 2
87 115 2
88 89 4
88 116 4
89 90 4
89 117 4
90 91 2
90 118 2
91 92 1
91 119 1
92 93 1
92 120 4
93 94 2
93 121 2
94 95 3
94 122 1
95 96 1
95 123 3
96 97 5
96 124 3
97 98 5
97 125 2
98 99 4
98 126 1
99 100 3
99 127 5
100 101 3
100 128 2
101 102 2
101 129 3
102 103 5
102 130 1
103 104 1
103 131 5
104 105 4
104 132 1
105 106 5
105 133 2
106 107 2
106 134 4
107 108 5
107 135 3
108 109 5
108 136 2
109 110 2
109 137 1
110 111 5
110 138 3
111 112 2
111 139 3
112 140 2
113 114 4
113 141 1
114 115 3
114 142 3
115 116 1
115 143 5
116 117 1
116 144 3
117 118 4
117 145 4
118 119 2
118 146 2
119 120 3
119 147 2
120 121 2
120 148 5
121 122 3
121 149 2
122 123 4
122 150 1
123 124 5
123 151 2
124 125 4
124 152 5
125 126 3
125 153 1
126 127 5
126 154 2
127 128 4
127 155 3
128 129 2
128 156 4
129 130 3
129 157 1
130 131 2
130 158 1
131 132 4
131 159 5
132 133 4
132 160 2
133 134 2
133 161 5
134 135 4
134 162 2
135 136 2
135 163 1
136 137 5
136 164 4
137 138 2
137 165 2
138 139 2
138 166 5
139 140 1
139 167 1
140 168 5
141 142 2
141 169 2
142 143 2
142 170 3
143 144 4
143 171 2
144 145 4
144 172 5
145 146 2
145 173 3
146 147 2
146 174 2
147 148 3
147 175 5
148 149 1
148 176 4
149 150 4
149 177 2
150 151 1
150 178 3
151 152 3
151 179 3
152 153 4
152 180 2
153 154 2
153 181 3
154 155 5
154 182 5
155 156 2
155 183 4
156 157 1
156 184 5
157 158 5
157 185 3
158 159 3
158 186 2
159 160 3
159 187 4
160 161 1
160 188 5
161 162 2
161 189 5
162 163 3
162 190 4
163 164 3
163 191 4
164 165 5
164 192 2
165 166 4
165 193 4
166 167 5
166 194 3
167 168 3
167 195 4
168 196 1
169 170 3
169 197 2
170 171 2
170 198 1
171 172 1
171 199 1
172 173 2
172 200 3
173 174 5
173 201 3
174 175 1
174 202 4
175 176 1
175 203 1
176 177 4
176 204 1
177 178 2
177 205 5
178 179 3
178 206 2
179 180 2
179 207 5
180 181 2
180 208 1
181 182 5
181 209 3
182 183 3
182 210 5
183 184 2
183 211 5
184 185 3
184 212 5
185 186 5
185 213 5
186 187 5
186 214 4
187 188 2
187 215 5
188 189 2
188 216 1
189 190 1
189 217 3
190 191 2
190 218 2
191 192 1
191 219 2
192 193 4
192 220 3
193 194 2
193 221 3
194 195 5
194 222 4
195 196 2
195 223 5
196 224 5
197 198 5
197 225 2
198 199 5
198 226 2
199 200 5
199 227 4
200 201 2
200 228 2
201 202 1
201 229 2
202 203 2
202 230 4
203 204 3
203 231 2
204 205 2
204 232 2
205 206 1
205 233 2
206 207 1
206 234 3
207 208 1
207 235 3
208 209 1
208 236 5
209 210 5
209 237 4
210 211 2
210 238 5
211 212 1
211 239 4
212 213 3
212 240 3
213 214 4
213 241 2
214 215 2
214 242 2
215 216 5
215 243 1
216 217 5
216 244 1
217 218 5
217 245 1
218 219 3
218 246 3
219 220 2
219 247 4
220 221 2
220 248 4
221 222 2
221 249 5
222 223 2
222 250 5
223 224 2
223 251 1
224 252 1
225 226 5
225 253 4
226 227 5
226 254 3
227 228 5
227 255 4
228 229 5
228 256 2
229 230 2
229 257 2
230 231 4
230 258 4
231 232 1
231 259 1
232 233 4
232 260 2
233 234 5
233 261 3
234 235 5
234 262 2
235 236 1
235 263 3
236 237 2
236 264 3
237 238 3
237 265 4
238 239 3
238 266 5
239 240 2
239 267 2
240 241 5
240 268 3
241 242 5
241 269 5
242 243 3
242 270 1
243 244 3
243 271 4
244 245 5
244 272 4
245 246 5
245 273 2
246 247 3
246 274 5
247 248 5
247 275 5
248 249 2
248 276 3
249 250 1
249 277 5
250 251 3
250 278 4
251 252 2
251 279 1
252 280 1
253 254 3
253 281 4
254 255 2
254 282 1
255 256 5
255 283 5
256 257 5
256 284 2
257 258 3
257 285 5
258 259 1
258 286 5
259 260 5
259 287 4
260 261 4
260 288 4
261 262 3
261 289 4
262 263 4
262 290 5
263 264 2
263 291 5
264 265 3
264 292 3
265 266 4
265 293 4
266 267 3
266 294 1
267 268 3
267 295 4
268 269 3
268 296 3
269 270 3
269 297 4
270 271 4
270 298 4
271 272 1
271 299 5
272 273 3
272 300 1
273 274 2
273 301 4
274 275 5
274 302 2
275 276 5
275 303 4
276 277 5
276 304 2
277 278 1
277 305 1
278 279 2
278 306 4
279 280 4
279 307 5
280 308 1
281 282 4
281 309 2
282 283 2
282 310 1
283 284 3
283 311 3
284 285 2
284 312 1
285 286 5
285 313 5
286 287 4
286 314 4
287 288 4
287 315 3
288 289 3
288 316 3
289 290 3
289 317 4
290 291 2
290 318 1
291 292 3
291 319 4
292 293 5
292 320 3
293 294 2
293 321 5
294 295 1
294 322 1
295 296 2
295 323 5
296 297 2
296 324 1
297 298 4
297 325 5
298 299 2
298 326 4
299 300 5
299 327 4
300 301 1
300 328 1
301 302 4
301 329 3
302 303 1
302 330 1
303 304 4
303 331 3
304 305 5
304 332 2
305 306 5
305 333 3
306 307 2
306 334 3
307 308 5
307 335 3
308 336 1
309 310 2
309 337 2
310 311 5
310 338 1
311 312 1
311 339 1
312 313 2
312 340 1
313 314 1
313 341 5
314 315 3
314 342 3
315 316 5
315 343 1
316 317 3
316 344 4
317 318 4
317 345 1
318 319 2
318 346 3
319 320 2
319 347 3
320 321 1
320 348 2
321 322 3
321 349 4
322 323 4
322 350 1
323 324 3
323 351 1
324 325 4
324 352 4
325 326 5
325 353 3
326 327 1
326 354 1
327 328 2
327 355 5
328 329 2
328 356 5
329 330 3
329 357 2
330 331 1
330 358 1
331 332 5
331 359 2
332 333 1
332 360 2
333 334 1
333 361 5
334 335 1
334 362 1
335 336 4
335 363 4
336 364 5
337 338 3
337 365 1
338 339 2
338 366 5
339 340 3
339 367 2
340 341 5
340 368 2
341 342 2
341 369 3
342 343 5
342 370 2
343 344 5
343 371 1
344 345 1
344 372 4
345 346 4
345 373 2
346 347 5
346 374 2
347 348 3
347 375 3
348 349 4
348 376 2
349 350 3
349 377 5
350 351 3
350 378 5
351 352 1
351 379 1
352 353 1
352 380 4
353 354 3
353 381 2
354 355 5
354 382 1
355 356 2
355 383 4
356 357 2
356 384 2
357 358 4
357 385 4
358 359 3
358 386 2
359 360 4
359 387 4
360 361 5
360 388 4
361 362 3
361 389 3
362 363 5
362 390 3
363 364 4
363 391 5
364 392 2
365 366 3
365 393 3
366 367 3
366 394 2
367 368 3
367 395 3
368 369 1
368 396 1
369 370 5
369 397 3
370 371 5
370 398 5
371 372 4
371 399 5
372 373 1
372 400 1
373 374 2
373 401 4
374 375 2
374 402 1
375 376 2
375 403 5
376 377 1
376 404 3
377 378 4
377 405 1
378 379 2
378 406 2
379 380 5
379 407 2
380 381 3
380 408 3
381 382 4
381 409 5
382 383 5
382 410 4
383 384 2
383 411 1
384 385 1
384 412 4
385 386 4
385 413 1
386 387 1
386 414 5
387 388 5
387 415 1
388 389 3
388 416 1
389 390 5
389 417 3
390 391 4
390 418 1
391 392 2
391 419 5
392 420 4
393 394 2
393 421 5
394 395 5
394 422 4
395 396 5
395 423 4
396 397 2
396 424 2
397 398 3
397 425 1
398 399 5
398 426 3
399 400 5
399 427 3
400 401 1
400 428 1
401 402 4
401 429 4
402 403 5
402 430 3
403 404 5
403 431 5
404 405 4
404 432 5
405 406 1
405 433 2
406 407 3
406 434 1
407 408 2
407 435 1
408 409 2
408 436 4
409 410 5
409 437 4
410 411 2
410 438 3
411 412 1
411 439 3
412 413 2
412 440 5
413 414 2
413 441 5
414 415 3
414 442 4
415 416 5
415 443 1
416 417 2
416 444 3
417 418 1
417 445 3
418 419 3
418 446 4
419 420 5
419 447 3
420 448 1
421 422 3
421 449 1
422 423 2
422 450 3
423 424 4
423 451 4
424 425 4
424 452 5
425 426 2
425 453 1
426 427 1
426 454 5
427 428 5
427 455 2
428 429 3
428 456 2
429 430 3
429 457 5
430 431 3
430 458 2
431 432 5
431 459 2
432 433 2
432 460 4
433 434 4
433 461 2
434 435 4
434 462 3
435 436 4
435 463 3
436 437 2
436 464 1
437 438 5
437 465 4
438 439 3
438 466 3
439 440 2
439 467 5
440 441 5
440 468 3
441 442 5
441 469 5
442 443 3
442 470 2
443 444 4
443 471 2
444 445 3
444 472 4
445 446 2
445 473 3
446 447 1
446 474 2
447 448 4
447 475 5
448 476 4
449 450 2
449 477 5
450 451 1
450 478 3
451 452 2
451 479 1
452 453 4
452 480 2
453 454 1
453 481 1
454 455 5
454 482 5
455 456 3
455 483 1
456 457 3
456 484 4
457 458 1
457 485 3
458 459 5
458 486 4
459 460 1
459 487 1
460 461 3
460 488 2
461 462 1
461 489 3
462 463 4
462 490 2
463 464 3
463 491 5
464 465 1
464 492 3
465 466 3
465 493 4
466 467 3
466 494 1
467 468 3
467 495 3
468 469 2
468 496 4
469 470 1
469 497 4
470 471 5
470 498 2
471 472 4
471 499 1
472 473 3
472 500 2
473 474 3
473 501 1
474 475 2
474 502 5
475 476 5
475 503 1
476 504 5
477 478 5
477 505 4
478 479 4
478 506 2
479 480 5
479 507 5
480 481 1
480 508 5
481 482 5
481 509 5
482 483 1
482 510 5
483 484 4
483 511 5
484 485 5
484 512 3
485 486 1
485 513 5
486 487 3
486 514 3
487 488 1
487 515 3
488 489 1
488 516 3
489 490 3
489 517 2
490 491 3
490 518 4
491 492 5
491 519 4
492 493 5
492 520 4
493 494 3
493 521 2
494 495 4
494 522 5
495 496 5
495 523 3
496 497 1
496 524 2
497 498 4
497 525 5
498 499 2
498 526 3
499 500 2
499 527 4
500 501 5
500 528 3
501 502 3
501 529 2
502 503 3
502 530 5
503 504 5
503 531 5
504 532 5
505 506 5
505 533 3
506 507 2
506 534 1
507 508 3
507 535 5
508 509 2
508 536 2
509 510 2
509 537 2
510 511 2
510 538 5
511 512 1
511 539 4
512 513 5
512 540 3
513 514 3
513 541 3
514 515 4
514 542 2
515 516 5
515 543 2
516 517 3
516 544 4
517 518 2
517 545 1
518 519 4
518 546 4
519 520 2
519 547 4
520 521 4
520 548 1
521 522 2
521 549 5
522 523 4
522 550 1
523 524 4
523 551 5
524 525 3
524 552 5
525 526 5
525 553 3
526 527 4
526 554 1
527 528 5
527 555 1
528 529 2
528 556 3
529 530 1
529 557 1
530 531 4
530 558 3
531 532 3
531 559 4
532 560 4
533 534 3
533 561 4
534 535 2
534 562 3
535 536 3
535 563 2
536 537 2
536 564 3
537 538 4
537 565 2
538 539 3
538 566 2
539 540 5
539 567 1
540 541 4
540 568 2
541 542 3
541 569 4
542 543 3
542 570 4
543 544 5
543 571 3
544 545 1
544 572 2
545 546 2
545 573 2
546 547 5
546 574 1
547 548 4
547 575 4
548 549 4
548 576 4
549 550 3
549 577 4
550 551 3
550 578 1
551 552 5
551 579 5
552 553 5
552 580 4
553 554 4
553 581 5
554 555 1
554 582 5
555 556 5
555 583 1
556 557 2
556 584 1
557 558 5
557 585 3
558 559 5
558 586 5
559 560 3
559 587 1
560 588 4
561 562 4
561 589 5
562 563 5
562 590 4
563 564 3
563 591 4
564 565 5
564 592 4
565 566 3
565 593 5
566 567 4
566 594 4
567 568 2
567 595 2
568 569 3
568 596 2
569 570 4
569 597 1
570 571 2
570 598 2
571 572 5
571 599 4
572 573 1
572 600 5
573 574 4
573 601 3
574 575 5
574 602 3
575 576 4
575 603 4
576 577 4
576 604 3
577 578 4
577 605 5
578 579 3
578 606 1
579 580 4
579 607 3
580 581 3
580 608 5
581 582 1
581 609 4
582 583 1
582 610 3
583 584 2
583 611 5
584 585 2
584 612 5
585 586 3
585 613 3
586 587 3
586 614 5
587 588 5
587 615 1
588 616 1
589 590 5
589 617 1
590 591 3
590 618 5
591 592 3
591 619 2
592 593 4
592 620 4
593 594 5
593 621 5
594 595 2
594 622 3
595 596 4
595 623 4
596 597 1
596 624 5
597 598 3
597 625 3
598 599 2
598 626 5
599 600 2
599 627 3
600 601 2
600 628 3
601 602 1
601 629 4
602 603 2
602 630 3
603 604 5
603 631 4
604 605 3
604 632 5
605 606 1
605 633 3
606 607 1
606 634 4
607 608 5
607 635 4
608 609 2
608 636 2
609 610 4
609 637 1
610 611 2
610 638 3
611 612 3
611 639 2
612 613 3
612 640 3
613 614 1
613 641 3
614 615 4
614 642 3
615 616 3
615 643 2
616 644 5
617 618 1
617 645 4
618 619 5
618 646 2
619 620 4
619 647 5
620 621 3
620 648 1
621 622 4
621 649 3
622 623 1
622 650 4
623 624 5
623 651 5
624 625 4
624 652 5
625 626 1
625 653 2
626 627 2
626 654 4
627 628 4
627 655 3
628 629 1
628 656 4
629 630 2
629 657 4
630 631 4
630 658 5
631 632 5
631 659 1
632 633 4
632 660 5
633 634 3
633 661 2
634 635 3
634 662 4
635 636 3
635 663 3
636 637 1
636 664 2
637 638 4
637 665 4
638 639 5
638 666 3
639 640 2
639 667 1
640 641 3
640 668 2
641 642 2
641 669 3
642 643 4
642 670 1
643 644 4
643 671 4
644 672 1
645 646 4
645 673 1
646 647 5
646 674 5
647 648 5
647 675 1
648 649 1
648 676 5
649 650 1
649 677 5
650 651 3
650 678 5
651 652 5
651 679 3
652 653 3
652 680 3
653 654 4
653 681 3
654 655 1
654 682 4
655 656 2
655 683 3
656 657 1
656 684 2
657 658 4
657 685 3
658 659 3
658 686 4
659 660 3
659 687 3
660 661 3
660 688 3
661 662 2
661 689 1
662 663 2
662 690 5
663 664 5
663 691 5
664 665 2
664 692 4
665 666 5
665 693 1
666 667 1
666 694 2
667 668 4
667 695 2
668 669 2
668 696 5
669 670 3
669 697 1
670 671 3
670 698 4
671 672 4
671 699 3
672 700 4
673 674 3
673 701 1
674 675 4
674 702 5
675 676 1
675 703 4
676 677 1
676 704 2
677 678 2
677 705 2
678 679 5
678 706 3
679 680 1
679 707 5
680 681 1
680 708 1
681 682 5
681 709 5
682 683 4
682 710 1
683 684 5
683 711 1
684 685 1
684 712 4
685 686 4
685 713 4
686 687 3
686 714 3
687 688 1
687 715 5
688 689 5
688 716 3
689 690 3
689 717 3
690 691 2
690 718 2
691 692 2
691 719 3
692 693 4
692 720 3
693 694 4
693 721 2
694 695 4
694 722 1
695 696 2
695 723 5
696 697 4
696 724 1
697 698 4
697 725 2
698 699 3
698 726 1
699 700 3
699 727 1
700 728 1
701 702 4
701 729 4
702 703 2
702 730 5
703 704 4
703 731 3
704 705 1
704 732 5
705 706 2
705 733 5
706 707 4
706 734 3
707 708 5
707 735 1
708 709 4
708 736 4
709 710 1
709 737 5
710 711 2
710 738 4
711 712 5
711 739 1
712 713 2
712 740 2
713 714 1
713 741 5
714 715 2
714 742 1
715 716 5
715 743 4
716 717 3
716 744 5
717 718 5
717 745 1
718 719 3
718 746 3
719 720 1
719 747 2
720 721 3
720 748 4
721 722 4
721 749 2
722 723 1
722 750 5
723 724 1
723 751 2
724 725 3
724 752 3
725 726 4
725 753 4
726 727 4
726 754 2
727 728 2
727 755 2
728 756 3
729 730 1
729 757 3
730 731 1
730 758 5
731 732 2
731 759 4
732 733 4
732 760 5
733 734 1
733 761 3
734 735 1
734 762 5
735 736 4
735 763 2
736 737 3
736 764 1
737 738 3
737 765 1
738 739 4
738 766 1
739 740 5
739 767 5
740 741 1
740 768 4
741 742 4
741 769 1
742 743 5
742 770 3
743 744 3
743 771 3
744 745 1
744 772 5
745 746 4
745 773 2
746 747 1
746 774 4
747 748 2
747 775 4
748 749 4
748 776 5
749 750 4
749 777 2
750 751 3
750 778 1
751 752 5
751 779 3
752 753 2
752 780 1
753 754 3
753 781 3
754 755 1
754 782 2
755 756 2
755 783 5
756 784 2
757 758 1
758 759 5
759 760 5
760 761 4
761 762 4
762 763 1
763 764 4
764 765 1
765 766 3
766 767 1
767 768 4
768 769 2
769 770 5
770 771 1
771 772 5
772 773 3
773 774 2
774 775 2
775 776 1
776 777 4
777 778 4
778 779 1
779 780 2
780 781 3
781 782 3
782 783 2
783 784 2
