100 4950
1 2 5
1 3 5
1 4 2
1 5 5
1 6 2
1 7 4
1 8 5
1 9 4
1 10 5
1 11 3
1 12 1
1 13 1
1 14 4
1 15 2
1 16 1
1 17 2
1 18 5
1 19 3
1 20 1
1 21 3
1 22 1
1 23 3
1 24 5
1 25 2
1 26 3
1 27 5
1 28 5
1 29 3
1 30 4
1 31 5
1 32 1
1 33 3
1 34 2
1 35 3
1 36 4
1 37 3
1 38 4
1 39 1
1 40 2
1 41 3
1 42 5
1 43 1
1 44 1
1 45 4
1 46 5
1 47 2
1 48 5
1 49 3
1 50 3
1 51 2
1 52 1
1 53 5
1 54 1
1 55 4
1 56 2
1 57 1
1 58 5
1 59 2
1 60 1
1 61 1
1 62 3
1 63 1
1 64 4
1 65 5
1 66 1
1 67 3
1 68 2
1 69 2
1 70 4
1 71 1
1 72 2
1 73 5
1 74 5
1 75 4
1 76 3
1 77 4
1 78 1
1 79 3
1 80 5
1 81 3
1 82 5
1 83 1
1 84 1
1 85 4
1 86 1
1 87 5
1 88 3
1 89 3
1 90 3
1 91 1
1 92 3
1 93 5
1 94 1
1 95 4
1 96 4
1 97 5
1 98 1
1 99 1
1 100 4
2 3 1
2 4 3
2 5 2
2 6 4
2 7 4
2 8 3
2 9 1
2 10 1
2 11 4
2 12 1
2 13 5
2 14 5
2 15 4
2 16 1
2 17 3
2 18 5
2 19 3
2 20 4
2 21 4
2 22 5
2 23 3
2 24 5
2 25 1
2 26 2
2 27 4
2 28 2
2 29 4
2 30 5
2 31 4
2 32 5
2 33 2
2 34 2
2 35 3
2 36 3
2 37 4
2 38 1
2 39 2
2 40 3
2 41 3
2 42 5
2 43 1
2 44 2
2 45 3
2 46 2
2 47 5
2 48 5
2 49 1
2 50 5
2 51 1
2 52 2
2 53 5
2 54 5
2 55 1
2 56 5
2 57 3
2 58 2
2 59 2
2 60 4
2 61 5
2 62 3
2 63 4
2 64 1
2 65 3
2 66 5
2 67 3
2 68 3
2 69 1
2 70 2
2 71 5
2 72 4
2 73 1
2 74 3
2 75 2
2 76 5
2 77 3
2 78 1
2 79 5
2 80 1
2 81 4
2 82 1
2 83 4
2 84 2
2 85 3
2 86 3
2 87 4
2 88 5
2 89 3
2 90 1
2 91 1
2 92 4
2 93 2
2 94 5
2 95 4
2 96 2
2 97 5
2 98 5
2 99 3
2 100 1
3 4 1
3 5 2
3 6 4
3 7 1
3 8 4
3 9 1
3 10 2
3 11 1
3 12 1
3 13 2
3 14 1
3 15 4
3 16 1
3 17 5
3 18 5
3 19 1
3 20 4
3 21 5
3 22 5
3 23 1
3 24 4
3 25 4
3 26 5
3 27 5
3 28 3
3 29 2
3 30 4
3 31 1
3 32 4
3 33 3
3 34 2
3 35 2
3 36 1
3 37 5
3 38 5
3 39 5
3 40 3
3 41 2
3 42 3
3 43 4
3 44 4
3 45 2
3 46 5
3 47 2
3 48 2
3 49 4
3 50 5
3 51 5
3 52 4
3 53 3
3 54 4
3 55 2
3 56 2
3 57 1
3 58 5
3 59 2
3 60 4
3 61 2
3 62 5
3 63 2
3 64 1
3 65 1
3 66 4
3 67 5
3 68 2
3 69 4
3 70 5
3 71 5
3 72 2
3 73 1
3 74 1
3 75 4
3 76 5
3 77 2
3 78 3
3 79 3
3 80 3
3 81 5
3 82 5
3 83 5
3 84 5
3 85 5
3 86 5
3 87 4
3 88 4
3 89 2
3 90 4
3 91 4
3 92 4
3 93 2
3 94 3
3 95 4
3 96 5
3 97 4
3 98 2
3 99 3
3 100 1
4 5 1
4 6 1
4 7 3
4 8 4
4 9 1
4 10 5
4 11 1
4 12 1
4 13 3
4 14 3
4 15 4
4 16 1
4 17 2
4 18 4
4 19 3
4 20 4
4 21 4
4 22 2
4 23 3
4 24 4
4 25 2
4 26 1
4 27 3
4 28 5
4 29 3
4 30 2
4 31 2
4 32 5
4 33 5
4 34 2
4 35 4
4 36 5
4 37 3
4 38 1
4 39 5
4 40 1
4 41 2
4 42 3
4 43 5
4 44 4
4 45 5
4 46 2
4 47 4
4 48 4
4 49 1
4 50 5
4 51 2
4 52 1
4 53 4
4 54 4
4 55 4
4 56 3
4 57 1
4 58 4
4 59 1
4 60 5
4 61 5
4 62 1
4 63 1
4 64 4
4 65 1
4 66 4
4 67 5
4 68 1
4 69 5
4 70 4
4 71 2
4 72 4
4 73 5
4 74 4
4 75 5
4 76 2
4 77 5
4 78 3
4 79 2
4 80 2
4 81 3
4 82 4
4 83 1
4 84 4
4 85 5
4 86 2
4 87 4
4 88 5
4 89 4
4 90 3
4 91 1
4 92 1
4 93 5
4 94 3
4 95 4
4 96 1
4 97 2
4 98 3
4 99 3
4 100 1
5 6 4
5 7 2
5 8 1
5 9 3
5 10 5
5 11 4
5 12 1
5 13 5
5 14 2
5 15 4
5 16 4
5 17 5
5 18 2
5 19 4
5 20 5
5 21 4
5 22 5
5 23 4
5 24 2
5 25 3
5 26 2
5 27 3
5 28 1
5 29 5
5 30 2
5 31 5
5 32 3
5 33 5
5 34 5
5 35 4
5 36 1
5 37 2
5 38 2
5 39 1
5 40 4
5 41 5
5 42 5
5 43 1
5 44 2
5 45 1
5 46 4
5 47 1
5 48 3
5 49 3
5 50 4
5 51 2
5 52 1
5 53 4
5 54 5
5 55 5
5 56 5
5 57 3
5 58 3
5 59 1
5 60 3
5 61 2
5 62 1
5 63 4
5 64 3
5 65 5
5 66 2
5 67 1
5 68 4
5 69 1
5 70 4
5 71 5
5 72 4
5 73 4
5 74 4
5 75 4
5 76 2
5 77 4
5 78 1
5 79 5
5 80 2
5 81 1
5 82 5
5 83 3
5 84 5
5 85 3
5 86 3
5 87 1
5 88 1
5 89 2
5 90 4
5 91 5
5 92 4
5 93 3
5 94 3
5 95 4
5 96 1
5 97 3
5 98 5
5 99 3
5 100 2
6 7 5
6 8 1
6 9 5
6 10 4
6 11 2
6 12 2
6 13 5
6 14 5
6 15 1
6 16 4
6 17 4
6 18 3
6 19 1
6 20 4
6 21 3
6 22 5
6 23 3
6 24 1
6 25 4
6 26 5
6 27 4
6 28 4
6 29 2
6 30 4
6 31 3
6 32 4
6 33 4
6 34 2
6 35 2
6 36 4
6 37 4
6 38 1
6 39 1
6 40 5
6 41 1
6 42 5
6 43 2
6 44 4
6 45 3
6 46 1
6 47 2
6 48 1
6 49 3
6 50 4
6 51 2
6 52 5
6 53 2
6 54 4
6 55 5
6 56 5
6 57 3
6 58 2
6 59 5
6 60 3
6 61 4
6 62 5
6 63 1
6 64 3
6 65 1
6 66 1
6 67 2
6 68 5
6 69 4
6 70 3
6 71 4
6 72 3
6 73 1
6 74 2
6 75 3
6 76 3
6 77 3
6 78 3
6 79 5
6 80 2
6 81 3
6 82 1
6 83 3
6 84 2
6 85 1
6 86 4
6 87 2
6 88 2
6 89 3
6 90 5
6 91 3
6 92 5
6 93 2
6 94 4
6 95 5
6 96 5
6 97 5
6 98 4
6 99 3
6 100 3
7 8 1
7 9 3
7 10 3
7 11 5
7 12 3
7 13 3
7 14 3
7 15 5
7 16 2
7 17 3
7 18 4
7 19 3
7 20 3
7 21 5
7 22 1
7 23 5
7 24 1
7 25 1
7 26 3
7 27 5
7 28 5
7 29 3
7 30 1
7 31 4
7 32 3
7 33 2
7 34 4
7 35 3
7 36 4
7 37 2
7 38 3
7 39 2
7 40 1
7 41 4
7 42 1
7 43 4
7 44 2
7 45 5
7 46 3
7 47 3
7 48 3
7 49 5
7 50 2
7 51 3
7 52 4
7 53 4
7 54 2
7 55 5
7 56 5
7 57 4
7 58 3
7 59 4
7 60 3
7 61 2
7 62 3
7 63 2
7 64 4
7 65 4
7 66 5
7 67 3
7 68 5
7 69 2
7 70 4
7 71 3
7 72 3
7 73 2
7 74 4
7 75 3
7 76 3
7 77 4
7 78 1
7 79 1
7 80 3
7 81 5
7 82 5
7 83 4
7 84 1
7 85 5
7 86 5
7 87 1
7 88 4
7 89 4
7 90 1
7 91 5
7 92 4
7 93 4
7 94 5
7 95 5
7 96 4
7 97 5
7 98 5
7 99 5
7 100 1
8 9 2
8 10 3
8 11 4
8 12 3
8 13 4
8 14 5
8 15 2
8 16 4
8 17 4
8 18 5
8 19 3
8 20 5
8 21 1
8 22 5
8 23 5
8 24 5
8 25 2
8 26 1
8 27 3
8 28 2
8 29 4
8 30 4
8 31 2
8 32 2
8 33 4
8 34 3
8 35 2
8 36 5
8 37 5
8 38 5
8 39 5
8 40 4
8 41 4
8 42 3
8 43 5
8 44 2
8 45 3
8 46 5
8 47 5
8 48 3
8 49 5
8 50 1
8 51 5
8 52 3
8 53 3
8 54 5
8 55 2
8 56 4
8 57 2
8 58 5
8 59 2
8 60 4
8 61 5
8 62 1
8 63 3
8 64 2
8 65 2
8 66 2
8 67 1
8 68 4
8 69 5
8 70 1
8 71 3
8 72 1
8 73 3
8 74 1
8 75 5
8 76 1
8 77 1
8 78 1
8 79 2
8 80 5
8 81 5
8 82 1
8 83 2
8 84 1
8 85 4
8 86 5
8 87 3
8 88 5
8 89 4
8 90 1
8 91 4
8 92 5
8 93 5
8 94 1
8 95 3
8 96 5
8 97 5
8 98 5
8 99 1
8 100 3
9 10 3
9 11 4
9 12 3
9 13 4
9 14 2
9 15 2
9 16 5
9 17 4
9 18 5
9 19 3
9 20 3
9 21 4
9 22 1
9 23 2
9 24 3
9 25 4
9 26 1
9 27 4
9 28 1
9 29 3
9 30 3
9 31 5
9 32 3
9 33 1
9 34 5
9 35 4
9 36 2
9 37 2
9 38 5
9 39 3
9 40 4
9 41 2
9 42 3
9 43 2
9 44 5
9 45 5
9 46 1
9 47 1
9 48 1
9 49 1
9 50 4
9 51 1
9 52 4
9 53 2
9 54 5
9 55 2
9 56 2
9 57 3
9 58 1
9 59 3
9 60 1
9 61 4
9 62 2
9 63 2
9 64 1
9 65 3
9 66 4
9 67 2
9 68 3
9 69 5
9 70 4
9 71 5
9 72 2
9 73 1
9 74 3
9 75 2
9 76 4
9 77 5
9 78 2
9 79 4
9 80 3
9 81 3
9 82 2
9 83 1
9 84 2
9 85 5
9 86 3
9 87 2
9 88 2
9 89 4
9 90 1
9 91 4
9 92 2
9 93 1
9 94 4
9 95 4
9 96 4
9 97 2
9 98 5
9 99 1
9 100 4
10 11 4
10 12 3
10 13 3
10 14 5
10 15 3
10 16 1
10 17 2
10 18 4
10 19 4
10 20 1
10 21 2
10 22 4
10 23 4
10 24 2
10 25 2
10 26 1
10 27 2
10 28 3
10 29 3
10 30 3
10 31 5
10 32 4
10 33 1
10 34 3
10 35 4
10 36 3
10 37 2
10 38 3
10 39 3
10 40 1
10 41 4
10 42 2
10 43 4
10 44 3
10 45 1
10 46 4
10 47 1
10 48 1
10 49 2
10 50 3
10 51 1
10 52 4
10 53 3
10 54 4
10 55 4
10 56 3
10 57 4
10 58 2
10 59 3
10 60 1
10 61 1
10 62 3
10 63 3
10 64 2
10 65 4
10 66 4
10 67 1
10 68 5
10 69 1
10 70 3
10 71 3
10 72 1
10 73 3
10 74 3
10 75 5
10 76 3
10 77 1
10 78 5
10 79 5
10 80 5
10 81 2
10 82 5
10 83 4
10 84 3
10 85 1
10 86 4
10 87 5
10 88 5
10 89 4
10 90 4
10 91 5
10 92 1
10 93 4
10 94 1
10 95 5
10 96 5
10 97 2
10 98 1
10 99 1
10 100 5
11 12 2
11 13 1
11 14 5
11 15 1
11 16 5
11 17 2
11 18 4
11 19 5
11 20 3
11 21 4
11 22 4
11 23 2
11 24 1
11 25 2
11 26 3
11 27 3
11 28 4
11 29 1
11 30 2
11 31 5
11 32 3
11 33 1
11 34 5
11 35 5
11 36 1
11 37 4
11 38 3
11 39 4
11 40 5
11 41 5
11 42 1
11 43 1
11 44 1
11 45 4
11 46 2
11 47 2
11 48 3
11 49 2
11 50 3
11 51 4
11 52 5
11 53 3
11 54 1
11 55 3
11 56 5
11 57 5
11 58 1
11 59 3
11 60 2
11 61 2
11 62 4
11 63 5
11 64 4
11 65 3
11 66 1
11 67 5
11 68 2
11 69 4
11 70 3
11 71 2
11 72 2
11 73 5
11 74 4
11 75 3
11 76 1
11 77 3
11 78 5
11 79 2
11 80 1
11 81 2
11 82 5
11 83 3
11 84 5
11 85 2
11 86 4
11 87 4
11 88 5
11 89 2
11 90 5
11 91 1
11 92 4
11 93 5
11 94 3
11 95 4
11 96 1
11 97 4
11 98 5
11 99 1
11 100 1
12 13 5
12 14 2
12 15 1
12 16 1
12 17 4
12 18 4
12 19 2
12 20 5
12 21 1
12 22 3
12 23 3
12 24 4
12 25 2
12 26 1
12 27 3
12 28 4
12 29 4
12 30 3
12 31 4
12 32 5
12 33 3
12 34 4
12 35 3
12 36 5
12 37 4
12 38 4
12 39 2
12 40 2
12 41 2
12 42 5
12 43 3
12 44 4
12 45 5
12 46 4
12 47 5
12 48 1
12 49 3
12 50 3
12 51 2
12 52 3
12 53 3
12 54 1
12 55 2
12 56 3
12 57 3
12 58 3
12 59 1
12 60 2
12 61 5
12 62 1
12 63 4
12 64 3
12 65 5
12 66 3
12 67 3
12 68 1
12 69 4
12 70 3
12 71 5
12 72 5
12 73 1
12 74 4
12 75 3
12 76 5
12 77 2
12 78 1
12 79 3
12 80 5
12 81 3
12 82 4
12 83 4
12 84 5
12 85 1
12 86 5
12 87 3
12 88 4
12 89 1
12 90 3
12 91 5
12 92 2
12 93 5
12 94 5
12 95 5
12 96 4
12 97 4
12 98 1
12 99 4
12 100 2
13 14 3
13 15 2
13 16 1
13 17 2
13 18 1
13 19 2
13 20 1
13 21 2
13 22 1
13 23 3
13 24 1
13 25 3
13 26 3
13 27 4
13 28 4
13 29 4
13 30 3
13 31 3
13 32 4
13 33 4
13 34 1
13 35 1
13 36 1
13 37 2
13 38 3
13 39 3
13 40 2
13 41 5
13 42 1
13 43 5
13 44 2
13 45 5
13 46 2
13 47 4
13 48 5
13 49 3
13 50 2
13 51 1
13 52 5
13 53 3
13 54 3
13 55 2
13 56 5
13 57 1
13 58 3
13 59 4
13 60 3
13 61 4
13 62 4
13 63 2
13 64 1
13 65 1
13 66 1
13 67 4
13 68 5
13 69 5
13 70 1
13 71 4
13 72 5
13 73 5
13 74 3
13 75 1
13 76 4
13 77 1
13 78 5
13 79 5
13 80 1
13 81 3
13 82 1
13 83 2
13 84 1
13 85 3
13 86 4
13 87 2
13 88 4
13 89 3
13 90 5
13 91 5
13 92 5
13 93 4
13 94 3
13 95 1
13 96 3
13 97 5
13 98 1
13 99 1
13 100 4
14 15 3
14 16 5
14 17 2
14 18 3
14 19 1
14 20 1
14 21 5
14 22 3
14 23 3
14 24 4
14 25 4
14 26 3
14 27 5
14 28 2
14 29 4
14 30 2
14 31 2
14 32 2
14 33 4
14 34 1
14 35 3
14 36 1
14 37 3
14 38 5
14 39 1
14 40 4
14 41 4
14 42 3
14 43 3
14 44 3
14 45 2
14 46 1
14 47 3
14 48 5
14 49 4
14 50 4
14 51 2
14 52 5
14 53 3
14 54 2
14 55 1
14 56 4
14 57 1
14 58 3
14 59 2
14 60 2
14 61 5
14 62 4
14 63 2
14 64 2
14 65 2
14 66 3
14 67 1
14 68 1
14 69 4
14 70 1
14 71 4
14 72 4
14 73 5
14 74 3
14 75 1
14 76 4
14 77 2
14 78 5
14 79 5
14 80 3
14 81 4
14 82 5
14 83 2
14 84 1
14 85 2
14 86 4
14 87 3
14 88 5
14 89 4
14 90 4
14 91 5
14 92 5
14 93 5
14 94 1
14 95 1
14 96 3
14 97 2
14 98 2
14 99 2
14 100 5
15 16 4
15 17 1
15 18 1
15 19 4
15 20 4
15 21 5
15 22 2
15 23 4
15 24 1
15 25 5
15 26 2
15 27 4
15 28 2
15 29 4
15 30 3
15 31 1
15 32 4
15 33 3
15 34 4
15 35 4
15 36 1
15 37 5
15 38 1
15 39 4
15 40 2
15 41 4
15 42 5
15 43 5
15 44 2
15 45 5
15 46 5
15 47 5
15 48 3
15 49 2
15 50 2
15 51 3
15 52 1
15 53 1
15 54 2
15 55 1
15 56 2
15 57 4
15 58 5
15 59 2
15 60 4
15 61 1
15 62 3
15 63 3
15 64 4
15 65 2
15 66 5
15 67 4
15 68 3
15 69 1
15 70 1
15 71 2
15 72 2
15 73 4
15 74 3
15 75 5
15 76 1
15 77 2
15 78 3
15 79 3
15 80 5
15 81 4
15 82 5
15 83 4
15 84 5
15 85 1
15 86 4
15 87 3
15 88 3
15 89 1
15 90 2
15 91 5
15 92 5
15 93 4
15 94 5
15 95 4
15 96 3
15 97 3
15 98 1
15 99 4
15 100 3
16 17 5
16 18 5
16 19 5
16 20 4
16 21 2
16 22 4
16 23 2
16 24 4
16 25 1
16 26 4
16 27 4
16 28 5
16 29 5
16 30 4
16 31 2
16 32 4
16 33 2
16 34 5
16 35 4
16 36 2
16 37 4
16 38 1
16 39 4
16 40 5
16 41 3
16 42 4
16 43 3
16 44 5
16 45 1
16 46 3
16 47 1
16 48 1
16 49 1
16 50 1
16 51 3
16 52 2
16 53 2
16 54 1
16 55 2
16 56 2
16 57 3
16 58 4
16 59 1
16 60 1
16 61 1
16 62 3
16 63 3
16 64 3
16 65 4
16 66 2
16 67 1
16 68 2
16 69 2
16 70 5
16 71 4
16 72 1
16 73 1
16 74 5
16 75 4
16 76 2
16 77 4
16 78 2
16 79 5
16 80 1
16 81 1
16 82 5
16 83 1
16 84 4
16 85 2
16 86 1
16 87 1
16 88 3
16 89 4
16 90 2
16 91 5
16 92 5
16 93 5
16 94 3
16 95 3
16 96 5
16 97 3
16 98 2
16 99 5
16 100 4
17 18 1
17 19 5
17 20 4
17 21 1
17 22 4
17 23 4
17 24 4
17 25 1
17 26 5
17 27 3
17 28 1
17 29 1
17 30 1
17 31 3
17 32 1
17 33 3
17 34 4
17 35 5
17 36 5
17 37 5
17 38 5
17 39 5
17 40 3
17 41 5
17 42 5
17 43 1
17 44 5
17 45 3
17 46 3
17 47 3
17 48 2
17 49 2
17 50 2
17 51 5
17 52 1
17 53 3
17 54 2
17 55 2
17 56 5
17 57 5
17 58 2
17 59 5
17 60 5
17 61 2
17 62 2
17 63 3
17 64 4
17 65 3
17 66 5
17 67 5
17 68 4
17 69 2
17 70 5
17 71 4
17 72 2
17 73 4
17 74 1
17 75 4
17 76 4
17 77 2
17 78 4
17 79 2
17 80 4
17 81 1
17 82 5
17 83 4
17 84 2
17 85 3
17 86 3
17 87 2
17 88 2
17 89 3
17 90 4
17 91 3
17 92 1
17 93 2
17 94 3
17 95 4
17 96 3
17 97 2
17 98 1
17 99 2
17 100 1
18 19 4
18 20 5
18 21 1
18 22 1
18 23 2
18 24 3
18 25 5
18 26 3
18 27 5
18 28 2
18 29 5
18 30 3
18 31 2
18 32 1
18 33 1
18 34 1
18 35 4
18 36 5
18 37 3
18 38 5
18 39 5
18 40 2
18 41 3
18 42 3
18 43 4
18 44 1
18 45 1
18 46 4
18 47 2
18 48 4
18 49 1
18 50 3
18 51 3
18 52 2
18 53 5
18 54 5
18 55 2
18 56 1
18 57 4
18 58 1
18 59 3
18 60 1
18 61 4
18 62 3
18 63 3
18 64 2
18 65 2
18 66 4
18 67 5
18 68 4
18 69 4
18 70 4
18 71 4
18 72 5
18 73 3
18 74 3
18 75 5
18 76 4
18 77 3
18 78 3
18 79 4
18 80 4
18 81 5
18 82 3
18 83 3
18 84 1
18 85 1
18 86 3
18 87 1
18 88 4
18 89 3
18 90 2
18 91 1
18 92 3
18 93 2
18 94 3
18 95 3
18 96 5
18 97 1
18 98 3
18 99 3
18 100 5
19 20 2
19 21 4
19 22 2
19 23 3
19 24 1
19 25 3
19 26 5
19 27 2
19 28 5
19 29 5
19 30 1
19 31 3
19 32 2
19 33 2
19 34 2
19 35 2
19 36 4
19 37 4
19 38 1
19 39 1
19 40 5
19 41 2
19 42 2
19 43 3
19 44 3
19 45 3
19 46 2
19 47 2
19 48 1
19 49 4
19 50 3
19 51 1
19 52 4
19 53 2
19 54 2
19 55 3
19 56 5
19 57 2
19 58 1
19 59 4
19 60 2
19 61 1
19 62 3
19 63 1
19 64 4
19 65 3
19 66 2
19 67 5
19 68 5
19 69 5
19 70 5
19 71 5
19 72 2
19 73 5
19 74 4
19 75 4
19 76 4
19 77 1
19 78 2
19 79 2
19 80 1
19 81 1
19 82 4
19 83 3
19 84 3
19 85 2
19 86 1
19 87 3
19 88 4
19 89 3
19 90 4
19 91 1
19 92 5
19 93 4
19 94 5
19 95 2
19 96 5
19 97 2
19 98 1
19 99 5
19 100 4
20 21 2
20 22 5
20 23 3
20 24 5
20 25 5
20 26 2
20 27 3
20 28 3
20 29 4
20 30 3
20 31 2
20 32 4
20 33 5
20 34 5
20 35 1
20 36 1
20 37 2
20 38 2
20 39 3
20 40 2
20 41 3
20 42 2
20 43 1
20 44 5
20 45 3
20 46 5
20 47 2
20 48 3
20 49 4
20 50 5
20 51 1
20 52 2
20 53 2
20 54 3
20 55 5
20 56 4
20 57 3
20 58 1
20 59 4
20 60 3
20 61 1
20 62 1
20 63 4
20 64 4
20 65 4
20 66 3
20 67 2
20 68 5
20 69 3
20 70 3
20 71 1
20 72 5
20 73 1
20 74 3
20 75 1
20 76 3
20 77 5
20 78 5
20 79 3
20 80 3
20 81 4
20 82 1
20 83 3
20 84 1
20 85 1
20 86 1
20 87 5
20 88 5
20 89 4
20 90 1
20 91 5
20 92 5
20 93 4
20 94 2
20 95 2
20 96 3
20 97 5
20 98 4
20 99 3
20 100 2
21 22 1
21 23 5
21 24 4
21 25 3
21 26 2
21 27 2
21 28 5
21 29 4
21 30 5
21 31 2
21 32 5
21 33 3
21 34 5
21 35 2
21 36 5
21 37 4
21 38 4
21 39 5
21 40 2
21 41 5
21 42 4
21 43 4
21 44 2
21 45 2
21 46 1
21 47 4
21 48 1
21 49 5
21 50 2
21 51 1
21 52 4
21 53 5
21 54 3
21 55 1
21 56 1
21 57 5
21 58 4
21 59 5
21 60 2
21 61 5
21 62 5
21 63 4
21 64 4
21 65 2
21 66 1
21 67 4
21 68 4
21 69 5
21 70 3
21 71 4
21 72 3
21 73 1
21 74 5
21 75 1
21 76 2
21 77 2
21 78 5
21 79 3
21 80 3
21 81 4
21 82 1
21 83 2
21 84 4
21 85 3
21 86 5
21 87 3
21 88 1
21 89 5
21 90 3
21 91 1
21 92 1
21 93 2
21 94 3
21 95 4
21 96 4
21 97 4
21 98 2
21 99 5
21 100 4
22 23 4
22 24 1
22 25 2
22 26 1
22 27 2
22 28 1
22 29 4
22 30 3
22 31 3
22 32 5
22 33 3
22 34 1
22 35 2
22 36 3
22 37 2
22 38 4
22 39 3
22 40 5
22 41 1
22 42 1
22 43 3
22 44 5
22 45 1
22 46 4
22 47 3
22 48 2
22 49 3
22 50 5
22 51 2
22 52 4
22 53 1
22 54 2
22 55 4
22 56 5
22 57 4
22 58 5
22 59 1
22 60 2
22 61 3
22 62 1
22 63 1
22 64 2
22 65 4
22 66 2
22 67 5
22 68 3
22 69 1
22 70 4
22 71 1
22 72 2
22 73 5
22 74 4
22 75 3
22 76 5
22 77 1
22 78 1
22 79 2
22 80 3
22 81 3
22 82 3
22 83 5
22 84 1
22 85 4
22 86 4
22 87 1
22 88 4
22 89 3
22 90 2
22 91 2
22 92 5
22 93 5
22 94 3
22 95 3
22 96 3
22 97 2
22 98 5
22 99 4
22 100 5
23 24 1
23 25 4
23 26 3
23 27 4
23 28 3
23 29 2
23 30 4
23 31 5
23 32 1
23 33 4
23 34 5
23 35 4
23 36 4
23 37 2
23 38 1
23 39 5
23 40 4
23 41 4
23 42 2
23 43 3
23 44 5
23 45 4
23 46 1
23 47 3
23 48 5
23 49 3
23 50 4
23 51 3
23 52 3
23 53 1
23 54 4
23 55 1
23 56 3
23 57 3
23 58 5
23 59 4
23 60 1
23 61 4
23 62 5
23 63 2
23 64 4
23 65 1
23 66 4
23 67 2
23 68 3
23 69 2
23 70 3
23 71 1
23 72 4
23 73 3
23 74 5
23 75 5
23 76 5
23 77 2
23 78 3
23 79 3
23 80 3
23 81 2
23 82 4
23 83 4
23 84 1
23 85 4
23 86 1
23 87 1
23 88 2
23 89 5
23 90 2
23 91 2
23 92 3
23 93 3
23 94 4
23 95 4
23 96 4
23 97 1
23 98 1
23 99 1
23 100 4
24 25 1
24 26 4
24 27 5
24 28 2
24 29 3
24 30 5
24 31 4
24 32 5
24 33 2
24 34 1
24 35 1
24 36 2
24 37 1
24 38 5
24 39 3
24 40 2
24 41 1
24 42 2
24 43 5
24 44 1
24 45 1
24 46 3
24 47 3
24 48 1
24 49 2
24 50 2
24 51 1
24 52 4
24 53 5
24 54 3
24 55 3
24 56 3
24 57 3
24 58 5
24 59 1
24 60 2
24 61 5
24 62 2
24 63 4
24 64 4
24 65 5
24 66 3
24 67 4
24 68 1
24 69 3
24 70 1
24 71 1
24 72 5
24 73 5
24 74 4
24 75 3
24 76 3
24 77 4
24 78 2
24 79 4
24 80 3
24 81 4
24 82 3
24 83 5
24 84 5
24 85 1
24 86 3
24 87 5
24 88 4
24 89 1
24 90 2
24 91 4
24 92 5
24 93 2
24 94 3
24 95 2
24 96 5
24 97 2
24 98 3
24 99 5
24 100 2
25 26 2
25 27 2
25 28 4
25 29 4
25 30 4
25 31 4
25 32 3
25 33 3
25 34 2
25 35 3
25 36 5
25 37 3
25 38 2
25 39 1
25 40 3
25 41 3
25 42 1
25 43 4
25 44 2
25 45 5
25 46 5
25 47 1
25 48 4
25 49 5
25 50 2
25 51 3
25 52 2
25 53 3
25 54 1
25 55 4
25 56 5
25 57 5
25 58 1
25 59 3
25 60 5
25 61 1
25 62 1
25 63 5
25 64 1
25 65 1
25 66 4
25 67 3
25 68 5
25 69 2
25 70 2
25 71 1
25 72 1
25 73 4
25 74 5
25 75 5
25 76 2
25 77 1
25 78 2
25 79 3
25 80 2
25 81 4
25 82 4
25 83 1
25 84 5
25 85 1
25 86 4
25 87 5
25 88 2
25 89 3
25 90 3
25 91 2
25 92 3
25 93 2
25 94 4
25 95 1
25 96 3
25 97 5
25 98 4
25 99 4
25 100 1
26 27 2
26 28 1
26 29 2
26 30 4
26 31 3
26 32 1
26 33 4
26 34 5
26 35 5
26 36 3
26 37 2
26 38 5
26 39 1
26 40 3
26 41 4
26 42 3
26 43 1
26 44 2
26 45 2
26 46 2
26 47 3
26 48 3
26 49 5
26 50 5
26 51 2
26 52 3
26 53 5
26 54 3
26 55 4
26 56 2
26 57 3
26 58 5
26 59 1
26 60 5
26 61 4
26 62 2
26 63 2
26 64 5
26 65 3
26 66 5
26 67 4
26 68 1
26 69 2
26 70 1
26 71 4
26 72 1
26 73 5
26 74 2
26 75 4
26 76 5
26 77 5
26 78 2
26 79 4
26 80 1
26 81 2
26 82 5
26 83 2
26 84 2
26 85 1
26 86 3
26 87 5
26 88 2
26 89 1
26 90 4
26 91 4
26 92 1
26 93 3
26 94 3
26 95 3
26 96 2
26 97 2
26 98 3
26 99 5
26 100 5
27 28 2
27 29 3
27 30 3
27 31 4
27 32 5
27 33 4
27 34 4
27 35 4
27 36 4
27 37 4
27 38 4
27 39 5
27 40 2
27 41 1
27 42 5
27 43 1
27 44 5
27 45 2
27 46 2
27 47 1
27 48 1
27 49 1
27 50 1
27 51 1
27 52 5
27 53 1
27 54 3
27 55 5
27 56 2
27 57 2
27 58 5
27 59 1
27 60 4
27 61 2
27 62 5
27 63 4
27 64 2
27 65 1
27 66 5
27 67 3
27 68 4
27 69 5
27 70 5
27 71 4
27 72 4
27 73 5
27 74 5
27 75 3
27 76 1
27 77 2
27 78 5
27 79 3
27 80 5
27 81 5
27 82 1
27 83 4
27 84 3
27 85 2
27 86 2
27 87 5
27 88 2
27 89 1
27 90 4
27 91 4
27 92 1
27 93 1
27 94 4
27 95 3
27 96 5
27 97 3
27 98 5
27 99 4
27 100 3
28 29 5
28 30 2
28 31 5
28 32 3
28 33 5
28 34 3
28 35 5
28 36 5
28 37 3
28 38 4
28 39 1
28 40 4
28 41 3
28 42 1
28 43 3
28 44 2
28 45 2
28 46 5
28 47 5
28 48 1
28 49 5
28 50 4
28 51 4
28 52 3
28 53 5
28 54 4
28 55 5
28 56 5
28 57 5
28 58 4
28 59 3
28 60 4
28 61 1
28 62 2
28 63 5
28 64 5
28 65 3
28 66 1
28 67 1
28 68 1
28 69 5
28 70 3
28 71 1
28 72 4
28 73 5
28 74 1
28 75 2
28 76 2
28 77 5
28 78 4
28 79 4
28 80 5
28 81 3
28 82 2
28 83 5
28 84 3
28 85 3
28 86 4
28 87 2
28 88 5
28 89 3
28 90 2
28 91 1
28 92 5
28 93 2
28 94 1
28 95 1
28 96 1
28 97 4
28 98 1
28 99 1
28 100 4
29 30 4
29 31 5
29 32 4
29 33 5
29 34 3
29 35 1
29 36 1
29 37 2
29 38 3
29 39 3
29 40 3
29 41 4
29 42 3
29 43 5
29 44 2
29 45 4
29 46 4
29 47 5
29 48 4
29 49 1
29 50 5
29 51 5
29 52 3
29 53 1
29 54 1
29 55 2
29 56 3
29 57 5
29 58 1
29 59 1
29 60 2
29 61 1
29 62 3
29 63 4
29 64 1
29 65 2
29 66 1
29 67 1
29 68 3
29 69 5
29 70 5
29 71 2
29 72 4
29 73 1
29 74 2
29 75 1
29 76 4
29 77 4
29 78 2
29 79 5
29 80 2
29 81 5
29 82 2
29 83 2
29 84 5
29 85 3
29 86 4
29 87 4
29 88 2
29 89 3
29 90 4
29 91 1
29 92 4
29 93 4
29 94 5
29 95 5
29 96 5
29 97 4
29 98 1
29 99 5
29 100 1
30 31 5
30 32 4
30 33 4
30 34 4
30 35 5
30 36 1
30 37 3
30 38 4
30 39 3
30 40 4
30 41 4
30 42 3
30 43 1
30 44 2
30 45 3
30 46 4
30 47 1
30 48 5
30 49 4
30 50 4
30 51 3
30 52 1
30 53 1
30 54 4
30 55 5
30 56 5
30 57 3
30 58 5
30 59 4
30 60 2
30 61 5
30 62 4
30 63 5
30 64 2
30 65 4
30 66 2
30 67 5
30 68 4
30 69 5
30 70 5
30 71 5
30 72 5
30 73 1
30 74 5
30 75 2
30 76 2
30 77 1
30 78 3
30 79 3
30 80 4
30 81 3
30 82 3
30 83 5
30 84 1
30 85 1
30 86 4
30 87 4
30 88 4
30 89 5
30 90 3
30 91 2
30 92 1
30 93 3
30 94 5
30 95 3
30 96 4
30 97 1
30 98 1
30 99 1
30 100 5
31 32 2
31 33 5
31 34 5
31 35 1
31 36 2
31 37 4
31 38 2
31 39 4
31 40 3
31 41 5
31 42 3
31 43 3
31 44 5
31 45 4
31 46 5
31 47 2
31 48 2
31 49 1
31 50 4
31 51 3
31 52 4
31 53 1
31 54 2
31 55 1
31 56 5
31 57 3
31 58 5
31 59 1
31 60 3
31 61 5
31 62 1
31 63 2
31 64 4
31 65 5
31 66 1
31 67 5
31 68 4
31 69 3
31 70 3
31 71 3
31 72 1
31 73 5
31 74 3
31 75 1
31 76 4
31 77 3
31 78 4
31 79 5
31 80 3
31 81 2
31 82 5
31 83 3
31 84 4
31 85 1
31 86 1
31 87 2
31 88 5
31 89 3
31 90 5
31 91 1
31 92 2
31 93 1
31 94 1
31 95 3
31 96 4
31 97 1
31 98 4
31 99 3
31 100 3
32 33 1
32 34 1
32 35 5
32 36 3
32 37 1
32 38 3
32 39 1
32 40 5
32 41 4
32 42 3
32 43 5
32 44 1
32 45 5
32 46 4
32 47 4
32 48 1
32 49 1
32 50 5
32 51 2
32 52 5
32 53 1
32 54 5
32 55 5
32 56 5
32 57 3
32 58 1
32 59 5
32 60 4
32 61 5
32 62 2
32 63 4
32 64 4
32 65 5
32 66 2
32 67 5
32 68 4
32 69 5
32 70 1
32 71 3
32 72 4
32 73 2
32 74 3
32 75 4
32 76 1
32 77 4
32 78 4
32 79 5
32 80 2
32 81 5
32 82 1
32 83 2
32 84 3
32 85 5
32 86 3
32 87 5
32 88 4
32 89 3
32 90 1
32 91 3
32 92 1
32 93 1
32 94 5
32 95 5
32 96 1
32 97 3
32 98 1
32 99 5
32 100 3
33 34 1
33 35 1
33 36 2
33 37 5
33 38 3
33 39 1
33 40 4
33 41 2
33 42 2
33 43 4
33 44 4
33 45 1
33 46 4
33 47 4
33 48 4
33 49 4
33 50 5
33 51 4
33 52 5
33 53 3
33 54 3
33 55 5
33 56 3
33 57 3
33 58 2
33 59 2
33 60 4
33 61 1
33 62 2
33 63 2
33 64 5
33 65 5
33 66 5
33 67 2
33 68 5
33 69 3
33 70 3
33 71 5
33 72 5
33 73 1
33 74 3
33 75 2
33 76 4
33 77 1
33 78 1
33 79 3
33 80 4
33 81 3
33 82 5
33 83 5
33 84 5
33 85 3
33 86 3
33 87 4
33 88 1
33 89 2
33 90 5
33 91 5
33 92 1
33 93 1
33 94 3
33 95 1
33 96 3
33 97 1
33 98 3
33 99 3
33 100 2
34 35 2
34 36 3
34 37 1
34 38 1
34 39 2
34 40 4
34 41 1
34 42 2
34 43 2
34 44 5
34 45 4
34 46 2
34 47 4
34 48 1
34 49 1
34 50 1
34 51 5
34 52 1
34 53 2
34 54 1
34 55 4
34 56 2
34 57 4
34 58 5
34 59 5
34 60 3
34 61 2
34 62 1
34 63 1
34 64 4
34 65 3
34 66 5
34 67 1
34 68 2
34 69 4
34 70 2
34 71 1
34 72 4
34 73 3
34 74 5
34 75 5
34 76 4
34 77 5
34 78 3
34 79 5
34 80 4
34 81 2
34 82 4
34 83 2
34 84 4
34 85 5
34 86 2
34 87 5
34 88 5
34 89 4
34 90 3
34 91 4
34 92 4
34 93 1
34 94 2
34 95 1
34 96 1
34 97 4
34 98 1
34 99 3
34 100 2
35 36 4
35 37 5
35 38 4
35 39 5
35 40 2
35 41 5
35 42 2
35 43 2
35 44 3
35 45 5
35 46 2
35 47 5
35 48 4
35 49 2
35 50 5
35 51 1
35 52 3
35 53 5
35 54 3
35 55 4
35 56 3
35 57 1
35 58 4
35 59 1
35 60 3
35 61 2
35 62 5
35 63 1
35 64 2
35 65 2
35 66 2
35 67 3
35 68 1
35 69 1
35 70 4
35 71 5
35 72 2
35 73 2
35 74 1
35 75 3
35 76 3
35 77 1
35 78 5
35 79 2
35 80 1
35 81 3
35 82 5
35 83 4
35 84 1
35 85 1
35 86 2
35 87 5
35 88 1
35 89 3
35 90 4
35 91 1
35 92 4
35 93 2
35 94 5
35 95 1
35 96 4
35 97 1
35 98 3
35 99 4
35 100 5
36 37 4
36 38 1
36 39 4
36 40 3
36 41 2
36 42 4
36 43 5
36 44 2
36 45 3
36 46 2
36 47 5
36 48 3
36 49 5
36 50 3
36 51 3
36 52 1
36 53 2
36 54 1
36 55 5
36 56 2
36 57 5
36 58 4
36 59 2
36 60 5
36 61 4
36 62 4
36 63 3
36 64 4
36 65 1
36 66 1
36 67 2
36 68 5
36 69 1
36 70 4
36 71 5
36 72 3
36 73 2
36 74 5
36 75 2
36 76 5
36 77 1
36 78 3
36 79 3
36 80 3
36 81 1
36 82 1
36 83 4
36 84 5
36 85 3
36 86 4
36 87 4
36 88 4
36 89 1
36 90 2
36 91 1
36 92 4
36 93 2
36 94 1
36 95 1
36 96 4
36 97 5
36 98 4
36 99 1
36 100 2
37 38 4
37 39 3
37 40 4
37 41 2
37 42 3
37 43 5
37 44 2
37 45 4
37 46 3
37 47 4
37 48 4
37 49 4
37 50 4
37 51 4
37 52 1
37 53 3
37 54 2
37 55 1
37 56 3
37 57 2
37 58 4
37 59 4
37 60 3
37 61 5
37 62 4
37 63 1
37 64 4
37 65 2
37 66 3
37 67 3
37 68 1
37 69 1
37 70 3
37 71 1
37 72 1
37 73 5
37 74 2
37 75 4
37 76 4
37 77 3
37 78 1
37 79 2
37 80 4
37 81 4
37 82 3
37 83 4
37 84 1
37 85 2
37 86 1
37 87 2
37 88 4
37 89 3
37 90 3
37 91 4
37 92 4
37 93 3
37 94 3
37 95 1
37 96 3
37 97 3
37 98 1
37 99 4
37 100 5
38 39 1
38 40 2
38 41 2
38 42 1
38 43 1
38 44 1
38 45 2
38 46 4
38 47 2
38 48 2
38 49 3
38 50 5
38 51 5
38 52 2
38 53 2
38 54 2
38 55 5
38 56 3
38 57 2
38 58 5
38 59 2
38 60 4
38 61 3
38 62 3
38 63 3
38 64 3
38 65 5
38 66 3
38 67 2
38 68 1
38 69 5
38 70 4
38 71 1
38 72 5
38 73 4
38 74 5
38 75 1
38 76 5
38 77 2
38 78 2
38 79 2
38 80 4
38 81 4
38 82 5
38 83 2
38 84 1
38 85 3
38 86 5
38 87 1
38 88 2
38 89 2
38 90 2
38 91 5
38 92 4
38 93 5
38 94 3
38 95 3
38 96 1
38 97 5
38 98 2
38 99 3
38 100 5
39 40 2
39 41 3
39 42 5
39 43 2
39 44 5
39 45 1
39 46 5
39 47 4
39 48 3
39 49 1
39 50 3
39 51 5
39 52 2
39 53 3
39 54 2
39 55 2
39 56 2
39 57 5
39 58 1
39 59 1
39 60 4
39 61 2
39 62 4
39 63 1
39 64 2
39 65 1
39 66 5
39 67 1
39 68 5
39 69 1
39 70 4
39 71 2
39 72 2
39 73 1
39 74 2
39 75 2
39 76 1
39 77 5
39 78 5
39 79 1
39 80 4
39 81 1
39 82 3
39 83 1
39 84 1
39 85 1
39 86 2
39 87 1
39 88 3
39 89 3
39 90 4
39 91 3
39 92 2
39 93 4
39 94 4
39 95 2
39 96 4
39 97 1
39 98 4
39 99 3
39 100 5
40 41 5
40 42 2
40 43 5
40 44 1
40 45 2
40 46 3
40 47 2
40 48 2
40 49 3
40 50 5
40 51 1
40 52 1
40 53 3
40 54 2
40 55 1
40 56 1
40 57 5
40 58 2
40 59 4
40 60 3
40 61 1
40 62 1
40 63 5
40 64 2
40 65 4
40 66 4
40 67 2
40 68 4
40 69 4
40 70 2
40 71 1
40 72 1
40 73 2
40 74 5
40 75 4
40 76 5
40 77 2
40 78 3
40 79 1
40 80 4
40 81 2
40 82 4
40 83 3
40 84 3
40 85 3
40 86 2
40 87 2
40 88 2
40 89 1
40 90 1
40 91 4
40 92 1
40 93 1
40 94 5
40 95 4
40 96 1
40 97 4
40 98 1
40 99 1
40 100 3
41 42 3
41 43 2
41 44 5
41 45 3
41 46 1
41 47 2
41 48 4
41 49 5
41 50 3
41 51 4
41 52 1
41 53 3
41 54 4
41 55 1
41 56 2
41 57 2
41 58 2
41 59 5
41 60 1
41 61 2
41 62 3
41 63 3
41 64 3
41 65 2
41 66 4
41 67 5
41 68 1
41 69 3
41 70 5
41 71 3
41 72 4
41 73 3
41 74 4
41 75 1
41 76 4
41 77 2
41 78 5
41 79 1
41 80 3
41 81 1
41 82 1
41 83 1
41 84 5
41 85 1
41 86 4
41 87 4
41 88 4
41 89 3
41 90 5
41 91 3
41 92 1
41 93 3
41 94 1
41 95 1
41 96 1
41 97 4
41 98 3
41 99 3
41 100 5
42 43 5
42 44 2
42 45 1
42 46 1
42 47 4
42 48 3
42 49 4
42 50 2
42 51 2
42 52 2
42 53 3
42 54 5
42 55 2
42 56 2
42 57 1
42 58 4
42 59 4
42 60 4
42 61 1
42 62 3
42 63 3
42 64 2
42 65 2
42 66 1
42 67 4
42 68 1
42 69 1
42 70 2
42 71 5
42 72 2
42 73 2
42 74 3
42 75 1
42 76 1
42 77 4
42 78 5
42 79 3
42 80 2
42 81 3
42 82 5
42 83 1
42 84 2
42 85 4
42 86 5
42 87 2
42 88 5
42 89 4
42 90 5
42 91 5
42 92 4
42 93 1
42 94 3
42 95 1
42 96 2
42 97 3
42 98 1
42 99 1
42 100 1
43 44 5
43 45 1
43 46 1
43 47 5
43 48 4
43 49 2
43 50 3
43 51 3
43 52 5
43 53 2
43 54 2
43 55 2
43 56 2
43 57 1
43 58 2
43 59 5
43 60 1
43 61 5
43 62 3
43 63 3
43 64 2
43 65 3
43 66 4
43 67 5
43 68 1
43 69 5
43 70 2
43 71 1
43 72 5
43 73 3
43 74 2
43 75 5
43 76 4
43 77 2
43 78 4
43 79 2
43 80 5
43 81 2
43 82 4
43 83 3
43 84 1
43 85 2
43 86 3
43 87 2
43 88 1
43 89 5
43 90 4
43 91 1
43 92 2
43 93 1
43 94 4
43 95 4
43 96 2
43 97 1
43 98 3
43 99 2
43 100 3
44 45 1
44 46 2
44 47 3
44 48 4
44 49 4
44 50 3
44 51 3
44 52 4
44 53 5
44 54 4
44 55 1
44 56 4
44 57 3
44 58 4
44 59 1
44 60 5
44 61 4
44 62 5
44 63 2
44 64 5
44 65 3
44 66 3
44 67 4
44 68 4
44 69 3
44 70 1
44 71 5
44 72 5
44 73 3
44 74 1
44 75 5
44 76 3
44 77 4
44 78 1
44 79 2
44 80 2
44 81 4
44 82 3
44 83 1
44 84 2
44 85 5
44 86 3
44 87 1
44 88 4
44 89 4
44 90 4
44 91 1
44 92 3
44 93 5
44 94 5
44 95 4
44 96 2
44 97 3
44 98 3
44 99 2
44 100 4
45 46 1
45 47 1
45 48 4
45 49 1
45 50 1
45 51 1
45 52 4
45 53 2
45 54 4
45 55 5
45 56 5
45 57 1
45 58 1
45 59 3
45 60 3
45 61 1
45 62 1
45 63 1
45 64 3
45 65 3
45 66 1
45 67 2
45 68 4
45 69 1
45 70 1
45 71 5
45 72 1
45 73 3
45 74 2
45 75 1
45 76 5
45 77 2
45 78 2
45 79 3
45 80 1
45 81 2
45 82 5
45 83 4
45 84 3
45 85 3
45 86 5
45 87 1
45 88 1
45 89 4
45 90 3
45 91 2
45 92 2
45 93 2
45 94 5
45 95 1
45 96 1
45 97 2
45 98 4
45 99 2
45 100 4
46 47 4
46 48 2
46 49 1
46 50 1
46 51 3
46 52 3
46 53 5
46 54 3
46 55 3
46 56 2
46 57 4
46 58 2
46 59 3
46 60 3
46 61 1
46 62 1
46 63 5
46 64 3
46 65 5
46 66 2
46 67 2
46 68 4
46 69 4
46 70 1
46 71 5
46 72 1
46 73 1
46 74 1
46 75 5
46 76 3
46 77 5
46 78 2
46 79 3
46 80 2
46 81 4
46 82 5
46 83 3
46 84 5
46 85 1
46 86 3
46 87 1
46 88 3
46 89 3
46 90 5
46 91 4
46 92 2
46 93 2
46 94 5
46 95 4
46 96 1
46 97 5
46 98 4
46 99 3
46 100 2
47 48 5
47 49 5
47 50 4
47 51 1
47 52 1
47 53 5
47 54 3
47 55 2
47 56 1
47 57 2
47 58 5
47 59 3
47 60 3
47 61 4
47 62 3
47 63 2
47 64 1
47 65 4
47 66 4
47 67 1
47 68 2
47 69 3
47 70 1
47 71 2
47 72 3
47 73 4
47 74 2
47 75 1
47 76 5
47 77 1
47 78 3
47 79 2
47 80 3
47 81 2
47 82 3
47 83 2
47 84 4
47 85 3
47 86 2
47 87 1
47 88 4
47 89 5
47 90 5
47 91 1
47 92 2
47 93 1
47 94 1
47 95 1
47 96 3
47 97 3
47 98 5
47 99 1
47 100 5
48 49 4
48 50 3
48 51 1
48 52 4
48 53 2
48 54 3
48 55 5
48 56 2
48 57 3
48 58 2
48 59 1
48 60 1
48 61 3
48 62 5
48 63 5
48 64 4
48 65 5
48 66 5
48 67 2
48 68 3
48 69 3
48 70 5
48 71 1
48 72 3
48 73 1
48 74 4
48 75 4
48 76 3
48 77 5
48 78 5
48 79 4
48 80 4
48 81 4
48 82 5
48 83 5
48 84 4
48 85 2
48 86 1
48 87 1
48 88 1
48 89 3
48 90 5
48 91 1
48 92 5
48 93 3
48 94 2
48 95 1
48 96 1
48 97 1
48 98 2
48 99 3
48 100 1
49 50 3
49 51 2
49 52 3
49 53 2
49 54 2
49 55 4
49 56 3
49 57 5
49 58 3
49 59 2
49 60 3
49 61 1
49 62 1
49 63 4
49 64 1
49 65 1
49 66 4
49 67 2
49 68 1
49 69 3
49 70 4
49 71 5
49 72 5
49 73 5
49 74 4
49 75 3
49 76 3
49 77 2
49 78 3
49 79 4
49 80 4
49 81 2
49 82 4
49 83 3
49 84 3
49 85 4
49 86 3
49 87 1
49 88 1
49 89 3
49 90 2
49 91 5
49 92 4
49 93 2
49 94 2
49 95 2
49 96 1
49 97 3
49 98 2
49 99 3
49 100 1
50 51 1
50 52 4
50 53 2
50 54 3
50 55 3
50 56 5
50 57 2
50 58 3
50 59 2
50 60 1
50 61 2
50 62 5
50 63 5
50 64 1
50 65 5
50 66 2
50 67 2
50 68 1
50 69 4
50 70 3
50 71 2
50 72 1
50 73 1
50 74 4
50 75 3
50 76 1
50 77 4
50 78 2
50 79 4
50 80 1
50 81 1
50 82 4
50 83 3
50 84 4
50 85 2
50 86 3
50 87 4
50 88 5
50 89 4
50 90 5
50 91 4
50 92 4
50 93 3
50 94 3
50 95 3
50 96 2
50 97 5
50 98 2
50 99 1
50 100 2
51 52 1
51 53 1
51 54 5
51 55 4
51 56 5
51 57 4
51 58 2
51 59 1
51 60 2
51 61 2
51 62 1
51 63 1
51 64 2
51 65 5
51 66 1
51 67 4
51 68 5
51 69 4
51 70 3
51 71 4
51 72 3
51 73 4
51 74 4
51 75 3
51 76 3
51 77 1
51 78 5
51 79 2
51 80 3
51 81 5
51 82 3
51 83 3
51 84 1
51 85 1
51 86 1
51 87 3
51 88 2
51 89 4
51 90 3
51 91 4
51 92 4
51 93 2
51 94 5
51 95 5
51 96 2
51 97 3
51 98 2
51 99 1
51 100 4
52 53 2
52 54 2
52 55 5
52 56 1
52 57 5
52 58 2
52 59 4
52 60 3
52 61 1
52 62 2
52 63 1
52 64 5
52 65 2
52 66 3
52 67 2
52 68 2
52 69 3
52 70 3
52 71 2
52 72 1
52 73 4
52 74 5
52 75 3
52 76 3
52 77 3
52 78 4
52 79 4
52 80 4
52 81 2
52 82 2
52 83 1
52 84 4
52 85 1
52 86 4
52 87 5
52 88 1
52 89 3
52 90 3
52 91 5
52 92 2
52 93 1
52 94 2
52 95 5
52 96 2
52 97 4
52 98 1
52 99 2
52 100 1
53 54 4
53 55 3
53 56 4
53 57 4
53 58 4
53 59 4
53 60 2
53 61 2
53 62 4
53 63 2
53 64 2
53 65 4
53 66 5
53 67 1
53 68 1
53 69 4
53 70 2
53 71 2
53 72 3
53 73 4
53 74 5
53 75 2
53 76 3
53 77 3
53 78 3
53 79 1
53 80 2
53 81 1
53 82 3
53 83 1
53 84 4
53 85 1
53 86 3
53 87 4
53 88 4
53 89 4
53 90 5
53 91 1
53 92 3
53 93 3
53 94 4
53 95 5
53 96 4
53 97 1
53 98 1
53 99 4
53 100 3
54 55 1
54 56 3
54 57 1
54 58 1
54 59 2
54 60 5
54 61 4
54 62 3
54 63 3
54 64 5
54 65 1
54 66 1
54 67 2
54 68 3
54 69 3
54 70 2
54 71 4
54 72 1
54 73 2
54 74 5
54 75 5
54 76 3
54 77 2
54 78 3
54 79 4
54 80 5
54 81 5
54 82 1
54 83 3
54 84 5
54 85 3
54 86 3
54 87 3
54 88 2
54 89 1
54 90 4
54 91 1
54 92 2
54 93 4
54 94 1
54 95 1
54 96 1
54 97 2
54 98 2
54 99 1
54 100 5
55 56 2
55 57 5
55 58 4
55 59 5
55 60 2
55 61 4
55 62 3
55 63 3
55 64 3
55 65 5
55 66 2
55 67 2
55 68 2
55 69 3
55 70 2
55 71 5
55 72 2
55 73 3
55 74 3
55 75 5
55 76 4
55 77 2
55 78 2
55 79 4
55 80 1
55 81 5
55 82 5
55 83 3
55 84 3
55 85 3
55 86 1
55 87 2
55 88 1
55 89 5
55 90 5
55 91 4
55 92 2
55 93 1
55 94 1
55 95 3
55 96 2
55 97 4
55 98 5
55 99 4
55 100 3
56 57 3
56 58 5
56 59 4
56 60 3
56 61 5
56 62 2
56 63 4
56 64 4
56 65 3
56 66 4
56 67 2
56 68 2
56 69 1
56 70 5
56 71 1
56 72 1
56 73 3
56 74 5
56 75 1
56 76 5
56 77 1
56 78 3
56 79 4
56 80 2
56 81 2
56 82 5
56 83 5
56 84 5
56 85 3
56 86 1
56 87 1
56 88 2
56 89 3
56 90 5
56 91 3
56 92 3
56 93 3
56 94 1
56 95 4
56 96 2
56 97 5
56 98 3
56 99 5
56 100 2
57 58 3
57 59 4
57 60 5
57 61 5
57 62 2
57 63 3
57 64 1
57 65 4
57 66 1
57 67 2
57 68 3
57 69 2
57 70 4
57 71 5
57 72 5
57 73 5
57 74 4
57 75 5
57 76 5
57 77 1
57 78 5
57 79 3
57 80 3
57 81 4
57 82 4
57 83 2
57 84 2
57 85 2
57 86 1
57 87 1
57 88 5
57 89 4
57 90 1
57 91 3
57 92 3
57 93 4
57 94 2
57 95 4
57 96 5
57 97 3
57 98 3
57 99 2
57 100 3
58 59 5
58 60 4
58 61 2
58 62 4
58 63 3
58 64 5
58 65 3
58 66 1
58 67 1
58 68 2
58 69 5
58 70 5
58 71 1
58 72 3
58 73 5
58 74 2
58 75 5
58 76 4
58 77 4
58 78 5
58 79 1
58 80 2
58 81 3
58 82 3
58 83 1
58 84 2
58 85 1
58 86 3
58 87 3
58 88 5
58 89 2
58 90 1
58 91 5
58 92 3
58 93 1
58 94 3
58 95 4
58 96 1
58 97 3
58 98 2
58 99 2
58 100 1
59 60 1
59 61 2
59 62 2
59 63 5
59 64 2
59 65 3
59 66 2
59 67 4
59 68 5
59 69 2
59 70 2
59 71 4
59 72 1
59 73 2
59 74 5
59 75 5
59 76 2
59 77 1
59 78 4
59 79 2
59 80 5
59 81 5
59 82 1
59 83 4
59 84 4
59 85 1
59 86 3
59 87 1
59 88 3
59 89 1
59 90 3
59 91 4
59 92 2
59 93 1
59 94 4
59 95 5
59 96 5
59 97 4
59 98 4
59 99 5
59 100 3
60 61 2
60 62 4
60 63 4
60 64 3
60 65 5
60 66 3
60 67 4
60 68 4
60 69 4
60 70 2
60 71 3
60 72 4
60 73 5
60 74 1
60 75 3
60 76 4
60 77 3
60 78 1
60 79 4
60 80 3
60 81 2
60 82 2
60 83 2
60 84 1
60 85 4
60 86 3
60 87 5
60 88 2
60 89 4
60 90 2
60 91 3
60 92 3
60 93 1
60 94 1
60 95 2
60 96 4
60 97 5
60 98 2
60 99 5
60 100 3
61 62 4
61 63 1
61 64 5
61 65 4
61 66 3
61 67 1
61 68 4
61 69 2
61 70 1
61 71 1
61 72 4
61 73 2
61 74 1
61 75 2
61 76 3
61 77 4
61 78 1
61 79 4
61 80 3
61 81 1
61 82 3
61 83 5
61 84 5
61 85 1
61 86 4
61 87 4
61 88 5
61 89 3
61 90 1
61 91 3
61 92 5
61 93 4
61 94 2
61 95 5
61 96 3
61 97 3
61 98 3
61 99 3
61 100 2
62 63 3
62 64 1
62 65 2
62 66 4
62 67 5
62 68 2
62 69 3
62 70 3
62 71 4
62 72 2
62 73 1
62 74 1
62 75 1
62 76 5
62 77 4
62 78 2
62 79 5
62 80 3
62 81 2
62 82 3
62 83 1
62 84 4
62 85 5
62 86 4
62 87 5
62 88 1
62 89 5
62 90 1
62 91 5
62 92 5
62 93 2
62 94 2
62 95 5
62 96 2
62 97 2
62 98 4
62 99 4
62 100 2
63 64 3
63 65 1
63 66 3
63 67 4
63 68 4
63 69 3
63 70 5
63 71 1
63 72 3
63 73 5
63 74 3
63 75 2
63 76 2
63 77 3
63 78 4
63 79 3
63 80 1
63 81 5
63 82 5
63 83 3
63 84 1
63 85 1
63 86 1
63 87 3
63 88 4
63 89 2
63 90 3
63 91 4
63 92 5
63 93 1
63 94 5
63 95 4
63 96 2
63 97 5
63 98 1
63 99 3
63 100 5
64 65 1
64 66 5
64 67 2
64 68 3
64 69 1
64 70 3
64 71 1
64 72 5
64 73 4
64 74 5
64 75 1
64 76 5
64 77 3
64 78 5
64 79 3
64 80 5
64 81 1
64 82 5
64 83 2
64 84 2
64 85 5
64 86 1
64 87 4
64 88 1
64 89 5
64 90 5
64 91 2
64 92 3
64 93 1
64 94 3
64 95 2
64 96 2
64 97 4
64 98 5
64 99 4
64 100 4
65 66 5
65 67 3
65 68 3
65 69 2
65 70 4
65 71 3
65 72 1
65 73 5
65 74 2
65 75 4
65 76 1
65 77 2
65 78 5
65 79 5
65 80 2
65 81 2
65 82 2
65 83 3
65 84 4
65 85 2
65 86 4
65 87 4
65 88 1
65 89 3
65 90 3
65 91 5
65 92 1
65 93 5
65 94 2
65 95 1
65 96 2
65 97 5
65 98 4
65 99 5
65 100 2
66 67 4
66 68 3
66 69 2
66 70 2
66 71 3
66 72 5
66 73 5
66 74 4
66 75 2
66 76 5
66 77 4
66 78 3
66 79 4
66 80 5
66 81 1
66 82 5
66 83 5
66 84 3
66 85 5
66 86 4
66 87 2
66 88 4
66 89 4
66 90 4
66 91 1
66 92 5
66 93 1
66 94 3
66 95 4
66 96 2
66 97 4
66 98 4
66 99 3
66 100 2
67 68 1
67 69 1
67 70 4
67 71 3
67 72 4
67 73 2
67 74 2
67 75 2
67 76 2
67 77 2
67 78 1
67 79 5
67 80 4
67 81 5
67 82 3
67 83 1
67 84 3
67 85 4
67 86 2
67 87 3
67 88 3
67 89 3
67 90 3
67 91 4
67 92 1
67 93 4
67 94 5
67 95 1
67 96 1
67 97 3
67 98 4
67 99 5
67 100 2
68 69 5
68 70 4
68 71 5
68 72 4
68 73 2
68 74 2
68 75 2
68 76 3
68 77 3
68 78 4
68 79 4
68 80 1
68 81 2
68 82 4
68 83 5
68 84 3
68 85 5
68 86 3
68 87 2
68 88 2
68 89 1
68 90 2
68 91 2
68 92 2
68 93 1
68 94 1
68 95 3
68 96 1
68 97 4
68 98 5
68 99 4
68 100 3
69 70 4
69 71 2
69 72 4
69 73 4
69 74 3
69 75 1
69 76 5
69 77 3
69 78 4
69 79 4
69 80 2
69 81 2
69 82 3
69 83 5
69 84 3
69 85 4
69 86 5
69 87 3
69 88 5
69 89 5
69 90 5
69 91 5
69 92 3
69 93 4
69 94 4
69 95 1
69 96 3
69 97 2
69 98 1
69 99 5
69 100 3
70 71 5
70 72 1
70 73 5
70 74 4
70 75 5
70 76 3
70 77 5
70 78 4
70 79 5
70 80 3
70 81 2
70 82 4
70 83 4
70 84 1
70 85 4
70 86 3
70 87 1
70 88 3
70 89 4
70 90 4
70 91 1
70 92 1
70 93 4
70 94 2
70 95 1
70 96 1
70 97 5
70 98 4
70 99 5
70 100 3
71 72 2
71 73 1
71 74 3
71 75 5
71 76 2
71 77 1
71 78 1
71 79 4
71 80 2
71 81 5
71 82 4
71 83 1
71 84 4
71 85 3
71 86 5
71 87 4
71 88 4
71 89 5
71 90 5
71 91 4
71 92 3
71 93 4
71 94 4
71 95 2
71 96 3
71 97 1
71 98 5
71 99 3
71 100 2
72 73 1
72 74 2
72 75 3
72 76 5
72 77 3
72 78 4
72 79 1
72 80 1
72 81 2
72 82 4
72 83 4
72 84 5
72 85 5
72 86 2
72 87 1
72 88 2
72 89 4
72 90 3
72 91 3
72 92 3
72 93 1
72 94 1
72 95 1
72 96 2
72 97 3
72 98 1
72 99 4
72 100 4
73 74 3
73 75 3
73 76 2
73 77 5
73 78 4
73 79 5
73 80 1
73 81 1
73 82 2
73 83 5
73 84 5
73 85 5
73 86 1
73 87 3
73 88 3
73 89 4
73 90 3
73 91 3
73 92 5
73 93 1
73 94 2
73 95 3
73 96 2
73 97 1
73 98 3
73 99 4
73 100 1
74 75 1
74 76 5
74 77 1
74 78 1
74 79 3
74 80 2
74 81 5
74 82 3
74 83 1
74 84 4
74 85 1
74 86 3
74 87 4
74 88 1
74 89 2
74 90 2
74 91 4
74 92 4
74 93 5
74 94 2
74 95 5
74 96 2
74 97 2
74 98 4
74 99 5
74 100 4
75 76 1
75 77 5
75 78 3
75 79 3
75 80 5
75 81 1
75 82 4
75 83 5
75 84 3
75 85 4
75 86 1
75 87 3
75 88 3
75 89 1
75 90 4
75 91 2
75 92 3
75 93 3
75 94 1
75 95 5
75 96 5
75 97 3
75 98 3
75 99 1
75 100 5
76 77 5
76 78 4
76 79 5
76 80 3
76 81 2
76 82 5
76 83 1
76 84 1
76 85 5
76 86 4
76 87 4
76 88 4
76 89 5
76 90 2
76 91 5
76 92 2
76 93 2
76 94 2
76 95 1
76 96 2
76 97 3
76 98 1
76 99 5
76 100 5
77 78 5
77 79 5
77 80 3
77 81 4
77 82 4
77 83 5
77 84 3
77 85 1
77 86 4
77 87 4
77 88 2
77 89 4
77 90 2
77 91 4
77 92 3
77 93 2
77 94 5
77 95 1
77 96 4
77 97 3
77 98 4
77 99 4
77 100 1
78 79 5
78 80 1
78 81 1
78 82 2
78 83 4
78 84 3
78 85 3
78 86 3
78 87 2
78 88 5
78 89 1
78 90 1
78 91 3
78 92 2
78 93 3
78 94 1
78 95 5
78 96 5
78 97 3
78 98 1
78 99 1
78 100 1
79 80 2
79 81 1
79 82 3
79 83 5
79 84 1
79 85 2
79 86 4
79 87 4
79 88 5
79 89 3
79 90 2
79 91 2
79 92 5
79 93 3
79 94 5
79 95 2
79 96 2
79 97 2
79 98 2
79 99 4
79 100 3
80 81 2
80 82 5
80 83 1
80 84 1
80 85 2
80 86 3
80 87 4
80 88 4
80 89 4
80 90 3
80 91 4
80 92 5
80 93 3
80 94 3
80 95 1
80 96 2
80 97 4
80 98 3
80 99 2
80 100 1
81 82 4
81 83 1
81 84 3
81 85 3
81 86 4
81 87 3
81 88 4
81 89 2
81 90 2
81 91 4
81 92 4
81 93 5
81 94 4
81 95 4
81 96 2
81 97 5
81 98 3
81 99 3
81 100 5
82 83 3
82 84 1
82 85 3
82 86 1
82 87 4
82 88 5
82 89 1
82 90 3
82 91 3
82 92 3
82 93 5
82 94 1
82 95 4
82 96 1
82 97 5
82 98 1
82 99 1
82 100 2
83 84 2
83 85 3
83 86 5
83 87 5
83 88 2
83 89 2
83 90 2
83 91 4
83 92 4
83 93 4
83 94 3
83 95 3
83 96 1
83 97 4
83 98 1
83 99 4
83 100 2
84 85 2
84 86 2
84 87 4
84 88 5
84 89 5
84 90 3
84 91 1
84 92 4
84 93 4
84 94 3
84 95 4
84 96 2
84 97 5
84 98 2
84 99 4
84 100 4
85 86 2
85 87 5
85 88 3
85 89 5
85 90 2
85 91 3
85 92 4
85 93 5
85 94 3
85 95 1
85 96 2
85 97 5
85 98 5
85 99 5
85 100 4
86 87 1
86 88 1
86 89 3
86 90 2
86 91 3
86 92 2
86 93 5
86 94 1
86 95 3
86 96 4
86 97 2
86 98 1
86 99 5
86 100 1
87 88 2
87 89 2
87 90 4
87 91 2
87 92 3
87 93 5
87 94 5
87 95 2
87 96 2
87 97 1
87 98 4
87 99 2
87 100 3
88 89 1
88 90 5
88 91 1
88 92 3
88 93 2
88 94 4
88 95 5
88 96 5
88 97 2
88 98 2
88 99 5
88 100 1
89 90 1
89 91 1
89 92 2
89 93 5
89 94 2
89 95 3
89 96 1
89 97 1
89 98 1
89 99 3
89 100 2
90 91 3
90 92 3
90 93 1
90 94 5
90 95 4
90 96 1
90 97 1
90 98 3
90 99 5
90 100 3
91 92 1
91 93 3
91 94 5
91 95 1
91 96 1
91 97 3
91 98 2
91 99 1
91 100 1
92 93 2
92 94 4
92 95 5
92 96 5
92 97 3
92 98 3
92 99 3
92 100 1
93 94 5
93 95 4
93 96 2
93 97 3
93 98 4
93 99 5
93 100 5
94 95 4
94 96 2
94 97 1
94 98 4
94 99 5
94 100 5
95 96 5
95 97 1
95 98 1
95 99 5
95 100 3
96 97 2
96 98 1
96 99 5
96 100 5
97 98 5
97 99 4
97 100 4
98 99 2
98 100 3
99 100 5
