50 1225
1 2 3
1 3 2
1 4 4
1 5 1
1 6 5
1 7 4
1 8 1
1 9 1
1 10 2
1 11 2
1 12 5
1 13 3
1 14 4
1 15 5
1 16 2
1 17 1
1 18 5
1 19 2
1 20 4
1 21 3
1 22 2
1 23 3
1 24 1
1 25 2
1 26 1
1 27 5
1 28 5
1 29 3
1 30 2
1 31 3
1 32 5
1 33 2
1 34 5
1 35 4
1 36 5
1 37 4
1 38 5
1 39 1
1 40 2
1 41 4
1 42 4
1 43 4
1 44 3
1 45 5
1 46 5
1 47 5
1 48 1
1 49 1
1 50 5
2 3 3
2 4 3
2 5 1
2 6 5
2 7 3
2 8 3
2 9 2
2 10 3
2 11 3
2 12 2
2 13 3
2 14 5
2 15 3
2 16 3
2 17 3
2 18 4
2 19 5
2 20 5
2 21 1
2 22 4
2 23 3
2 24 5
2 25 2
2 26 1
2 27 3
2 28 5
2 29 5
2 30 4
2 31 5
2 32 1
2 33 1
2 34 2
2 35 1
2 36 1
2 37 5
2 38 5
2 39 1
2 40 1
2 41 4
2 42 3
2 43 3
2 44 3
2 45 5
2 46 3
2 47 3
2 48 1
2 49 2
2 50 3
3 4 5
3 5 5
3 6 2
3 7 4
3 8 5
3 9 5
3 10 2
3 11 2
3 12 5
3 13 2
3 14 1
3 15 1
3 16 2
3 17 2
3 18 5
3 19 5
3 20 5
3 21 3
3 22 1
3 23 3
3 24 5
3 25 1
3 26 2
3 27 5
3 28 5
3 29 5
3 30 1
3 31 4
3 32 2
3 33 2
3 34 3
3 35 1
3 36 1
3 37 4
3 38 4
3 39 5
3 40 2
3 41 3
3 42 4
3 43 5
3 44 3
3 45 3
3 46 4
3 47 4
3 48 4
3 49 1
3 50 2
4 5 5
4 6 4
4 7 1
4 8 2
4 9 4
4 10 5
4 11 2
4 12 4
4 13 5
4 14 3
4 15 1
4 16 5
4 17 5
4 18 5
4 19 2
4 20 4
4 21 1
4 22 4
4 23 5
4 24 3
4 25 1
4 26 4
4 27 4
4 28 2
4 29 1
4 30 4
4 31 2
4 32 2
4 33 3
4 34 3
4 35 5
4 36 1
4 37 4
4 38 2
4 39 2
4 40 3
4 41 4
4 42 5
4 43 3
4 44 4
4 45 4
4 46 4
4 47 5
4 48 1
4 49 2
4 50 2
5 6 2
5 7 1
5 8 1
5 9 4
5 10 5
5 11 1
5 12 5
5 13 4
5 14 1
5 15 5
5 16 3
5 17 3
5 18 5
5 19 2
5 20 1
5 21 3
5 22 2
5 23 4
5 24 2
5 25 2
5 26 4
5 27 3
5 28 2
5 29 3
5 30 5
5 31 4
5 32 3
5 33 1
5 34 3
5 35 5
5 36 5
5 37 3
5 38 3
5 39 4
5 40 5
5 41 2
5 42 4
5 43 2
5 44 1
5 45 4
5 46 1
5 47 3
5 48 2
5 49 5
5 50 5
6 7 2
6 8 5
6 9 5
6 10 3
6 11 4
6 12 5
6 13 4
6 14 2
6 15 3
6 16 4
6 17 2
6 18 1
6 19 3
6 20 4
6 21 3
6 22 3
6 23 5
6 24 4
6 25 3
6 26 3
6 27 5
6 28 4
6 29 2
6 30 4
6 31 4
6 32 4
6 33 1
6 34 1
6 35 2
6 36 5
6 37 4
6 38 1
6 39 4
6 40 3
6 41 5
6 42 3
6 43 5
6 44 2
6 45 5
6 46 1
6 47 4
6 48 4
6 49 1
6 50 4
7 8 4
7 9 5
7 10 5
7 11 2
7 12 1
7 13 1
7 14 4
7 15 3
7 16 5
7 17 1
7 18 1
7 19 4
7 20 4
7 21 4
7 22 3
7 23 4
7 24 1
7 25 1
7 26 3
7 27 4
7 28 2
7 29 4
7 30 1
7 31 2
7 32 2
7 33 5
7 34 5
7 35 4
7 36 2
7 37 3
7 38 5
7 39 4
7 40 4
7 41 2
7 42 2
7 43 3
7 44 5
7 45 5
7 46 1
7 47 5
7 48 2
7 49 4
7 50 1
8 9 4
8 10 3
8 11 3
8 12 1
8 13 2
8 14 3
8 15 5
8 16 5
8 17 3
8 18 2
8 19 2
8 20 1
8 21 2
8 22 2
8 23 4
8 24 2
8 25 5
8 26 3
8 27 1
8 28 1
8 29 5
8 30 3
8 31 1
8 32 5
8 33 2
8 34 4
8 35 2
8 36 5
8 37 3
8 38 5
8 39 1
8 40 2
8 41 4
8 42 5
8 43 4
8 44 5
8 45 4
8 46 5
8 47 3
8 48 4
8 49 5
8 50 5
9 10 5
9 11 3
9 12 5
9 13 4
9 14 3
9 15 4
9 16 4
9 17 3
9 18 5
9 19 1
9 20 5
9 21 1
9 22 2
9 23 3
9 24 3
9 25 1
9 26 1
9 27 3
9 28 4
9 29 2
9 30 2
9 31 2
9 32 1
9 33 3
9 34 2
9 35 3
9 36 2
9 37 1
9 38 1
9 39 2
9 40 1
9 41 4
9 42 4
9 43 1
9 44 4
9 45 1
9 46 3
9 47 3
9 48 2
9 49 2
9 50 3
10 11 2
10 12 4
10 13 4
10 14 1
10 15 1
10 16 2
10 17 4
10 18 4
10 19 4
10 20 5
10 21 4
10 22 3
10 23 5
10 24 3
10 25 3
10 26 5
10 27 1
10 28 1
10 29 5
10 30 3
10 31 1
10 32 5
10 33 3
10 34 2
10 35 1
10 36 2
10 37 4
10 38 1
10 39 2
10 40 2
10 41 3
10 42 4
10 43 4
10 44 2
10 45 5
10 46 5
10 47 3
10 48 1
10 49 2
10 50 4
11 12 3
11 13 5
11 14 5
11 15 2
11 16 5
11 17 1
11 18 4
11 19 3
11 20 5
11 21 3
11 22 5
11 23 4
11 24 5
11 25 3
11 26 1
11 27 2
11 28 5
11 29 2
11 30 1
11 31 5
11 32 4
11 33 2
11 34 1
11 35 4
11 36 2
11 37 2
11 38 1
11 39 1
11 40 5
11 41 5
11 42 1
11 43 4
11 44 3
11 45 4
11 46 4
11 47 4
11 48 2
11 49 3
11 50 3
12 13 1
12 14 3
12 15 5
12 16 5
12 17 4
12 18 3
12 19 3
12 20 2
12 21 2
12 22 2
12 23 1
12 24 5
12 25 4
12 26 3
12 27 2
12 28 3
12 29 5
12 30 4
12 31 1
12 32 1
12 33 4
12 34 2
12 35 5
12 36 1
12 37 3
12 38 1
12 39 1
12 40 5
12 41 2
12 42 2
12 43 4
12 44 3
12 45 2
12 46 1
12 47 1
12 48 5
12 49 5
12 50 4
13 14 3
13 15 5
13 16 4
13 17 1
13 18 2
13 19 2
13 20 1
13 21 1
13 22 2
13 23 3
13 24 3
13 25 3
13 26 5
13 27 3
13 28 5
13 29 2
13 30 2
13 31 3
13 32 4
13 33 2
13 34 1
13 35 5
13 36 1
13 37 5
13 38 5
13 39 2
13 40 1
13 41 4
13 42 5
13 43 4
13 44 3
13 45 2
13 46 1
13 47 2
13 48 1
13 49 5
13 50 1
14 15 4
14 16 2
14 17 4
14 18 1
14 19 2
14 20 1
14 21 3
14 22 5
14 23 4
14 24 5
14 25 4
14 26 3
14 27 1
14 28 2
14 29 3
14 30 2
14 31 3
14 32 2
14 33 4
14 34 4
14 35 3
14 36 2
14 37 2
14 38 5
14 39 1
14 40 2
14 41 5
14 42 1
14 43 4
14 44 2
14 45 2
14 46 5
14 47 3
14 48 5
14 49 2
14 50 2
15 16 1
15 17 2
15 18 3
15 19 3
15 20 5
15 21 3
15 22 3
15 23 2
15 24 3
15 25 4
15 26 5
15 27 3
15 28 3
15 29 1
15 30 2
15 31 4
15 32 2
15 33 4
15 34 5
15 35 2
15 36 4
15 37 4
15 38 5
15 39 2
15 40 2
15 41 4
15 42 1
15 43 5
15 44 4
15 45 4
15 46 3
15 47 2
15 48 2
15 49 3
15 50 4
16 17 4
16 18 4
16 19 3
16 20 1
16 21 4
16 22 1
16 23 1
16 24 2
16 25 5
16 26 5
16 27 5
16 28 5
16 29 4
16 30 1
16 31 3
16 32 5
16 33 2
16 34 4
16 35 5
16 36 1
16 37 4
16 38 5
16 39 4
16 40 4
16 41 4
16 42 3
16 43 1
16 44 5
16 45 3
16 46 2
16 47 4
16 48 2
16 49 4
16 50 3
17 18 3
17 19 4
17 20 4
17 21 1
17 22 4
17 23 4
17 24 3
17 25 1
17 26 1
17 27 2
17 28 4
17 29 4
17 30 4
17 31 1
17 32 5
17 33 4
17 34 4
17 35 3
17 36 2
17 37 1
17 38 2
17 39 1
17 40 3
17 41 5
17 42 4
17 43 1
17 44 3
17 45 2
17 46 5
17 47 2
17 48 2
17 49 3
17 50 2
18 19 5
18 20 1
18 21 2
18 22 4
18 23 1
18 24 4
18 25 2
18 26 4
18 27 1
18 28 1
18 29 4
18 30 5
18 31 4
18 32 1
18 33 4
18 34 5
18 35 2
18 36 3
18 37 4
18 38 3
18 39 5
18 40 3
18 41 4
18 42 1
18 43 2
18 44 1
18 45 2
18 46 5
18 47 4
18 48 4
18 49 2
18 50 4
19 20 3
19 21 5
19 22 2
19 23 4
19 24 2
19 25 1
19 26 2
19 27 1
19 28 5
19 29 5
19 30 5
19 31 3
19 32 4
19 33 1
19 34 2
19 35 3
19 36 3
19 37 3
19 38 1
19 39 4
19 40 3
19 41 4
19 42 2
19 43 3
19 44 3
19 45 3
19 46 2
19 47 4
19 48 3
19 49 3
19 50 5
20 21 3
20 22 1
20 23 4
20 24 4
20 25 3
20 26 2
20 27 1
20 28 5
20 29 1
20 30 1
20 31 2
20 32 3
20 33 5
20 34 3
20 35 2
20 36 3
20 37 5
20 38 5
20 39 4
20 40 3
20 41 3
20 42 4
20 43 3
20 44 5
20 45 4
20 46 3
20 47 4
20 48 1
20 49 4
20 50 4
21 22 5
21 23 3
21 24 4
21 25 1
21 26 4
21 27 5
21 28 5
21 29 5
21 30 3
21 31 5
21 32 3
21 33 5
21 34 3
21 35 4
21 36 5
21 37 3
21 38 3
21 39 1
21 40 5
21 41 2
21 42 2
21 43 2
21 44 1
21 45 2
21 46 1
21 47 5
21 48 2
21 49 4
21 50 4
22 23 4
22 24 4
22 25 3
22 26 5
22 27 3
22 28 3
22 29 3
22 30 5
22 31 3
22 32 3
22 33 3
22 34 3
22 35 3
22 36 4
22 37 2
22 38 5
22 39 1
22 40 1
22 41 2
22 42 2
22 43 2
22 44 4
22 45 5
22 46 5
22 47 4
22 48 3
22 49 4
22 50 5
23 24 3
23 25 1
23 26 2
23 27 1
23 28 5
23 29 4
23 30 1
23 31 4
23 32 5
23 33 2
23 34 4
23 35 5
23 36 1
23 37 4
23 38 1
23 39 2
23 40 4
23 41 3
23 42 3
23 43 2
23 44 4
23 45 5
23 46 2
23 47 3
23 48 5
23 49 2
23 50 5
24 25 4
24 26 4
24 27 4
24 28 2
24 29 5
24 30 4
24 31 5
24 32 3
24 33 4
24 34 3
24 35 5
24 36 5
24 37 5
24 38 5
24 39 3
24 40 3
24 41 2
24 42 2
24 43 2
24 44 1
24 45 3
24 46 5
24 47 2
24 48 5
24 49 2
24 50 3
25 26 3
25 27 3
25 28 5
25 29 4
25 30 2
25 31 4
25 32 3
25 33 3
25 34 1
25 35 4
25 36 5
25 37 1
25 38 4
25 39 2
25 40 5
25 41 5
25 42 2
25 43 2
25 44 4
25 45 5
25 46 1
25 47 2
25 48 1
25 49 1
25 50 4
26 27 1
26 28 3
26 29 5
26 30 5
26 31 4
26 32 1
26 33 5
26 34 2
26 35 5
26 36 1
26 37 1
26 38 2
26 39 5
26 40 5
26 41 1
26 42 4
26 43 3
26 44 4
26 45 4
26 46 1
26 47 3
26 48 2
26 49 1
26 50 2
27 28 3
27 29 1
27 30 4
27 31 3
27 32 3
27 33 1
27 34 4
27 35 2
27 36 4
27 37 1
27 38 2
27 39 3
27 40 3
27 41 1
27 42 3
27 43 2
27 44 2
27 45 4
27 46 5
27 47 2
27 48 5
27 49 3
27 50 2
28 29 3
28 30 4
28 31 2
28 32 5
28 33 5
28 34 3
28 35 1
28 36 3
28 37 3
28 38 5
28 39 3
28 40 3
28 41 2
28 42 2
28 43 4
28 44 1
28 45 1
28 46 5
28 47 3
28 48 3
28 49 3
28 50 1
29 30 5
29 31 4
29 32 2
29 33 3
29 34 5
29 35 5
29 36 1
29 37 4
29 38 3
29 39 1
29 40 5
29 41 3
29 42 5
29 43 5
29 44 3
29 45 2
29 46 2
29 47 4
29 48 2
29 49 4
29 50 3
30 31 4
30 32 4
30 33 2
30 34 5
30 35 1
30 36 3
30 37 2
30 38 3
30 39 5
30 40 2
30 41 5
30 42 5
30 43 4
30 44 2
30 45 5
30 46 1
30 47 1
30 48 1
30 49 4
30 50 1
31 32 3
31 33 2
31 34 2
31 35 4
31 36 1
31 37 3
31 38 3
31 39 5
31 40 2
31 41 1
31 42 2
31 43 5
31 44 1
31 45 1
31 46 4
31 47 3
31 48 2
31 49 3
31 50 1
32 33 1
32 34 3
32 35 2
32 36 5
32 37 3
32 38 1
32 39 4
32 40 4
32 41 3
32 42 3
32 43 2
32 44 4
32 45 5
32 46 4
32 47 1
32 48 1
32 49 5
32 50 5
33 34 4
33 35 2
33 36 3
33 37 5
33 38 4
33 39 3
33 40 4
33 41 2
33 42 3
33 43 5
33 44 5
33 45 1
33 46 5
33 47 5
33 48 2
33 49 5
33 50 1
34 35 1
34 36 2
34 37 5
34 38 5
34 39 2
34 40 5
34 41 3
34 42 1
34 43 4
34 44 5
34 45 5
34 46 4
34 47 1
34 48 2
34 49 5
34 50 2
35 36 5
35 37 1
35 38 1
35 39 3
35 40 4
35 41 2
35 42 4
35 43 2
35 44 2
35 45 4
35 46 1
35 47 5
35 48 5
35 49 3
35 50 2
36 37 3
36 38 4
36 39 1
36 40 2
36 41 3
36 42 4
36 43 5
36 44 5
36 45 2
36 46 5
36 47 2
36 48 1
36 49 1
36 50 1
37 38 1
37 39 1
37 40 1
37 41 2
37 42 4
37 43 3
37 44 3
37 45 1
37 46 4
37 47 1
37 48 5
37 49 5
37 50 1
38 39 4
38 40 1
38 41 1
38 42 5
38 43 2
38 44 5
38 45 2
38 46 4
38 47 3
38 48 4
38 49 4
38 50 5
39 40 4
39 41 1
39 42 5
39 43 1
39 44 3
39 45 2
39 46 4
39 47 4
39 48 2
39 49 2
39 50 5
40 41 4
40 42 4
40 43 1
40 44 5
40 45 1
40 46 2
40 47 3
40 48 4
40 49 1
40 50 1
41 42 5
41 43 1
41 44 1
41 45 3
41 46 3
41 47 4
41 48 1
41 49 3
41 50 2
42 43 5
42 44 3
42 45 4
42 46 2
42 47 5
42 48 4
42 49 2
42 50 1
43 44 2
43 45 1
43 46 2
43 47 1
43 48 3
43 49 1
43 50 5
44 45 5
44 46 2
44 47 1
44 48 3
44 49 5
44 50 5
45 46 2
45 47 3
45 48 4
45 49 4
45 50 1
46 47 2
46 48 1
46 49 5
46 50 3
47 48 5
47 49 3
47 50 1
48 49 3
48 50 1
49 50 4
