100 4950
1 2 5
1 3 3
1 4 1
1 5 1
1 6 2
1 7 2
1 8 2
1 9 4
1 10 2
1 11 1
1 12 3
1 13 3
1 14 5
1 15 3
1 16 2
1 17 4
1 18 5
1 19 2
1 20 1
1 21 2
1 22 4
1 23 2
1 24 2
1 25 3
1 26 5
1 27 4
1 28 1
1 29 1
1 30 3
1 31 2
1 32 2
1 33 1
1 34 2
1 35 5
1 36 1
1 37 5
1 38 4
1 39 1
1 40 3
1 41 2
1 42 5
1 43 4
1 44 4
1 45 2
1 46 3
1 47 4
1 48 5
1 49 2
1 50 5
1 51 2
1 52 2
1 53 2
1 54 2
1 55 4
1 56 1
1 57 5
1 58 2
1 59 2
1 60 4
1 61 3
1 62 1
1 63 3
1 64 3
1 65 2
1 66 3
1 67 4
1 68 1
1 69 1
1 70 5
1 71 3
1 72 5
1 73 5
1 74 3
1 75 4
1 76 5
1 77 1
1 78 4
1 79 1
1 80 1
1 81 1
1 82 2
1 83 2
1 84 5
1 85 4
1 86 3
1 87 4
1 88 1
1 89 5
1 90 5
1 91 2
1 92 3
1 93 1
1 94 2
1 95 3
1 96 2
1 97 3
1 98 1
1 99 3
1 100 3
2 3 3
2 4 5
2 5 2
2 6 4
2 7 1
2 8 5
2 9 4
2 10 2
2 11 4
2 12 2
2 13 3
2 14 1
2 15 4
2 16 4
2 17 1
2 18 1
2 19 3
2 20 4
2 21 2
2 22 3
2 23 1
2 24 3
2 25 5
2 26 4
2 27 3
2 28 3
2 29 1
2 30 5
2 31 1
2 32 5
2 33 3
2 34 2
2 35 2
2 36 3
2 37 2
2 38 3
2 39 4
2 40 3
2 41 5
2 42 4
2 43 1
2 44 1
2 45 5
2 46 5
2 47 1
2 48 3
2 49 3
2 50 2
2 51 1
2 52 5
2 53 5
2 54 4
2 55 2
2 56 2
2 57 5
2 58 2
2 59 4
2 60 3
2 61 4
2 62 5
2 63 2
2 64 3
2 65 3
2 66 2
2 67 5
2 68 4
2 69 3
2 70 2
2 71 5
2 72 4
2 73 1
2 74 2
2 75 1
2 76 1
2 77 4
2 78 4
2 79 2
2 80 5
2 81 2
2 82 3
2 83 2
2 84 2
2 85 4
2 86 5
2 87 5
2 88 2
2 89 4
2 90 4
2 91 2
2 92 1
2 93 3
2 94 4
2 95 5
2 96 2
2 97 4
2 98 3
2 99 3
2 100 3
3 4 2
3 5 3
3 6 5
3 7 5
3 8 5
3 9 2
3 10 4
3 11 2
3 12 1
3 13 4
3 14 5
3 15 3
3 16 3
3 17 4
3 18 1
3 19 3
3 20 1
3 21 1
3 22 4
3 23 1
3 24 1
3 25 4
3 26 3
3 27 3
3 28 1
3 29 1
3 30 3
3 31 1
3 32 4
3 33 1
3 34 1
3 35 1
3 36 5
3 37 5
3 38 3
3 39 1
3 40 1
3 41 1
3 42 1
3 43 2
3 44 2
3 45 1
3 46 5
3 47 4
3 48 5
3 49 4
3 50 3
3 51 4
3 52 5
3 53 3
3 54 5
3 55 3
3 56 4
3 57 5
3 58 5
3 59 3
3 60 4
3 61 2
3 62 4
3 63 1
3 64 3
3 65 2
3 66 4
3 67 1
3 68 2
3 69 1
3 70 3
3 71 5
3 72 4
3 73 3
3 74 4
3 75 1
3 76 5
3 77 4
3 78 5
3 79 4
3 80 5
3 81 5
3 82 2
3 83 1
3 84 3
3 85 2
3 86 2
3 87 2
3 88 4
3 89 1
3 90 5
3 91 1
3 92 4
3 93 3
3 94 5
3 95 5
3 96 4
3 97 4
3 98 4
3 99 1
3 100 3
4 5 3
4 6 4
4 7 1
4 8 2
4 9 4
4 10 1
4 11 1
4 12 1
4 13 4
4 14 5
4 15 1
4 16 3
4 17 4
4 18 2
4 19 1
4 20 4
4 21 3
4 22 5
4 23 4
4 24 4
4 25 5
4 26 5
4 27 4
4 28 5
4 29 1
4 30 2
4 31 3
4 32 2
4 33 1
4 34 4
4 35 2
4 36 1
4 37 3
4 38 1
4 39 4
4 40 5
4 41 5
4 42 5
4 43 2
4 44 4
4 45 1
4 46 4
4 47 3
4 48 5
4 49 1
4 50 2
4 51 3
4 52 2
4 53 2
4 54 2
4 55 4
4 56 2
4 57 5
4 58 3
4 59 4
4 60 4
4 61 4
4 62 3
4 63 4
4 64 1
4 65 2
4 66 3
4 67 5
4 68 3
4 69 3
4 70 4
4 71 3
4 72 2
4 73 5
4 74 1
4 75 4
4 76 2
4 77 3
4 78 5
4 79 4
4 80 2
4 81 1
4 82 3
4 83 1
4 84 2
4 85 4
4 86 2
4 87 3
4 88 5
4 89 2
4 90 1
4 91 4
4 92 1
4 93 1
4 94 5
4 95 4
4 96 4
4 97 5
4 98 2
4 99 4
4 100 5
5 6 3
5 7 2
5 8 3
5 9 4
5 10 4
5 11 3
5 12 1
5 13 1
5 14 3
5 15 2
5 16 4
5 17 3
5 18 5
5 19 5
5 20 3
5 21 4
5 22 5
5 23 4
5 24 3
5 25 5
5 26 2
5 27 4
5 28 4
5 29 4
5 30 4
5 31 5
5 32 4
5 33 4
5 34 4
5 35 3
5 36 1
5 37 2
5 38 1
5 39 5
5 40 1
5 41 5
5 42 3
5 43 3
5 44 3
5 45 3
5 46 4
5 47 3
5 48 4
5 49 1
5 50 5
5 51 2
5 52 1
5 53 5
5 54 4
5 55 5
5 56 1
5 57 2
5 58 3
5 59 3
5 60 1
5 61 2
5 62 5
5 63 5
5 64 5
5 65 3
5 66 2
5 67 2
5 68 5
5 69 3
5 70 5
5 71 4
5 72 4
5 73 2
5 74 2
5 75 4
5 76 1
5 77 3
5 78 2
5 79 1
5 80 4
5 81 2
5 82 2
5 83 5
5 84 4
5 85 5
5 86 2
5 87 3
5 88 3
5 89 4
5 90 5
5 91 5
5 92 3
5 93 1
5 94 3
5 95 4
5 96 3
5 97 2
5 98 3
5 99 5
5 100 4
6 7 3
6 8 2
6 9 1
6 10 4
6 11 4
6 12 5
6 13 4
6 14 5
6 15 5
6 16 4
6 17 5
6 18 1
6 19 3
6 20 3
6 21 3
6 22 3
6 23 4
6 24 4
6 25 2
6 26 3
6 27 5
6 28 3
6 29 5
6 30 2
6 31 5
6 32 5
6 33 2
6 34 1
6 35 5
6 36 2
6 37 4
6 38 5
6 39 4
6 40 3
6 41 4
6 42 4
6 43 1
6 44 2
6 45 5
6 46 5
6 47 5
6 48 2
6 49 4
6 50 2
6 51 2
6 52 5
6 53 4
6 54 4
6 55 1
6 56 3
6 57 5
6 58 5
6 59 5
6 60 5
6 61 1
6 62 1
6 63 3
6 64 2
6 65 1
6 66 4
6 67 2
6 68 5
6 69 2
6 70 1
6 71 3
6 72 3
6 73 2
6 74 2
6 75 2
6 76 3
6 77 1
6 78 2
6 79 2
6 80 3
6 81 4
6 82 5
6 83 3
6 84 4
6 85 5
6 86 3
6 87 5
6 88 1
6 89 5
6 90 5
6 91 1
6 92 4
6 93 2
6 94 2
6 95 5
6 96 1
6 97 3
6 98 5
6 99 5
6 100 3
7 8 3
7 9 4
7 10 2
7 11 2
7 12 3
7 13 4
7 14 1
7 15 1
7 16 2
7 17 2
7 18 5
7 19 5
7 20 1
7 21 3
7 22 5
7 23 4
7 24 4
7 25 1
7 26 5
7 27 3
7 28 4
7 29 1
7 30 4
7 31 5
7 32 3
7 33 2
7 34 5
7 35 1
7 36 3
7 37 5
7 38 3
7 39 2
7 40 4
7 41 4
7 42 5
7 43 3
7 44 2
7 45 2
7 46 5
7 47 5
7 48 2
7 49 2
7 50 5
7 51 3
7 52 3
7 53 1
7 54 5
7 55 4
7 56 3
7 57 4
7 58 4
7 59 2
7 60 4
7 61 4
7 62 1
7 63 5
7 64 5
7 65 1
7 66 1
7 67 1
7 68 2
7 69 1
7 70 4
7 71 3
7 72 1
7 73 2
7 74 3
7 75 1
7 76 5
7 77 2
7 78 5
7 79 4
7 80 2
7 81 1
7 82 1
7 83 2
7 84 4
7 85 4
7 86 4
7 87 1
7 88 2
7 89 4
7 90 4
7 91 4
7 92 1
7 93 3
7 94 1
7 95 2
7 96 2
7 97 1
7 98 5
7 99 2
7 100 3
8 9 3
8 10 5
8 11 3
8 12 4
8 13 5
8 14 3
8 15 5
8 16 1
8 17 1
8 18 2
8 19 2
8 20 2
8 21 1
8 22 4
8 23 3
8 24 4
8 25 4
8 26 4
8 27 2
8 28 3
8 29 2
8 30 2
8 31 1
8 32 3
8 33 1
8 34 3
8 35 2
8 36 4
8 37 3
8 38 5
8 39 3
8 40 1
8 41 2
8 42 3
8 43 1
8 44 1
8 45 1
8 46 1
8 47 4
8 48 1
8 49 4
8 50 2
8 51 4
8 52 5
8 53 3
8 54 4
8 55 5
8 56 2
8 57 2
8 58 3
8 59 1
8 60 1
8 61 5
8 62 5
8 63 5
8 64 5
8 65 2
8 66 2
8 67 1
8 68 4
8 69 3
8 70 4
8 71 5
8 72 2
8 73 5
8 74 3
8 75 2
8 76 5
8 77 2
8 78 1
8 79 4
8 80 1
8 81 4
8 82 1
8 83 5
8 84 3
8 85 5
8 86 2
8 87 4
8 88 2
8 89 5
8 90 5
8 91 1
8 92 3
8 93 5
8 94 5
8 95 1
8 96 2
8 97 1
8 98 3
8 99 4
8 100 5
9 10 5
9 11 5
9 12 1
9 13 3
9 14 1
9 15 1
9 16 1
9 17 2
9 18 2
9 19 2
9 20 3
9 21 4
9 22 5
9 23 3
9 24 1
9 25 1
9 26 3
9 27 2
9 28 2
9 29 4
9 30 1
9 31 1
9 32 1
9 33 4
9 34 5
9 35 4
9 36 2
9 37 5
9 38 2
9 39 2
9 40 4
9 41 4
9 42 5
9 43 5
9 44 1
9 45 4
9 46 4
9 47 4
9 48 5
9 49 2
9 50 2
9 51 2
9 52 3
9 53 1
9 54 1
9 55 5
9 56 5
9 57 5
9 58 5
9 59 2
9 60 4
9 61 2
9 62 4
9 63 3
9 64 4
9 65 2
9 66 2
9 67 1
9 68 5
9 69 2
9 70 2
9 71 4
9 72 2
9 73 2
9 74 2
9 75 5
9 76 5
9 77 3
9 78 1
9 79 5
9 80 5
9 81 1
9 82 1
9 83 1
9 84 4
9 85 3
9 86 1
9 87 1
9 88 2
9 89 1
9 90 1
9 91 4
9 92 4
9 93 5
9 94 2
9 95 2
9 96 1
9 97 1
9 98 5
9 99 2
9 100 4
10 11 5
10 12 3
10 13 5
10 14 2
10 15 5
10 16 3
10 17 2
10 18 5
10 19 4
10 20 4
10 21 4
10 22 2
10 23 5
10 24 3
10 25 4
10 26 2
10 27 4
10 28 5
10 29 2
10 30 3
10 31 3
10 32 5
10 33 3
10 34 5
10 35 3
10 36 1
10 37 3
10 38 2
10 39 4
10 40 4
10 41 2
10 42 4
10 43 3
10 44 4
10 45 5
10 46 4
10 47 2
10 48 1
10 49 1
10 50 3
10 51 2
10 52 2
10 53 3
10 54 2
10 55 2
10 56 3
10 57 2
10 58 4
10 59 5
10 60 3
10 61 5
10 62 5
10 63 1
10 64 3
10 65 1
10 66 4
10 67 4
10 68 2
10 69 3
10 70 3
10 71 1
10 72 3
10 73 2
10 74 3
10 75 2
10 76 3
10 77 2
10 78 4
10 79 2
10 80 4
10 81 2
10 82 1
10 83 3
10 84 3
10 85 1
10 86 2
10 87 4
10 88 4
10 89 1
10 90 3
10 91 4
10 92 1
10 93 5
10 94 2
10 95 4
10 96 1
10 97 1
10 98 2
10 99 5
10 100 4
11 12 5
11 13 2
11 14 4
11 15 3
11 16 1
11 17 4
11 18 5
11 19 5
11 20 4
11 21 2
11 22 1
11 23 2
11 24 5
11 25 4
11 26 4
11 27 2
11 28 4
11 29 1
11 30 1
11 31 1
11 32 5
11 33 2
11 34 1
11 35 5
11 36 1
11 37 3
11 38 4
11 39 3
11 40 5
11 41 5
11 42 5
11 43 5
11 44 4
11 45 4
11 46 4
11 47 1
11 48 4
11 49 5
11 50 5
11 51 2
11 52 1
11 53 2
11 54 2
11 55 1
11 56 3
11 57 2
11 58 3
11 59 3
11 60 3
11 61 3
11 62 5
11 63 1
11 64 5
11 65 4
11 66 1
11 67 2
11 68 5
11 69 4
11 70 3
11 71 1
11 72 5
11 73 5
11 74 4
11 75 3
11 76 4
11 77 5
11 78 2
11 79 5
11 80 2
11 81 1
11 82 3
11 83 4
11 84 5
11 85 1
11 86 5
11 87 1
11 88 3
11 89 3
11 90 5
11 91 3
11 92 4
11 93 5
11 94 3
11 95 2
11 96 1
11 97 5
11 98 2
11 99 5
11 100 5
12 13 2
12 14 5
12 15 1
12 16 2
12 17 3
12 18 2
12 19 2
12 20 1
12 21 5
12 22 5
12 23 1
12 24 5
12 25 5
12 26 2
12 27 3
12 28 3
12 29 4
12 30 2
12 31 5
12 32 4
12 33 3
12 34 2
12 35 1
12 36 5
12 37 4
12 38 4
12 39 5
12 40 2
12 41 1
12 42 2
12 43 4
12 44 2
12 45 3
12 46 3
12 47 3
12 48 4
12 49 4
12 50 5
12 51 2
12 52 3
12 53 1
12 54 3
12 55 4
12 56 5
12 57 3
12 58 4
12 59 5
12 60 5
12 61 2
12 62 5
12 63 4
12 64 3
12 65 3
12 66 2
12 67 3
12 68 4
12 69 2
12 70 3
12 71 2
12 72 4
12 73 1
12 74 5
12 75 2
12 76 5
12 77 4
12 78 4
12 79 3
12 80 2
12 81 1
12 82 5
12 83 5
12 84 4
12 85 2
12 86 5
12 87 4
12 88 2
12 89 3
12 90 1
12 91 4
12 92 1
12 93 1
12 94 3
12 95 3
12 96 1
12 97 2
12 98 1
12 99 2
12 100 4
13 14 4
13 15 1
13 16 5
13 17 5
13 18 5
13 19 3
13 20 2
13 21 1
13 22 5
13 23 3
13 24 5
13 25 4
13 26 4
13 27 1
13 28 3
13 29 4
13 30 2
13 31 2
13 32 2
13 33 5
13 34 3
13 35 4
13 36 5
13 37 1
13 38 2
13 39 3
13 40 4
13 41 2
13 42 2
13 43 3
13 44 3
13 45 5
13 46 2
13 47 1
13 48 2
13 49 3
13 50 4
13 51 4
13 52 2
13 53 5
13 54 5
13 55 3
13 56 1
13 57 2
13 58 2
13 59 3
13 60 2
13 61 2
13 62 1
13 63 2
13 64 3
13 65 4
13 66 1
13 67 5
13 68 4
13 69 1
13 70 2
13 71 5
13 72 5
13 73 3
13 74 2
13 75 3
13 76 4
13 77 1
13 78 2
13 79 4
13 80 5
13 81 4
13 82 5
13 83 1
13 84 3
13 85 5
13 86 4
13 87 2
13 88 5
13 89 4
13 90 4
13 91 5
13 92 3
13 93 2
13 94 2
13 95 2
13 96 3
13 97 1
13 98 3
13 99 3
13 100 5
14 15 3
14 16 2
14 17 3
14 18 5
14 19 4
14 20 2
14 21 4
14 22 5
14 23 2
14 24 2
14 25 5
14 26 5
14 27 4
14 28 3
14 29 5
14 30 5
14 31 2
14 32 5
14 33 5
14 34 1
14 35 4
14 36 4
14 37 2
14 38 1
14 39 3
14 40 4
14 41 1
14 42 4
14 43 3
14 44 5
14 45 2
14 46 3
14 47 5
14 48 5
14 49 5
14 50 4
14 51 1
14 52 4
14 53 4
14 54 1
14 55 4
14 56 1
14 57 3
14 58 2
14 59 4
14 60 3
14 61 4
14 62 2
14 63 5
14 64 5
14 65 2
14 66 5
14 67 4
14 68 2
14 69 2
14 70 2
14 71 3
14 72 5
14 73 3
14 74 4
14 75 5
14 76 1
14 77 5
14 78 3
14 79 1
14 80 4
14 81 4
14 82 1
14 83 3
14 84 5
14 85 5
14 86 1
14 87 3
14 88 4
14 89 1
14 90 1
14 91 4
14 92 5
14 93 1
14 94 1
14 95 5
14 96 4
14 97 3
14 98 2
14 99 4
14 100 3
15 16 4
15 17 1
15 18 4
15 19 2
15 20 2
15 21 5
15 22 1
15 23 4
15 24 2
15 25 3
15 26 3
15 27 1
15 28 4
15 29 3
15 30 3
15 31 3
15 32 2
15 33 3
15 34 2
15 35 1
15 36 2
15 37 3
15 38 5
15 39 1
15 40 2
15 41 1
15 42 1
15 43 1
15 44 4
15 45 3
15 46 5
15 47 2
15 48 2
15 49 5
15 50 4
15 51 3
15 52 4
15 53 2
15 54 5
15 55 4
15 56 3
15 57 2
15 58 1
15 59 1
15 60 5
15 61 1
15 62 3
15 63 5
15 64 4
15 65 1
15 66 3
15 67 4
15 68 3
15 69 2
15 70 1
15 71 5
15 72 4
15 73 4
15 74 4
15 75 4
15 76 3
15 77 5
15 78 1
15 79 1
15 80 3
15 81 1
15 82 2
15 83 4
15 84 3
15 85 5
15 86 2
15 87 4
15 88 2
15 89 2
15 90 3
15 91 1
15 92 2
15 93 3
15 94 3
15 95 3
15 96 1
15 97 3
15 98 4
15 99 4
15 100 2
16 17 1
16 18 1
16 19 5
16 20 1
16 21 4
16 22 1
16 23 5
16 24 2
16 25 3
16 26 1
16 27 1
16 28 5
16 29 4
16 30 5
16 31 4
16 32 2
16 33 4
16 34 1
16 35 2
16 36 1
16 37 3
16 38 5
16 39 5
16 40 5
16 41 3
16 42 4
16 43 4
16 44 3
16 45 3
16 46 1
16 47 4
16 48 5
16 49 5
16 50 2
16 51 3
16 52 2
16 53 1
16 54 1
16 55 1
16 56 1
16 57 5
16 58 2
16 59 1
16 60 5
16 61 2
16 62 1
16 63 5
16 64 4
16 65 3
16 66 1
16 67 5
16 68 4
16 69 1
16 70 3
16 71 3
16 72 2
16 73 5
16 74 5
16 75 5
16 76 1
16 77 4
16 78 1
16 79 1
16 80 5
16 81 3
16 82 2
16 83 3
16 84 3
16 85 1
16 86 1
16 87 4
16 88 4
16 89 3
16 90 3
16 91 4
16 92 2
16 93 5
16 94 4
16 95 2
16 96 1
16 97 5
16 98 1
16 99 3
16 100 3
17 18 1
17 19 5
17 20 5
17 21 1
17 22 1
17 23 1
17 24 4
17 25 3
17 26 2
17 27 1
17 28 4
17 29 4
17 30 3
17 31 5
17 32 3
17 33 1
17 34 3
17 35 4
17 36 1
17 37 2
17 38 5
17 39 3
17 40 1
17 41 1
17 42 1
17 43 4
17 44 4
17 45 1
17 46 2
17 47 2
17 48 5
17 49 4
17 50 5
17 51 3
17 52 4
17 53 5
17 54 5
17 55 4
17 56 5
17 57 3
17 58 1
17 59 4
17 60 4
17 61 1
17 62 3
17 63 2
17 64 1
17 65 1
17 66 1
17 67 3
17 68 2
17 69 5
17 70 1
17 71 1
17 72 4
17 73 4
17 74 5
17 75 2
17 76 5
17 77 2
17 78 5
17 79 4
17 80 2
17 81 2
17 82 1
17 83 2
17 84 1
17 85 1
17 86 1
17 87 2
17 88 5
17 89 5
17 90 5
17 91 2
17 92 2
17 93 1
17 94 2
17 95 2
17 96 4
17 97 4
17 98 1
17 99 2
17 100 3
18 19 2
18 20 2
18 21 5
18 22 4
18 23 1
18 24 4
18 25 4
18 26 5
18 27 3
18 28 4
18 29 3
18 30 2
18 31 5
18 32 1
18 33 1
18 34 1
18 35 1
18 36 5
18 37 2
18 38 4
18 39 3
18 40 4
18 41 1
18 42 3
18 43 2
18 44 2
18 45 1
18 46 1
18 47 2
18 48 4
18 49 5
18 50 2
18 51 4
18 52 5
18 53 2
18 54 4
18 55 4
18 56 5
18 57 2
18 58 2
18 59 4
18 60 2
18 61 3
18 62 3
18 63 4
18 64 5
18 65 2
18 66 2
18 67 4
18 68 1
18 69 4
18 70 3
18 71 5
18 72 3
18 73 5
18 74 4
18 75 4
18 76 1
18 77 4
18 78 3
18 79 3
18 80 2
18 81 3
18 82 3
18 83 4
18 84 2
18 85 3
18 86 2
18 87 5
18 88 1
18 89 5
18 90 3
18 91 3
18 92 5
18 93 2
18 94 3
18 95 5
18 96 3
18 97 3
18 98 1
18 99 5
18 100 4
19 20 5
19 21 2
19 22 3
19 23 5
19 24 3
19 25 2
19 26 1
19 27 4
19 28 4
19 29 1
19 30 2
19 31 5
19 32 3
19 33 3
19 34 2
19 35 1
19 36 4
19 37 3
19 38 3
19 39 4
19 40 5
19 41 3
19 42 2
19 43 1
19 44 4
19 45 4
19 46 1
19 47 3
19 48 3
19 49 4
19 50 4
19 51 1
19 52 4
19 53 4
19 54 5
19 55 3
19 56 3
19 57 5
19 58 3
19 59 5
19 60 3
19 61 2
19 62 3
19 63 2
19 64 4
19 65 1
19 66 3
19 67 5
19 68 4
19 69 3
19 70 4
19 71 3
19 72 1
19 73 5
19 74 5
19 75 2
19 76 1
19 77 5
19 78 2
19 79 1
19 80 3
19 81 4
19 82 3
19 83 4
19 84 4
19 85 4
19 86 4
19 87 3
19 88 3
19 89 5
19 90 5
19 91 2
19 92 3
19 93 3
19 94 1
19 95 3
19 96 4
19 97 1
19 98 2
19 99 2
19 100 4
20 21 5
20 22 3
20 23 3
20 24 4
20 25 1
20 26 4
20 27 5
20 28 5
20 29 5
20 30 1
20 31 1
20 32 2
20 33 4
20 34 1
20 35 5
20 36 2
20 37 2
20 38 1
20 39 5
20 40 4
20 41 4
20 42 4
20 43 5
20 44 4
20 45 5
20 46 3
20 47 5
20 48 5
20 49 4
20 50 1
20 51 1
20 52 2
20 53 2
20 54 5
20 55 2
20 56 1
20 57 3
20 58 3
20 59 1
20 60 5
20 61 1
20 62 1
20 63 4
20 64 4
20 65 3
20 66 4
20 67 3
20 68 5
20 69 2
20 70 4
20 71 3
20 72 3
20 73 4
20 74 4
20 75 3
20 76 2
20 77 3
20 78 2
20 79 5
20 80 5
20 81 4
20 82 4
20 83 5
20 84 5
20 85 5
20 86 2
20 87 2
20 88 2
20 89 1
20 90 4
20 91 5
20 92 2
20 93 2
20 94 5
20 95 1
20 96 4
20 97 3
20 98 1
20 99 5
20 100 2
21 22 5
21 23 4
21 24 2
21 25 4
21 26 2
21 27 3
21 28 3
21 29 5
21 30 5
21 31 2
21 32 2
21 33 3
21 34 4
21 35 4
21 36 1
21 37 5
21 38 1
21 39 3
21 40 1
21 41 3
21 42 1
21 43 2
21 44 2
21 45 2
21 46 3
21 47 5
21 48 2
21 49 4
21 50 3
21 51 5
21 52 3
21 53 1
21 54 4
21 55 5
21 56 3
21 57 3
21 58 1
21 59 5
21 60 5
21 61 5
21 62 3
21 63 4
21 64 2
21 65 3
21 66 4
21 67 2
21 68 4
21 69 4
21 70 1
21 71 1
21 72 1
21 73 2
21 74 2
21 75 1
21 76 5
21 77 2
21 78 3
21 79 5
21 80 2
21 81 2
21 82 5
21 83 5
21 84 1
21 85 5
21 86 3
21 87 2
21 88 5
21 89 5
21 90 5
21 91 2
21 92 4
21 93 3
21 94 2
21 95 2
21 96 4
21 97 5
21 98 1
21 99 1
21 100 2
22 23 3
22 24 5
22 25 5
22 26 3
22 27 1
22 28 4
22 29 3
22 30 4
22 31 5
22 32 4
22 33 3
22 34 3
22 35 5
22 36 1
22 37 3
22 38 1
22 39 4
22 40 1
22 41 5
22 42 2
22 43 5
22 44 4
22 45 2
22 46 4
22 47 2
22 48 2
22 49 2
22 50 3
22 51 5
22 52 3
22 53 5
22 54 4
22 55 1
22 56 2
22 57 3
22 58 4
22 59 1
22 60 1
22 61 3
22 62 1
22 63 2
22 64 4
22 65 3
22 66 3
22 67 2
22 68 2
22 69 1
22 70 4
22 71 1
22 72 4
22 73 4
22 74 3
22 75 2
22 76 4
22 77 4
22 78 5
22 79 5
22 80 4
22 81 2
22 82 1
22 83 5
22 84 2
22 85 4
22 86 5
22 87 2
22 88 2
22 89 4
22 90 2
22 91 3
22 92 5
22 93 2
22 94 3
22 95 4
22 96 5
22 97 1
22 98 1
22 99 5
22 100 2
23 24 1
23 25 2
23 26 3
23 27 4
23 28 1
23 29 3
23 30 5
23 31 4
23 32 2
23 33 4
23 34 1
23 35 3
23 36 4
23 37 1
23 38 3
23 39 1
23 40 3
23 41 3
23 42 5
23 43 2
23 44 1
23 45 2
23 46 2
23 47 3
23 48 4
23 49 2
23 50 1
23 51 3
23 52 2
23 53 3
23 54 3
23 55 5
23 56 4
23 57 5
23 58 4
23 59 2
23 60 1
23 61 1
23 62 3
23 63 5
23 64 1
23 65 1
23 66 5
23 67 5
23 68 2
23 69 4
23 70 1
23 71 1
23 72 2
23 73 5
23 74 4
23 75 5
23 76 5
23 77 3
23 78 4
23 79 4
23 80 4
23 81 4
23 82 1
23 83 4
23 84 1
23 85 2
23 86 2
23 87 3
23 88 3
23 89 3
23 90 4
23 91 4
23 92 2
23 93 1
23 94 3
23 95 2
23 96 1
23 97 4
23 98 4
23 99 3
23 100 5
24 25 1
24 26 3
24 27 5
24 28 4
24 29 1
24 30 3
24 31 1
24 32 1
24 33 2
24 34 4
24 35 4
24 36 2
24 37 3
24 38 2
24 39 4
24 40 1
24 41 3
24 42 3
24 43 1
24 44 5
24 45 3
24 46 3
24 47 4
24 48 5
24 49 4
24 50 4
24 51 3
24 52 3
24 53 3
24 54 2
24 55 1
24 56 3
24 57 5
24 58 1
24 59 2
24 60 1
24 61 2
24 62 1
24 63 3
24 64 2
24 65 3
24 66 1
24 67 4
24 68 3
24 69 2
24 70 5
24 71 1
24 72 1
24 73 1
24 74 3
24 75 5
24 76 3
24 77 1
24 78 5
24 79 3
24 80 5
24 81 4
24 82 2
24 83 2
24 84 4
24 85 4
24 86 3
24 87 2
24 88 1
24 89 2
24 90 2
24 91 1
24 92 2
24 93 5
24 94 3
24 95 1
24 96 2
24 97 3
24 98 5
24 99 1
24 100 2
25 26 4
25 27 3
25 28 1
25 29 3
25 30 1
25 31 1
25 32 4
25 33 5
25 34 4
25 35 2
25 36 2
25 37 3
25 38 5
25 39 4
25 40 4
25 41 5
25 42 1
25 43 4
25 44 2
25 45 2
25 46 2
25 47 2
25 48 1
25 49 3
25 50 1
25 51 4
25 52 2
25 53 4
25 54 3
25 55 2
25 56 4
25 57 5
25 58 5
25 59 2
25 60 5
25 61 5
25 62 1
25 63 3
25 64 1
25 65 1
25 66 3
25 67 2
25 68 2
25 69 4
25 70 3
25 71 3
25 72 5
25 73 3
25 74 1
25 75 4
25 76 4
25 77 3
25 78 3
25 79 4
25 80 4
25 81 1
25 82 5
25 83 4
25 84 1
25 85 5
25 86 1
25 87 3
25 88 5
25 89 2
25 90 3
25 91 4
25 92 4
25 93 5
25 94 3
25 95 3
25 96 2
25 97 2
25 98 1
25 99 1
25 100 2
26 27 1
26 28 2
26 29 5
26 30 2
26 31 2
26 32 4
26 33 2
26 34 1
26 35 3
26 36 4
26 37 3
26 38 3
26 39 4
26 40 3
26 41 3
26 42 1
26 43 2
26 44 4
26 45 1
26 46 5
26 47 3
26 48 4
26 49 5
26 50 4
26 51 2
26 52 1
26 53 3
26 54 1
26 55 1
26 56 1
26 57 4
26 58 5
26 59 5
26 60 4
26 61 4
26 62 4
26 63 3
26 64 5
26 65 3
26 66 4
26 67 2
26 68 5
26 69 5
26 70 1
26 71 5
26 72 3
26 73 3
26 74 4
26 75 3
26 76 4
26 77 5
26 78 1
26 79 3
26 80 3
26 81 3
26 82 3
26 83 1
26 84 5
26 85 5
26 86 4
26 87 4
26 88 2
26 89 1
26 90 5
26 91 3
26 92 5
26 93 5
26 94 3
26 95 1
26 96 4
26 97 4
26 98 5
26 99 3
26 100 3
27 28 3
27 29 4
27 30 1
27 31 4
27 32 4
27 33 3
27 34 4
27 35 1
27 36 5
27 37 4
27 38 4
27 39 4
27 40 1
27 41 1
27 42 5
27 43 4
27 44 3
27 45 4
27 46 4
27 47 3
27 48 1
27 49 1
27 50 1
27 51 1
27 52 5
27 53 2
27 54 1
27 55 3
27 56 1
27 57 3
27 58 4
27 59 2
27 60 2
27 61 4
27 62 3
27 63 5
27 64 1
27 65 3
27 66 1
27 67 3
27 68 1
27 69 4
27 70 5
27 71 5
27 72 2
27 73 2
27 74 1
27 75 4
27 76 4
27 77 2
27 78 3
27 79 1
27 80 5
27 81 2
27 82 5
27 83 2
27 84 4
27 85 2
27 86 2
27 87 3
27 88 5
27 89 1
27 90 4
27 91 3
27 92 4
27 93 2
27 94 1
27 95 4
27 96 3
27 97 5
27 98 4
27 99 2
27 100 5
28 29 2
28 30 5
28 31 4
28 32 1
28 33 2
28 34 4
28 35 4
28 36 2
28 37 4
28 38 5
28 39 3
28 40 1
28 41 4
28 42 5
28 43 5
28 44 2
28 45 2
28 46 2
28 47 4
28 48 5
28 49 3
28 50 2
28 51 4
28 52 1
28 53 3
28 54 2
28 55 3
28 56 4
28 57 3
28 58 2
28 59 1
28 60 5
28 61 2
28 62 4
28 63 3
28 64 5
28 65 1
28 66 3
28 67 4
28 68 1
28 69 4
28 70 5
28 71 2
28 72 3
28 73 5
28 74 5
28 75 2
28 76 2
28 77 5
28 78 1
28 79 1
28 80 1
28 81 5
28 82 5
28 83 3
28 84 5
28 85 2
28 86 4
28 87 3
28 88 5
28 89 2
28 90 4
28 91 5
28 92 5
28 93 5
28 94 1
28 95 1
28 96 5
28 97 4
28 98 1
28 99 1
28 100 5
29 30 4
29 31 1
29 32 1
29 33 2
29 34 3
29 35 3
29 36 3
29 37 4
29 38 4
29 39 3
29 40 5
29 41 1
29 42 1
29 43 3
29 44 3
29 45 1
29 46 1
29 47 2
29 48 5
29 49 3
29 50 1
29 51 5
29 52 1
29 53 5
29 54 4
29 55 5
29 56 5
29 57 1
29 58 1
29 59 5
29 60 1
29 61 3
29 62 5
29 63 5
29 64 3
29 65 5
29 66 5
29 67 5
29 68 5
29 69 1
29 70 5
29 71 5
29 72 2
29 73 4
29 74 1
29 75 4
29 76 5
29 77 3
29 78 5
29 79 2
29 80 4
29 81 4
29 82 5
29 83 2
29 84 4
29 85 2
29 86 5
29 87 4
29 88 3
29 89 4
29 90 2
29 91 2
29 92 5
29 93 2
29 94 4
29 95 5
29 96 3
29 97 5
29 98 3
29 99 5
29 100 5
30 31 5
30 32 5
30 33 5
30 34 5
30 35 2
30 36 5
30 37 5
30 38 3
30 39 5
30 40 4
30 41 4
30 42 2
30 43 1
30 44 5
30 45 2
30 46 2
30 47 2
30 48 1
30 49 1
30 50 2
30 51 1
30 52 5
30 53 2
30 54 5
30 55 1
30 56 1
30 57 4
30 58 2
30 59 2
30 60 1
30 61 3
30 62 5
30 63 3
30 64 4
30 65 4
30 66 4
30 67 4
30 68 1
30 69 1
30 70 5
30 71 2
30 72 2
30 73 3
30 74 3
30 75 3
30 76 2
30 77 1
30 78 5
30 79 4
30 80 3
30 81 1
30 82 5
30 83 4
30 84 1
30 85 3
30 86 1
30 87 5
30 88 5
30 89 5
30 90 4
30 91 1
30 92 5
30 93 5
30 94 2
30 95 1
30 96 5
30 97 3
30 98 1
30 99 2
30 100 2
31 32 1
31 33 3
31 34 1
31 35 1
31 36 3
31 37 1
31 38 1
31 39 2
31 40 1
31 41 2
31 42 2
31 43 3
31 44 2
31 45 4
31 46 1
31 47 1
31 48 1
31 49 4
31 50 1
31 51 4
31 52 4
31 53 3
31 54 2
31 55 4
31 56 4
31 57 3
31 58 4
31 59 2
31 60 1
31 61 3
31 62 3
31 63 4
31 64 4
31 65 4
31 66 1
31 67 3
31 68 2
31 69 5
31 70 2
31 71 1
31 72 1
31 73 2
31 74 1
31 75 1
31 76 5
31 77 1
31 78 2
31 79 2
31 80 5
31 81 1
31 82 5
31 83 3
31 84 3
31 85 5
31 86 5
31 87 4
31 88 5
31 89 2
31 90 3
31 91 1
31 92 1
31 93 4
31 94 2
31 95 1
31 96 2
31 97 1
31 98 2
31 99 2
31 100 3
32 33 2
32 34 2
32 35 4
32 36 1
32 37 5
32 38 1
32 39 2
32 40 3
32 41 3
32 42 2
32 43 1
32 44 4
32 45 1
32 46 4
32 47 3
32 48 1
32 49 3
32 50 4
32 51 2
32 52 4
32 53 5
32 54 3
32 55 2
32 56 3
32 57 4
32 58 4
32 59 1
32 60 1
32 61 2
32 62 4
32 63 5
32 64 5
32 65 2
32 66 2
32 67 2
32 68 5
32 69 2
32 70 1
32 71 3
32 72 3
32 73 2
32 74 1
32 75 3
32 76 5
32 77 4
32 78 4
32 79 3
32 80 2
32 81 5
32 82 4
32 83 5
32 84 5
32 85 2
32 86 3
32 87 2
32 88 4
32 89 1
32 90 3
32 91 5
32 92 3
32 93 2
32 94 4
32 95 5
32 96 5
32 97 3
32 98 5
32 99 1
32 100 2
33 34 4
33 35 1
33 36 2
33 37 5
33 38 4
33 39 1
33 40 5
33 41 4
33 42 2
33 43 5
33 44 4
33 45 1
33 46 4
33 47 3
33 48 1
33 49 2
33 50 5
33 51 3
33 52 5
33 53 1
33 54 3
33 55 5
33 56 4
33 57 5
33 58 1
33 59 2
33 60 4
33 61 5
33 62 2
33 63 1
33 64 1
33 65 3
33 66 1
33 67 5
33 68 2
33 69 4
33 70 3
33 71 1
33 72 2
33 73 2
33 74 1
33 75 5
33 76 1
33 77 4
33 78 3
33 79 3
33 80 5
33 81 4
33 82 3
33 83 3
33 84 1
33 85 1
33 86 2
33 87 5
33 88 1
33 89 2
33 90 5
33 91 4
33 92 4
33 93 5
33 94 3
33 95 2
33 96 1
33 97 4
33 98 1
33 99 5
33 100 3
34 35 2
34 36 2
34 37 3
34 38 2
34 39 4
34 40 2
34 41 1
34 42 2
34 43 4
34 44 4
34 45 1
34 46 4
34 47 5
34 48 2
34 49 2
34 50 2
34 51 4
34 52 5
34 53 2
34 54 1
34 55 5
34 56 4
34 57 5
34 58 3
34 59 1
34 60 3
34 61 3
34 62 5
34 63 4
34 64 4
34 65 1
34 66 2
34 67 5
34 68 5
34 69 5
34 70 5
34 71 5
34 72 3
34 73 2
34 74 3
34 75 2
34 76 5
34 77 4
34 78 2
34 79 3
34 80 5
34 81 4
34 82 5
34 83 4
34 84 1
34 85 5
34 86 3
34 87 4
34 88 2
34 89 5
34 90 4
34 91 4
34 92 1
34 93 5
34 94 3
34 95 1
34 96 4
34 97 3
34 98 5
34 99 5
34 100 2
35 36 4
35 37 5
35 38 3
35 39 1
35 40 2
35 41 3
35 42 2
35 43 1
35 44 3
35 45 2
35 46 5
35 47 1
35 48 2
35 49 5
35 50 4
35 51 4
35 52 3
35 53 5
35 54 5
35 55 2
35 56 3
35 57 1
35 58 5
35 59 3
35 60 4
35 61 2
35 62 3
35 63 3
35 64 3
35 65 4
35 66 4
35 67 1
35 68 3
35 69 3
35 70 4
35 71 5
35 72 2
35 73 1
35 74 2
35 75 5
35 76 4
35 77 4
35 78 5
35 79 2
35 80 1
35 81 2
35 82 1
35 83 4
35 84 2
35 85 4
35 86 4
35 87 4
35 88 3
35 89 1
35 90 2
35 91 5
35 92 2
35 93 3
35 94 4
35 95 2
35 96 3
35 97 2
35 98 4
35 99 4
35 100 5
36 37 2
36 38 5
36 39 3
36 40 2
36 41 1
36 42 4
36 43 5
36 44 1
36 45 1
36 46 1
36 47 3
36 48 5
36 49 5
36 50 1
36 51 2
36 52 2
36 53 3
36 54 4
36 55 1
36 56 4
36 57 5
36 58 5
36 59 1
36 60 3
36 61 3
36 62 5
36 63 4
36 64 5
36 65 1
36 66 4
36 67 2
36 68 4
36 69 2
36 70 2
36 71 3
36 72 2
36 73 5
36 74 3
36 75 4
36 76 3
36 77 2
36 78 2
36 79 3
36 80 5
36 81 4
36 82 1
36 83 1
36 84 1
36 85 4
36 86 3
36 87 3
36 88 1
36 89 4
36 90 3
36 91 5
36 92 3
36 93 4
36 94 3
36 95 2
36 96 4
36 97 1
36 98 3
36 99 4
36 100 4
37 38 4
37 39 3
37 40 3
37 41 4
37 42 4
37 43 4
37 44 5
37 45 4
37 46 2
37 47 5
37 48 4
37 49 4
37 50 5
37 51 1
37 52 1
37 53 1
37 54 5
37 55 2
37 56 4
37 57 5
37 58 5
37 59 1
37 60 5
37 61 2
37 62 2
37 63 4
37 64 4
37 65 5
37 66 2
37 67 1
37 68 2
37 69 4
37 70 2
37 71 1
37 72 1
37 73 5
37 74 5
37 75 5
37 76 5
37 77 3
37 78 4
37 79 1
37 80 1
37 81 5
37 82 1
37 83 5
37 84 2
37 85 2
37 86 4
37 87 1
37 88 5
37 89 4
37 90 1
37 91 4
37 92 2
37 93 1
37 94 2
37 95 3
37 96 5
37 97 5
37 98 4
37 99 4
37 100 3
38 39 1
38 40 3
38 41 1
38 42 3
38 43 1
38 44 2
38 45 4
38 46 3
38 47 3
38 48 4
38 49 1
38 50 4
38 51 5
38 52 1
38 53 4
38 54 1
38 55 3
38 56 3
38 57 5
38 58 2
38 59 1
38 60 2
38 61 1
38 62 3
38 63 5
38 64 1
38 65 3
38 66 5
38 67 3
38 68 5
38 69 1
38 70 4
38 71 4
38 72 4
38 73 5
38 74 4
38 75 4
38 76 1
38 77 4
38 78 3
38 79 1
38 80 1
38 81 2
38 82 4
38 83 4
38 84 4
38 85 1
38 86 3
38 87 3
38 88 2
38 89 4
38 90 1
38 91 5
38 92 4
38 93 3
38 94 4
38 95 3
38 96 2
38 97 5
38 98 3
38 99 4
38 100 1
39 40 1
39 41 4
39 42 4
39 43 1
39 44 5
39 45 2
39 46 1
39 47 4
39 48 3
39 49 2
39 50 1
39 51 1
39 52 4
39 53 1
39 54 5
39 55 3
39 56 3
39 57 4
39 58 3
39 59 3
39 60 1
39 61 5
39 62 1
39 63 1
39 64 2
39 65 5
39 66 1
39 67 4
39 68 5
39 69 1
39 70 1
39 71 3
39 72 3
39 73 2
39 74 2
39 75 3
39 76 4
39 77 1
39 78 3
39 79 2
39 80 2
39 81 5
39 82 4
39 83 5
39 84 5
39 85 2
39 86 1
39 87 3
39 88 2
39 89 4
39 90 5
39 91 1
39 92 4
39 93 5
39 94 4
39 95 2
39 96 1
39 97 2
39 98 1
39 99 3
39 100 5
40 41 5
40 42 3
40 43 1
40 44 2
40 45 3
40 46 5
40 47 5
40 48 3
40 49 4
40 50 4
40 51 4
40 52 2
40 53 2
40 54 2
40 55 4
40 56 1
40 57 1
40 58 1
40 59 1
40 60 4
40 61 4
40 62 2
40 63 4
40 64 4
40 65 3
40 66 1
40 67 2
40 68 5
40 69 4
40 70 1
40 71 1
40 72 4
40 73 5
40 74 2
40 75 5
40 76 5
40 77 2
40 78 1
40 79 5
40 80 3
40 81 4
40 82 2
40 83 1
40 84 5
40 85 5
40 86 3
40 87 5
40 88 5
40 89 3
40 90 2
40 91 3
40 92 2
40 93 3
40 94 4
40 95 2
40 96 2
40 97 2
40 98 2
40 99 3
40 100 2
41 42 4
41 43 4
41 44 2
41 45 5
41 46 5
41 47 4
41 48 3
41 49 1
41 50 5
41 51 1
41 52 5
41 53 1
41 54 4
41 55 2
41 56 1
41 57 5
41 58 2
41 59 4
41 60 5
41 61 2
41 62 3
41 63 4
41 64 5
41 65 1
41 66 3
41 67 5
41 68 1
41 69 2
41 70 2
41 71 3
41 72 3
41 73 5
41 74 3
41 75 4
41 76 3
41 77 2
41 78 4
41 79 1
41 80 4
41 81 3
41 82 5
41 83 3
41 84 5
41 85 1
41 86 4
41 87 5
41 88 1
41 89 3
41 90 3
41 91 4
41 92 5
41 93 1
41 94 2
41 95 2
41 96 3
41 97 5
41 98 1
41 99 4
41 100 2
42 43 3
42 44 5
42 45 4
42 46 3
42 47 4
42 48 2
42 49 4
42 50 1
42 51 5
42 52 5
42 53 5
42 54 1
42 55 1
42 56 1
42 57 2
42 58 4
42 59 5
42 60 5
42 61 4
42 62 4
42 63 5
42 64 5
42 65 5
42 66 4
42 67 1
42 68 1
42 69 2
42 70 4
42 71 3
42 72 1
42 73 1
42 74 1
42 75 2
42 76 2
42 77 3
42 78 3
42 79 1
42 80 2
42 81 4
42 82 3
42 83 3
42 84 4
42 85 3
42 86 4
42 87 5
42 88 5
42 89 4
42 90 5
42 91 4
42 92 2
42 93 3
42 94 5
42 95 1
42 96 3
42 97 2
42 98 4
42 99 4
42 100 5
43 44 2
43 45 4
43 46 3
43 47 1
43 48 3
43 49 1
43 50 4
43 51 4
43 52 3
43 53 4
43 54 1
43 55 4
43 56 2
43 57 5
43 58 3
43 59 2
43 60 3
43 61 4
43 62 2
43 63 2
43 64 3
43 65 5
43 66 4
43 67 3
43 68 5
43 69 3
43 70 3
43 71 1
43 72 3
43 73 3
43 74 3
43 75 3
43 76 5
43 77 1
43 78 5
43 79 1
43 80 5
43 81 1
43 82 1
43 83 5
43 84 3
43 85 4
43 86 4
43 87 5
43 88 4
43 89 3
43 90 5
43 91 2
43 92 4
43 93 1
43 94 4
43 95 5
43 96 3
43 97 5
43 98 2
43 99 5
43 100 1
44 45 1
44 46 3
44 47 5
44 48 3
44 49 3
44 50 5
44 51 4
44 52 4
44 53 1
44 54 4
44 55 1
44 56 2
44 57 5
44 58 5
44 59 5
44 60 4
44 61 4
44 62 5
44 63 1
44 64 5
44 65 3
44 66 2
44 67 1
44 68 4
44 69 1
44 70 3
44 71 5
44 72 5
44 73 4
44 74 5
44 75 5
44 76 2
44 77 1
44 78 3
44 79 5
44 80 4
44 81 3
44 82 1
44 83 3
44 84 1
44 85 3
44 86 3
44 87 2
44 88 2
44 89 2
44 90 3
44 91 4
44 92 3
44 93 5
44 94 3
44 95 4
44 96 2
44 97 5
44 98 1
44 99 2
44 100 3
45 46 2
45 47 5
45 48 3
45 49 4
45 50 3
45 51 1
45 52 4
45 53 5
45 54 1
45 55 2
45 56 3
45 57 1
45 58 4
45 59 3
45 60 1
45 61 5
45 62 4
45 63 5
45 64 5
45 65 1
45 66 2
45 67 1
45 68 5
45 69 2
45 70 2
45 71 5
45 72 5
45 73 5
45 74 5
45 75 5
45 76 5
45 77 3
45 78 2
45 79 2
45 80 1
45 81 2
45 82 1
45 83 3
45 84 1
45 85 2
45 86 3
45 87 3
45 88 3
45 89 2
45 90 4
45 91 2
45 92 2
45 93 5
45 94 2
45 95 4
45 96 3
45 97 4
45 98 2
45 99 3
45 100 4
46 47 4
46 48 5
46 49 3
46 50 1
46 51 3
46 52 1
46 53 2
46 54 5
46 55 4
46 56 5
46 57 3
46 58 2
46 59 4
46 60 4
46 61 4
46 62 1
46 63 4
46 64 1
46 65 4
46 66 2
46 67 5
46 68 1
46 69 5
46 70 3
46 71 2
46 72 1
46 73 2
46 74 4
46 75 3
46 76 3
46 77 3
46 78 4
46 79 5
46 80 3
46 81 2
46 82 5
46 83 4
46 84 3
46 85 3
46 86 3
46 87 5
46 88 3
46 89 4
46 90 1
46 91 5
46 92 4
46 93 1
46 94 3
46 95 2
46 96 2
46 97 4
46 98 2
46 99 4
46 100 2
47 48 3
47 49 1
47 50 2
47 51 1
47 52 5
47 53 4
47 54 5
47 55 5
47 56 3
47 57 5
47 58 5
47 59 1
47 60 5
47 61 3
47 62 5
47 63 2
47 64 4
47 65 4
47 66 4
47 67 4
47 68 5
47 69 5
47 70 3
47 71 1
47 72 3
47 73 5
47 74 2
47 75 5
47 76 1
47 77 5
47 78 4
47 79 5
47 80 2
47 81 1
47 82 1
47 83 2
47 84 1
47 85 5
47 86 1
47 87 1
47 88 2
47 89 3
47 90 1
47 91 4
47 92 2
47 93 1
47 94 5
47 95 3
47 96 5
47 97 5
47 98 3
47 99 4
47 100 4
48 49 1
48 50 4
48 51 4
48 52 2
48 53 2
48 54 3
48 55 2
48 56 1
48 57 1
48 58 5
48 59 5
48 60 5
48 61 4
48 62 4
48 63 5
48 64 3
48 65 1
48 66 5
48 67 3
48 68 3
48 69 5
48 70 2
48 71 4
48 72 5
48 73 4
48 74 1
48 75 2
48 76 1
48 77 1
48 78 4
48 79 3
48 80 2
48 81 4
48 82 3
48 83 1
48 84 1
48 85 4
48 86 4
48 87 4
48 88 5
48 89 3
48 90 1
48 91 4
48 92 4
48 93 2
48 94 5
48 95 3
48 96 4
48 97 2
48 98 5
48 99 1
48 100 1
49 50 2
49 51 4
49 52 3
49 53 2
49 54 2
49 55 3
49 56 1
49 57 1
49 58 1
49 59 5
49 60 5
49 61 5
49 62 1
49 63 3
49 64 1
49 65 1
49 66 4
49 67 3
49 68 3
49 69 4
49 70 3
49 71 2
49 72 4
49 73 5
49 74 3
49 75 3
49 76 2
49 77 2
49 78 1
49 79 1
49 80 2
49 81 1
49 82 2
49 83 1
49 84 3
49 85 4
49 86 3
49 87 1
49 88 3
49 89 1
49 90 1
49 91 1
49 92 4
49 93 4
49 94 5
49 95 1
49 96 3
49 97 3
49 98 4
49 99 5
49 100 2
50 51 1
50 52 1
50 53 2
50 54 2
50 55 4
50 56 4
50 57 4
50 58 3
50 59 2
50 60 5
50 61 3
50 62 4
50 63 3
50 64 1
50 65 5
50 66 3
50 67 2
50 68 4
50 69 1
50 70 5
50 71 3
50 72 4
50 73 5
50 74 1
50 75 5
50 76 5
50 77 2
50 78 2
50 79 5
50 80 1
50 81 3
50 82 4
50 83 1
50 84 2
50 85 2
50 86 2
50 87 3
50 88 5
50 89 4
50 90 2
50 91 4
50 92 1
50 93 5
50 94 5
50 95 2
50 96 3
50 97 3
50 98 5
50 99 5
50 100 2
51 52 3
51 53 3
51 54 5
51 55 1
51 56 2
51 57 3
51 58 5
51 59 1
51 60 2
51 61 4
51 62 4
51 63 4
51 64 2
51 65 4
51 66 3
51 67 4
51 68 5
51 69 2
51 70 1
51 71 5
51 72 3
51 73 3
51 74 3
51 75 4
51 76 4
51 77 3
51 78 1
51 79 3
51 80 4
51 81 5
51 82 1
51 83 1
51 84 1
51 85 2
51 86 1
51 87 5
51 88 1
51 89 3
51 90 5
51 91 1
51 92 3
51 93 5
51 94 5
51 95 4
51 96 2
51 97 3
51 98 5
51 99 2
51 100 3
52 53 2
52 54 4
52 55 2
52 56 4
52 57 1
52 58 5
52 59 3
52 60 2
52 61 3
52 62 3
52 63 5
52 64 4
52 65 2
52 66 4
52 67 4
52 68 3
52 69 2
52 70 2
52 71 2
52 72 2
52 73 3
52 74 1
52 75 1
52 76 3
52 77 3
52 78 3
52 79 2
52 80 1
52 81 5
52 82 3
52 83 3
52 84 5
52 85 3
52 86 2
52 87 4
52 88 2
52 89 5
52 90 1
52 91 1
52 92 1
52 93 1
52 94 3
52 95 3
52 96 4
52 97 4
52 98 3
52 99 5
52 100 3
53 54 3
53 55 4
53 56 5
53 57 3
53 58 2
53 59 1
53 60 5
53 61 2
53 62 4
53 63 3
53 64 1
53 65 5
53 66 5
53 67 4
53 68 2
53 69 4
53 70 2
53 71 2
53 72 5
53 73 5
53 74 5
53 75 3
53 76 3
53 77 5
53 78 2
53 79 4
53 80 5
53 81 1
53 82 5
53 83 5
53 84 2
53 85 3
53 86 3
53 87 2
53 88 3
53 89 4
53 90 2
53 91 3
53 92 5
53 93 3
53 94 3
53 95 2
53 96 2
53 97 5
53 98 5
53 99 2
53 100 4
54 55 3
54 56 3
54 57 4
54 58 2
54 59 2
54 60 3
54 61 4
54 62 5
54 63 3
54 64 3
54 65 2
54 66 5
54 67 1
54 68 3
54 69 1
54 70 4
54 71 3
54 72 5
54 73 2
54 74 3
54 75 4
54 76 5
54 77 2
54 78 5
54 79 4
54 80 2
54 81 2
54 82 1
54 83 4
54 84 5
54 85 2
54 86 1
54 87 3
54 88 1
54 89 5
54 90 3
54 91 5
54 92 3
54 93 2
54 94 2
54 95 4
54 96 2
54 97 5
54 98 5
54 99 3
54 100 4
55 56 5
55 57 5
55 58 1
55 59 5
55 60 3
55 61 3
55 62 1
55 63 5
55 64 2
55 65 4
55 66 5
55 67 4
55 68 1
55 69 1
55 70 2
55 71 5
55 72 4
55 73 2
55 74 4
55 75 2
55 76 1
55 77 4
55 78 5
55 79 1
55 80 1
55 81 2
55 82 5
55 83 3
55 84 4
55 85 5
55 86 2
55 87 2
55 88 2
55 89 1
55 90 3
55 91 4
55 92 1
55 93 2
55 94 3
55 95 4
55 96 5
55 97 5
55 98 2
55 99 5
55 100 2
56 57 1
56 58 1
56 59 4
56 60 4
56 61 1
56 62 1
56 63 5
56 64 2
56 65 3
56 66 5
56 67 1
56 68 4
56 69 1
56 70 4
56 71 4
56 72 2
56 73 1
56 74 5
56 75 3
56 76 3
56 77 5
56 78 1
56 79 1
56 80 2
56 81 5
56 82 3
56 83 2
56 84 1
56 85 5
56 86 4
56 87 2
56 88 3
56 89 1
56 90 2
56 91 1
56 92 5
56 93 4
56 94 4
56 95 1
56 96 2
56 97 5
56 98 1
56 99 4
56 100 5
57 58 1
57 59 5
57 60 1
57 61 2
57 62 2
57 63 3
57 64 1
57 65 2
57 66 3
57 67 5
57 68 4
57 69 2
57 70 3
57 71 3
57 72 3
57 73 2
57 74 3
57 75 2
57 76 1
57 77 1
57 78 5
57 79 2
57 80 5
57 81 3
57 82 4
57 83 5
57 84 4
57 85 2
57 86 5
57 87 1
57 88 1
57 89 5
57 90 5
57 91 4
57 92 1
57 93 3
57 94 4
57 95 4
57 96 3
57 97 5
57 98 1
57 99 3
57 100 4
58 59 4
58 60 1
58 61 1
58 62 4
58 63 5
58 64 3
58 65 3
58 66 5
58 67 2
58 68 4
58 69 5
58 70 2
58 71 4
58 72 5
58 73 4
58 74 2
58 75 4
58 76 3
58 77 5
58 78 1
58 79 5
58 80 5
58 81 2
58 82 2
58 83 3
58 84 3
58 85 1
58 86 1
58 87 1
58 88 4
58 89 3
58 90 4
58 91 3
58 92 2
58 93 4
58 94 5
58 95 3
58 96 1
58 97 1
58 98 4
58 99 2
58 100 3
59 60 4
59 61 4
59 62 4
59 63 3
59 64 2
59 65 2
59 66 5
59 67 1
59 68 4
59 69 4
59 70 4
59 71 2
59 72 2
59 73 1
59 74 2
59 75 4
59 76 2
59 77 3
59 78 5
59 79 5
59 80 4
59 81 4
59 82 5
59 83 5
59 84 1
59 85 3
59 86 4
59 87 4
59 88 1
59 89 5
59 90 5
59 91 4
59 92 4
59 93 1
59 94 1
59 95 1
59 96 3
59 97 4
59 98 3
59 99 3
59 100 1
60 61 1
60 62 3
60 63 3
60 64 2
60 65 3
60 66 4
60 67 4
60 68 4
60 69 5
60 70 2
60 71 2
60 72 5
60 73 1
60 74 5
60 75 3
60 76 5
60 77 2
60 78 3
60 79 1
60 80 5
60 81 2
60 82 5
60 83 2
60 84 1
60 85 5
60 86 5
60 87 3
60 88 3
60 89 5
60 90 4
60 91 3
60 92 2
60 93 3
60 94 3
60 95 1
60 96 4
60 97 1
60 98 1
60 99 1
60 100 2
61 62 3
61 63 1
61 64 1
61 65 1
61 66 3
61 67 3
61 68 5
61 69 2
61 70 4
61 71 1
61 72 1
61 73 1
61 74 3
61 75 2
61 76 2
61 77 5
61 78 1
61 79 5
61 80 5
61 81 4
61 82 5
61 83 3
61 84 1
61 85 3
61 86 5
61 87 1
61 88 2
61 89 5
61 90 2
61 91 3
61 92 5
61 93 4
61 94 1
61 95 2
61 96 3
61 97 5
61 98 3
61 99 3
61 100 4
62 63 4
62 64 3
62 65 3
62 66 3
62 67 2
62 68 1
62 69 2
62 70 2
62 71 2
62 72 5
62 73 1
62 74 4
62 75 1
62 76 5
62 77 4
62 78 1
62 79 2
62 80 2
62 81 4
62 82 4
62 83 2
62 84 4
62 85 2
62 86 1
62 87 4
62 88 4
62 89 3
62 90 2
62 91 3
62 92 1
62 93 2
62 94 1
62 95 4
62 96 1
62 97 5
62 98 3
62 99 4
62 100 2
63 64 1
63 65 3
63 66 1
63 67 1
63 68 3
63 69 5
63 70 3
63 71 2
63 72 5
63 73 2
63 74 5
63 75 5
63 76 2
63 77 3
63 78 4
63 79 4
63 80 3
63 81 4
63 82 3
63 83 4
63 84 2
63 85 1
63 86 3
63 87 1
63 88 4
63 89 1
63 90 5
63 91 5
63 92 5
63 93 1
63 94 3
63 95 1
63 96 1
63 97 5
63 98 4
63 99 5
63 100 5
64 65 2
64 66 5
64 67 4
64 68 3
64 69 5
64 70 5
64 71 1
64 72 1
64 73 4
64 74 4
64 75 4
64 76 1
64 77 4
64 78 5
64 79 5
64 80 3
64 81 3
64 82 2
64 83 2
64 84 2
64 85 5
64 86 5
64 87 3
64 88 4
64 89 4
64 90 5
64 91 1
64 92 4
64 93 3
64 94 4
64 95 3
64 96 2
64 97 5
64 98 4
64 99 3
64 100 3
65 66 3
65 67 5
65 68 4
65 69 5
65 70 4
65 71 1
65 72 4
65 73 5
65 74 4
65 75 4
65 76 2
65 77 4
65 78 2
65 79 3
65 80 2
65 81 4
65 82 5
65 83 2
65 84 3
65 85 4
65 86 2
65 87 3
65 88 4
65 89 4
65 90 3
65 91 5
65 92 5
65 93 2
65 94 1
65 95 4
65 96 5
65 97 1
65 98 4
65 99 5
65 100 1
66 67 3
66 68 4
66 69 5
66 70 2
66 71 1
66 72 5
66 73 4
66 74 4
66 75 2
66 76 2
66 77 1
66 78 5
66 79 4
66 80 4
66 81 5
66 82 1
66 83 3
66 84 1
66 85 2
66 86 5
66 87 2
66 88 3
66 89 5
66 90 4
66 91 5
66 92 3
66 93 1
66 94 3
66 95 3
66 96 5
66 97 3
66 98 5
66 99 3
66 100 1
67 68 5
67 69 2
67 70 4
67 71 2
67 72 1
67 73 2
67 74 3
67 75 4
67 76 3
67 77 1
67 78 3
67 79 4
67 80 3
67 81 3
67 82 3
67 83 5
67 84 5
67 85 3
67 86 4
67 87 4
67 88 4
67 89 4
67 90 2
67 91 1
67 92 4
67 93 1
67 94 2
67 95 2
67 96 1
67 97 3
67 98 4
67 99 2
67 100 5
68 69 4
68 70 5
68 71 1
68 72 3
68 73 2
68 74 2
68 75 1
68 76 4
68 77 3
68 78 4
68 79 1
68 80 3
68 81 5
68 82 2
68 83 4
68 84 3
68 85 2
68 86 2
68 87 1
68 88 2
68 89 3
68 90 3
68 91 5
68 92 1
68 93 5
68 94 4
68 95 5
68 96 4
68 97 3
68 98 5
68 99 4
68 100 4
69 70 4
69 71 3
69 72 3
69 73 5
69 74 3
69 75 4
69 76 2
69 77 1
69 78 3
69 79 4
69 80 3
69 81 3
69 82 2
69 83 5
69 84 4
69 85 1
69 86 3
69 87 3
69 88 3
69 89 1
69 90 1
69 91 1
69 92 2
69 93 2
69 94 5
69 95 5
69 96 3
69 97 3
69 98 4
69 99 3
69 100 5
70 71 2
70 72 3
70 73 2
70 74 5
70 75 4
70 76 5
70 77 4
70 78 1
70 79 4
70 80 1
70 81 4
70 82 5
70 83 4
70 84 5
70 85 2
70 86 4
70 87 4
70 88 1
70 89 4
70 90 1
70 91 2
70 92 4
70 93 3
70 94 5
70 95 5
70 96 3
70 97 4
70 98 5
70 99 4
70 100 1
71 72 1
71 73 1
71 74 1
71 75 2
71 76 2
71 77 2
71 78 5
71 79 3
71 80 3
71 81 4
71 82 1
71 83 4
71 84 1
71 85 3
71 86 5
71 87 1
71 88 4
71 89 2
71 90 1
71 91 2
71 92 1
71 93 2
71 94 1
71 95 3
71 96 2
71 97 1
71 98 3
71 99 2
71 100 5
72 73 4
72 74 3
72 75 5
72 76 5
72 77 4
72 78 2
72 79 3
72 80 3
72 81 4
72 82 3
72 83 1
72 84 4
72 85 5
72 86 4
72 87 3
72 88 1
72 89 2
72 90 3
72 91 5
72 92 4
72 93 4
72 94 1
72 95 1
72 96 2
72 97 2
72 98 1
72 99 1
72 100 1
73 74 1
73 75 5
73 76 2
73 77 3
73 78 3
73 79 1
73 80 4
73 81 1
73 82 4
73 83 3
73 84 4
73 85 2
73 86 4
73 87 4
73 88 4
73 89 3
73 90 1
73 91 4
73 92 2
73 93 3
73 94 5
73 95 2
73 96 3
73 97 1
73 98 3
73 99 2
73 100 3
74 75 1
74 76 1
74 77 2
74 78 4
74 79 1
74 80 1
74 81 5
74 82 1
74 83 3
74 84 4
74 85 2
74 86 5
74 87 5
74 88 3
74 89 1
74 90 3
74 91 2
74 92 3
74 93 1
74 94 2
74 95 4
74 96 2
74 97 1
74 98 2
74 99 5
74 100 2
75 76 3
75 77 1
75 78 3
75 79 3
75 80 2
75 81 5
75 82 3
75 83 1
75 84 5
75 85 5
75 86 3
75 87 3
75 88 4
75 89 2
75 90 5
75 91 4
75 92 5
75 93 1
75 94 4
75 95 2
75 96 1
75 97 1
75 98 5
75 99 4
75 100 2
76 77 2
76 78 2
76 79 2
76 80 2
76 81 2
76 82 3
76 83 1
76 84 1
76 85 3
76 86 2
76 87 2
76 88 4
76 89 3
76 90 1
76 91 3
76 92 4
76 93 1
76 94 3
76 95 4
76 96 1
76 97 5
76 98 3
76 99 4
76 100 3
77 78 3
77 79 4
77 80 2
77 81 3
77 82 2
77 83 2
77 84 4
77 85 2
77 86 1
77 87 3
77 88 4
77 89 3
77 90 3
77 91 2
77 92 2
77 93 2
77 94 5
77 95 2
77 96 4
77 97 1
77 98 3
77 99 1
77 100 1
78 79 2
78 80 5
78 81 4
78 82 1
78 83 3
78 84 2
78 85 1
78 86 4
78 87 1
78 88 4
78 89 3
78 90 3
78 91 5
78 92 1
78 93 1
78 94 4
78 95 5
78 96 3
78 97 5
78 98 4
78 99 2
78 100 5
79 80 4
79 81 4
79 82 2
79 83 2
79 84 1
79 85 3
79 86 1
79 87 3
79 88 4
79 89 4
79 90 3
79 91 1
79 92 5
79 93 3
79 94 4
79 95 1
79 96 1
79 97 2
79 98 5
79 99 1
79 100 1
80 81 3
80 82 5
80 83 4
80 84 1
80 85 5
80 86 3
80 87 1
80 88 5
80 89 5
80 90 3
80 91 2
80 92 1
80 93 2
80 94 3
80 95 2
80 96 5
80 97 5
80 98 5
80 99 2
80 100 3
81 82 5
81 83 5
81 84 1
81 85 3
81 86 4
81 87 1
81 88 4
81 89 5
81 90 3
81 91 3
81 92 5
81 93 4
81 94 2
81 95 2
81 96 4
81 97 4
81 98 5
81 99 5
81 100 3
82 83 5
82 84 3
82 85 5
82 86 2
82 87 5
82 88 4
82 89 4
82 90 5
82 91 5
82 92 3
82 93 5
82 94 4
82 95 2
82 96 1
82 97 5
82 98 3
82 99 1
82 100 1
83 84 3
83 85 4
83 86 4
83 87 5
83 88 2
83 89 4
83 90 4
83 91 1
83 92 4
83 93 2
83 94 1
83 95 1
83 96 4
83 97 5
83 98 1
83 99 1
83 100 1
84 85 2
84 86 4
84 87 4
84 88 1
84 89 2
84 90 5
84 91 4
84 92 4
84 93 5
84 94 2
84 95 1
84 96 5
84 97 4
84 98 5
84 99 4
84 100 3
85 86 4
85 87 5
85 88 1
85 89 3
85 90 4
85 91 2
85 92 3
85 93 3
85 94 1
85 95 4
85 96 5
85 97 1
85 98 3
85 99 5
85 100 4
86 87 1
86 88 4
86 89 4
86 90 5
86 91 3
86 92 2
86 93 2
86 94 1
86 95 2
86 96 5
86 97 5
86 98 2
86 99 3
86 100 5
87 88 1
87 89 4
87 90 2
87 91 1
87 92 4
87 93 1
87 94 4
87 95 3
87 96 2
87 97 3
87 98 5
87 99 3
87 100 2
88 89 4
88 90 4
88 91 5
88 92 1
88 93 2
88 94 3
88 95 3
88 96 3
88 97 1
88 98 3
88 99 2
88 100 1
89 90 4
89 91 4
89 92 1
89 93 1
89 94 3
89 95 4
89 96 4
89 97 4
89 98 4
89 99 4
89 100 2
90 91 3
90 92 1
90 93 1
90 94 3
90 95 2
90 96 5
90 97 5
90 98 4
90 99 1
90 100 1
91 92 4
91 93 1
91 94 3
91 95 5
91 96 3
91 97 1
91 98 4
91 99 3
91 100 3
92 93 2
92 94 5
92 95 4
92 96 4
92 97 4
92 98 1
92 99 2
92 100 1
93 94 3
93 95 2
93 96 4
93 97 5
93 98 1
93 99 1
93 100 1
94 95 2
94 96 2
94 97 2
94 98 1
94 99 3
94 100 2
95 96 2
95 97 2
95 98 3
95 99 3
95 100 3
96 97 4
96 98 5
96 99 4
96 100 1
97 98 3
97 99 4
97 100 4
98 99 1
98 100 5
99 100 5
