100 4950
1 2 2
1 3 4
1 4 1
1 5 4
1 6 5
1 7 5
1 8 2
1 9 3
1 10 1
1 11 1
1 12 1
1 13 4
1 14 1
1 15 2
1 16 2
1 17 2
1 18 2
1 19 4
1 20 2
1 21 3
1 22 4
1 23 1
1 24 3
1 25 1
1 26 3
1 27 5
1 28 2
1 29 4
1 30 2
1 31 2
1 32 5
1 33 5
1 34 4
1 35 1
1 36 4
1 37 1
1 38 4
1 39 5
1 40 4
1 41 5
1 42 2
1 43 3
1 44 2
1 45 2
1 46 3
1 47 1
1 48 4
1 49 2
1 50 2
1 51 3
1 52 3
1 53 3
1 54 2
1 55 4
1 56 1
1 57 4
1 58 1
1 59 1
1 60 1
1 61 2
1 62 4
1 63 3
1 64 3
1 65 4
1 66 3
1 67 4
1 68 2
1 69 4
1 70 4
1 71 2
1 72 4
1 73 4
1 74 5
1 75 1
1 76 4
1 77 1
1 78 4
1 79 4
1 80 2
1 81 2
1 82 1
1 83 1
1 84 5
1 85 1
1 86 4
1 87 5
1 88 5
1 89 1
1 90 3
1 91 3
1 92 1
1 93 1
1 94 3
1 95 5
1 96 3
1 97 4
1 98 1
1 99 2
1 100 1
2 3 2
2 4 3
2 5 2
2 6 1
2 7 3
2 8 1
2 9 3
2 10 4
2 11 2
2 12 4
2 13 5
2 14 3
2 15 3
2 16 5
2 17 2
2 18 3
2 19 3
2 20 1
2 21 2
2 22 3
2 23 2
2 24 2
2 25 5
2 26 4
2 27 3
2 28 5
2 29 4
2 30 2
2 31 3
2 32 5
2 33 1
2 34 3
2 35 1
2 36 5
2 37 3
2 38 3
2 39 3
2 40 2
2 41 4
2 42 5
2 43 5
2 44 2
2 45 2
2 46 1
2 47 2
2 48 3
2 49 1
2 50 3
2 51 1
2 52 5
2 53 4
2 54 1
2 55 4
2 56 1
2 57 2
2 58 4
2 59 5
2 60 3
2 61 4
2 62 1
2 63 4
2 64 4
2 65 2
2 66 5
2 67 5
2 68 1
2 69 3
2 70 1
2 71 5
2 72 3
2 73 4
2 74 2
2 75 3
2 76 5
2 77 3
2 78 1
2 79 2
2 80 2
2 81 2
2 82 1
2 83 2
2 84 1
2 85 1
2 86 1
2 87 2
2 88 2
2 89 1
2 90 5
2 91 1
2 92 2
2 93 2
2 94 3
2 95 4
2 96 3
2 97 3
2 98 2
2 99 3
2 100 5
3 4 5
3 5 2
3 6 3
3 7 4
3 8 5
3 9 4
3 10 5
3 11 1
3 12 1
3 13 5
3 14 5
3 15 2
3 16 2
3 17 3
3 18 5
3 19 5
3 20 1
3 21 4
3 22 3
3 23 2
3 24 1
3 25 5
3 26 5
3 27 2
3 28 2
3 29 4
3 30 5
3 31 4
3 32 1
3 33 3
3 34 3
3 35 1
3 36 3
3 37 1
3 38 5
3 39 2
3 40 5
3 41 2
3 42 2
3 43 4
3 44 4
3 45 5
3 46 5
3 47 3
3 48 1
3 49 3
3 50 5
3 51 1
3 52 1
3 53 5
3 54 1
3 55 3
3 56 1
3 57 2
3 58 1
3 59 5
3 60 4
3 61 3
3 62 3
3 63 4
3 64 4
3 65 2
3 66 2
3 67 1
3 68 1
3 69 1
3 70 2
3 71 4
3 72 4
3 73 5
3 74 4
3 75 3
3 76 4
3 77 3
3 78 2
3 79 5
3 80 3
3 81 4
3 82 5
3 83 4
3 84 3
3 85 2
3 86 3
3 87 4
3 88 5
3 89 2
3 90 1
3 91 1
3 92 5
3 93 3
3 94 5
3 95 4
3 96 4
3 97 5
3 98 4
3 99 2
3 100 1
4 5 5
4 6 2
4 7 5
4 8 3
4 9 2
4 10 3
4 11 2
4 12 1
4 13 1
4 14 2
4 15 2
4 16 3
4 17 5
4 18 2
4 19 4
4 20 1
4 21 2
4 22 4
4 23 2
4 24 5
4 25 5
4 26 3
4 27 2
4 28 5
4 29 4
4 30 2
4 31 2
4 32 1
4 33 4
4 34 2
4 35 1
4 36 2
4 37 1
4 38 1
4 39 3
4 40 2
4 41 4
4 42 4
4 43 4
4 44 5
4 45 2
4 46 5
4 47 3
4 48 1
4 49 1
4 50 1
4 51 5
4 52 3
4 53 2
4 54 5
4 55 2
4 56 3
4 57 2
4 58 2
4 59 1
4 60 4
4 61 4
4 62 2
4 63 1
4 64 1
4 65 3
4 66 5
4 67 2
4 68 2
4 69 4
4 70 5
4 71 4
4 72 1
4 73 2
4 74 3
4 75 4
4 76 1
4 77 5
4 78 5
4 79 2
4 80 2
4 81 5
4 82 5
4 83 3
4 84 2
4 85 4
4 86 5
4 87 1
4 88 1
4 89 1
4 90 3
4 91 2
4 92 1
4 93 4
4 94 1
4 95 5
4 96 1
4 97 3
4 98 1
4 99 2
4 100 1
5 6 4
5 7 3
5 8 3
5 9 2
5 10 3
5 11 5
5 12 2
5 13 1
5 14 3
5 15 2
5 16 3
5 17 4
5 18 4
5 19 5
5 20 2
5 21 3
5 22 3
5 23 3
5 24 4
5 25 3
5 26 4
5 27 1
5 28 5
5 29 4
5 30 1
5 31 5
5 32 3
5 33 3
5 34 3
5 35 4
5 36 5
5 37 1
5 38 3
5 39 2
5 40 5
5 41 5
5 42 3
5 43 3
5 44 1
5 45 3
5 46 2
5 47 3
5 48 2
5 49 2
5 50 1
5 51 2
5 52 2
5 53 5
5 54 3
5 55 1
5 56 5
5 57 1
5 58 5
5 59 4
5 60 5
5 61 5
5 62 5
5 63 1
5 64 3
5 65 4
5 66 2
5 67 5
5 68 2
5 69 5
5 70 2
5 71 2
5 72 3
5 73 2
5 74 2
5 75 1
5 76 2
5 77 5
5 78 5
5 79 3
5 80 1
5 81 5
5 82 5
5 83 4
5 84 5
5 85 2
5 86 2
5 87 1
5 88 5
5 89 4
5 90 3
5 91 3
5 92 4
5 93 2
5 94 5
5 95 3
5 96 4
5 97 1
5 98 2
5 99 2
5 100 1
6 7 5
6 8 3
6 9 3
6 10 2
6 11 4
6 12 2
6 13 1
6 14 1
6 15 3
6 16 5
6 17 4
6 18 2
6 19 4
6 20 5
6 21 5
6 22 3
6 23 3
6 24 5
6 25 1
6 26 2
6 27 5
6 28 3
6 29 3
6 30 2
6 31 3
6 32 1
6 33 5
6 34 5
6 35 3
6 36 2
6 37 4
6 38 1
6 39 4
6 40 2
6 41 5
6 42 2
6 43 2
6 44 5
6 45 2
6 46 5
6 47 4
6 48 3
6 49 1
6 50 1
6 51 5
6 52 5
6 53 4
6 54 2
6 55 2
6 56 1
6 57 2
6 58 5
6 59 3
6 60 2
6 61 3
6 62 2
6 63 1
6 64 5
6 65 5
6 66 1
6 67 5
6 68 5
6 69 3
6 70 4
6 71 5
6 72 5
6 73 5
6 74 3
6 75 3
6 76 1
6 77 3
6 78 1
6 79 4
6 80 2
6 81 4
6 82 3
6 83 3
6 84 4
6 85 2
6 86 4
6 87 4
6 88 5
6 89 2
6 90 2
6 91 4
6 92 2
6 93 4
6 94 3
6 95 1
6 96 4
6 97 1
6 98 5
6 99 3
6 100 3
7 8 4
7 9 1
7 10 1
7 11 4
7 12 5
7 13 2
7 14 5
7 15 5
7 16 5
7 17 5
7 18 3
7 19 1
7 20 5
7 21 5
7 22 2
7 23 1
7 24 5
7 25 2
7 26 1
7 27 3
7 28 5
7 29 2
7 30 3
7 31 4
7 32 2
7 33 5
7 34 3
7 35 1
7 36 3
7 37 2
7 38 2
7 39 4
7 40 4
7 41 2
7 42 2
7 43 4
7 44 2
7 45 4
7 46 2
7 47 1
7 48 2
7 49 1
7 50 1
7 51 4
7 52 1
7 53 1
7 54 5
7 55 4
7 56 1
7 57 5
7 58 1
7 59 2
7 60 2
7 61 3
7 62 2
7 63 3
7 64 2
7 65 5
7 66 5
7 67 2
7 68 1
7 69 5
7 70 1
7 71 2
7 72 2
7 73 2
7 74 2
7 75 4
7 76 5
7 77 3
7 78 4
7 79 2
7 80 1
7 81 4
7 82 1
7 83 5
7 84 1
7 85 5
7 86 2
7 87 4
7 88 1
7 89 4
7 90 3
7 91 4
7 92 2
7 93 4
7 94 4
7 95 5
7 96 1
7 97 2
7 98 2
7 99 5
7 100 3
8 9 1
8 10 5
8 11 2
8 12 2
8 13 1
8 14 3
8 15 3
8 16 3
8 17 1
8 18 5
8 19 3
8 20 2
8 21 5
8 22 3
8 23 3
8 24 1
8 25 2
8 26 1
8 27 4
8 28 2
8 29 5
8 30 2
8 31 3
8 32 4
8 33 1
8 34 1
8 35 4
8 36 2
8 37 1
8 38 4
8 39 4
8 40 5
8 41 2
8 42 2
8 43 5
8 44 1
8 45 2
8 46 3
8 47 4
8 48 3
8 49 2
8 50 3
8 51 5
8 52 5
8 53 5
8 54 5
8 55 2
8 56 1
8 57 3
8 58 2
8 59 3
8 60 3
8 61 1
8 62 5
8 63 4
8 64 4
8 65 3
8 66 4
8 67 2
8 68 3
8 69 3
8 70 3
8 71 1
8 72 5
8 73 5
8 74 2
8 75 3
8 76 1
8 77 2
8 78 2
8 79 1
8 80 4
8 81 2
8 82 2
8 83 2
8 84 3
8 85 5
8 86 1
8 87 2
8 88 4
8 89 3
8 90 5
8 91 3
8 92 2
8 93 2
8 94 4
8 95 3
8 96 3
8 97 1
8 98 1
8 99 3
8 100 1
9 10 4
9 11 4
9 12 2
9 13 5
9 14 1
9 15 1
9 16 3
9 17 3
9 18 5
9 19 1
9 20 4
9 21 1
9 22 5
9 23 1
9 24 3
9 25 3
9 26 5
9 27 2
9 28 5
9 29 1
9 30 2
9 31 3
9 32 1
9 33 3
9 34 5
9 35 3
9 36 3
9 37 5
9 38 3
9 39 4
9 40 5
9 41 5
9 42 3
9 43 5
9 44 4
9 45 4
9 46 1
9 47 5
9 48 5
9 49 4
9 50 3
9 51 2
9 52 2
9 53 1
9 54 4
9 55 3
9 56 1
9 57 2
9 58 3
9 59 1
9 60 1
9 61 4
9 62 5
9 63 2
9 64 2
9 65 2
9 66 2
9 67 2
9 68 3
9 69 5
9 70 5
9 71 2
9 72 4
9 73 2
9 74 5
9 75 5
9 76 4
9 77 1
9 78 5
9 79 4
9 80 1
9 81 1
9 82 4
9 83 1
9 84 4
9 85 2
9 86 4
9 87 4
9 88 1
9 89 2
9 90 4
9 91 2
9 92 1
9 93 3
9 94 2
9 95 3
9 96 4
9 97 1
9 98 5
9 99 2
9 100 5
10 11 1
10 12 2
10 13 3
10 14 2
10 15 3
10 16 5
10 17 3
10 18 4
10 19 5
10 20 1
10 21 2
10 22 3
10 23 5
10 24 2
10 25 3
10 26 3
10 27 5
10 28 2
10 29 1
10 30 1
10 31 1
10 32 1
10 33 3
10 34 2
10 35 4
10 36 2
10 37 5
10 38 3
10 39 5
10 40 1
10 41 1
10 42 4
10 43 3
10 44 5
10 45 5
10 46 5
10 47 5
10 48 1
10 49 5
10 50 3
10 51 3
10 52 2
10 53 2
10 54 1
10 55 2
10 56 4
10 57 5
10 58 4
10 59 5
10 60 5
10 61 1
10 62 1
10 63 3
10 64 1
10 65 5
10 66 2
10 67 4
10 68 4
10 69 1
10 70 5
10 71 2
10 72 5
10 73 1
10 74 5
10 75 3
10 76 5
10 77 4
10 78 5
10 79 2
10 80 2
10 81 4
10 82 5
10 83 1
10 84 2
10 85 5
10 86 5
10 87 5
10 88 3
10 89 1
10 90 2
10 91 2
10 92 2
10 93 3
10 94 5
10 95 4
10 96 1
10 97 3
10 98 1
10 99 2
10 100 1
11 12 2
11 13 3
11 14 4
11 15 1
11 16 3
11 17 1
11 18 3
11 19 1
11 20 5
11 21 2
11 22 4
11 23 3
11 24 5
11 25 3
11 26 3
11 27 4
11 28 1
11 29 3
11 30 1
11 31 3
11 32 1
11 33 1
11 34 5
11 35 1
11 36 3
11 37 2
11 38 3
11 39 5
11 40 4
11 41 3
11 42 1
11 43 2
11 44 1
11 45 1
11 46 3
11 47 1
11 48 2
11 49 2
11 50 4
11 51 5
11 52 2
11 53 1
11 54 5
11 55 4
11 56 5
11 57 2
11 58 5
11 59 5
11 60 3
11 61 1
11 62 1
11 63 3
11 64 5
11 65 5
11 66 4
11 67 4
11 68 5
11 69 5
11 70 5
11 71 1
11 72 3
11 73 5
11 74 5
11 75 2
11 76 2
11 77 1
11 78 3
11 79 3
11 80 4
11 81 3
11 82 2
11 83 5
11 84 5
11 85 3
11 86 2
11 87 3
11 88 2
11 89 5
11 90 4
11 91 2
11 92 3
11 93 5
11 94 3
11 95 4
11 96 2
11 97 1
11 98 3
11 99 4
11 100 5
12 13 3
12 14 5
12 15 5
12 16 2
12 17 2
12 18 3
12 19 4
12 20 5
12 21 1
12 22 5
12 23 1
12 24 5
12 25 5
12 26 5
12 27 4
12 28 5
12 29 4
12 30 4
12 31 1
12 32 5
12 33 3
12 34 3
12 35 5
12 36 2
12 37 2
12 38 5
12 39 5
12 40 2
12 41 3
12 42 1
12 43 1
12 44 5
12 45 3
12 46 5
12 47 4
12 48 1
12 49 5
12 50 3
12 51 3
12 52 5
12 53 3
12 54 1
12 55 2
12 56 2
12 57 2
12 58 2
12 59 2
12 60 2
12 61 3
12 62 2
12 63 1
12 64 2
12 65 4
12 66 4
12 67 2
12 68 3
12 69 2
12 70 4
12 71 4
12 72 1
12 73 2
12 74 2
12 75 1
12 76 4
12 77 3
12 78 3
12 79 5
12 80 2
12 81 4
12 82 2
12 83 2
12 84 3
12 85 3
12 86 1
12 87 5
12 88 2
12 89 4
12 90 1
12 91 3
12 92 5
12 93 5
12 94 2
12 95 1
12 96 5
12 97 2
12 98 1
12 99 2
12 100 5
13 14 2
13 15 4
13 16 2
13 17 1
13 18 5
13 19 2
13 20 3
13 21 2
13 22 4
13 23 5
13 24 2
13 25 2
13 26 4
13 27 4
13 28 1
13 29 2
13 30 5
13 31 4
13 32 3
13 33 5
13 34 4
13 35 1
13 36 2
13 37 4
13 38 3
13 39 4
13 40 4
13 41 1
13 42 3
13 43 3
13 44 4
13 45 3
13 46 3
13 47 1
13 48 2
13 49 2
13 50 4
13 51 4
13 52 5
13 53 3
13 54 2
13 55 1
13 56 1
13 57 1
13 58 5
13 59 2
13 60 2
13 61 1
13 62 3
13 63 4
13 64 3
13 65 5
13 66 2
13 67 2
13 68 3
13 69 2
13 70 1
13 71 5
13 72 2
13 73 1
13 74 4
13 75 5
13 76 5
13 77 4
13 78 1
13 79 5
13 80 2
13 81 5
13 82 3
13 83 2
13 84 2
13 85 1
13 86 1
13 87 1
13 88 3
13 89 1
13 90 1
13 91 4
13 92 5
13 93 1
13 94 5
13 95 5
13 96 3
13 97 4
13 98 3
13 99 5
13 100 2
14 15 1
14 16 1
14 17 2
14 18 5
14 19 1
14 20 5
14 21 3
14 22 5
14 23 1
14 24 1
14 25 3
14 26 5
14 27 1
14 28 1
14 29 2
14 30 4
14 31 2
14 32 2
14 33 2
14 34 3
14 35 1
14 36 1
14 37 4
14 38 1
14 39 1
14 40 5
14 41 5
14 42 3
14 43 2
14 44 2
14 45 2
14 46 3
14 47 5
14 48 5
14 49 3
14 50 5
14 51 1
14 52 5
14 53 3
14 54 1
14 55 5
14 56 2
14 57 2
14 58 1
14 59 2
14 60 5
14 61 5
14 62 4
14 63 4
14 64 5
14 65 5
14 66 1
14 67 3
14 68 3
14 69 2
14 70 4
14 71 4
14 72 1
14 73 2
14 74 3
14 75 1
14 76 5
14 77 4
14 78 1
14 79 1
14 80 3
14 81 2
14 82 1
14 83 1
14 84 2
14 85 5
14 86 3
14 87 1
14 88 2
14 89 4
14 90 1
14 91 3
14 92 3
14 93 3
14 94 1
14 95 5
14 96 3
14 97 3
14 98 4
14 99 3
14 100 2
15 16 3
15 17 5
15 18 4
15 19 4
15 20 1
15 21 5
15 22 4
15 23 3
15 24 3
15 25 5
15 26 4
15 27 3
15 28 4
15 29 3
15 30 2
15 31 5
15 32 3
15 33 1
15 34 1
15 35 2
15 36 4
15 37 5
15 38 3
15 39 2
15 40 5
15 41 3
15 42 5
15 43 1
15 44 1
15 45 5
15 46 2
15 47 5
15 48 2
15 49 3
15 50 2
15 51 1
15 52 3
15 53 5
15 54 2
15 55 5
15 56 5
15 57 2
15 58 2
15 59 4
15 60 2
15 61 4
15 62 5
15 63 2
15 64 5
15 65 4
15 66 4
15 67 5
15 68 3
15 69 4
15 70 2
15 71 5
15 72 4
15 73 5
15 74 3
15 75 5
15 76 3
15 77 2
15 78 3
15 79 1
15 80 1
15 81 2
15 82 4
15 83 2
15 84 4
15 85 3
15 86 3
15 87 2
15 88 2
15 89 3
15 90 1
15 91 2
15 92 2
15 93 3
15 94 2
15 95 5
15 96 4
15 97 3
15 98 3
15 99 5
15 100 5
16 17 2
16 18 1
16 19 2
16 20 5
16 21 3
16 22 2
16 23 2
16 24 3
16 25 1
16 26 2
16 27 1
16 28 2
16 29 3
16 30 2
16 31 2
16 32 4
16 33 1
16 34 2
16 35 4
16 36 2
16 37 1
16 38 4
16 39 3
16 40 2
16 41 2
16 42 2
16 43 2
16 44 5
16 45 2
16 46 4
16 47 1
16 48 2
16 49 4
16 50 2
16 51 5
16 52 2
16 53 3
16 54 1
16 55 1
16 56 5
16 57 1
16 58 2
16 59 4
16 60 1
16 61 1
16 62 5
16 63 1
16 64 1
16 65 2
16 66 2
16 67 4
16 68 1
16 69 1
16 70 2
16 71 5
16 72 5
16 73 5
16 74 1
16 75 4
16 76 3
16 77 5
16 78 3
16 79 5
16 80 4
16 81 1
16 82 1
16 83 3
16 84 5
16 85 1
16 86 4
16 87 2
16 88 3
16 89 2
16 90 3
16 91 5
16 92 1
16 93 3
16 94 5
16 95 3
16 96 2
16 97 1
16 98 4
16 99 3
16 100 4
17 18 3
17 19 1
17 20 4
17 21 1
17 22 1
17 23 1
17 24 1
17 25 2
17 26 2
17 27 3
17 28 3
17 29 1
17 30 3
17 31 1
17 32 3
17 33 2
17 34 1
17 35 5
17 36 4
17 37 5
17 38 2
17 39 2
17 40 4
17 41 1
17 42 2
17 43 5
17 44 5
17 45 1
17 46 4
17 47 2
17 48 4
17 49 1
17 50 2
17 51 4
17 52 3
17 53 5
17 54 3
17 55 1
17 56 3
17 57 4
17 58 1
17 59 5
17 60 3
17 61 4
17 62 5
17 63 5
17 64 2
17 65 1
17 66 3
17 67 1
17 68 3
17 69 2
17 70 4
17 71 4
17 72 5
17 73 2
17 74 2
17 75 4
17 76 3
17 77 1
17 78 2
17 79 3
17 80 4
17 81 1
17 82 5
17 83 2
17 84 5
17 85 3
17 86 4
17 87 5
17 88 3
17 89 4
17 90 5
17 91 5
17 92 3
17 93 2
17 94 2
17 95 4
17 96 1
17 97 1
17 98 2
17 99 4
17 100 3
18 19 5
18 20 1
18 21 1
18 22 4
18 23 1
18 24 4
18 25 3
18 26 3
18 27 4
18 28 2
18 29 1
18 30 2
18 31 3
18 32 5
18 33 2
18 34 4
18 35 3
18 36 5
18 37 2
18 38 5
18 39 5
18 40 1
18 41 5
18 42 1
18 43 1
18 44 3
18 45 2
18 46 4
18 47 3
18 48 1
18 49 3
18 50 3
18 51 1
18 52 4
18 53 5
18 54 5
18 55 1
18 56 2
18 57 5
18 58 5
18 59 3
18 60 3
18 61 3
18 62 4
18 63 3
18 64 5
18 65 3
18 66 5
18 67 1
18 68 3
18 69 4
18 70 2
18 71 4
18 72 3
18 73 3
18 74 4
18 75 1
18 76 3
18 77 1
18 78 2
18 79 5
18 80 1
18 81 5
18 82 4
18 83 2
18 84 5
18 85 1
18 86 1
18 87 5
18 88 1
18 89 3
18 90 4
18 91 4
18 92 1
18 93 1
18 94 5
18 95 3
18 96 3
18 97 1
18 98 5
18 99 3
18 100 1
19 20 3
19 21 1
19 22 1
19 23 2
19 24 2
19 25 1
19 26 3
19 27 1
19 28 2
19 29 1
19 30 5
19 31 1
19 32 5
19 33 5
19 34 4
19 35 1
19 36 2
19 37 4
19 38 1
19 39 1
19 40 2
19 41 5
19 42 3
19 43 4
19 44 5
19 45 4
19 46 4
19 47 1
19 48 2
19 49 3
19 50 1
19 51 4
19 52 1
19 53 1
19 54 4
19 55 4
19 56 3
19 57 4
19 58 3
19 59 4
19 60 3
19 61 4
19 62 4
19 63 1
19 64 3
19 65 1
19 66 5
19 67 5
19 68 3
19 69 2
19 70 3
19 71 4
19 72 2
19 73 1
19 74 2
19 75 1
19 76 4
19 77 3
19 78 4
19 79 5
19 80 4
19 81 4
19 82 1
19 83 3
19 84 3
19 85 4
19 86 5
19 87 4
19 88 4
19 89 4
19 90 3
19 91 3
19 92 5
19 93 2
19 94 2
19 95 2
19 96 1
19 97 2
19 98 1
19 99 4
19 100 1
20 21 3
20 22 3
20 23 1
20 24 5
20 25 1
20 26 5
20 27 3
20 28 5
20 29 5
20 30 2
20 31 5
20 32 2
20 33 5
20 34 1
20 35 2
20 36 5
20 37 5
20 38 3
20 39 3
20 40 2
20 41 5
20 42 4
20 43 4
20 44 5
20 45 4
20 46 3
20 47 4
20 48 2
20 49 3
20 50 3
20 51 3
20 52 5
20 53 5
20 54 3
20 55 4
20 56 2
20 57 2
20 58 4
20 59 4
20 60 2
20 61 2
20 62 5
20 63 4
20 64 2
20 65 4
20 66 3
20 67 2
20 68 2
20 69 2
20 70 3
20 71 4
20 72 1
20 73 3
20 74 4
20 75 3
20 76 1
20 77 5
20 78 2
20 79 4
20 80 1
20 81 1
20 82 5
20 83 5
20 84 2
20 85 4
20 86 3
20 87 2
20 88 3
20 89 4
20 90 5
20 91 5
20 92 4
20 93 1
20 94 1
20 95 3
20 96 5
20 97 5
20 98 2
20 99 1
20 100 5
21 22 5
21 23 5
21 24 3
21 25 4
21 26 3
21 27 4
21 28 4
21 29 1
21 30 5
21 31 1
21 32 5
21 33 5
21 34 5
21 35 2
21 36 5
21 37 3
21 38 2
21 39 2
21 40 3
21 41 4
21 42 2
21 43 1
21 44 3
21 45 5
21 46 4
21 47 1
21 48 2
21 49 5
21 50 1
21 51 5
21 52 2
21 53 2
21 54 3
21 55 4
21 56 2
21 57 3
21 58 5
21 59 1
21 60 5
21 61 2
21 62 3
21 63 3
21 64 1
21 65 2
21 66 4
21 67 2
21 68 2
21 69 4
21 70 2
21 71 2
21 72 2
21 73 3
21 74 4
21 75 4
21 76 4
21 77 4
21 78 1
21 79 3
21 80 3
21 81 5
21 82 1
21 83 3
21 84 2
21 85 5
21 86 1
21 87 3
21 88 2
21 89 3
21 90 5
21 91 2
21 92 4
21 93 4
21 94 1
21 95 5
21 96 5
21 97 5
21 98 5
21 99 3
21 100 3
22 23 2
22 24 1
22 25 5
22 26 2
22 27 4
22 28 3
22 29 1
22 30 5
22 31 4
22 32 4
22 33 2
22 34 3
22 35 1
22 36 4
22 37 1
22 38 2
22 39 3
22 40 3
22 41 2
22 42 4
22 43 3
22 44 1
22 45 3
22 46 4
22 47 1
22 48 1
22 49 4
22 50 4
22 51 1
22 52 1
22 53 3
22 54 5
22 55 1
22 56 5
22 57 4
22 58 1
22 59 1
22 60 5
22 61 4
22 62 1
22 63 3
22 64 1
22 65 5
22 66 3
22 67 4
22 68 3
22 69 4
22 70 3
22 71 5
22 72 3
22 73 1
22 74 5
22 75 5
22 76 2
22 77 5
22 78 4
22 79 5
22 80 1
22 81 3
22 82 3
22 83 4
22 84 5
22 85 4
22 86 4
22 87 5
22 88 5
22 89 3
22 90 3
22 91 4
22 92 3
22 93 1
22 94 2
22 95 5
22 96 5
22 97 2
22 98 2
22 99 2
22 100 5
23 24 5
23 25 5
23 26 5
23 27 5
23 28 5
23 29 2
23 30 5
23 31 1
23 32 3
23 33 2
23 34 2
23 35 5
23 36 1
23 37 3
23 38 4
23 39 1
23 40 5
23 41 5
23 42 1
23 43 4
23 44 5
23 45 2
23 46 4
23 47 4
23 48 4
23 49 1
23 50 1
23 51 2
23 52 2
23 53 3
23 54 5
23 55 5
23 56 4
23 57 3
23 58 3
23 59 5
23 60 5
23 61 3
23 62 5
23 63 3
23 64 5
23 65 1
23 66 5
23 67 5
23 68 2
23 69 4
23 70 5
23 71 2
23 72 1
23 73 2
23 74 5
23 75 5
23 76 5
23 77 4
23 78 5
23 79 3
23 80 1
23 81 4
23 82 3
23 83 3
23 84 3
23 85 3
23 86 1
23 87 2
23 88 4
23 89 3
23 90 5
23 91 3
23 92 1
23 93 5
23 94 4
23 95 1
23 96 3
23 97 5
23 98 5
23 99 5
23 100 5
24 25 2
24 26 1
24 27 1
24 28 3
24 29 3
24 30 3
24 31 4
24 32 5
24 33 3
24 34 2
24 35 1
24 36 2
24 37 3
24 38 5
24 39 2
24 40 5
24 41 2
24 42 5
24 43 2
24 44 2
24 45 1
24 46 2
24 47 4
24 48 5
24 49 1
24 50 1
24 51 4
24 52 5
24 53 2
24 54 3
24 55 4
24 56 4
24 57 3
24 58 1
24 59 5
24 60 1
24 61 5
24 62 4
24 63 2
24 64 1
24 65 3
24 66 1
24 67 3
24 68 1
24 69 2
24 70 5
24 71 2
24 72 2
24 73 5
24 74 2
24 75 3
24 76 4
24 77 3
24 78 5
24 79 5
24 80 2
24 81 4
24 82 3
24 83 5
24 84 5
24 85 4
24 86 1
24 87 2
24 88 2
24 89 4
24 90 5
24 91 1
24 92 2
24 93 3
24 94 4
24 95 3
24 96 5
24 97 1
24 98 1
24 99 3
24 100 3
25 26 5
25 27 2
25 28 1
25 29 5
25 30 5
25 31 1
25 32 1
25 33 1
25 34 4
25 35 4
25 36 3
25 37 5
25 38 5
25 39 1
25 40 1
25 41 4
25 42 2
25 43 4
25 44 3
25 45 2
25 46 3
25 47 1
25 48 4
25 49 4
25 50 4
25 51 1
25 52 5
25 53 5
25 54 1
25 55 5
25 56 1
25 57 2
25 58 1
25 59 5
25 60 5
25 61 3
25 62 4
25 63 1
25 64 5
25 65 1
25 66 2
25 67 2
25 68 4
25 69 4
25 70 1
25 71 2
25 72 3
25 73 1
25 74 5
25 75 5
25 76 5
25 77 5
25 78 4
25 79 3
25 80 5
25 81 5
25 82 3
25 83 3
25 84 2
25 85 3
25 86 5
25 87 2
25 88 3
25 89 1
25 90 1
25 91 5
25 92 1
25 93 2
25 94 1
25 95 4
25 96 3
25 97 2
25 98 3
25 99 1
25 100 3
26 27 4
26 28 2
26 29 5
26 30 4
26 31 2
26 32 4
26 33 2
26 34 3
26 35 3
26 36 4
26 37 4
26 38 4
26 39 2
26 40 4
26 41 2
26 42 4
26 43 3
26 44 1
26 45 5
26 46 3
26 47 1
26 48 1
26 49 1
26 50 2
26 51 5
26 52 3
26 53 5
26 54 5
26 55 4
26 56 5
26 57 3
26 58 4
26 59 4
26 60 1
26 61 4
26 62 5
26 63 3
26 64 1
26 65 2
26 66 5
26 67 2
26 68 4
26 69 2
26 70 2
26 71 3
26 72 5
26 73 2
26 74 3
26 75 5
26 76 2
26 77 2
26 78 5
26 79 4
26 80 5
26 81 2
26 82 5
26 83 4
26 84 1
26 85 3
26 86 3
26 87 1
26 88 1
26 89 4
26 90 1
26 91 1
26 92 1
26 93 5
26 94 2
26 95 2
26 96 2
26 97 3
26 98 1
26 99 4
26 100 4
27 28 3
27 29 4
27 30 1
27 31 5
27 32 5
27 33 5
27 34 2
27 35 4
27 36 1
27 37 5
27 38 3
27 39 5
27 40 2
27 41 5
27 42 3
27 43 5
27 44 4
27 45 2
27 46 4
27 47 3
27 48 5
27 49 1
27 50 3
27 51 1
27 52 1
27 53 1
27 54 2
27 55 3
27 56 1
27 57 4
27 58 4
27 59 2
27 60 4
27 61 2
27 62 1
27 63 1
27 64 3
27 65 1
27 66 5
27 67 1
27 68 4
27 69 5
27 70 4
27 71 5
27 72 2
27 73 4
27 74 3
27 75 5
27 76 1
27 77 2
27 78 1
27 79 4
27 80 4
27 81 3
27 82 5
27 83 5
27 84 2
27 85 3
27 86 2
27 87 4
27 88 5
27 89 4
27 90 5
27 91 4
27 92 5
27 93 5
27 94 4
27 95 4
27 96 2
27 97 2
27 98 5
27 99 1
27 100 3
28 29 5
28 30 2
28 31 3
28 32 5
28 33 4
28 34 4
28 35 5
28 36 2
28 37 2
28 38 5
28 39 4
28 40 2
28 41 1
28 42 2
28 43 1
28 44 2
28 45 2
28 46 5
28 47 3
28 48 1
28 49 2
28 50 3
28 51 1
28 52 5
28 53 1
28 54 4
28 55 1
28 56 4
28 57 4
28 58 4
28 59 3
28 60 3
28 61 1
28 62 5
28 63 5
28 64 1
28 65 5
28 66 1
28 67 4
28 68 3
28 69 4
28 70 1
28 71 3
28 72 1
28 73 5
28 74 5
28 75 3
28 76 1
28 77 5
28 78 4
28 79 4
28 80 3
28 81 1
28 82 5
28 83 2
28 84 2
28 85 1
28 86 2
28 87 1
28 88 2
28 89 5
28 90 2
28 91 1
28 92 1
28 93 4
28 94 3
28 95 5
28 96 3
28 97 2
28 98 1
28 99 4
28 100 4
29 30 1
29 31 2
29 32 5
29 33 1
29 34 4
29 35 1
29 36 1
29 37 3
29 38 3
29 39 4
29 40 4
29 41 1
29 42 2
29 43 4
29 44 3
29 45 3
29 46 5
29 47 2
29 48 3
29 49 5
29 50 2
29 51 2
29 52 1
29 53 2
29 54 3
29 55 4
29 56 5
29 57 1
29 58 4
29 59 3
29 60 4
29 61 1
29 62 3
29 63 1
29 64 3
29 65 4
29 66 2
29 67 1
29 68 3
29 69 4
29 70 4
29 71 4
29 72 3
29 73 4
29 74 2
29 75 4
29 76 1
29 77 2
29 78 3
29 79 5
29 80 4
29 81 2
29 82 4
29 83 2
29 84 5
29 85 4
29 86 1
29 87 3
29 88 4
29 89 4
29 90 2
29 91 2
29 92 1
29 93 5
29 94 2
29 95 1
29 96 1
29 97 2
29 98 4
29 99 5
29 100 5
30 31 2
30 32 5
30 33 2
30 34 2
30 35 4
30 36 4
30 37 3
30 38 2
30 39 4
30 40 1
30 41 3
30 42 5
30 43 4
30 44 2
30 45 1
30 46 3
30 47 1
30 48 3
30 49 1
30 50 2
30 51 1
30 52 5
30 53 4
30 54 1
30 55 2
30 56 5
30 57 3
30 58 3
30 59 1
30 60 1
30 61 4
30 62 1
30 63 4
30 64 1
30 65 1
30 66 1
30 67 2
30 68 5
30 69 3
30 70 1
30 71 2
30 72 1
30 73 4
30 74 4
30 75 5
30 76 4
30 77 5
30 78 1
30 79 2
30 80 3
30 81 5
30 82 2
30 83 4
30 84 2
30 85 2
30 86 4
30 87 5
30 88 2
30 89 1
30 90 5
30 91 2
30 92 1
30 93 1
30 94 5
30 95 2
30 96 1
30 97 5
30 98 2
30 99 4
30 100 4
31 32 1
31 33 4
31 34 4
31 35 3
31 36 5
31 37 4
31 38 5
31 39 2
31 40 5
31 41 3
31 42 1
31 43 1
31 44 4
31 45 1
31 46 3
31 47 2
31 48 5
31 49 2
31 50 4
31 51 5
31 52 1
31 53 2
31 54 4
31 55 2
31 56 4
31 57 3
31 58 4
31 59 5
31 60 5
31 61 3
31 62 2
31 63 3
31 64 5
31 65 4
31 66 5
31 67 4
31 68 1
31 69 5
31 70 1
31 71 4
31 72 4
31 73 4
31 74 2
31 75 2
31 76 4
31 77 4
31 78 4
31 79 2
31 80 4
31 81 2
31 82 5
31 83 5
31 84 1
31 85 4
31 86 3
31 87 5
31 88 1
31 89 4
31 90 4
31 91 3
31 92 5
31 93 4
31 94 2
31 95 1
31 96 2
31 97 3
31 98 1
31 99 1
31 100 1
32 33 4
32 34 3
32 35 1
32 36 2
32 37 1
32 38 4
32 39 4
32 40 1
32 41 5
32 42 1
32 43 1
32 44 3
32 45 2
32 46 1
32 47 3
32 48 5
32 49 4
32 50 4
32 51 2
32 52 3
32 53 4
32 54 2
32 55 5
32 56 1
32 57 1
32 58 1
32 59 3
32 60 3
32 61 4
32 62 3
32 63 2
32 64 4
32 65 5
32 66 5
32 67 3
32 68 3
32 69 3
32 70 2
32 71 5
32 72 2
32 73 5
32 74 5
32 75 2
32 76 3
32 77 1
32 78 3
32 79 3
32 80 4
32 81 1
32 82 2
32 83 3
32 84 4
32 85 1
32 86 4
32 87 5
32 88 2
32 89 5
32 90 3
32 91 1
32 92 2
32 93 3
32 94 5
32 95 3
32 96 4
32 97 5
32 98 2
32 99 2
32 100 2
33 34 2
33 35 5
33 36 5
33 37 3
33 38 3
33 39 1
33 40 2
33 41 2
33 42 4
33 43 3
33 44 1
33 45 5
33 46 2
33 47 4
33 48 1
33 49 2
33 50 5
33 51 3
33 52 4
33 53 3
33 54 2
33 55 5
33 56 1
33 57 3
33 58 1
33 59 5
33 60 5
33 61 3
33 62 5
33 63 5
33 64 5
33 65 3
33 66 3
33 67 3
33 68 1
33 69 3
33 70 3
33 71 3
33 72 2
33 73 2
33 74 4
33 75 3
33 76 4
33 77 4
33 78 3
33 79 3
33 80 1
33 81 1
33 82 1
33 83 3
33 84 5
33 85 5
33 86 2
33 87 1
33 88 3
33 89 1
33 90 1
33 91 4
33 92 5
33 93 2
33 94 2
33 95 2
33 96 1
33 97 3
33 98 3
33 99 1
33 100 4
34 35 1
34 36 1
34 37 3
34 38 3
34 39 1
34 40 2
34 41 1
34 42 3
34 43 5
34 44 2
34 45 5
34 46 3
34 47 2
34 48 2
34 49 3
34 50 1
34 51 3
34 52 3
34 53 2
34 54 1
34 55 1
34 56 4
34 57 4
34 58 5
34 59 2
34 60 2
34 61 1
34 62 2
34 63 5
34 64 4
34 65 4
34 66 4
34 67 3
34 68 1
34 69 4
34 70 3
34 71 1
34 72 3
34 73 5
34 74 5
34 75 4
34 76 4
34 77 4
34 78 5
34 79 1
34 80 1
34 81 1
34 82 1
34 83 1
34 84 3
34 85 5
34 86 2
34 87 3
34 88 3
34 89 1
34 90 2
34 91 1
34 92 1
34 93 2
34 94 4
34 95 1
34 96 2
34 97 5
34 98 1
34 99 2
34 100 5
35 36 1
35 37 1
35 38 3
35 39 3
35 40 4
35 41 1
35 42 2
35 43 2
35 44 4
35 45 3
35 46 2
35 47 2
35 48 3
35 49 2
35 50 2
35 51 3
35 52 3
35 53 5
35 54 2
35 55 5
35 56 4
35 57 1
35 58 4
35 59 3
35 60 1
35 61 3
35 62 4
35 63 2
35 64 3
35 65 4
35 66 1
35 67 1
35 68 2
35 69 5
35 70 2
35 71 5
35 72 3
35 73 1
35 74 5
35 75 2
35 76 5
35 77 5
35 78 1
35 79 5
35 80 5
35 81 4
35 82 1
35 83 2
35 84 2
35 85 2
35 86 1
35 87 5
35 88 5
35 89 2
35 90 5
35 91 4
35 92 4
35 93 5
35 94 2
35 95 5
35 96 4
35 97 5
35 98 1
35 99 1
35 100 1
36 37 2
36 38 4
36 39 2
36 40 1
36 41 5
36 42 2
36 43 4
36 44 4
36 45 2
36 46 2
36 47 3
36 48 2
36 49 5
36 50 1
36 51 1
36 52 4
36 53 1
36 54 1
36 55 4
36 56 3
36 57 4
36 58 3
36 59 4
36 60 4
36 61 1
36 62 3
36 63 5
36 64 5
36 65 4
36 66 5
36 67 3
36 68 2
36 69 2
36 70 4
36 71 1
36 72 4
36 73 4
36 74 4
36 75 3
36 76 1
36 77 4
36 78 3
36 79 2
36 80 4
36 81 4
36 82 2
36 83 1
36 84 3
36 85 2
36 86 5
36 87 2
36 88 4
36 89 4
36 90 1
36 91 5
36 92 5
36 93 2
36 94 2
36 95 3
36 96 2
36 97 1
36 98 5
36 99 4
36 100 2
37 38 1
37 39 2
37 40 3
37 41 2
37 42 5
37 43 3
37 44 5
37 45 2
37 46 5
37 47 3
37 48 2
37 49 4
37 50 4
37 51 4
37 52 4
37 53 4
37 54 2
37 55 2
37 56 2
37 57 2
37 58 3
37 59 1
37 60 2
37 61 2
37 62 2
37 63 5
37 64 4
37 65 1
37 66 3
37 67 1
37 68 5
37 69 5
37 70 4
37 71 1
37 72 4
37 73 5
37 74 5
37 75 2
37 76 5
37 77 2
37 78 4
37 79 4
37 80 4
37 81 5
37 82 5
37 83 3
37 84 3
37 85 3
37 86 3
37 87 5
37 88 5
37 89 2
37 90 1
37 91 3
37 92 2
37 93 1
37 94 5
37 95 1
37 96 4
37 97 4
37 98 1
37 99 2
37 100 5
38 39 3
38 40 4
38 41 1
38 42 3
38 43 2
38 44 3
38 45 5
38 46 5
38 47 2
38 48 2
38 49 3
38 50 4
38 51 4
38 52 1
38 53 4
38 54 3
38 55 1
38 56 4
38 57 4
38 58 2
38 59 5
38 60 3
38 61 4
38 62 5
38 63 3
38 64 3
38 65 5
38 66 3
38 67 1
38 68 1
38 69 2
38 70 3
38 71 2
38 72 5
38 73 2
38 74 2
38 75 3
38 76 4
38 77 4
38 78 2
38 79 5
38 80 1
38 81 4
38 82 2
38 83 2
38 84 5
38 85 5
38 86 4
38 87 3
38 88 1
38 89 5
38 90 4
38 91 3
38 92 2
38 93 1
38 94 1
38 95 2
38 96 2
38 97 4
38 98 1
38 99 3
38 100 2
39 40 1
39 41 1
39 42 5
39 43 1
39 44 1
39 45 4
39 46 3
39 47 1
39 48 3
39 49 5
39 50 4
39 51 3
39 52 1
39 53 3
39 54 4
39 55 1
39 56 3
39 57 4
39 58 3
39 59 3
39 60 2
39 61 4
39 62 1
39 63 2
39 64 1
39 65 5
39 66 4
39 67 4
39 68 5
39 69 4
39 70 4
39 71 1
39 72 5
39 73 5
39 74 4
39 75 1
39 76 3
39 77 2
39 78 2
39 79 3
39 80 5
39 81 5
39 82 5
39 83 4
39 84 5
39 85 1
39 86 4
39 87 5
39 88 3
39 89 5
39 90 2
39 91 1
39 92 2
39 93 4
39 94 2
39 95 3
39 96 1
39 97 2
39 98 1
39 99 5
39 100 3
40 41 5
40 42 4
40 43 2
40 44 1
40 45 3
40 46 2
40 47 2
40 48 5
40 49 3
40 50 5
40 51 1
40 52 3
40 53 4
40 54 2
40 55 5
40 56 3
40 57 1
40 58 4
40 59 1
40 60 3
40 61 3
40 62 2
40 63 2
40 64 2
40 65 2
40 66 2
40 67 1
40 68 1
40 69 5
40 70 2
40 71 1
40 72 4
40 73 1
40 74 1
40 75 2
40 76 2
40 77 5
40 78 2
40 79 2
40 80 3
40 81 2
40 82 1
40 83 3
40 84 3
40 85 3
40 86 3
40 87 5
40 88 5
40 89 1
40 90 1
40 91 1
40 92 5
40 93 4
40 94 4
40 95 3
40 96 3
40 97 5
40 98 2
40 99 5
40 100 2
41 42 2
41 43 4
41 44 2
41 45 3
41 46 5
41 47 2
41 48 5
41 49 3
41 50 1
41 51 1
41 52 2
41 53 4
41 54 4
41 55 5
41 56 2
41 57 3
41 58 1
41 59 2
41 60 1
41 61 4
41 62 5
41 63 2
41 64 4
41 65 2
41 66 3
41 67 5
41 68 4
41 69 4
41 70 1
41 71 4
41 72 5
41 73 2
41 74 1
41 75 1
41 76 4
41 77 1
41 78 5
41 79 5
41 80 2
41 81 2
41 82 1
41 83 1
41 84 5
41 85 4
41 86 4
41 87 3
41 88 5
41 89 4
41 90 1
41 91 4
41 92 5
41 93 4
41 94 1
41 95 3
41 96 3
41 97 1
41 98 1
41 99 1
41 100 3
42 43 5
42 44 1
42 45 1
42 46 5
42 47 1
42 48 3
42 49 5
42 50 1
42 51 5
42 52 4
42 53 1
42 54 2
42 55 1
42 56 1
42 57 3
42 58 4
42 59 5
42 60 5
42 61 3
42 62 2
42 63 1
42 64 5
42 65 4
42 66 5
42 67 2
42 68 1
42 69 1
42 70 5
42 71 3
42 72 1
42 73 5
42 74 4
42 75 4
42 76 1
42 77 3
42 78 4
42 79 4
42 80 1
42 81 3
42 82 4
42 83 1
42 84 3
42 85 3
42 86 2
42 87 3
42 88 5
42 89 4
42 90 2
42 91 3
42 92 5
42 93 2
42 94 4
42 95 5
42 96 3
42 97 2
42 98 1
42 99 5
42 100 4
43 44 4
43 45 3
43 46 5
43 47 4
43 48 4
43 49 4
43 50 5
43 51 2
43 52 1
43 53 1
43 54 3
43 55 1
43 56 3
43 57 5
43 58 3
43 59 5
43 60 5
43 61 5
43 62 5
43 63 4
43 64 2
43 65 4
43 66 4
43 67 4
43 68 2
43 69 4
43 70 5
43 71 5
43 72 5
43 73 2
43 74 5
43 75 5
43 76 4
43 77 4
43 78 5
43 79 2
43 80 1
43 81 4
43 82 3
43 83 2
43 84 5
43 85 2
43 86 2
43 87 4
43 88 2
43 89 5
43 90 5
43 91 2
43 92 2
43 93 5
43 94 2
43 95 1
43 96 4
43 97 5
43 98 1
43 99 4
43 100 1
44 45 4
44 46 3
44 47 2
44 48 3
44 49 5
44 50 3
44 51 1
44 52 3
44 53 5
44 54 4
44 55 1
44 56 4
44 57 5
44 58 3
44 59 2
44 60 1
44 61 1
44 62 3
44 63 3
44 64 4
44 65 3
44 66 2
44 67 3
44 68 5
44 69 3
44 70 2
44 71 4
44 72 5
44 73 5
44 74 2
44 75 1
44 76 4
44 77 5
44 78 2
44 79 5
44 80 2
44 81 3
44 82 1
44 83 3
44 84 5
44 85 5
44 86 1
44 87 1
44 88 4
44 89 2
44 90 1
44 91 4
44 92 5
44 93 2
44 94 3
44 95 3
44 96 1
44 97 3
44 98 3
44 99 5
44 100 5
45 46 4
45 47 3
45 48 3
45 49 1
45 50 4
45 51 3
45 52 2
45 53 4
45 54 5
45 55 1
45 56 4
45 57 5
45 58 2
45 59 3
45 60 4
45 61 3
45 62 4
45 63 5
45 64 2
45 65 4
45 66 3
45 67 3
45 68 3
45 69 1
45 70 1
45 71 3
45 72 4
45 73 2
45 74 1
45 75 2
45 76 3
45 77 2
45 78 5
45 79 3
45 80 5
45 81 2
45 82 4
45 83 3
45 84 5
45 85 3
45 86 2
45 87 1
45 88 5
45 89 3
45 90 3
45 91 2
45 92 2
45 93 1
45 94 1
45 95 5
45 96 5
45 97 1
45 98 3
45 99 5
45 100 1
46 47 3
46 48 2
46 49 2
46 50 3
46 51 5
46 52 1
46 53 5
46 54 1
46 55 5
46 56 2
46 57 3
46 58 5
46 59 5
46 60 4
46 61 5
46 62 5
46 63 1
46 64 3
46 65 5
46 66 1
46 67 2
46 68 1
46 69 5
46 70 3
46 71 4
46 72 2
46 73 5
46 74 5
46 75 1
46 76 2
46 77 2
46 78 5
46 79 1
46 80 2
46 81 1
46 82 3
46 83 5
46 84 4
46 85 3
46 86 4
46 87 2
46 88 4
46 89 5
46 90 1
46 91 2
46 92 2
46 93 4
46 94 3
46 95 4
46 96 4
46 97 3
46 98 2
46 99 2
46 100 2
47 48 3
47 49 1
47 50 5
47 51 4
47 52 1
47 53 5
47 54 4
47 55 1
47 56 2
47 57 3
47 58 3
47 59 4
47 60 1
47 61 3
47 62 1
47 63 2
47 64 2
47 65 5
47 66 1
47 67 1
47 68 5
47 69 5
47 70 3
47 71 5
47 72 1
47 73 4
47 74 2
47 75 2
47 76 2
47 77 4
47 78 5
47 79 3
47 80 2
47 81 3
47 82 1
47 83 5
47 84 5
47 85 4
47 86 1
47 87 4
47 88 2
47 89 5
47 90 4
47 91 5
47 92 5
47 93 3
47 94 5
47 95 2
47 96 2
47 97 5
47 98 2
47 99 4
47 100 5
48 49 2
48 50 5
48 51 4
48 52 3
48 53 5
48 54 3
48 55 5
48 56 4
48 57 3
48 58 4
48 59 2
48 60 3
48 61 2
48 62 5
48 63 2
48 64 3
48 65 5
48 66 1
48 67 1
48 68 4
48 69 1
48 70 1
48 71 1
48 72 5
48 73 4
48 74 4
48 75 3
48 76 1
48 77 4
48 78 1
48 79 1
48 80 2
48 81 2
48 82 2
48 83 3
48 84 5
48 85 4
48 86 5
48 87 2
48 88 5
48 89 1
48 90 5
48 91 3
48 92 4
48 93 5
48 94 5
48 95 1
48 96 1
48 97 3
48 98 1
48 99 1
48 100 1
49 50 3
49 51 5
49 52 3
49 53 5
49 54 5
49 55 3
49 56 3
49 57 2
49 58 4
49 59 1
49 60 2
49 61 5
49 62 5
49 63 3
49 64 5
49 65 3
49 66 5
49 67 5
49 68 3
49 69 1
49 70 5
49 71 5
49 72 5
49 73 2
49 74 4
49 75 3
49 76 5
49 77 5
49 78 3
49 79 4
49 80 2
49 81 3
49 82 3
49 83 2
49 84 3
49 85 1
49 86 3
49 87 4
49 88 1
49 89 5
49 90 2
49 91 2
49 92 5
49 93 1
49 94 1
49 95 5
49 96 4
49 97 5
49 98 3
49 99 4
49 100 2
50 51 2
50 52 3
50 53 2
50 54 1
50 55 5
50 56 1
50 57 3
50 58 2
50 59 3
50 60 2
50 61 4
50 62 3
50 63 3
50 64 3
50 65 5
50 66 1
50 67 1
50 68 4
50 69 1
50 70 3
50 71 5
50 72 4
50 73 5
50 74 1
50 75 5
50 76 4
50 77 2
50 78 3
50 79 5
50 80 1
50 81 2
50 82 5
50 83 3
50 84 4
50 85 4
50 86 5
50 87 1
50 88 3
50 89 4
50 90 2
50 91 4
50 92 4
50 93 2
50 94 5
50 95 4
50 96 5
50 97 3
50 98 5
50 99 5
50 100 3
51 52 5
51 53 4
51 54 4
51 55 4
51 56 3
51 57 2
51 58 2
51 59 2
51 60 2
51 61 3
51 62 5
51 63 3
51 64 2
51 65 2
51 66 3
51 67 3
51 68 5
51 69 3
51 70 1
51 71 3
51 72 5
51 73 1
51 74 4
51 75 5
51 76 5
51 77 4
51 78 4
51 79 3
51 80 5
51 81 2
51 82 1
51 83 5
51 84 2
51 85 2
51 86 4
51 87 2
51 88 3
51 89 3
51 90 5
51 91 2
51 92 5
51 93 2
51 94 2
51 95 2
51 96 2
51 97 3
51 98 1
51 99 4
51 100 2
52 53 1
52 54 4
52 55 1
52 56 2
52 57 2
52 58 2
52 59 5
52 60 3
52 61 1
52 62 1
52 63 2
52 64 5
52 65 4
52 66 4
52 67 5
52 68 5
52 69 3
52 70 1
52 71 2
52 72 5
52 73 3
52 74 2
52 75 1
52 76 2
52 77 1
52 78 1
52 79 5
52 80 2
52 81 1
52 82 5
52 83 1
52 84 4
52 85 2
52 86 3
52 87 2
52 88 5
52 89 3
52 90 1
52 91 4
52 92 5
52 93 1
52 94 2
52 95 5
52 96 1
52 97 5
52 98 1
52 99 5
52 100 2
53 54 3
53 55 3
53 56 3
53 57 2
53 58 4
53 59 2
53 60 1
53 61 3
53 62 2
53 63 3
53 64 4
53 65 4
53 66 2
53 67 5
53 68 5
53 69 3
53 70 1
53 71 5
53 72 5
53 73 3
53 74 4
53 75 2
53 76 3
53 77 3
53 78 1
53 79 5
53 80 4
53 81 4
53 82 1
53 83 2
53 84 5
53 85 3
53 86 4
53 87 1
53 88 1
53 89 3
53 90 3
53 91 1
53 92 1
53 93 1
53 94 4
53 95 3
53 96 3
53 97 3
53 98 5
53 99 5
53 100 3
54 55 4
54 56 3
54 57 2
54 58 2
54 59 4
54 60 1
54 61 2
54 62 4
54 63 4
54 64 3
54 65 4
54 66 3
54 67 5
54 68 2
54 69 3
54 70 4
54 71 2
54 72 2
54 73 1
54 74 5
54 75 2
54 76 1
54 77 5
54 78 2
54 79 4
54 80 1
54 81 3
54 82 3
54 83 4
54 84 2
54 85 5
54 86 4
54 87 1
54 88 5
54 89 2
54 90 5
54 91 1
54 92 2
54 93 4
54 94 3
54 95 4
54 96 2
54 97 5
54 98 2
54 99 4
54 100 1
55 56 4
55 57 1
55 58 3
55 59 5
55 60 1
55 61 1
55 62 1
55 63 1
55 64 3
55 65 4
55 66 2
55 67 5
55 68 5
55 69 3
55 70 4
55 71 1
55 72 4
55 73 1
55 74 5
55 75 4
55 76 1
55 77 1
55 78 4
55 79 3
55 80 5
55 81 5
55 82 2
55 83 4
55 84 2
55 85 3
55 86 2
55 87 4
55 88 3
55 89 1
55 90 4
55 91 1
55 92 2
55 93 4
55 94 2
55 95 1
55 96 4
55 97 5
55 98 2
55 99 3
55 100 2
56 57 4
56 58 5
56 59 1
56 60 4
56 61 3
56 62 1
56 63 1
56 64 3
56 65 5
56 66 2
56 67 4
56 68 2
56 69 3
56 70 3
56 71 1
56 72 3
56 73 3
56 74 4
56 75 1
56 76 2
56 77 4
56 78 2
56 79 4
56 80 3
56 81 2
56 82 4
56 83 4
56 84 1
56 85 4
56 86 1
56 87 3
56 88 4
56 89 5
56 90 4
56 91 1
56 92 2
56 93 4
56 94 3
56 95 5
56 96 5
56 97 5
56 98 1
56 99 4
56 100 2
57 58 2
57 59 3
57 60 3
57 61 2
57 62 2
57 63 5
57 64 5
57 65 5
57 66 3
57 67 4
57 68 2
57 69 4
57 70 1
57 71 2
57 72 3
57 73 5
57 74 5
57 75 5
57 76 2
57 77 1
57 78 5
57 79 4
57 80 1
57 81 1
57 82 3
57 83 2
57 84 1
57 85 5
57 86 5
57 87 4
57 88 4
57 89 1
57 90 3
57 91 4
57 92 2
57 93 2
57 94 2
57 95 3
57 96 2
57 97 2
57 98 3
57 99 1
57 100 4
58 59 1
58 60 1
58 61 5
58 62 5
58 63 5
58 64 5
58 65 5
58 66 2
58 67 1
58 68 2
58 69 1
58 70 1
58 71 2
58 72 2
58 73 2
58 74 1
58 75 3
58 76 1
58 77 4
58 78 1
58 79 2
58 80 3
58 81 2
58 82 2
58 83 5
58 84 5
58 85 3
58 86 5
58 87 3
58 88 4
58 89 1
58 90 1
58 91 5
58 92 5
58 93 3
58 94 4
58 95 5
58 96 1
58 97 1
58 98 5
58 99 3
58 100 4
59 60 4
59 61 2
59 62 3
59 63 1
59 64 3
59 65 5
59 66 3
59 67 3
59 68 1
59 69 2
59 70 5
59 71 3
59 72 1
59 73 2
59 74 4
59 75 3
59 76 1
59 77 3
59 78 2
59 79 3
59 80 5
59 81 3
59 82 2
59 83 5
59 84 4
59 85 4
59 86 5
59 87 5
59 88 5
59 89 2
59 90 2
59 91 1
59 92 1
59 93 1
59 94 4
59 95 5
59 96 3
59 97 3
59 98 4
59 99 5
59 100 4
60 61 4
60 62 1
60 63 3
60 64 2
60 65 2
60 66 4
60 67 2
60 68 5
60 69 3
60 70 4
60 71 2
60 72 4
60 73 5
60 74 5
60 75 1
60 76 3
60 77 2
60 78 4
60 79 1
60 80 3
60 81 1
60 82 1
60 83 2
60 84 2
60 85 4
60 86 4
60 87 2
60 88 4
60 89 3
60 90 1
60 91 1
60 92 1
60 93 3
60 94 5
60 95 5
60 96 2
60 97 1
60 98 1
60 99 5
60 100 5
61 62 1
61 63 5
61 64 5
61 65 5
61 66 5
61 67 1
61 68 2
61 69 3
61 70 1
61 71 4
61 72 2
61 73 4
61 74 4
61 75 3
61 76 4
61 77 5
61 78 3
61 79 2
61 80 2
61 81 2
61 82 4
61 83 1
61 84 2
61 85 1
61 86 5
61 87 4
61 88 1
61 89 2
61 90 2
61 91 5
61 92 5
61 93 5
61 94 3
61 95 1
61 96 5
61 97 5
61 98 5
61 99 4
61 100 3
62 63 1
62 64 5
62 65 1
62 66 3
62 67 5
62 68 1
62 69 1
62 70 3
62 71 1
62 72 5
62 73 5
62 74 5
62 75 2
62 76 5
62 77 4
62 78 2
62 79 1
62 80 2
62 81 2
62 82 1
62 83 4
62 84 5
62 85 5
62 86 3
62 87 2
62 88 1
62 89 3
62 90 5
62 91 3
62 92 4
62 93 2
62 94 2
62 95 5
62 96 5
62 97 2
62 98 2
62 99 5
62 100 2
63 64 5
63 65 2
63 66 5
63 67 5
63 68 1
63 69 4
63 70 2
63 71 5
63 72 1
63 73 4
63 74 3
63 75 1
63 76 4
63 77 1
63 78 1
63 79 3
63 80 5
63 81 3
63 82 4
63 83 2
63 84 5
63 85 1
63 86 3
63 87 4
63 88 1
63 89 4
63 90 2
63 91 3
63 92 2
63 93 2
63 94 3
63 95 1
63 96 5
63 97 3
63 98 5
63 99 5
63 100 4
64 65 2
64 66 2
64 67 4
64 68 1
64 69 5
64 70 5
64 71 4
64 72 4
64 73 5
64 74 1
64 75 5
64 76 1
64 77 2
64 78 1
64 79 2
64 80 1
64 81 4
64 82 5
64 83 3
64 84 2
64 85 4
64 86 2
64 87 1
64 88 5
64 89 5
64 90 5
64 91 3
64 92 3
64 93 4
64 94 3
64 95 3
64 96 4
64 97 1
64 98 4
64 99 2
64 100 3
65 66 5
65 67 1
65 68 5
65 69 4
65 70 5
65 71 5
65 72 5
65 73 4
65 74 3
65 75 2
65 76 4
65 77 5
65 78 2
65 79 5
65 80 3
65 81 3
65 82 1
65 83 2
65 84 5
65 85 3
65 86 5
65 87 4
65 88 3
65 89 5
65 90 2
65 91 2
65 92 2
65 93 4
65 94 3
65 95 4
65 96 3
65 97 2
65 98 3
65 99 1
65 100 3
66 67 4
66 68 5
66 69 5
66 70 2
66 71 2
66 72 2
66 73 4
66 74 4
66 75 5
66 76 2
66 77 5
66 78 5
66 79 4
66 80 4
66 81 5
66 82 1
66 83 3
66 84 5
66 85 5
66 86 5
66 87 2
66 88 1
66 89 1
66 90 1
66 91 4
66 92 1
66 93 5
66 94 2
66 95 2
66 96 2
66 97 2
66 98 3
66 99 4
66 100 2
67 68 2
67 69 3
67 70 2
67 71 3
67 72 4
67 73 5
67 74 3
67 75 3
67 76 5
67 77 2
67 78 4
67 79 3
67 80 1
67 81 2
67 82 4
67 83 4
67 84 4
67 85 2
67 86 3
67 87 1
67 88 1
67 89 1
67 90 2
67 91 2
67 92 3
67 93 2
67 94 3
67 95 3
67 96 5
67 97 3
67 98 5
67 99 4
67 100 4
68 69 1
68 70 3
68 71 5
68 72 2
68 73 3
68 74 3
68 75 5
68 76 1
68 77 4
68 78 1
68 79 4
68 80 1
68 81 1
68 82 1
68 83 5
68 84 3
68 85 5
68 86 4
68 87 1
68 88 5
68 89 2
68 90 3
68 91 1
68 92 4
68 93 2
68 94 2
68 95 3
68 96 3
68 97 3
68 98 3
68 99 2
68 100 3
69 70 1
69 71 3
69 72 1
69 73 1
69 74 4
69 75 3
69 76 1
69 77 5
69 78 4
69 79 3
69 80 5
69 81 1
69 82 5
69 83 2
69 84 4
69 85 5
69 86 2
69 87 2
69 88 5
69 89 5
69 90 3
69 91 2
69 92 2
69 93 1
69 94 2
69 95 3
69 96 2
69 97 2
69 98 2
69 99 4
69 100 3
70 71 5
70 72 5
70 73 1
70 74 3
70 75 3
70 76 5
70 77 5
70 78 4
70 79 3
70 80 3
70 81 1
70 82 3
70 83 4
70 84 3
70 85 3
70 86 5
70 87 1
70 88 4
70 89 3
70 90 5
70 91 1
70 92 3
70 93 4
70 94 3
70 95 2
70 96 5
70 97 5
70 98 1
70 99 5
70 100 4
71 72 1
71 73 2
71 74 2
71 75 3
71 76 5
71 77 4
71 78 3
71 79 3
71 80 2
71 81 4
71 82 4
71 83 5
71 84 3
71 85 4
71 86 3
71 87 2
71 88 3
71 89 1
71 90 1
71 91 1
71 92 4
71 93 2
71 94 1
71 95 1
71 96 3
71 97 1
71 98 2
71 99 4
71 100 1
72 73 4
72 74 1
72 75 1
72 76 4
72 77 4
72 78 4
72 79 3
72 80 2
72 81 2
72 82 3
72 83 1
72 84 1
72 85 4
72 86 5
72 87 4
72 88 2
72 89 4
72 90 4
72 91 1
72 92 3
72 93 2
72 94 4
72 95 1
72 96 4
72 97 3
72 98 4
72 99 4
72 100 5
73 74 3
73 75 2
73 76 4
73 77 3
73 78 2
73 79 2
73 80 5
73 81 5
73 82 3
73 83 2
73 84 3
73 85 1
73 86 3
73 87 2
73 88 4
73 89 2
73 90 3
73 91 2
73 92 2
73 93 1
73 94 3
73 95 1
73 96 2
73 97 2
73 98 3
73 99 5
73 100 1
74 75 5
74 76 2
74 77 5
74 78 2
74 79 1
74 80 5
74 81 1
74 82 5
74 83 2
74 84 3
74 85 1
74 86 1
74 87 1
74 88 4
74 89 1
74 90 4
74 91 2
74 92 2
74 93 4
74 94 3
74 95 3
74 96 2
74 97 5
74 98 1
74 99 3
74 100 2
75 76 2
75 77 1
75 78 5
75 79 1
75 80 5
75 81 4
75 82 4
75 83 1
75 84 3
75 85 1
75 86 5
75 87 1
75 88 3
75 89 5
75 90 1
75 91 2
75 92 5
75 93 5
75 94 1
75 95 2
75 96 3
75 97 4
75 98 3
75 99 4
75 100 4
76 77 3
76 78 5
76 79 2
76 80 3
76 81 3
76 82 5
76 83 5
76 84 4
76 85 4
76 86 1
76 87 2
76 88 5
76 89 4
76 90 4
76 91 1
76 92 2
76 93 2
76 94 5
76 95 4
76 96 3
76 97 3
76 98 2
76 99 1
76 100 2
77 78 2
77 79 1
77 80 4
77 81 1
77 82 4
77 83 4
77 84 5
77 85 3
77 86 1
77 87 2
77 88 1
77 89 1
77 90 4
77 91 4
77 92 1
77 93 2
77 94 5
77 95 5
77 96 5
77 97 4
77 98 1
77 99 5
77 100 5
78 79 1
78 80 4
78 81 4
78 82 2
78 83 4
78 84 3
78 85 4
78 86 1
78 87 4
78 88 4
78 89 3
78 90 4
78 91 1
78 92 3
78 93 3
78 94 2
78 95 5
78 96 4
78 97 4
78 98 4
78 99 2
78 100 5
79 80 5
79 81 4
79 82 5
79 83 2
79 84 2
79 85 1
79 86 3
79 87 5
79 88 2
79 89 3
79 90 1
79 91 5
79 92 1
79 93 4
79 94 1
79 95 5
79 96 3
79 97 2
79 98 5
79 99 3
79 100 2
80 81 2
80 82 3
80 83 3
80 84 3
80 85 1
80 86 2
80 87 3
80 88 1
80 89 5
80 90 1
80 91 4
80 92 2
80 93 3
80 94 4
80 95 4
80 96 1
80 97 5
80 98 5
80 99 5
80 100 3
81 82 3
81 83 3
81 84 1
81 85 1
81 86 2
81 87 1
81 88 5
81 89 3
81 90 3
81 91 2
81 92 5
81 93 5
81 94 1
81 95 5
81 96 1
81 97 1
81 98 2
81 99 1
81 100 4
82 83 4
82 84 4
82 85 5
82 86 1
82 87 3
82 88 3
82 89 4
82 90 5
82 91 3
82 92 5
82 93 1
82 94 1
82 95 5
82 96 1
82 97 2
82 98 2
82 99 3
82 100 4
83 84 4
83 85 3
83 86 3
83 87 1
83 88 5
83 89 3
83 90 5
83 91 5
83 92 1
83 93 1
83 94 2
83 95 4
83 96 4
83 97 4
83 98 2
83 99 2
83 100 2
84 85 3
84 86 1
84 87 5
84 88 1
84 89 1
84 90 2
84 91 4
84 92 4
84 93 3
84 94 5
84 95 2
84 96 1
84 97 3
84 98 2
84 99 2
84 100 3
85 86 3
85 87 1
85 88 3
85 89 4
85 90 1
85 91 4
85 92 4
85 93 3
85 94 1
85 95 5
85 96 3
85 97 3
85 98 1
85 99 4
85 100 4
86 87 4
86 88 3
86 89 1
86 90 3
86 91 4
86 92 1
86 93 1
86 94 3
86 95 2
86 96 3
86 97 5
86 98 1
86 99 4
86 100 2
87 88 1
87 89 4
87 90 3
87 91 1
87 92 3
87 93 2
87 94 5
87 95 4
87 96 3
87 97 3
87 98 1
87 99 5
87 100 5
88 89 3
88 90 5
88 91 2
88 92 5
88 93 4
88 94 3
88 95 2
88 96 5
88 97 2
88 98 4
88 99 1
88 100 2
89 90 3
89 91 2
89 92 1
89 93 1
89 94 5
89 95 4
89 96 1
89 97 4
89 98 5
89 99 1
89 100 2
90 91 1
90 92 2
90 93 5
90 94 2
90 95 3
90 96 2
90 97 4
90 98 5
90 99 5
90 100 2
91 92 2
91 93 1
91 94 5
91 95 5
91 96 2
91 97 5
91 98 1
91 99 1
91 100 2
92 93 5
92 94 1
92 95 3
92 96 5
92 97 3
92 98 1
92 99 2
92 100 4
93 94 1
93 95 3
93 96 3
93 97 3
93 98 3
93 99 2
93 100 3
94 95 1
94 96 3
94 97 5
94 98 4
94 99 4
94 100 5
95 96 3
95 97 5
95 98 1
95 99 1
95 100 2
96 97 4
96 98 4
96 99 1
96 100 4
97 98 5
97 99 1
97 100 2
98 99 5
98 100 2
99 100 1
