100 4950
1 2 1
1 3 3
1 4 4
1 5 2
1 6 5
1 7 3
1 8 3
1 9 4
1 10 5
1 11 5
1 12 4
1 13 5
1 14 1
1 15 2
1 16 4
1 17 3
1 18 2
1 19 4
1 20 3
1 21 1
1 22 3
1 23 5
1 24 2
1 25 5
1 26 1
1 27 4
1 28 1
1 29 5
1 30 4
1 31 3
1 32 5
1 33 2
1 34 1
1 35 3
1 36 2
1 37 3
1 38 3
1 39 2
1 40 5
1 41 2
1 42 1
1 43 2
1 44 3
1 45 1
1 46 1
1 47 2
1 48 4
1 49 5
1 50 1
1 51 3
1 52 2
1 53 3
1 54 3
1 55 5
1 56 1
1 57 4
1 58 2
1 59 5
1 60 4
1 61 3
1 62 4
1 63 5
1 64 3
1 65 4
1 66 1
1 67 3
1 68 3
1 69 3
1 70 5
1 71 4
1 72 5
1 73 5
1 74 1
1 75 5
1 76 4
1 77 4
1 78 4
1 79 3
1 80 1
1 81 5
1 82 5
1 83 3
1 84 5
1 85 3
1 86 4
1 87 4
1 88 5
1 89 4
1 90 3
1 91 4
1 92 5
1 93 3
1 94 4
1 95 2
1 96 5
1 97 1
1 98 4
1 99 2
1 100 4
2 3 2
2 4 1
2 5 3
2 6 3
2 7 1
2 8 5
2 9 1
2 10 3
2 11 4
2 12 4
2 13 4
2 14 4
2 15 5
2 16 4
2 17 5
2 18 4
2 19 5
2 20 5
2 21 1
2 22 3
2 23 1
2 24 4
2 25 1
2 26 2
2 27 5
2 28 4
2 29 1
2 30 5
2 31 5
2 32 4
2 33 3
2 34 2
2 35 5
2 36 2
2 37 4
2 38 5
2 39 1
2 40 4
2 41 4
2 42 5
2 43 5
2 44 5
2 45 2
2 46 4
2 47 2
2 48 5
2 49 4
2 50 3
2 51 3
2 52 4
2 53 5
2 54 5
2 55 4
2 56 3
2 57 2
2 58 3
2 59 3
2 60 3
2 61 3
2 62 3
2 63 2
2 64 5
2 65 3
2 66 2
2 67 4
2 68 1
2 69 5
2 70 1
2 71 2
2 72 1
2 73 3
2 74 4
2 75 2
2 76 3
2 77 3
2 78 2
2 79 5
2 80 1
2 81 5
2 82 3
2 83 5
2 84 4
2 85 1
2 86 1
2 87 5
2 88 2
2 89 1
2 90 4
2 91 4
2 92 4
2 93 3
2 94 3
2 95 2
2 96 4
2 97 3
2 98 4
2 99 3
2 100 3
3 4 4
3 5 3
3 6 4
3 7 2
3 8 3
3 9 3
3 10 1
3 11 1
3 12 3
3 13 4
3 14 1
3 15 3
3 16 4
3 17 4
3 18 3
3 19 1
3 20 3
3 21 4
3 22 1
3 23 2
3 24 2
3 25 2
3 26 1
3 27 2
3 28 5
3 29 3
3 30 4
3 31 4
3 32 1
3 33 3
3 34 3
3 35 5
3 36 3
3 37 1
3 38 1
3 39 4
3 40 4
3 41 5
3 42 5
3 43 1
3 44 5
3 45 1
3 46 4
3 47 3
3 48 3
3 49 4
3 50 3
3 51 2
3 52 2
3 53 4
3 54 3
3 55 4
3 56 2
3 57 2
3 58 5
3 59 2
3 60 4
3 61 4
3 62 3
3 63 1
3 64 3
3 65 5
3 66 5
3 67 2
3 68 5
3 69 3
3 70 3
3 71 2
3 72 5
3 73 4
3 74 5
3 75 5
3 76 5
3 77 1
3 78 5
3 79 4
3 80 4
3 81 4
3 82 2
3 83 2
3 84 4
3 85 4
3 86 4
3 87 3
3 88 3
3 89 3
3 90 2
3 91 4
3 92 3
3 93 2
3 94 4
3 95 3
3 96 4
3 97 3
3 98 3
3 99 2
3 100 1
4 5 5
4 6 2
4 7 1
4 8 4
4 9 5
4 10 5
4 11 4
4 12 1
4 13 3
4 14 1
4 15 3
4 16 4
4 17 2
4 18 4
4 19 4
4 20 1
4 21 2
4 22 5
4 23 1
4 24 3
4 25 5
4 26 5
4 27 3
4 28 2
4 29 1
4 30 1
4 31 2
4 32 2
4 33 2
4 34 4
4 35 3
4 36 3
4 37 4
4 38 1
4 39 2
4 40 2
4 41 4
4 42 5
4 43 1
4 44 1
4 45 4
4 46 1
4 47 1
4 48 3
4 49 5
4 50 2
4 51 2
4 52 5
4 53 3
4 54 3
4 55 1
4 56 1
4 57 3
4 58 4
4 59 2
4 60 1
4 61 1
4 62 3
4 63 2
4 64 2
4 65 1
4 66 4
4 67 5
4 68 3
4 69 3
4 70 3
4 71 5
4 72 2
4 73 2
4 74 3
4 75 1
4 76 3
4 77 5
4 78 4
4 79 2
4 80 3
4 81 2
4 82 4
4 83 2
4 84 4
4 85 4
4 86 4
4 87 3
4 88 3
4 89 3
4 90 1
4 91 5
4 92 3
4 93 4
4 94 1
4 95 5
4 96 1
4 97 1
4 98 4
4 99 1
4 100 4
5 6 4
5 7 1
5 8 3
5 9 1
5 10 2
5 11 2
5 12 5
5 13 5
5 14 4
5 15 2
5 16 1
5 17 2
5 18 1
5 19 5
5 20 3
5 21 5
5 22 5
5 23 2
5 24 2
5 25 2
5 26 2
5 27 3
5 28 2
5 29 4
5 30 4
5 31 5
5 32 3
5 33 1
5 34 3
5 35 2
5 36 5
5 37 1
5 38 2
5 39 2
5 40 4
5 41 5
5 42 1
5 43 3
5 44 5
5 45 4
5 46 2
5 47 4
5 48 4
5 49 5
5 50 2
5 51 4
5 52 5
5 53 3
5 54 3
5 55 3
5 56 5
5 57 3
5 58 5
5 59 5
5 60 2
5 61 1
5 62 4
5 63 3
5 64 3
5 65 2
5 66 2
5 67 5
5 68 1
5 69 4
5 70 3
5 71 4
5 72 5
5 73 5
5 74 4
5 75 4
5 76 3
5 77 4
5 78 4
5 79 1
5 80 1
5 81 4
5 82 2
5 83 5
5 84 3
5 85 2
5 86 3
5 87 1
5 88 3
5 89 1
5 90 3
5 91 1
5 92 3
5 93 1
5 94 3
5 95 1
5 96 2
5 97 2
5 98 3
5 99 4
5 100 3
6 7 3
6 8 1
6 9 2
6 10 3
6 11 4
6 12 1
6 13 3
6 14 4
6 15 5
6 16 2
6 17 2
6 18 4
6 19 5
6 20 1
6 21 1
6 22 2
6 23 1
6 24 4
6 25 1
6 26 2
6 27 4
6 28 4
6 29 3
6 30 1
6 31 3
6 32 3
6 33 2
6 34 3
6 35 3
6 36 3
6 37 5
6 38 3
6 39 3
6 40 3
6 41 3
6 42 3
6 43 3
6 44 4
6 45 4
6 46 1
6 47 5
6 48 3
6 49 3
6 50 2
6 51 5
6 52 1
6 53 5
6 54 2
6 55 4
6 56 4
6 57 5
6 58 1
6 59 2
6 60 1
6 61 4
6 62 5
6 63 4
6 64 5
6 65 5
6 66 4
6 67 3
6 68 1
6 69 4
6 70 3
6 71 2
6 72 5
6 73 3
6 74 2
6 75 5
6 76 5
6 77 4
6 78 1
6 79 5
6 80 1
6 81 2
6 82 5
6 83 4
6 84 4
6 85 2
6 86 2
6 87 3
6 88 4
6 89 1
6 90 1
6 91 1
6 92 3
6 93 4
6 94 1
6 95 3
6 96 3
6 97 5
6 98 2
6 99 1
6 100 1
7 8 5
7 9 2
7 10 5
7 11 3
7 12 5
7 13 2
7 14 3
7 15 4
7 16 2
7 17 1
7 18 4
7 19 2
7 20 3
7 21 3
7 22 4
7 23 1
7 24 5
7 25 1
7 26 3
7 27 4
7 28 1
7 29 3
7 30 2
7 31 5
7 32 5
7 33 3
7 34 4
7 35 3
7 36 2
7 37 4
7 38 3
7 39 2
7 40 2
7 41 2
7 42 3
7 43 5
7 44 1
7 45 5
7 46 5
7 47 2
7 48 5
7 49 5
7 50 5
7 51 4
7 52 3
7 53 4
7 54 1
7 55 3
7 56 1
7 57 1
7 58 4
7 59 3
7 60 2
7 61 1
7 62 5
7 63 1
7 64 2
7 65 4
7 66 5
7 67 3
7 68 1
7 69 1
7 70 3
7 71 2
7 72 2
7 73 1
7 74 1
7 75 3
7 76 1
7 77 5
7 78 2
7 79 5
7 80 4
7 81 4
7 82 4
7 83 1
7 84 4
7 85 3
7 86 3
7 87 2
7 88 4
7 89 5
7 90 5
7 91 4
7 92 5
7 93 1
7 94 2
7 95 4
7 96 1
7 97 1
7 98 4
7 99 5
7 100 4
8 9 1
8 10 3
8 11 2
8 12 1
8 13 1
8 14 2
8 15 2
8 16 4
8 17 4
8 18 3
8 19 1
8 20 3
8 21 5
8 22 4
8 23 3
8 24 2
8 25 4
8 26 1
8 27 2
8 28 4
8 29 3
8 30 5
8 31 5
8 32 1
8 33 2
8 34 2
8 35 3
8 36 3
8 37 4
8 38 1
8 39 2
8 40 4
8 41 1
8 42 3
8 43 2
8 44 4
8 45 5
8 46 5
8 47 3
8 48 4
8 49 4
8 50 4
8 51 5
8 52 4
8 53 5
8 54 3
8 55 4
8 56 4
8 57 2
8 58 4
8 59 1
8 60 1
8 61 2
8 62 1
8 63 2
8 64 3
8 65 3
8 66 1
8 67 3
8 68 3
8 69 5
8 70 3
8 71 2
8 72 3
8 73 1
8 74 5
8 75 3
8 76 4
8 77 3
8 78 4
8 79 4
8 80 4
8 81 5
8 82 2
8 83 2
8 84 1
8 85 1
8 86 4
8 87 1
8 88 5
8 89 5
8 90 2
8 91 4
8 92 2
8 93 5
8 94 3
8 95 2
8 96 5
8 97 4
8 98 1
8 99 4
8 100 1
9 10 3
9 11 1
9 12 5
9 13 5
9 14 4
9 15 5
9 16 2
9 17 2
9 18 5
9 19 2
9 20 5
9 21 5
9 22 4
9 23 4
9 24 2
9 25 3
9 26 3
9 27 2
9 28 3
9 29 3
9 30 1
9 31 3
9 32 3
9 33 4
9 34 4
9 35 5
9 36 4
9 37 4
9 38 3
9 39 4
9 40 2
9 41 1
9 42 5
9 43 3
9 44 2
9 45 5
9 46 1
9 47 2
9 48 4
9 49 5
9 50 1
9 51 4
9 52 4
9 53 3
9 54 3
9 55 3
9 56 1
9 57 3
9 58 1
9 59 4
9 60 3
9 61 3
9 62 2
9 63 1
9 64 4
9 65 4
9 66 5
9 67 2
9 68 1
9 69 4
9 70 5
9 71 2
9 72 5
9 73 3
9 74 3
9 75 4
9 76 2
9 77 3
9 78 4
9 79 4
9 80 5
9 81 1
9 82 1
9 83 2
9 84 3
9 85 4
9 86 1
9 87 2
9 88 2
9 89 5
9 90 2
9 91 4
9 92 2
9 93 5
9 94 2
9 95 2
9 96 1
9 97 2
9 98 2
9 99 5
9 100 4
10 11 5
10 12 2
10 13 1
10 14 1
10 15 1
10 16 2
10 17 3
10 18 3
10 19 1
10 20 3
10 21 3
10 22 3
10 23 5
10 24 4
10 25 1
10 26 4
10 27 4
10 28 2
10 29 4
10 30 1
10 31 3
10 32 1
10 33 3
10 34 1
10 35 1
10 36 4
10 37 4
10 38 4
10 39 2
10 40 3
10 41 2
10 42 4
10 43 2
10 44 4
10 45 5
10 46 5
10 47 4
10 48 4
10 49 2
10 50 2
10 51 2
10 52 5
10 53 5
10 54 2
10 55 4
10 56 2
10 57 1
10 58 3
10 59 3
10 60 3
10 61 5
10 62 4
10 63 1
10 64 5
10 65 5
10 66 5
10 67 5
10 68 3
10 69 2
10 70 4
10 71 2
10 72 3
10 73 1
10 74 4
10 75 2
10 76 1
10 77 5
10 78 5
10 79 1
10 80 5
10 81 5
10 82 5
10 83 2
10 84 1
10 85 1
10 86 5
10 87 3
10 88 1
10 89 5
10 90 5
10 91 1
10 92 3
10 93 5
10 94 3
10 95 4
10 96 2
10 97 2
10 98 5
10 99 2
10 100 5
11 12 2
11 13 3
11 14 4
11 15 5
11 16 2
11 17 3
11 18 5
11 19 1
11 20 5
11 21 5
11 22 4
11 23 3
11 24 5
11 25 1
11 26 2
11 27 4
11 28 4
11 29 1
11 30 3
11 31 1
11 32 2
11 33 2
11 34 2
11 35 4
11 36 5
11 37 2
11 38 5
11 39 2
11 40 5
11 41 4
11 42 5
11 43 2
11 44 1
11 45 4
11 46 4
11 47 2
11 48 1
11 49 3
11 50 2
11 51 4
11 52 3
11 53 2
11 54 3
11 55 1
11 56 4
11 57 4
11 58 2
11 59 4
11 60 3
11 61 3
11 62 4
11 63 5
11 64 1
11 65 3
11 66 4
11 67 5
11 68 4
11 69 3
11 70 5
11 71 5
11 72 4
11 73 2
11 74 4
11 75 1
11 76 5
11 77 5
11 78 2
11 79 3
11 80 2
11 81 2
11 82 3
11 83 1
11 84 4
11 85 1
11 86 5
11 87 5
11 88 2
11 89 4
11 90 4
11 91 5
11 92 2
11 93 5
11 94 5
11 95 4
11 96 4
11 97 5
11 98 3
11 99 3
11 100 2
12 13 1
12 14 3
12 15 1
12 16 4
12 17 1
12 18 1
12 19 5
12 20 1
12 21 5
12 22 5
12 23 3
12 24 1
12 25 1
12 26 3
12 27 3
12 28 2
12 29 5
12 30 5
12 31 3
12 32 4
12 33 4
12 34 2
12 35 5
12 36 3
12 37 5
12 38 1
12 39 1
12 40 4
12 41 3
12 42 2
12 43 4
12 44 2
12 45 3
12 46 3
12 47 3
12 48 4
12 49 4
12 50 2
12 51 1
12 52 2
12 53 5
12 54 5
12 55 1
12 56 2
12 57 2
12 58 1
12 59 3
12 60 4
12 61 3
12 62 4
12 63 1
12 64 5
12 65 1
12 66 5
12 67 2
12 68 4
12 69 4
12 70 3
12 71 1
12 72 5
12 73 4
12 74 1
12 75 1
12 76 3
12 77 3
12 78 4
12 79 2
12 80 3
12 81 1
12 82 3
12 83 2
12 84 3
12 85 2
12 86 1
12 87 2
12 88 3
12 89 1
12 90 5
12 91 5
12 92 1
12 93 2
12 94 4
12 95 5
12 96 3
12 97 5
12 98 4
12 99 2
12 100 1
13 14 1
13 15 4
13 16 3
13 17 3
13 18 5
13 19 5
13 20 1
13 21 3
13 22 4
13 23 3
13 24 5
13 25 4
13 26 4
13 27 4
13 28 4
13 29 1
13 30 1
13 31 1
13 32 4
13 33 2
13 34 5
13 35 2
13 36 2
13 37 3
13 38 4
13 39 3
13 40 4
13 41 2
13 42 3
13 43 4
13 44 5
13 45 1
13 46 1
13 47 5
13 48 1
13 49 4
13 50 3
13 51 2
13 52 4
13 53 1
13 54 4
13 55 5
13 56 5
13 57 3
13 58 3
13 59 4
13 60 3
13 61 5
13 62 1
13 63 3
13 64 1
13 65 1
13 66 3
13 67 4
13 68 3
13 69 3
13 70 4
13 71 5
13 72 1
13 73 4
13 74 1
13 75 3
13 76 3
13 77 1
13 78 4
13 79 3
13 80 1
13 81 4
13 82 2
13 83 3
13 84 2
13 85 3
13 86 3
13 87 1
13 88 4
13 89 2
13 90 5
13 91 3
13 92 5
13 93 5
13 94 2
13 95 2
13 96 3
13 97 4
13 98 5
13 99 5
13 100 5
14 15 2
14 16 3
14 17 2
14 18 2
14 19 1
14 20 5
14 21 2
14 22 5
14 23 2
14 24 1
14 25 1
14 26 5
14 27 1
14 28 3
14 29 5
14 30 2
14 31 4
14 32 1
14 33 4
14 34 2
14 35 1
14 36 1
14 37 5
14 38 1
14 39 2
14 40 4
14 41 1
14 42 3
14 43 4
14 44 3
14 45 2
14 46 2
14 47 5
14 48 4
14 49 1
14 50 5
14 51 1
14 52 3
14 53 3
14 54 4
14 55 5
14 56 5
14 57 4
14 58 2
14 59 5
14 60 2
14 61 4
14 62 3
14 63 3
14 64 3
14 65 3
14 66 1
14 67 4
14 68 3
14 69 2
14 70 4
14 71 1
14 72 2
14 73 4
14 74 3
14 75 4
14 76 1
14 77 4
14 78 4
14 79 4
14 80 1
14 81 5
14 82 3
14 83 2
14 84 5
14 85 1
14 86 3
14 87 4
14 88 1
14 89 5
14 90 2
14 91 5
14 92 5
14 93 2
14 94 3
14 95 2
14 96 2
14 97 3
14 98 1
14 99 4
14 100 3
15 16 2
15 17 3
15 18 1
15 19 4
15 20 5
15 21 3
15 22 1
15 23 1
15 24 2
15 25 4
15 26 3
15 27 1
15 28 4
15 29 1
15 30 5
15 31 5
15 32 5
15 33 4
15 34 2
15 35 1
15 36 1
15 37 1
15 38 1
15 39 4
15 40 5
15 41 2
15 42 4
15 43 5
15 44 4
15 45 2
15 46 4
15 47 4
15 48 4
15 49 5
15 50 3
15 51 2
15 52 1
15 53 5
15 54 5
15 55 3
15 56 1
15 57 5
15 58 3
15 59 2
15 60 1
15 61 2
15 62 2
15 63 2
15 64 5
15 65 4
15 66 4
15 67 3
15 68 1
15 69 2
15 70 2
15 71 4
15 72 2
15 73 1
15 74 4
15 75 1
15 76 4
15 77 5
15 78 2
15 79 2
15 80 1
15 81 1
15 82 5
15 83 1
15 84 4
15 85 5
15 86 5
15 87 1
15 88 5
15 89 4
15 90 3
15 91 1
15 92 4
15 93 4
15 94 3
15 95 1
15 96 5
15 97 1
15 98 2
15 99 3
15 100 1
16 17 4
16 18 5
16 19 3
16 20 5
16 21 5
16 22 1
16 23 3
16 24 1
16 25 3
16 26 3
16 27 5
16 28 5
16 29 4
16 30 1
16 31 4
16 32 3
16 33 3
16 34 1
16 35 5
16 36 1
16 37 1
16 38 4
16 39 5
16 40 5
16 41 4
16 42 3
16 43 4
16 44 5
16 45 4
16 46 4
16 47 1
16 48 4
16 49 1
16 50 1
16 51 2
16 52 4
16 53 4
16 54 3
16 55 5
16 56 1
16 57 1
16 58 2
16 59 3
16 60 5
16 61 4
16 62 5
16 63 2
16 64 5
16 65 1
16 66 5
16 67 5
16 68 1
16 69 2
16 70 5
16 71 5
16 72 1
16 73 4
16 74 3
16 75 1
16 76 4
16 77 2
16 78 5
16 79 5
16 80 3
16 81 2
16 82 2
16 83 5
16 84 4
16 85 2
16 86 2
16 87 3
16 88 3
16 89 3
16 90 3
16 91 4
16 92 2
16 93 4
16 94 5
16 95 3
16 96 2
16 97 4
16 98 1
16 99 2
16 100 3
17 18 1
17 19 3
17 20 3
17 21 5
17 22 3
17 23 5
17 24 5
17 25 3
17 26 2
17 27 2
17 28 3
17 29 2
17 30 4
17 31 5
17 32 5
17 33 1
17 34 2
17 35 3
17 36 2
17 37 3
17 38 2
17 39 4
17 40 5
17 41 1
17 42 1
17 43 4
17 44 1
17 45 1
17 46 2
17 47 1
17 48 1
17 49 1
17 50 5
17 51 2
17 52 5
17 53 5
17 54 1
17 55 1
17 56 2
17 57 4
17 58 4
17 59 3
17 60 3
17 61 1
17 62 3
17 63 1
17 64 4
17 65 4
17 66 1
17 67 4
17 68 5
17 69 5
17 70 4
17 71 4
17 72 2
17 73 3
17 74 1
17 75 5
17 76 3
17 77 4
17 78 2
17 79 5
17 80 5
17 81 5
17 82 1
17 83 2
17 84 4
17 85 2
17 86 2
17 87 2
17 88 3
17 89 1
17 90 1
17 91 3
17 92 3
17 93 4
17 94 4
17 95 5
17 96 2
17 97 1
17 98 4
17 99 3
17 100 4
18 19 2
18 20 5
18 21 5
18 22 4
18 23 5
18 24 5
18 25 5
18 26 3
18 27 1
18 28 5
18 29 1
18 30 4
18 31 1
18 32 3
18 33 2
18 34 5
18 35 2
18 36 2
18 37 4
18 38 1
18 39 2
18 40 5
18 41 2
18 42 2
18 43 3
18 44 5
18 45 5
18 46 1
18 47 3
18 48 3
18 49 4
18 50 4
18 51 2
18 52 3
18 53 3
18 54 1
18 55 1
18 56 2
18 57 2
18 58 1
18 59 1
18 60 5
18 61 3
18 62 3
18 63 5
18 64 1
18 65 1
18 66 2
18 67 4
18 68 4
18 69 4
18 70 3
18 71 2
18 72 1
18 73 5
18 74 4
18 75 1
18 76 4
18 77 4
18 78 2
18 79 4
18 80 2
18 81 3
18 82 4
18 83 2
18 84 2
18 85 2
18 86 5
18 87 2
18 88 2
18 89 3
18 90 2
18 91 5
18 92 5
18 93 1
18 94 4
18 95 1
18 96 4
18 97 3
18 98 2
18 99 2
18 100 4
19 20 3
19 21 2
19 22 4
19 23 4
19 24 3
19 25 4
19 26 4
19 27 2
19 28 3
19 29 5
19 30 3
19 31 2
19 32 4
19 33 5
19 34 2
19 35 2
19 36 2
19 37 3
19 38 5
19 39 1
19 40 2
19 41 2
19 42 1
19 43 5
19 44 4
19 45 2
19 46 5
19 47 5
19 48 4
19 49 3
19 50 1
19 51 5
19 52 3
19 53 5
19 54 3
19 55 4
19 56 4
19 57 1
19 58 5
19 59 3
19 60 4
19 61 2
19 62 3
19 63 1
19 64 5
19 65 4
19 66 5
19 67 5
19 68 5
19 69 2
19 70 1
19 71 4
19 72 4
19 73 5
19 74 5
19 75 4
19 76 5
19 77 3
19 78 2
19 79 1
19 80 5
19 81 4
19 82 5
19 83 5
19 84 1
19 85 3
19 86 1
19 87 4
19 88 5
19 89 3
19 90 1
19 91 3
19 92 5
19 93 2
19 94 2
19 95 5
19 96 3
19 97 4
19 98 2
19 99 1
19 100 5
20 21 4
20 22 4
20 23 5
20 24 5
20 25 4
20 26 1
20 27 4
20 28 1
20 29 5
20 30 2
20 31 5
20 32 1
20 33 3
20 34 4
20 35 1
20 36 3
20 37 4
20 38 2
20 39 4
20 40 5
20 41 1
20 42 4
20 43 4
20 44 4
20 45 2
20 46 4
20 47 3
20 48 1
20 49 3
20 50 3
20 51 3
20 52 4
20 53 2
20 54 1
20 55 4
20 56 2
20 57 1
20 58 2
20 59 2
20 60 1
20 61 5
20 62 2
20 63 2
20 64 3
20 65 3
20 66 3
20 67 1
20 68 2
20 69 5
20 70 3
20 71 1
20 72 2
20 73 5
20 74 1
20 75 5
20 76 2
20 77 2
20 78 1
20 79 4
20 80 3
20 81 5
20 82 1
20 83 1
20 84 2
20 85 1
20 86 5
20 87 5
20 88 4
20 89 3
20 90 4
20 91 1
20 92 3
20 93 5
20 94 5
20 95 1
20 96 2
20 97 5
20 98 1
20 99 2
20 100 4
21 22 1
21 23 5
21 24 4
21 25 1
21 26 1
21 27 5
21 28 5
21 29 5
21 30 3
21 31 5
21 32 5
21 33 3
21 34 5
21 35 4
21 36 2
21 37 1
21 38 4
21 39 2
21 40 2
21 41 1
21 42 2
21 43 1
21 44 4
21 45 2
21 46 2
21 47 4
21 48 2
21 49 4
21 50 3
21 51 5
21 52 5
21 53 5
21 54 2
21 55 5
21 56 5
21 57 1
21 58 2
21 59 1
21 60 3
21 61 1
21 62 3
21 63 4
21 64 4
21 65 2
21 66 5
21 67 1
21 68 1
21 69 3
21 70 3
21 71 4
21 72 5
21 73 1
21 74 5
21 75 1
21 76 3
21 77 4
21 78 5
21 79 3
21 80 5
21 81 4
21 82 4
21 83 5
21 84 3
21 85 5
21 86 3
21 87 1
21 88 4
21 89 1
21 90 5
21 91 3
21 92 4
21 93 3
21 94 5
21 95 1
21 96 2
21 97 4
21 98 3
21 99 2
21 100 4
22 23 5
22 24 2
22 25 3
22 26 3
22 27 5
22 28 2
22 29 4
22 30 2
22 31 4
22 32 3
22 33 1
22 34 3
22 35 4
22 36 4
22 37 5
22 38 4
22 39 2
22 40 5
22 41 5
22 42 1
22 43 2
22 44 2
22 45 1
22 46 1
22 47 5
22 48 5
22 49 1
22 50 5
22 51 3
22 52 3
22 53 2
22 54 1
22 55 3
22 56 4
22 57 1
22 58 3
22 59 4
22 60 1
22 61 3
22 62 3
22 63 3
22 64 2
22 65 3
22 66 1
22 67 4
22 68 3
22 69 3
22 70 4
22 71 4
22 72 2
22 73 5
22 74 3
22 75 4
22 76 3
22 77 4
22 78 3
22 79 3
22 80 3
22 81 1
22 82 2
22 83 2
22 84 4
22 85 1
22 86 2
22 87 1
22 88 2
22 89 2
22 90 1
22 91 5
22 92 5
22 93 1
22 94 3
22 95 2
22 96 5
22 97 4
22 98 2
22 99 3
22 100 4
23 24 1
23 25 4
23 26 1
23 27 4
23 28 1
23 29 3
23 30 2
23 31 2
23 32 1
23 33 4
23 34 5
23 35 4
23 36 3
23 37 2
23 38 2
23 39 1
23 40 1
23 41 2
23 42 3
23 43 1
23 44 1
23 45 5
23 46 3
23 47 2
23 48 1
23 49 2
23 50 3
23 51 4
23 52 2
23 53 4
23 54 1
23 55 1
23 56 1
23 57 5
23 58 2
23 59 4
23 60 1
23 61 1
23 62 4
23 63 1
23 64 5
23 65 5
23 66 2
23 67 4
23 68 1
23 69 5
23 70 4
23 71 1
23 72 4
23 73 2
23 74 1
23 75 4
23 76 1
23 77 5
23 78 3
23 79 4
23 80 2
23 81 2
23 82 1
23 83 1
23 84 1
23 85 5
23 86 5
23 87 5
23 88 4
23 89 5
23 90 1
23 91 4
23 92 1
23 93 3
23 94 4
23 95 4
23 96 2
23 97 3
23 98 2
23 99 1
23 100 5
24 25 1
24 26 3
24 27 1
24 28 5
24 29 4
24 30 5
24 31 2
24 32 5
24 33 3
24 34 3
24 35 2
24 36 4
24 37 4
24 38 2
24 39 4
24 40 1
24 41 2
24 42 2
24 43 3
24 44 2
24 45 2
24 46 1
24 47 3
24 48 2
24 49 1
24 50 3
24 51 4
24 52 3
24 53 5
24 54 2
24 55 2
24 56 4
24 57 2
24 58 3
24 59 1
24 60 1
24 61 1
24 62 3
24 63 4
24 64 3
24 65 3
24 66 4
24 67 3
24 68 3
24 69 1
24 70 5
24 71 1
24 72 5
24 73 5
24 74 5
24 75 5
24 76 3
24 77 1
24 78 5
24 79 4
24 80 3
24 81 1
24 82 2
24 83 2
24 84 5
24 85 3
24 86 2
24 87 2
24 88 1
24 89 2
24 90 1
24 91 1
24 92 4
24 93 3
24 94 4
24 95 3
24 96 5
24 97 2
24 98 4
24 99 3
24 100 5
25 26 4
25 27 3
25 28 5
25 29 2
25 30 1
25 31 2
25 32 2
25 33 4
25 34 3
25 35 5
25 36 5
25 37 1
25 38 2
25 39 4
25 40 2
25 41 2
25 42 4
25 43 3
25 44 5
25 45 1
25 46 4
25 47 3
25 48 3
25 49 3
25 50 4
25 51 3
25 52 1
25 53 4
25 54 5
25 55 3
25 56 2
25 57 4
25 58 3
25 59 2
25 60 2
25 61 4
25 62 4
25 63 1
25 64 1
25 65 4
25 66 4
25 67 4
25 68 1
25 69 5
25 70 1
25 71 3
25 72 5
25 73 1
25 74 3
25 75 3
25 76 3
25 77 1
25 78 2
25 79 3
25 80 5
25 81 4
25 82 2
25 83 4
25 84 4
25 85 4
25 86 2
25 87 3
25 88 5
25 89 1
25 90 5
25 91 4
25 92 4
25 93 5
25 94 1
25 95 5
25 96 3
25 97 2
25 98 2
25 99 4
25 100 5
26 27 2
26 28 2
26 29 4
26 30 2
26 31 5
26 32 1
26 33 5
26 34 1
26 35 5
26 36 4
26 37 4
26 38 5
26 39 1
26 40 2
26 41 2
26 42 1
26 43 5
26 44 1
26 45 1
26 46 3
26 47 2
26 48 5
26 49 5
26 50 3
26 51 5
26 52 4
26 53 1
26 54 4
26 55 2
26 56 4
26 57 1
26 58 2
26 59 3
26 60 4
26 61 5
26 62 4
26 63 1
26 64 3
26 65 1
26 66 4
26 67 4
26 68 4
26 69 1
26 70 5
26 71 5
26 72 2
26 73 2
26 74 2
26 75 5
26 76 1
26 77 5
26 78 4
26 79 3
26 80 4
26 81 4
26 82 4
26 83 4
26 84 3
26 85 1
26 86 3
26 87 1
26 88 5
26 89 3
26 90 2
26 91 1
26 92 4
26 93 2
26 94 3
26 95 3
26 96 3
26 97 5
26 98 5
26 99 4
26 100 3
27 28 3
27 29 3
27 30 3
27 31 3
27 32 4
27 33 2
27 34 4
27 35 3
27 36 4
27 37 3
27 38 1
27 39 4
27 40 5
27 41 2
27 42 3
27 43 2
27 44 3
27 45 5
27 46 2
27 47 4
27 48 4
27 49 1
27 50 5
27 51 3
27 52 3
27 53 4
27 54 5
27 55 3
27 56 5
27 57 4
27 58 1
27 59 4
27 60 3
27 61 2
27 62 3
27 63 4
27 64 4
27 65 1
27 66 4
27 67 2
27 68 4
27 69 2
27 70 2
27 71 4
27 72 5
27 73 3
27 74 5
27 75 4
27 76 5
27 77 5
27 78 3
27 79 5
27 80 2
27 81 3
27 82 1
27 83 3
27 84 4
27 85 2
27 86 5
27 87 2
27 88 4
27 89 1
27 90 2
27 91 4
27 92 3
27 93 5
27 94 3
27 95 5
27 96 3
27 97 3
27 98 3
27 99 5
27 100 4
28 29 2
28 30 1
28 31 4
28 32 5
28 33 2
28 34 1
28 35 3
28 36 1
28 37 2
28 38 3
28 39 4
28 40 5
28 41 1
28 42 5
28 43 2
28 44 5
28 45 5
28 46 2
28 47 4
28 48 2
28 49 2
28 50 3
28 51 2
28 52 1
28 53 3
28 54 4
28 55 2
28 56 5
28 57 5
28 58 1
28 59 1
28 60 5
28 61 5
28 62 4
28 63 5
28 64 5
28 65 1
28 66 4
28 67 2
28 68 2
28 69 4
28 70 5
28 71 3
28 72 2
28 73 1
28 74 4
28 75 1
28 76 1
28 77 4
28 78 4
28 79 1
28 80 4
28 81 2
28 82 3
28 83 4
28 84 2
28 85 1
28 86 4
28 87 5
28 88 2
28 89 2
28 90 4
28 91 3
28 92 4
28 93 2
28 94 3
28 95 5
28 96 5
28 97 1
28 98 5
28 99 1
28 100 4
29 30 1
29 31 2
29 32 1
29 33 1
29 34 5
29 35 3
29 36 5
29 37 2
29 38 3
29 39 3
29 40 4
29 41 3
29 42 1
29 43 2
29 44 3
29 45 1
29 46 5
29 47 1
29 48 1
29 49 3
29 50 5
29 51 4
29 52 3
29 53 4
29 54 2
29 55 5
29 56 1
29 57 1
29 58 1
29 59 3
29 60 2
29 61 5
29 62 3
29 63 2
29 64 4
29 65 3
29 66 3
29 67 2
29 68 3
29 69 3
29 70 2
29 71 5
29 72 2
29 73 1
29 74 2
29 75 2
29 76 2
29 77 3
29 78 5
29 79 5
29 80 3
29 81 3
29 82 2
29 83 5
29 84 5
29 85 5
29 86 5
29 87 3
29 88 4
29 89 2
29 90 1
29 91 4
29 92 2
29 93 5
29 94 2
29 95 1
29 96 1
29 97 5
29 98 2
29 99 1
29 100 1
30 31 2
30 32 2
30 33 2
30 34 3
30 35 2
30 36 2
30 37 1
30 38 4
30 39 1
30 40 1
30 41 3
30 42 1
30 43 2
30 44 5
30 45 3
30 46 2
30 47 5
30 48 3
30 49 3
30 50 3
30 51 1
30 52 3
30 53 5
30 54 4
30 55 2
30 56 5
30 57 1
30 58 4
30 59 1
30 60 4
30 61 2
30 62 4
30 63 3
30 64 5
30 65 3
30 66 2
30 67 2
30 68 3
30 69 2
30 70 1
30 71 1
30 72 1
30 73 4
30 74 5
30 75 3
30 76 2
30 77 3
30 78 2
30 79 2
30 80 3
30 81 1
30 82 4
30 83 5
30 84 5
30 85 4
30 86 5
30 87 3
30 88 5
30 89 3
30 90 1
30 91 3
30 92 4
30 93 1
30 94 1
30 95 2
30 96 2
30 97 3
30 98 1
30 99 4
30 100 5
31 32 2
31 33 4
31 34 5
31 35 1
31 36 5
31 37 5
31 38 5
31 39 3
31 40 4
31 41 4
31 42 5
31 43 3
31 44 3
31 45 1
31 46 2
31 47 2
31 48 1
31 49 3
31 50 4
31 51 3
31 52 1
31 53 1
31 54 5
31 55 1
31 56 1
31 57 2
31 58 2
31 59 3
31 60 5
31 61 5
31 62 4
31 63 2
31 64 3
31 65 4
31 66 2
31 67 1
31 68 5
31 69 5
31 70 4
31 71 2
31 72 5
31 73 3
31 74 4
31 75 4
31 76 4
31 77 4
31 78 2
31 79 3
31 80 4
31 81 3
31 82 5
31 83 2
31 84 5
31 85 1
31 86 5
31 87 1
31 88 1
31 89 3
31 90 4
31 91 4
31 92 2
31 93 5
31 94 3
31 95 5
31 96 5
31 97 5
31 98 4
31 99 3
31 100 4
32 33 1
32 34 3
32 35 3
32 36 1
32 37 2
32 38 4
32 39 3
32 40 1
32 41 1
32 42 3
32 43 1
32 44 5
32 45 3
32 46 4
32 47 1
32 48 2
32 49 5
32 50 2
32 51 2
32 52 4
32 53 5
32 54 1
32 55 1
32 56 1
32 57 1
32 58 5
32 59 3
32 60 3
32 61 5
32 62 1
32 63 1
32 64 3
32 65 4
32 66 4
32 67 4
32 68 5
32 69 5
32 70 5
32 71 3
32 72 1
32 73 3
32 74 1
32 75 3
32 76 2
32 77 1
32 78 5
32 79 2
32 80 4
32 81 5
32 82 4
32 83 2
32 84 3
32 85 3
32 86 3
32 87 1
32 88 3
32 89 4
32 90 3
32 91 1
32 92 3
32 93 1
32 94 3
32 95 4
32 96 3
32 97 2
32 98 4
32 99 4
32 100 4
33 34 3
33 35 2
33 36 1
33 37 5
33 38 4
33 39 5
33 40 5
33 41 1
33 42 1
33 43 5
33 44 1
33 45 1
33 46 2
33 47 3
33 48 5
33 49 5
33 50 4
33 51 5
33 52 3
33 53 3
33 54 5
33 55 2
33 56 2
33 57 5
33 58 3
33 59 1
33 60 3
33 61 3
33 62 1
33 63 5
33 64 2
33 65 1
33 66 3
33 67 5
33 68 3
33 69 1
33 70 3
33 71 5
33 72 3
33 73 3
33 74 3
33 75 1
33 76 4
33 77 1
33 78 4
33 79 5
33 80 4
33 81 1
33 82 3
33 83 5
33 84 1
33 85 5
33 86 1
33 87 2
33 88 5
33 89 5
33 90 4
33 91 5
33 92 1
33 93 4
33 94 2
33 95 4
33 96 5
33 97 1
33 98 3
33 99 2
33 100 5
34 35 1
34 36 4
34 37 1
34 38 4
34 39 3
34 40 2
34 41 1
34 42 2
34 43 2
34 44 4
34 45 2
34 46 3
34 47 1
34 48 4
34 49 1
34 50 4
34 51 2
34 52 2
34 53 4
34 54 4
34 55 3
34 56 1
34 57 1
34 58 3
34 59 5
34 60 5
34 61 2
34 62 2
34 63 4
34 64 5
34 65 2
34 66 4
34 67 2
34 68 2
34 69 2
34 70 4
34 71 4
34 72 2
34 73 4
34 74 5
34 75 3
34 76 2
34 77 1
34 78 3
34 79 2
34 80 5
34 81 2
34 82 4
34 83 4
34 84 2
34 85 2
34 86 5
34 87 4
34 88 5
34 89 4
34 90 2
34 91 3
34 92 4
34 93 4
34 94 5
34 95 1
34 96 2
34 97 1
34 98 3
34 99 4
34 100 1
35 36 4
35 37 2
35 38 1
35 39 5
35 40 2
35 41 3
35 42 4
35 43 1
35 44 5
35 45 2
35 46 1
35 47 1
35 48 5
35 49 2
35 50 4
35 51 2
35 52 3
35 53 5
35 54 3
35 55 2
35 56 3
35 57 1
35 58 2
35 59 5
35 60 5
35 61 1
35 62 5
35 63 1
35 64 4
35 65 4
35 66 3
35 67 1
35 68 4
35 69 4
35 70 4
35 71 1
35 72 2
35 73 3
35 74 1
35 75 1
35 76 1
35 77 3
35 78 3
35 79 5
35 80 5
35 81 5
35 82 3
35 83 2
35 84 1
35 85 5
35 86 2
35 87 2
35 88 1
35 89 1
35 90 1
35 91 4
35 92 3
35 93 2
35 94 3
35 95 4
35 96 5
35 97 5
35 98 5
35 99 5
35 100 5
36 37 4
36 38 2
36 39 3
36 40 4
36 41 3
36 42 1
36 43 3
36 44 3
36 45 5
36 46 2
36 47 4
36 48 3
36 49 4
36 50 5
36 51 4
36 52 5
36 53 3
36 54 5
36 55 3
36 56 3
36 57 4
36 58 3
36 59 3
36 60 1
36 61 5
36 62 5
36 63 5
36 64 3
36 65 2
36 66 5
36 67 3
36 68 2
36 69 4
36 70 4
36 71 3
36 72 4
36 73 1
36 74 4
36 75 3
36 76 5
36 77 4
36 78 1
36 79 5
36 80 1
36 81 3
36 82 5
36 83 5
36 84 4
36 85 3
36 86 2
36 87 2
36 88 2
36 89 1
36 90 3
36 91 5
36 92 2
36 93 3
36 94 2
36 95 5
36 96 1
36 97 1
36 98 1
36 99 1
36 100 4
37 38 5
37 39 1
37 40 5
37 41 3
37 42 5
37 43 5
37 44 3
37 45 1
37 46 3
37 47 3
37 48 5
37 49 5
37 50 4
37 51 4
37 52 4
37 53 5
37 54 2
37 55 2
37 56 3
37 57 1
37 58 2
37 59 5
37 60 3
37 61 5
37 62 1
37 63 3
37 64 4
37 65 1
37 66 5
37 67 3
37 68 4
37 69 3
37 70 4
37 71 1
37 72 5
37 73 3
37 74 4
37 75 4
37 76 2
37 77 2
37 78 3
37 79 2
37 80 4
37 81 3
37 82 5
37 83 5
37 84 5
37 85 5
37 86 2
37 87 4
37 88 3
37 89 5
37 90 3
37 91 5
37 92 5
37 93 4
37 94 2
37 95 3
37 96 1
37 97 1
37 98 4
37 99 2
37 100 3
38 39 3
38 40 4
38 41 3
38 42 3
38 43 5
38 44 5
38 45 3
38 46 2
38 47 3
38 48 2
38 49 1
38 50 3
38 51 1
38 52 2
38 53 3
38 54 3
38 55 2
38 56 3
38 57 3
38 58 4
38 59 2
38 60 2
38 61 4
38 62 2
38 63 5
38 64 4
38 65 4
38 66 3
38 67 5
38 68 3
38 69 3
38 70 4
38 71 5
38 72 1
38 73 2
38 74 1
38 75 3
38 76 2
38 77 5
38 78 3
38 79 3
38 80 2
38 81 3
38 82 4
38 83 2
38 84 2
38 85 2
38 86 1
38 87 5
38 88 4
38 89 1
38 90 2
38 91 1
38 92 3
38 93 4
38 94 1
38 95 2
38 96 2
38 97 5
38 98 4
38 99 5
38 100 1
39 40 5
39 41 3
39 42 2
39 43 2
39 44 4
39 45 3
39 46 4
39 47 3
39 48 5
39 49 3
39 50 1
39 51 5
39 52 3
39 53 1
39 54 2
39 55 1
39 56 3
39 57 2
39 58 4
39 59 5
39 60 3
39 61 2
39 62 5
39 63 4
39 64 4
39 65 5
39 66 2
39 67 3
39 68 2
39 69 4
39 70 3
39 71 4
39 72 3
39 73 5
39 74 2
39 75 1
39 76 3
39 77 1
39 78 4
39 79 5
39 80 5
39 81 2
39 82 4
39 83 2
39 84 3
39 85 3
39 86 5
39 87 2
39 88 3
39 89 2
39 90 3
39 91 5
39 92 3
39 93 3
39 94 3
39 95 1
39 96 5
39 97 1
39 98 3
39 99 2
39 100 3
40 41 4
40 42 1
40 43 5
40 44 5
40 45 2
40 46 5
40 47 5
40 48 1
40 49 2
40 50 3
40 51 1
40 52 3
40 53 1
40 54 1
40 55 2
40 56 2
40 57 1
40 58 3
40 59 2
40 60 3
40 61 3
40 62 2
40 63 3
40 64 2
40 65 2
40 66 3
40 67 3
40 68 1
40 69 4
40 70 2
40 71 5
40 72 3
40 73 4
40 74 5
40 75 3
40 76 4
40 77 2
40 78 1
40 79 2
40 80 1
40 81 5
40 82 4
40 83 2
40 84 5
40 85 5
40 86 5
40 87 2
40 88 2
40 89 4
40 90 4
40 91 4
40 92 4
40 93 3
40 94 5
40 95 3
40 96 3
40 97 4
40 98 1
40 99 2
40 100 2
41 42 1
41 43 5
41 44 4
41 45 2
41 46 1
41 47 5
41 48 1
41 49 1
41 50 1
41 51 4
41 52 1
41 53 3
41 54 3
41 55 3
41 56 1
41 57 1
41 58 2
41 59 1
41 60 2
41 61 2
41 62 2
41 63 4
41 64 4
41 65 3
41 66 2
41 67 3
41 68 5
41 69 4
41 70 1
41 71 2
41 72 5
41 73 2
41 74 4
41 75 4
41 76 3
41 77 4
41 78 4
41 79 3
41 80 1
41 81 2
41 82 3
41 83 4
41 84 4
41 85 1
41 86 2
41 87 4
41 88 3
41 89 2
41 90 2
41 91 2
41 92 1
41 93 4
41 94 3
41 95 4
41 96 2
41 97 2
41 98 2
41 99 3
41 100 3
42 43 1
42 44 5
42 45 1
42 46 4
42 47 4
42 48 4
42 49 2
42 50 1
42 51 4
42 52 5
42 53 3
42 54 4
42 55 5
42 56 2
42 57 2
42 58 4
42 59 4
42 60 4
42 61 2
42 62 2
42 63 2
42 64 5
42 65 4
42 66 1
42 67 5
42 68 3
42 69 4
42 70 4
42 71 1
42 72 2
42 73 4
42 74 3
42 75 3
42 76 3
42 77 4
42 78 5
42 79 1
42 80 5
42 81 4
42 82 5
42 83 3
42 84 2
42 85 4
42 86 5
42 87 4
42 88 1
42 89 4
42 90 5
42 91 4
42 92 2
42 93 4
42 94 1
42 95 1
42 96 2
42 97 1
42 98 2
42 99 1
42 100 4
43 44 5
43 45 1
43 46 4
43 47 4
43 48 3
43 49 1
43 50 4
43 51 2
43 52 3
43 53 4
43 54 3
43 55 1
43 56 1
43 57 5
43 58 4
43 59 5
43 60 3
43 61 2
43 62 2
43 63 4
43 64 3
43 65 1
43 66 5
43 67 3
43 68 5
43 69 1
43 70 5
43 71 3
43 72 1
43 73 1
43 74 1
43 75 2
43 76 3
43 77 3
43 78 3
43 79 4
43 80 3
43 81 4
43 82 3
43 83 5
43 84 1
43 85 2
43 86 3
43 87 2
43 88 5
43 89 5
43 90 4
43 91 2
43 92 4
43 93 2
43 94 4
43 95 5
43 96 4
43 97 2
43 98 3
43 99 4
43 100 4
44 45 1
44 46 1
44 47 1
44 48 2
44 49 4
44 50 4
44 51 3
44 52 1
44 53 3
44 54 4
44 55 4
44 56 1
44 57 2
44 58 5
44 59 4
44 60 2
44 61 5
44 62 2
44 63 2
44 64 4
44 65 1
44 66 4
44 67 2
44 68 5
44 69 5
44 70 1
44 71 2
44 72 3
44 73 5
44 74 4
44 75 4
44 76 4
44 77 3
44 78 5
44 79 1
44 80 3
44 81 5
44 82 2
44 83 4
44 84 2
44 85 4
44 86 5
44 87 3
44 88 2
44 89 5
44 90 3
44 91 1
44 92 4
44 93 2
44 94 4
44 95 5
44 96 1
44 97 5
44 98 1
44 99 2
44 100 5
45 46 4
45 47 1
45 48 3
45 49 1
45 50 4
45 51 2
45 52 3
45 53 2
45 54 5
45 55 1
45 56 3
45 57 2
45 58 1
45 59 1
45 60 5
45 61 4
45 62 5
45 63 5
45 64 4
45 65 3
45 66 2
45 67 3
45 68 4
45 69 4
45 70 3
45 71 5
45 72 3
45 73 4
45 74 4
45 75 1
45 76 1
45 77 3
45 78 4
45 79 2
45 80 1
45 81 2
45 82 3
45 83 2
45 84 2
45 85 4
45 86 5
45 87 1
45 88 1
45 89 3
45 90 2
45 91 4
45 92 4
45 93 1
45 94 1
45 95 1
45 96 3
45 97 5
45 98 1
45 99 3
45 100 3
46 47 2
46 48 1
46 49 5
46 50 4
46 51 3
46 52 3
46 53 2
46 54 4
46 55 2
46 56 4
46 57 1
46 58 4
46 59 1
46 60 3
46 61 3
46 62 5
46 63 3
46 64 5
46 65 1
46 66 4
46 67 4
46 68 3
46 69 1
46 70 4
46 71 4
46 72 5
46 73 4
46 74 2
46 75 4
46 76 1
46 77 3
46 78 2
46 79 2
46 80 2
46 81 1
46 82 4
46 83 1
46 84 3
46 85 4
46 86 2
46 87 3
46 88 5
46 89 5
46 90 2
46 91 4
46 92 1
46 93 1
46 94 2
46 95 5
46 96 2
46 97 2
46 98 5
46 99 2
46 100 5
47 48 5
47 49 4
47 50 5
47 51 2
47 52 4
47 53 3
47 54 3
47 55 3
47 56 3
47 57 1
47 58 1
47 59 5
47 60 1
47 61 4
47 62 5
47 63 2
47 64 1
47 65 3
47 66 2
47 67 1
47 68 1
47 69 2
47 70 3
47 71 5
47 72 2
47 73 4
47 74 2
47 75 3
47 76 5
47 77 4
47 78 5
47 79 5
47 80 1
47 81 1
47 82 1
47 83 4
47 84 2
47 85 3
47 86 2
47 87 4
47 88 2
47 89 3
47 90 4
47 91 5
47 92 2
47 93 5
47 94 2
47 95 4
47 96 1
47 97 5
47 98 3
47 99 5
47 100 3
48 49 2
48 50 2
48 51 4
48 52 5
48 53 3
48 54 3
48 55 2
48 56 4
48 57 1
48 58 2
48 59 3
48 60 5
48 61 4
48 62 3
48 63 1
48 64 3
48 65 4
48 66 1
48 67 5
48 68 3
48 69 3
48 70 2
48 71 5
48 72 5
48 73 2
48 74 4
48 75 3
48 76 2
48 77 2
48 78 2
48 79 1
48 80 2
48 81 5
48 82 4
48 83 1
48 84 3
48 85 4
48 86 4
48 87 2
48 88 4
48 89 3
48 90 2
48 91 3
48 92 3
48 93 1
48 94 3
48 95 5
48 96 4
48 97 2
48 98 5
48 99 3
48 100 3
49 50 4
49 51 2
49 52 5
49 53 1
49 54 3
49 55 1
49 56 4
49 57 3
49 58 2
49 59 1
49 60 1
49 61 5
49 62 5
49 63 3
49 64 2
49 65 1
49 66 1
49 67 4
49 68 1
49 69 4
49 70 3
49 71 4
49 72 2
49 73 1
49 74 3
49 75 2
49 76 1
49 77 1
49 78 2
49 79 4
49 80 5
49 81 2
49 82 5
49 83 4
49 84 4
49 85 2
49 86 3
49 87 3
49 88 5
49 89 1
49 90 1
49 91 2
49 92 1
49 93 3
49 94 5
49 95 1
49 96 2
49 97 1
49 98 2
49 99 4
49 100 1
50 51 5
50 52 4
50 53 5
50 54 4
50 55 5
50 56 3
50 57 2
50 58 1
50 59 5
50 60 2
50 61 4
50 62 2
50 63 4
50 64 5
50 65 2
50 66 4
50 67 1
50 68 1
50 69 1
50 70 2
50 71 4
50 72 4
50 73 4
50 74 2
50 75 4
50 76 4
50 77 2
50 78 3
50 79 4
50 80 1
50 81 5
50 82 5
50 83 5
50 84 3
50 85 3
50 86 1
50 87 3
50 88 1
50 89 4
50 90 2
50 91 1
50 92 4
50 93 4
50 94 3
50 95 1
50 96 2
50 97 1
50 98 3
50 99 2
50 100 3
51 52 4
51 53 3
51 54 1
51 55 3
51 56 3
51 57 2
51 58 3
51 59 5
51 60 3
51 61 4
51 62 3
51 63 3
51 64 5
51 65 2
51 66 1
51 67 3
51 68 2
51 69 3
51 70 2
51 71 2
51 72 1
51 73 2
51 74 1
51 75 2
51 76 2
51 77 5
51 78 2
51 79 5
51 80 2
51 81 3
51 82 3
51 83 5
51 84 1
51 85 3
51 86 5
51 87 5
51 88 1
51 89 4
51 90 2
51 91 4
51 92 5
51 93 3
51 94 2
51 95 2
51 96 2
51 97 5
51 98 5
51 99 3
51 100 5
52 53 3
52 54 1
52 55 4
52 56 4
52 57 5
52 58 4
52 59 1
52 60 4
52 61 5
52 62 3
52 63 2
52 64 5
52 65 1
52 66 4
52 67 4
52 68 3
52 69 3
52 70 5
52 71 2
52 72 2
52 73 1
52 74 5
52 75 2
52 76 4
52 77 1
52 78 5
52 79 3
52 80 1
52 81 3
52 82 5
52 83 2
52 84 1
52 85 5
52 86 2
52 87 3
52 88 3
52 89 5
52 90 2
52 91 3
52 92 2
52 93 1
52 94 2
52 95 5
52 96 3
52 97 5
52 98 2
52 99 4
52 100 2
53 54 4
53 55 1
53 56 4
53 57 1
53 58 1
53 59 1
53 60 4
53 61 1
53 62 1
53 63 5
53 64 4
53 65 4
53 66 5
53 67 5
53 68 3
53 69 1
53 70 1
53 71 1
53 72 1
53 73 5
53 74 2
53 75 4
53 76 5
53 77 1
53 78 3
53 79 3
53 80 4
53 81 1
53 82 4
53 83 1
53 84 4
53 85 5
53 86 2
53 87 1
53 88 2
53 89 2
53 90 3
53 91 4
53 92 2
53 93 1
53 94 2
53 95 3
53 96 4
53 97 1
53 98 2
53 99 3
53 100 2
54 55 5
54 56 4
54 57 3
54 58 5
54 59 4
54 60 1
54 61 4
54 62 2
54 63 4
54 64 3
54 65 4
54 66 2
54 67 2
54 68 1
54 69 4
54 70 3
54 71 3
54 72 1
54 73 3
54 74 1
54 75 5
54 76 3
54 77 2
54 78 2
54 79 4
54 80 2
54 81 1
54 82 3
54 83 3
54 84 1
54 85 4
54 86 5
54 87 1
54 88 5
54 89 1
54 90 4
54 91 3
54 92 5
54 93 2
54 94 2
54 95 3
54 96 1
54 97 5
54 98 2
54 99 1
54 100 4
55 56 2
55 57 1
55 58 4
55 59 1
55 60 2
55 61 2
55 62 3
55 63 3
55 64 5
55 65 5
55 66 2
55 67 3
55 68 4
55 69 5
55 70 1
55 71 2
55 72 4
55 73 3
55 74 1
55 75 5
55 76 2
55 77 3
55 78 2
55 79 1
55 80 1
55 81 1
55 82 1
55 83 2
55 84 1
55 85 5
55 86 3
55 87 3
55 88 4
55 89 4
55 90 5
55 91 1
55 92 5
55 93 4
55 94 2
55 95 2
55 96 5
55 97 2
55 98 3
55 99 3
55 100 4
56 57 2
56 58 5
56 59 3
56 60 1
56 61 5
56 62 3
56 63 3
56 64 2
56 65 5
56 66 2
56 67 3
56 68 4
56 69 5
56 70 1
56 71 4
56 72 4
56 73 5
56 74 2
56 75 2
56 76 3
56 77 4
56 78 3
56 79 5
56 80 4
56 81 2
56 82 3
56 83 5
56 84 1
56 85 3
56 86 1
56 87 5
56 88 2
56 89 4
56 90 3
56 91 1
56 92 5
56 93 5
56 94 4
56 95 5
56 96 1
56 97 5
56 98 1
56 99 4
56 100 2
57 58 3
57 59 4
57 60 4
57 61 1
57 62 5
57 63 1
57 64 1
57 65 1
57 66 5
57 67 5
57 68 2
57 69 3
57 70 1
57 71 5
57 72 3
57 73 4
57 74 1
57 75 1
57 76 4
57 77 3
57 78 1
57 79 1
57 80 2
57 81 1
57 82 5
57 83 2
57 84 2
57 85 4
57 86 4
57 87 2
57 88 4
57 89 4
57 90 2
57 91 5
57 92 5
57 93 4
57 94 3
57 95 2
57 96 5
57 97 2
57 98 5
57 99 3
57 100 2
58 59 3
58 60 4
58 61 4
58 62 1
58 63 1
58 64 2
58 65 4
58 66 4
58 67 2
58 68 5
58 69 5
58 70 2
58 71 1
58 72 5
58 73 4
58 74 3
58 75 5
58 76 4
58 77 3
58 78 1
58 79 3
58 80 1
58 81 4
58 82 3
58 83 2
58 84 5
58 85 4
58 86 2
58 87 2
58 88 1
58 89 5
58 90 2
58 91 1
58 92 1
58 93 5
58 94 2
58 95 2
58 96 1
58 97 1
58 98 1
58 99 4
58 100 5
59 60 1
59 61 2
59 62 2
59 63 1
59 64 4
59 65 2
59 66 5
59 67 4
59 68 2
59 69 3
59 70 5
59 71 1
59 72 5
59 73 1
59 74 5
59 75 4
59 76 3
59 77 3
59 78 5
59 79 4
59 80 2
59 81 5
59 82 5
59 83 3
59 84 2
59 85 4
59 86 4
59 87 1
59 88 4
59 89 2
59 90 3
59 91 4
59 92 2
59 93 5
59 94 5
59 95 5
59 96 2
59 97 3
59 98 2
59 99 3
59 100 5
60 61 2
60 62 3
60 63 3
60 64 1
60 65 3
60 66 4
60 67 3
60 68 3
60 69 5
60 70 1
60 71 4
60 72 3
60 73 2
60 74 3
60 75 5
60 76 3
60 77 3
60 78 1
60 79 2
60 80 5
60 81 4
60 82 3
60 83 3
60 84 1
60 85 4
60 86 4
60 87 1
60 88 2
60 89 4
60 90 4
60 91 1
60 92 4
60 93 2
60 94 2
60 95 4
60 96 3
60 97 3
60 98 1
60 99 2
60 100 4
61 62 5
61 63 4
61 64 1
61 65 5
61 66 4
61 67 1
61 68 1
61 69 4
61 70 2
61 71 2
61 72 2
61 73 2
61 74 2
61 75 2
61 76 4
61 77 4
61 78 4
61 79 4
61 80 4
61 81 5
61 82 1
61 83 1
61 84 4
61 85 5
61 86 3
61 87 2
61 88 2
61 89 4
61 90 2
61 91 2
61 92 5
61 93 3
61 94 2
61 95 1
61 96 4
61 97 3
61 98 2
61 99 2
61 100 1
62 63 1
62 64 4
62 65 1
62 66 4
62 67 5
62 68 2
62 69 4
62 70 4
62 71 5
62 72 2
62 73 3
62 74 4
62 75 4
62 76 3
62 77 1
62 78 1
62 79 1
62 80 2
62 81 3
62 82 2
62 83 1
62 84 3
62 85 4
62 86 4
62 87 2
62 88 1
62 89 5
62 90 1
62 91 3
62 92 1
62 93 5
62 94 2
62 95 5
62 96 4
62 97 5
62 98 1
62 99 1
62 100 3
63 64 5
63 65 1
63 66 5
63 67 1
63 68 4
63 69 4
63 70 1
63 71 1
63 72 3
63 73 5
63 74 2
63 75 5
63 76 2
63 77 2
63 78 1
63 79 1
63 80 1
63 81 2
63 82 1
63 83 5
63 84 2
63 85 5
63 86 1
63 87 1
63 88 4
63 89 2
63 90 2
63 91 3
63 92 1
63 93 3
63 94 1
63 95 4
63 96 3
63 97 4
63 98 5
63 99 4
63 100 4
64 65 1
64 66 1
64 67 3
64 68 2
64 69 4
64 70 1
64 71 5
64 72 4
64 73 3
64 74 4
64 75 1
64 76 5
64 77 3
64 78 5
64 79 5
64 80 4
64 81 4
64 82 5
64 83 2
64 84 2
64 85 2
64 86 2
64 87 3
64 88 2
64 89 2
64 90 3
64 91 2
64 92 2
64 93 1
64 94 5
64 95 4
64 96 1
64 97 2
64 98 4
64 99 2
64 100 5
65 66 1
65 67 2
65 68 1
65 69 2
65 70 4
65 71 1
65 72 4
65 73 3
65 74 4
65 75 2
65 76 2
65 77 5
65 78 1
65 79 5
65 80 4
65 81 3
65 82 1
65 83 5
65 84 1
65 85 1
65 86 1
65 87 5
65 88 5
65 89 2
65 90 2
65 91 2
65 92 5
65 93 4
65 94 1
65 95 5
65 96 2
65 97 1
65 98 3
65 99 1
65 100 2
66 67 3
66 68 3
66 69 4
66 70 3
66 71 2
66 72 3
66 73 3
66 74 1
66 75 2
66 76 1
66 77 4
66 78 4
66 79 2
66 80 5
66 81 3
66 82 5
66 83 1
66 84 3
66 85 5
66 86 4
66 87 4
66 88 3
66 89 2
66 90 3
66 91 3
66 92 5
66 93 5
66 94 2
66 95 4
66 96 4
66 97 1
66 98 5
66 99 4
66 100 1
67 68 2
67 69 5
67 70 1
67 71 3
67 72 1
67 73 3
67 74 2
67 75 3
67 76 3
67 77 3
67 78 5
67 79 3
67 80 3
67 81 3
67 82 1
67 83 3
67 84 4
67 85 1
67 86 2
67 87 1
67 88 5
67 89 5
67 90 1
67 91 3
67 92 4
67 93 3
67 94 2
67 95 4
67 96 5
67 97 4
67 98 2
67 99 2
67 100 3
68 69 3
68 70 5
68 71 1
68 72 2
68 73 3
68 74 5
68 75 1
68 76 2
68 77 1
68 78 2
68 79 5
68 80 1
68 81 3
68 82 2
68 83 2
68 84 3
68 85 3
68 86 1
68 87 1
68 88 3
68 89 2
68 90 5
68 91 2
68 92 2
68 93 1
68 94 2
68 95 2
68 96 3
68 97 2
68 98 5
68 99 1
68 100 1
69 70 4
69 71 5
69 72 3
69 73 5
69 74 4
69 75 1
69 76 3
69 77 4
69 78 3
69 79 5
69 80 5
69 81 1
69 82 4
69 83 2
69 84 5
69 85 5
69 86 2
69 87 1
69 88 1
69 89 3
69 90 5
69 91 3
69 92 5
69 93 2
69 94 2
69 95 1
69 96 2
69 97 1
69 98 2
69 99 5
69 100 5
70 71 1
70 72 4
70 73 5
70 74 1
70 75 2
70 76 5
70 77 4
70 78 2
70 79 2
70 80 4
70 81 1
70 82 1
70 83 3
70 84 2
70 85 1
70 86 2
70 87 3
70 88 4
70 89 2
70 90 4
70 91 3
70 92 1
70 93 2
70 94 4
70 95 4
70 96 4
70 97 2
70 98 2
70 99 4
70 100 5
71 72 1
71 73 3
71 74 4
71 75 2
71 76 5
71 77 3
71 78 2
71 79 2
71 80 4
71 81 3
71 82 5
71 83 4
71 84 2
71 85 4
71 86 1
71 87 5
71 88 5
71 89 5
71 90 2
71 91 1
71 92 2
71 93 4
71 94 4
71 95 2
71 96 5
71 97 3
71 98 4
71 99 5
71 100 4
72 73 5
72 74 1
72 75 3
72 76 1
72 77 1
72 78 4
72 79 2
72 80 3
72 81 5
72 82 1
72 83 2
72 84 2
72 85 4
72 86 4
72 87 1
72 88 2
72 89 5
72 90 1
72 91 2
72 92 3
72 93 2
72 94 3
72 95 2
72 96 4
72 97 2
72 98 1
72 99 1
72 100 1
73 74 2
73 75 2
73 76 3
73 77 3
73 78 1
73 79 4
73 80 5
73 81 4
73 82 5
73 83 2
73 84 3
73 85 2
73 86 2
73 87 5
73 88 4
73 89 5
73 90 3
73 91 3
73 92 5
73 93 2
73 94 3
73 95 2
73 96 4
73 97 1
73 98 4
73 99 3
73 100 2
74 75 2
74 76 5
74 77 4
74 78 4
74 79 5
74 80 2
74 81 4
74 82 2
74 83 2
74 84 3
74 85 3
74 86 4
74 87 2
74 88 3
74 89 3
74 90 1
74 91 2
74 92 5
74 93 3
74 94 5
74 95 4
74 96 1
74 97 2
74 98 4
74 99 4
74 100 2
75 76 4
75 77 1
75 78 5
75 79 3
75 80 5
75 81 3
75 82 1
75 83 4
75 84 5
75 85 3
75 86 3
75 87 3
75 88 2
75 89 3
75 90 2
75 91 5
75 92 1
75 93 4
75 94 3
75 95 4
75 96 4
75 97 5
75 98 1
75 99 4
75 100 5
76 77 5
76 78 4
76 79 1
76 80 2
76 81 5
76 82 5
76 83 1
76 84 2
76 85 3
76 86 2
76 87 1
76 88 3
76 89 2
76 90 4
76 91 5
76 92 4
76 93 5
76 94 5
76 95 5
76 96 1
76 97 3
76 98 4
76 99 1
76 100 5
77 78 5
77 79 3
77 80 1
77 81 1
77 82 1
77 83 1
77 84 5
77 85 1
77 86 3
77 87 2
77 88 5
77 89 4
77 90 3
77 91 2
77 92 3
77 93 4
77 94 3
77 95 5
77 96 5
77 97 4
77 98 1
77 99 5
77 100 5
78 79 1
78 80 4
78 81 2
78 82 2
78 83 3
78 84 2
78 85 5
78 86 2
78 87 1
78 88 2
78 89 2
78 90 2
78 91 2
78 92 4
78 93 3
78 94 2
78 95 5
78 96 1
78 97 1
78 98 5
78 99 4
78 100 2
79 80 2
79 81 3
79 82 1
79 83 3
79 84 4
79 85 2
79 86 1
79 87 5
79 88 5
79 89 3
79 90 3
79 91 3
79 92 3
79 93 3
79 94 5
79 95 1
79 96 4
79 97 4
79 98 4
79 99 2
79 100 2
80 81 4
80 82 2
80 83 4
80 84 4
80 85 4
80 86 3
80 87 1
80 88 5
80 89 2
80 90 2
80 91 1
80 92 3
80 93 5
80 94 5
80 95 3
80 96 5
80 97 4
80 98 2
80 99 5
80 100 1
81 82 1
81 83 1
81 84 2
81 85 5
81 86 3
81 87 1
81 88 4
81 89 2
81 90 3
81 91 2
81 92 4
81 93 4
81 94 5
81 95 1
81 96 3
81 97 5
81 98 4
81 99 5
81 100 2
82 83 5
82 84 2
82 85 2
82 86 2
82 87 5
82 88 5
82 89 2
82 90 5
82 91 4
82 92 2
82 93 4
82 94 3
82 95 1
82 96 3
82 97 1
82 98 3
82 99 2
82 100 4
83 84 4
83 85 3
83 86 2
83 87 5
83 88 4
83 89 3
83 90 3
83 91 2
83 92 5
83 93 3
83 94 3
83 95 5
83 96 2
83 97 5
83 98 4
83 99 5
83 100 5
84 85 1
84 86 2
84 87 5
84 88 1
84 89 2
84 90 4
84 91 2
84 92 3
84 93 4
84 94 4
84 95 1
84 96 2
84 97 3
84 98 5
84 99 4
84 100 4
85 86 1
85 87 2
85 88 5
85 89 3
85 90 3
85 91 2
85 92 2
85 93 4
85 94 3
85 95 2
85 96 2
85 97 1
85 98 2
85 99 3
85 100 4
86 87 1
86 88 4
86 89 3
86 90 4
86 91 2
86 92 4
86 93 4
86 94 1
86 95 1
86 96 3
86 97 2
86 98 2
86 99 2
86 100 4
87 88 2
87 89 4
87 90 4
87 91 2
87 92 3
87 93 2
87 94 1
87 95 4
87 96 2
87 97 5
87 98 5
87 99 4
87 100 3
88 89 1
88 90 1
88 91 1
88 92 1
88 93 3
88 94 4
88 95 1
88 96 5
88 97 5
88 98 5
88 99 4
88 100 2
89 90 1
89 91 2
89 92 4
89 93 1
89 94 1
89 95 3
89 96 3
89 97 3
89 98 5
89 99 5
89 100 1
90 91 2
90 92 3
90 93 4
90 94 2
90 95 2
90 96 5
90 97 2
90 98 2
90 99 4
90 100 5
91 92 1
91 93 5
91 94 3
91 95 3
91 96 3
91 97 5
91 98 1
91 99 1
91 100 5
92 93 5
92 94 4
92 95 5
92 96 4
92 97 4
92 98 4
92 99 1
92 100 1
93 94 3
93 95 1
93 96 1
93 97 5
93 98 2
93 99 1
93 100 5
94 95 5
94 96 1
94 97 2
94 98 2
94 99 1
94 100 1
95 96 2
95 97 5
95 98 4
95 99 1
95 100 5
96 97 1
96 98 1
96 99 5
96 100 1
97 98 2
97 99 3
97 100 4
98 99 1
98 100 2
99 100 2
