50 1225
1 2 4
1 3 3
1 4 1
1 5 5
1 6 1
1 7 2
1 8 3
1 9 5
1 10 2
1 11 5
1 12 5
1 13 2
1 14 3
1 15 2
1 16 2
1 17 1
1 18 3
1 19 2
1 20 3
1 21 3
1 22 2
1 23 2
1 24 2
1 25 5
1 26 5
1 27 4
1 28 5
1 29 4
1 30 5
1 31 1
1 32 4
1 33 3
1 34 1
1 35 5
1 36 2
1 37 4
1 38 2
1 39 1
1 40 2
1 41 1
1 42 1
1 43 4
1 44 3
1 45 5
1 46 2
1 47 1
1 48 1
1 49 2
1 50 4
2 3 4
2 4 5
2 5 5
2 6 3
2 7 4
2 8 1
2 9 2
2 10 5
2 11 3
2 12 3
2 13 3
2 14 4
2 15 4
2 16 3
2 17 2
2 18 4
2 19 2
2 20 5
2 21 2
2 22 3
2 23 2
2 24 5
2 25 3
2 26 4
2 27 1
2 28 2
2 29 1
2 30 4
2 31 5
2 32 5
2 33 3
2 34 1
2 35 1
2 36 3
2 37 1
2 38 2
2 39 4
2 40 1
2 41 1
2 42 2
2 43 1
2 44 3
2 45 4
2 46 3
2 47 4
2 48 2
2 49 3
2 50 2
3 4 4
3 5 2
3 6 1
3 7 1
3 8 4
3 9 1
3 10 5
3 11 4
3 12 1
3 13 4
3 14 5
3 15 4
3 16 4
3 17 3
3 18 4
3 19 5
3 20 3
3 21 1
3 22 5
3 23 1
3 24 3
3 25 1
3 26 2
3 27 3
3 28 5
3 29 3
3 30 2
3 31 4
3 32 2
3 33 2
3 34 4
3 35 4
3 36 3
3 37 5
3 38 3
3 39 4
3 40 3
3 41 4
3 42 1
3 43 1
3 44 4
3 45 5
3 46 4
3 47 2
3 48 5
3 49 2
3 50 1
4 5 5
4 6 1
4 7 2
4 8 4
4 9 4
4 10 3
4 11 1
4 12 1
4 13 3
4 14 3
4 15 5
4 16 2
4 17 5
4 18 2
4 19 3
4 20 4
4 21 1
4 22 3
4 23 1
4 24 3
4 25 2
4 26 4
4 27 5
4 28 2
4 29 4
4 30 3
4 31 2
4 32 5
4 33 4
4 34 5
4 35 5
4 36 3
4 37 3
4 38 2
4 39 1
4 40 5
4 41 3
4 42 3
4 43 4
4 44 1
4 45 2
4 46 3
4 47 4
4 48 4
4 49 1
4 50 5
5 6 1
5 7 4
5 8 1
5 9 3
5 10 1
5 11 1
5 12 5
5 13 1
5 14 2
5 15 3
5 16 4
5 17 5
5 18 1
5 19 2
5 20 1
5 21 3
5 22 1
5 23 3
5 24 4
5 25 2
5 26 3
5 27 5
5 28 3
5 29 3
5 30 1
5 31 2
5 32 5
5 33 3
5 34 1
5 35 2
5 36 5
5 37 5
5 38 4
5 39 2
5 40 4
5 41 5
5 42 2
5 43 2
5 44 1
5 45 3
5 46 1
5 47 1
5 48 3
5 49 1
5 50 5
6 7 5
6 8 1
6 9 5
6 10 5
6 11 5
6 12 5
6 13 1
6 14 3
6 15 1
6 16 4
6 17 5
6 18 1
6 19 3
6 20 5
6 21 2
6 22 4
6 23 2
6 24 4
6 25 3
6 26 2
6 27 2
6 28 2
6 29 1
6 30 2
6 31 5
6 32 4
6 33 1
6 34 2
6 35 1
6 36 3
6 37 1
6 38 1
6 39 1
6 40 3
6 41 1
6 42 2
6 43 5
6 44 3
6 45 1
6 46 4
6 47 2
6 48 4
6 49 1
6 50 1
7 8 5
7 9 3
7 10 3
7 11 4
7 12 5
7 13 3
7 14 1
7 15 2
7 16 3
7 17 1
7 18 1
7 19 5
7 20 5
7 21 3
7 22 2
7 23 2
7 24 2
7 25 3
7 26 1
7 27 5
7 28 1
7 29 4
7 30 3
7 31 3
7 32 5
7 33 1
7 34 4
7 35 2
7 36 5
7 37 2
7 38 2
7 39 4
7 40 3
7 41 5
7 42 1
7 43 3
7 44 5
7 45 2
7 46 5
7 47 1
7 48 5
7 49 5
7 50 3
8 9 3
8 10 1
8 11 2
8 12 5
8 13 5
8 14 4
8 15 4
8 16 3
8 17 4
8 18 3
8 19 1
8 20 2
8 21 1
8 22 1
8 23 5
8 24 4
8 25 3
8 26 1
8 27 3
8 28 5
8 29 2
8 30 4
8 31 5
8 32 2
8 33 5
8 34 4
8 35 3
8 36 5
8 37 1
8 38 3
8 39 4
8 40 1
8 41 4
8 42 3
8 43 3
8 44 3
8 45 4
8 46 5
8 47 1
8 48 3
8 49 1
8 50 1
9 10 3
9 11 4
9 12 2
9 13 1
9 14 3
9 15 4
9 16 3
9 17 5
9 18 1
9 19 1
9 20 2
9 21 5
9 22 2
9 23 1
9 24 1
9 25 2
9 26 2
9 27 3
9 28 2
9 29 3
9 30 1
9 31 3
9 32 4
9 33 5
9 34 2
9 35 2
9 36 1
9 37 3
9 38 5
9 39 2
9 40 1
9 41 5
9 42 5
9 43 1
9 44 3
9 45 1
9 46 1
9 47 3
9 48 4
9 49 2
9 50 1
10 11 1
10 12 1
10 13 4
10 14 4
10 15 1
10 16 4
10 17 1
10 18 2
10 19 3
10 20 5
10 21 4
10 22 2
10 23 5
10 24 1
10 25 4
10 26 1
10 27 2
10 28 1
10 29 3
10 30 5
10 31 3
10 32 5
10 33 5
10 34 2
10 35 4
10 36 1
10 37 4
10 38 4
10 39 3
10 40 2
10 41 4
10 42 4
10 43 1
10 44 2
10 45 2
10 46 1
10 47 2
10 48 5
10 49 2
10 50 2
11 12 3
11 13 5
11 14 4
11 15 1
11 16 3
11 17 3
11 18 4
11 19 5
11 20 3
11 21 5
11 22 2
11 23 2
11 24 3
11 25 4
11 26 2
11 27 3
11 28 2
11 29 5
11 30 2
11 31 3
11 32 3
11 33 2
11 34 2
11 35 2
11 36 5
11 37 2
11 38 1
11 39 4
11 40 5
11 41 1
11 42 5
11 43 1
11 44 3
11 45 5
11 46 5
11 47 4
11 48 4
11 49 2
11 50 4
12 13 5
12 14 1
12 15 1
12 16 4
12 17 5
12 18 1
12 19 1
12 20 1
12 21 5
12 22 5
12 23 3
12 24 2
12 25 3
12 26 2
12 27 2
12 28 3
12 29 2
12 30 4
12 31 2
12 32 5
12 33 2
12 34 3
12 35 3
12 36 1
12 37 5
12 38 5
12 39 2
12 40 3
12 41 5
12 42 3
12 43 2
12 44 1
12 45 2
12 46 3
12 47 1
12 48 5
12 49 4
12 50 3
13 14 5
13 15 4
13 16 5
13 17 1
13 18 3
13 19 1
13 20 3
13 21 3
13 22 3
13 23 1
13 24 5
13 25 5
13 26 4
13 27 2
13 28 5
13 29 5
13 30 3
13 31 4
13 32 4
13 33 3
13 34 3
13 35 5
13 36 2
13 37 2
13 38 2
13 39 3
13 40 2
13 41 4
13 42 2
13 43 1
13 44 5
13 45 2
13 46 1
13 47 4
13 48 1
13 49 2
13 50 2
14 15 3
14 16 1
14 17 1
14 18 4
14 19 1
14 20 2
14 21 3
14 22 4
14 23 1
14 24 5
14 25 2
14 26 5
14 27 1
14 28 5
14 29 2
14 30 3
14 31 2
14 32 2
14 33 2
14 34 4
14 35 3
14 36 4
14 37 2
14 38 2
14 39 1
14 40 1
14 41 2
14 42 5
14 43 1
14 44 3
14 45 1
14 46 4
14 47 5
14 48 2
14 49 2
14 50 4
15 16 2
15 17 1
15 18 4
15 19 3
15 20 3
15 21 2
15 22 5
15 23 1
15 24 3
15 25 4
15 26 2
15 27 5
15 28 5
15 29 2
15 30 4
15 31 4
15 32 3
15 33 2
15 34 1
15 35 2
15 36 4
15 37 2
15 38 3
15 39 4
15 40 2
15 41 2
15 42 2
15 43 4
15 44 3
15 45 5
15 46 5
15 47 1
15 48 3
15 49 2
15 50 2
16 17 5
16 18 3
16 19 1
16 20 3
16 21 3
16 22 4
16 23 4
16 24 2
16 25 4
16 26 5
16 27 1
16 28 1
16 29 3
16 30 5
16 31 1
16 32 3
16 33 2
16 34 4
16 35 4
16 36 2
16 37 2
16 38 4
16 39 1
16 40 1
16 41 5
16 42 2
16 43 5
16 44 1
16 45 4
16 46 4
16 47 5
16 48 1
16 49 2
16 50 3
17 18 4
17 19 4
17 20 5
17 21 4
17 22 2
17 23 3
17 24 2
17 25 4
17 26 5
17 27 2
17 28 5
17 29 3
17 30 1
17 31 5
17 32 3
17 33 3
17 34 1
17 35 2
17 36 3
17 37 2
17 38 1
17 39 2
17 40 4
17 41 3
17 42 5
17 43 5
17 44 2
17 45 1
17 46 5
17 47 5
17 48 5
17 49 4
17 50 5
18 19 3
18 20 2
18 21 3
18 22 3
18 23 1
18 24 1
18 25 3
18 26 5
18 27 4
18 28 3
18 29 2
18 30 1
18 31 4
18 32 2
18 33 4
18 34 2
18 35 5
18 36 5
18 37 1
18 38 2
18 39 1
18 40 4
18 41 1
18 42 2
18 43 1
18 44 1
18 45 2
18 46 1
18 47 2
18 48 2
18 49 5
18 50 2
19 20 3
19 21 3
19 22 2
19 23 2
19 24 4
19 25 1
19 26 4
19 27 3
19 28 4
19 29 3
19 30 3
19 31 4
19 32 1
19 33 4
19 34 1
19 35 2
19 36 3
19 37 1
19 38 5
19 39 5
19 40 5
19 41 2
19 42 1
19 43 2
19 44 5
19 45 2
19 46 4
19 47 5
19 48 3
19 49 4
19 50 4
20 21 4
20 22 4
20 23 1
20 24 2
20 25 3
20 26 5
20 27 5
20 28 2
20 29 5
20 30 2
20 31 2
20 32 4
20 33 1
20 34 1
20 35 4
20 36 4
20 37 1
20 38 4
20 39 4
20 40 2
20 41 3
20 42 2
20 43 5
20 44 4
20 45 2
20 46 2
20 47 3
20 48 2
20 49 4
20 50 3
21 22 2
21 23 5
21 24 2
21 25 5
21 26 2
21 27 4
21 28 4
21 29 1
21 30 5
21 31 5
21 32 2
21 33 4
21 34 2
21 35 1
21 36 5
21 37 1
21 38 2
21 39 4
21 40 3
21 41 5
21 42 1
21 43 5
21 44 2
21 45 1
21 46 1
21 47 4
21 48 1
21 49 5
21 50 4
22 23 5
22 24 4
22 25 5
22 26 2
22 27 3
22 28 1
22 29 4
22 30 1
22 31 5
22 32 2
22 33 4
22 34 2
22 35 2
22 36 4
22 37 5
22 38 5
22 39 3
22 40 3
22 41 2
22 42 4
22 43 5
22 44 3
22 45 3
22 46 2
22 47 4
22 48 4
22 49 3
22 50 5
23 24 1
23 25 5
23 26 5
23 27 3
23 28 4
23 29 1
23 30 4
23 31 3
23 32 2
23 33 1
23 34 2
23 35 1
23 36 4
23 37 2
23 38 3
23 39 5
23 40 5
23 41 3
23 42 1
23 43 2
23 44 1
23 45 3
23 46 2
23 47 5
23 48 4
23 49 5
23 50 1
24 25 2
24 26 4
24 27 1
24 28 5
24 29 4
24 30 3
24 31 3
24 32 3
24 33 1
24 34 2
24 35 5
24 36 1
24 37 1
24 38 2
24 39 5
24 40 2
24 41 3
24 42 1
24 43 1
24 44 2
24 45 1
24 46 4
24 47 2
24 48 3
24 49 4
24 50 2
25 26 1
25 27 5
25 28 5
25 29 5
25 30 2
25 31 4
25 32 1
25 33 4
25 34 1
25 35 2
25 36 3
25 37 2
25 38 5
25 39 1
25 40 2
25 41 5
25 42 5
25 43 1
25 44 1
25 45 4
25 46 4
25 47 4
25 48 5
25 49 2
25 50 2
26 27 1
26 28 2
26 29 2
26 30 5
26 31 3
26 32 5
26 33 3
26 34 1
26 35 4
26 36 1
26 37 2
26 38 1
26 39 2
26 40 5
26 41 3
26 42 2
26 43 5
26 44 1
26 45 1
26 46 2
26 47 3
26 48 1
26 49 2
26 50 4
27 28 4
27 29 4
27 30 1
27 31 4
27 32 5
27 33 3
27 34 5
27 35 3
27 36 5
27 37 3
27 38 2
27 39 3
27 40 4
27 41 5
27 42 4
27 43 2
27 44 5
27 45 1
27 46 5
27 47 1
27 48 3
27 49 1
27 50 1
28 29 5
28 30 3
28 31 3
28 32 4
28 33 5
28 34 2
28 35 2
28 36 4
28 37 5
28 38 3
28 39 2
28 40 3
28 41 5
28 42 5
28 43 3
28 44 1
28 45 5
28 46 1
28 47 4
28 48 1
28 49 2
28 50 4
29 30 4
29 31 5
29 32 1
29 33 5
29 34 2
29 35 2
29 36 4
29 37 2
29 38 3
29 39 3
29 40 2
29 41 4
29 42 2
29 43 3
29 44 3
29 45 3
29 46 1
29 47 2
29 48 2
29 49 4
29 50 1
30 31 3
30 32 4
30 33 1
30 34 4
30 35 5
30 36 4
30 37 1
30 38 2
30 39 2
30 40 5
30 41 2
30 42 5
30 43 4
30 44 1
30 45 4
30 46 2
30 47 2
30 48 1
30 49 1
30 50 5
31 32 5
31 33 2
31 34 4
31 35 2
31 36 1
31 37 1
31 38 5
31 39 4
31 40 3
31 41 3
31 42 1
31 43 5
31 44 2
31 45 2
31 46 4
31 47 4
31 48 2
31 49 5
31 50 4
32 33 4
32 34 2
32 35 3
32 36 4
32 37 2
32 38 5
32 39 3
32 40 4
32 41 4
32 42 1
32 43 3
32 44 2
32 45 3
32 46 4
32 47 2
32 48 1
32 49 1
32 50 1
33 34 5
33 35 5
33 36 4
33 37 1
33 38 1
33 39 4
33 40 3
33 41 2
33 42 2
33 43 5
33 44 3
33 45 1
33 46 5
33 47 2
33 48 2
33 49 4
33 50 2
34 35 1
34 36 4
34 37 5
34 38 2
34 39 4
34 40 1
34 41 3
34 42 2
34 43 5
34 44 3
34 45 5
34 46 2
34 47 5
34 48 4
34 49 2
34 50 3
35 36 5
35 37 3
35 38 4
35 39 4
35 40 1
35 41 3
35 42 5
35 43 2
35 44 3
35 45 1
35 46 1
35 47 5
35 48 2
35 49 1
35 50 1
36 37 1
36 38 3
36 39 4
36 40 1
36 41 4
36 42 2
36 43 2
36 44 3
36 45 5
36 46 5
36 47 5
36 48 3
36 49 5
36 50 5
37 38 5
37 39 4
37 40 5
37 41 3
37 42 3
37 43 5
37 44 2
37 45 4
37 46 3
37 47 3
37 48 3
37 49 2
37 50 1
38 39 1
38 40 2
38 41 2
38 42 5
38 43 3
38 44 2
38 45 5
38 46 1
38 47 3
38 48 1
38 49 3
38 50 3
39 40 1
39 41 1
39 42 1
39 43 2
39 44 2
39 45 3
39 46 2
39 47 1
39 48 1
39 49 1
39 50 5
40 41 5
40 42 5
40 43 4
40 44 4
40 45 5
40 46 1
40 47 1
40 48 1
40 49 1
40 50 3
41 42 3
41 43 5
41 44 1
41 45 5
41 46 5
41 47 3
41 48 3
41 49 1
41 50 1
42 43 4
42 44 3
42 45 4
42 46 2
42 47 4
42 48 5
42 49 4
42 50 5
43 44 3
43 45 5
43 46 1
43 47 3
43 48 4
43 49 2
43 50 1
44 45 4
44 46 2
44 47 3
44 48 4
44 49 3
44 50 1
45 46 2
45 47 4
45 48 5
45 49 3
45 50 2
46 47 1
46 48 4
46 49 4
46 50 3
47 48 2
47 49 3
47 50 2
48 49 5
48 50 5
49 50 5
