100 4950
1 2 4
1 3 2
1 4 5
1 5 3
1 6 1
1 7 1
1 8 1
1 9 3
1 10 1
1 11 1
1 12 1
1 13 4
1 14 1
1 15 3
1 16 5
1 17 4
1 18 3
1 19 1
1 20 1
1 21 4
1 22 5
1 23 4
1 24 5
1 25 1
1 26 2
1 27 5
1 28 1
1 29 1
1 30 5
1 31 5
1 32 2
1 33 4
1 34 2
1 35 2
1 36 1
1 37 5
1 38 2
1 39 3
1 40 3
1 41 4
1 42 5
1 43 1
1 44 3
1 45 1
1 46 1
1 47 1
1 48 2
1 49 2
1 50 2
1 51 4
1 52 5
1 53 3
1 54 3
1 55 3
1 56 5
1 57 4
1 58 2
1 59 3
1 60 2
1 61 1
1 62 2
1 63 2
1 64 2
1 65 3
1 66 1
1 67 4
1 68 1
1 69 2
1 70 1
1 71 2
1 72 5
1 73 3
1 74 5
1 75 4
1 76 5
1 77 3
1 78 5
1 79 2
1 80 3
1 81 1
1 82 5
1 83 5
1 84 1
1 85 1
1 86 2
1 87 3
1 88 3
1 89 3
1 90 3
1 91 2
1 92 4
1 93 5
1 94 5
1 95 4
1 96 5
1 97 1
1 98 3
1 99 4
1 100 1
2 3 3
2 4 5
2 5 2
2 6 2
2 7 2
2 8 5
2 9 1
2 10 3
2 11 2
2 12 3
2 13 5
2 14 1
2 15 1
2 16 2
2 17 1
2 18 4
2 19 2
2 20 3
2 21 5
2 22 1
2 23 3
2 24 1
2 25 4
2 26 2
2 27 4
2 28 4
2 29 2
2 30 3
2 31 3
2 32 2
2 33 4
2 34 4
2 35 4
2 36 4
2 37 4
2 38 1
2 39 2
2 40 4
2 41 5
2 42 2
2 43 4
2 44 5
2 45 5
2 46 2
2 47 3
2 48 5
2 49 2
2 50 4
2 51 3
2 52 1
2 53 2
2 54 2
2 55 2
2 56 5
2 57 1
2 58 1
2 59 5
2 60 5
2 61 1
2 62 1
2 63 2
2 64 3
2 65 1
2 66 1
2 67 5
2 68 4
2 69 1
2 70 3
2 71 1
2 72 1
2 73 1
2 74 5
2 75 5
2 76 5
2 77 1
2 78 5
2 79 4
2 80 3
2 81 1
2 82 5
2 83 1
2 84 3
2 85 3
2 86 2
2 87 3
2 88 4
2 89 3
2 90 3
2 91 2
2 92 4
2 93 2
2 94 2
2 95 5
2 96 5
2 97 2
2 98 2
2 99 5
2 100 2
3 4 5
3 5 4
3 6 5
3 7 2
3 8 2
3 9 1
3 10 1
3 11 1
3 12 3
3 13 2
3 14 1
3 15 5
3 16 4
3 17 1
3 18 4
3 19 5
3 20 3
3 21 4
3 22 4
3 23 4
3 24 1
3 25 2
3 26 1
3 27 1
3 28 2
3 29 1
3 30 3
3 31 3
3 32 5
3 33 1
3 34 3
3 35 3
3 36 4
3 37 5
3 38 4
3 39 3
3 40 3
3 41 3
3 42 1
3 43 5
3 44 3
3 45 1
3 46 2
3 47 5
3 48 1
3 49 2
3 50 3
3 51 2
3 52 5
3 53 5
3 54 5
3 55 5
3 56 4
3 57 3
3 58 2
3 59 1
3 60 3
3 61 1
3 62 4
3 63 2
3 64 4
3 65 5
3 66 4
3 67 3
3 68 3
3 69 5
3 70 5
3 71 2
3 72 1
3 73 4
3 74 5
3 75 2
3 76 2
3 77 3
3 78 2
3 79 2
3 80 2
3 81 2
3 82 3
3 83 2
3 84 3
3 85 2
3 86 4
3 87 3
3 88 5
3 89 5
3 90 3
3 91 5
3 92 3
3 93 4
3 94 4
3 95 5
3 96 2
3 97 2
3 98 3
3 99 5
3 100 1
4 5 4
4 6 5
4 7 2
4 8 3
4 9 3
4 10 1
4 11 3
4 12 4
4 13 1
4 14 2
4 15 3
4 16 2
4 17 3
4 18 4
4 19 5
4 20 1
4 21 5
4 22 2
4 23 3
4 24 2
4 25 5
4 26 3
4 27 2
4 28 5
4 29 3
4 30 2
4 31 4
4 32 1
4 33 4
4 34 4
4 35 4
4 36 1
4 37 1
4 38 2
4 39 2
4 40 5
4 41 2
4 42 5
4 43 4
4 44 3
4 45 2
4 46 3
4 47 3
4 48 1
4 49 2
4 50 3
4 51 2
4 52 1
4 53 2
4 54 5
4 55 1
4 56 2
4 57 1
4 58 1
4 59 1
4 60 2
4 61 1
4 62 5
4 63 1
4 64 5
4 65 2
4 66 1
4 67 4
4 68 1
4 69 2
4 70 5
4 71 1
4 72 4
4 73 2
4 74 3
4 75 4
4 76 3
4 77 1
4 78 4
4 79 2
4 80 3
4 81 5
4 82 2
4 83 5
4 84 4
4 85 3
4 86 4
4 87 3
4 88 2
4 89 3
4 90 2
4 91 5
4 92 5
4 93 5
4 94 2
4 95 1
4 96 2
4 97 3
4 98 1
4 99 2
4 100 1
5 6 5
5 7 2
5 8 4
5 9 4
5 10 2
5 11 4
5 12 2
5 13 1
5 14 5
5 15 5
5 16 1
5 17 2
5 18 1
5 19 1
5 20 4
5 21 2
5 22 1
5 23 3
5 24 4
5 25 3
5 26 2
5 27 2
5 28 5
5 29 5
5 30 4
5 31 1
5 32 5
5 33 1
5 34 3
5 35 4
5 36 4
5 37 2
5 38 3
5 39 2
5 40 3
5 41 5
5 42 1
5 43 4
5 44 1
5 45 2
5 46 2
5 47 2
5 48 1
5 49 1
5 50 3
5 51 5
5 52 2
5 53 2
5 54 3
5 55 1
5 56 5
5 57 1
5 58 1
5 59 5
5 60 5
5 61 5
5 62 1
5 63 1
5 64 4
5 65 4
5 66 5
5 67 2
5 68 2
5 69 3
5 70 2
5 71 2
5 72 4
5 73 4
5 74 1
5 75 5
5 76 3
5 77 3
5 78 1
5 79 1
5 80 5
5 81 4
5 82 4
5 83 1
5 84 1
5 85 1
5 86 2
5 87 3
5 88 1
5 89 2
5 90 5
5 91 4
5 92 1
5 93 4
5 94 3
5 95 5
5 96 4
5 97 5
5 98 1
5 99 4
5 100 5
6 7 2
6 8 3
6 9 5
6 10 2
6 11 4
6 12 4
6 13 4
6 14 4
6 15 2
6 16 4
6 17 4
6 18 1
6 19 3
6 20 1
6 21 2
6 22 4
6 23 2
6 24 4
6 25 3
6 26 1
6 27 2
6 28 4
6 29 5
6 30 3
6 31 4
6 32 2
6 33 3
6 34 2
6 35 1
6 36 2
6 37 4
6 38 1
6 39 2
6 40 2
6 41 4
6 42 5
6 43 2
6 44 5
6 45 5
6 46 3
6 47 4
6 48 4
6 49 4
6 50 1
6 51 4
6 52 1
6 53 2
6 54 3
6 55 1
6 56 4
6 57 1
6 58 1
6 59 2
6 60 4
6 61 4
6 62 4
6 63 5
6 64 1
6 65 3
6 66 2
6 67 2
6 68 4
6 69 3
6 70 1
6 71 1
6 72 5
6 73 4
6 74 5
6 75 5
6 76 3
6 77 1
6 78 5
6 79 3
6 80 3
6 81 2
6 82 5
6 83 3
6 84 3
6 85 5
6 86 4
6 87 5
6 88 3
6 89 1
6 90 4
6 91 2
6 92 5
6 93 3
6 94 2
6 95 2
6 96 4
6 97 1
6 98 2
6 99 1
6 100 1
7 8 5
7 9 4
7 10 2
7 11 3
7 12 5
7 13 1
7 14 3
7 15 1
7 16 2
7 17 3
7 18 3
7 19 4
7 20 1
7 21 5
7 22 5
7 23 2
7 24 2
7 25 2
7 26 1
7 27 5
7 28 3
7 29 4
7 30 3
7 31 2
7 32 5
7 33 4
7 34 1
7 35 4
7 36 5
7 37 1
7 38 4
7 39 2
7 40 2
7 41 3
7 42 5
7 43 4
7 44 4
7 45 4
7 46 2
7 47 5
7 48 4
7 49 5
7 50 4
7 51 5
7 52 5
7 53 1
7 54 5
7 55 4
7 56 5
7 57 2
7 58 4
7 59 3
7 60 2
7 61 2
7 62 5
7 63 3
7 64 5
7 65 1
7 66 5
7 67 1
7 68 2
7 69 5
7 70 5
7 71 1
7 72 4
7 73 2
7 74 5
7 75 4
7 76 3
7 77 5
7 78 2
7 79 1
7 80 3
7 81 4
7 82 3
7 83 5
7 84 1
7 85 4
7 86 1
7 87 2
7 88 3
7 89 5
7 90 2
7 91 1
7 92 5
7 93 3
7 94 3
7 95 2
7 96 4
7 97 3
7 98 4
7 99 1
7 100 5
8 9 1
8 10 1
8 11 4
8 12 3
8 13 5
8 14 1
8 15 4
8 16 1
8 17 5
8 18 5
8 19 5
8 20 3
8 21 4
8 22 4
8 23 4
8 24 1
8 25 3
8 26 1
8 27 2
8 28 2
8 29 1
8 30 5
8 31 2
8 32 3
8 33 2
8 34 4
8 35 4
8 36 5
8 37 1
8 38 3
8 39 3
8 40 5
8 41 1
8 42 1
8 43 1
8 44 5
8 45 4
8 46 2
8 47 3
8 48 5
8 49 1
8 50 4
8 51 4
8 52 4
8 53 5
8 54 5
8 55 1
8 56 5
8 57 5
8 58 3
8 59 2
8 60 1
8 61 5
8 62 4
8 63 1
8 64 2
8 65 5
8 66 5
8 67 3
8 68 5
8 69 2
8 70 5
8 71 5
8 72 2
8 73 4
8 74 2
8 75 5
8 76 3
8 77 1
8 78 3
8 79 2
8 80 5
8 81 3
8 82 5
8 83 1
8 84 1
8 85 1
8 86 1
8 87 4
8 88 5
8 89 5
8 90 4
8 91 5
8 92 3
8 93 5
8 94 1
8 95 1
8 96 2
8 97 3
8 98 2
8 99 4
8 100 5
9 10 1
9 11 5
9 12 5
9 13 1
9 14 5
9 15 3
9 16 5
9 17 5
9 18 5
9 19 1
9 20 3
9 21 4
9 22 3
9 23 2
9 24 2
9 25 2
9 26 5
9 27 4
9 28 4
9 29 3
9 30 3
9 31 4
9 32 3
9 33 2
9 34 4
9 35 4
9 36 1
9 37 3
9 38 2
9 39 4
9 40 3
9 41 1
9 42 1
9 43 4
9 44 4
9 45 5
9 46 1
9 47 3
9 48 4
9 49 3
9 50 5
9 51 2
9 52 2
9 53 4
9 54 4
9 55 2
9 56 4
9 57 4
9 58 4
9 59 4
9 60 2
9 61 2
9 62 1
9 63 5
9 64 2
9 65 1
9 66 5
9 67 1
9 68 4
9 69 5
9 70 5
9 71 5
9 72 5
9 73 3
9 74 5
9 75 3
9 76 3
9 77 5
9 78 4
9 79 3
9 80 3
9 81 4
9 82 2
9 83 5
9 84 4
9 85 5
9 86 2
9 87 2
9 88 4
9 89 4
9 90 1
9 91 4
9 92 1
9 93 3
9 94 3
9 95 2
9 96 3
9 97 4
9 98 5
9 99 4
9 100 1
10 11 3
10 12 1
10 13 4
10 14 1
10 15 1
10 16 2
10 17 1
10 18 1
10 19 2
10 20 4
10 21 5
10 22 5
10 23 1
10 24 4
10 25 2
10 26 4
10 27 2
10 28 4
10 29 2
10 30 5
10 31 5
10 32 5
10 33 1
10 34 2
10 35 4
10 36 2
10 37 1
10 38 5
10 39 3
10 40 4
10 41 2
10 42 5
10 43 4
10 44 3
10 45 3
10 46 2
10 47 3
10 48 2
10 49 3
10 50 1
10 51 5
10 52 4
10 53 4
10 54 4
10 55 5
10 56 4
10 57 2
10 58 3
10 59 3
10 60 5
10 61 3
10 62 2
10 63 2
10 64 5
10 65 2
10 66 4
10 67 3
10 68 1
10 69 2
10 70 3
10 71 4
10 72 1
10 73 5
10 74 5
10 75 5
10 76 1
10 77 5
10 78 5
10 79 3
10 80 5
10 81 4
10 82 2
10 83 3
10 84 3
10 85 4
10 86 4
10 87 3
10 88 2
10 89 4
10 90 3
10 91 3
10 92 5
10 93 1
10 94 1
10 95 5
10 96 2
10 97 4
10 98 5
10 99 2
10 100 3
11 12 3
11 13 2
11 14 1
11 15 2
11 16 3
11 17 3
11 18 3
11 19 3
11 20 2
11 21 5
11 22 5
11 23 2
11 24 5
11 25 5
11 26 2
11 27 2
11 28 4
11 29 5
11 30 2
11 31 1
11 32 5
11 33 2
11 34 1
11 35 3
11 36 2
11 37 5
11 38 3
11 39 3
11 40 1
11 41 2
11 42 1
11 43 3
11 44 4
11 45 3
11 46 4
11 47 3
11 48 1
11 49 3
11 50 3
11 51 3
11 52 5
11 53 2
11 54 4
11 55 4
11 56 1
11 57 1
11 58 4
11 59 3
11 60 2
11 61 1
11 62 2
11 63 4
11 64 5
11 65 4
11 66 3
11 67 5
11 68 3
11 69 3
11 70 3
11 71 1
11 72 2
11 73 2
11 74 2
11 75 3
11 76 2
11 77 2
11 78 1
11 79 4
11 80 1
11 81 1
11 82 4
11 83 1
11 84 3
11 85 5
11 86 4
11 87 4
11 88 4
11 89 4
11 90 1
11 91 1
11 92 4
11 93 4
11 94 5
11 95 2
11 96 5
11 97 5
11 98 1
11 99 5
11 100 4
12 13 4
12 14 2
12 15 4
12 16 1
12 17 1
12 18 2
12 19 1
12 20 5
12 21 1
12 22 1
12 23 3
12 24 1
12 25 1
12 26 1
12 27 3
12 28 3
12 29 5
12 30 4
12 31 3
12 32 2
12 33 2
12 34 2
12 35 5
12 36 3
12 37 4
12 38 4
12 39 1
12 40 4
12 41 5
12 42 5
12 43 5
12 44 5
12 45 3
12 46 4
12 47 4
12 48 5
12 49 2
12 50 4
12 51 4
12 52 3
12 53 5
12 54 2
12 55 1
12 56 4
12 57 4
12 58 1
12 59 4
12 60 2
12 61 1
12 62 1
12 63 3
12 64 1
12 65 3
12 66 1
12 67 5
12 68 1
12 69 1
12 70 5
12 71 5
12 72 4
12 73 3
12 74 2
12 75 5
12 76 4
12 77 4
12 78 3
12 79 5
12 80 2
12 81 4
12 82 2
12 83 4
12 84 3
12 85 3
12 86 4
12 87 1
12 88 5
12 89 5
12 90 5
12 91 4
12 92 5
12 93 5
12 94 5
12 95 3
12 96 2
12 97 5
12 98 1
12 99 1
12 100 3
13 14 1
13 15 5
13 16 5
13 17 1
13 18 2
13 19 4
13 20 1
13 21 2
13 22 3
13 23 3
13 24 4
13 25 5
13 26 1
13 27 4
13 28 5
13 29 3
13 30 5
13 31 2
13 32 4
13 33 2
13 34 1
13 35 4
13 36 3
13 37 2
13 38 1
13 39 1
13 40 3
13 41 4
13 42 1
13 43 2
13 44 5
13 45 2
13 46 2
13 47 3
13 48 1
13 49 4
13 50 1
13 51 1
13 52 3
13 53 5
13 54 5
13 55 5
13 56 2
13 57 4
13 58 1
13 59 1
13 60 1
13 61 3
13 62 2
13 63 3
13 64 1
13 65 1
13 66 1
13 67 5
13 68 1
13 69 1
13 70 2
13 71 5
13 72 5
13 73 4
13 74 5
13 75 4
13 76 4
13 77 2
13 78 5
13 79 1
13 80 4
13 81 3
13 82 4
13 83 5
13 84 4
13 85 5
13 86 3
13 87 1
13 88 1
13 89 2
13 90 3
13 91 2
13 92 1
13 93 3
13 94 1
13 95 1
13 96 1
13 97 3
13 98 4
13 99 3
13 100 5
14 15 3
14 16 2
14 17 2
14 18 5
14 19 1
14 20 1
14 21 4
14 22 5
14 23 1
14 24 3
14 25 4
14 26 5
14 27 2
14 28 1
14 29 5
14 30 1
14 31 4
14 32 3
14 33 1
14 34 3
14 35 1
14 36 4
14 37 1
14 38 5
14 39 3
14 40 2
14 41 5
14 42 3
14 43 2
14 44 3
14 45 2
14 46 4
14 47 4
14 48 5
14 49 1
14 50 3
14 51 1
14 52 5
14 53 1
14 54 1
14 55 1
14 56 4
14 57 5
14 58 1
14 59 1
14 60 3
14 61 2
14 62 5
14 63 3
14 64 5
14 65 2
14 66 2
14 67 1
14 68 1
14 69 5
14 70 3
14 71 4
14 72 5
14 73 4
14 74 2
14 75 3
14 76 5
14 77 2
14 78 2
14 79 2
14 80 4
14 81 1
14 82 5
14 83 2
14 84 1
14 85 3
14 86 4
14 87 5
14 88 1
14 89 3
14 90 4
14 91 4
14 92 4
14 93 1
14 94 2
14 95 3
14 96 5
14 97 1
14 98 3
14 99 1
14 100 3
15 16 2
15 17 5
15 18 1
15 19 2
15 20 3
15 21 2
15 22 3
15 23 4
15 24 1
15 25 4
15 26 1
15 27 2
15 28 2
15 29 4
15 30 4
15 31 5
15 32 5
15 33 1
15 34 5
15 35 1
15 36 5
15 37 5
15 38 2
15 39 1
15 40 4
15 41 3
15 42 4
15 43 5
15 44 5
15 45 2
15 46 3
15 47 3
15 48 5
15 49 3
15 50 2
15 51 1
15 52 2
15 53 3
15 54 2
15 55 5
15 56 3
15 57 2
15 58 2
15 59 1
15 60 3
15 61 1
15 62 4
15 63 5
15 64 4
15 65 4
15 66 1
15 67 1
15 68 2
15 69 5
15 70 4
15 71 5
15 72 4
15 73 5
15 74 1
15 75 1
15 76 5
15 77 4
15 78 4
15 79 3
15 80 2
15 81 2
15 82 3
15 83 2
15 84 3
15 85 1
15 86 2
15 87 4
15 88 1
15 89 2
15 90 4
15 91 4
15 92 1
15 93 4
15 94 5
15 95 4
15 96 1
15 97 1
15 98 2
15 99 3
15 100 1
16 17 2
16 18 2
16 19 3
16 20 4
16 21 3
16 22 1
16 23 1
16 24 4
16 25 2
16 26 4
16 27 5
16 28 2
16 29 3
16 30 1
16 31 2
16 32 3
16 33 3
16 34 3
16 35 2
16 36 5
16 37 2
16 38 3
16 39 3
16 40 3
16 41 1
16 42 2
16 43 1
16 44 5
16 45 5
16 46 3
16 47 2
16 48 4
16 49 5
16 50 3
16 51 3
16 52 2
16 53 4
16 54 3
16 55 1
16 56 4
16 57 5
16 58 2
16 59 3
16 60 1
16 61 3
16 62 2
16 63 2
16 64 1
16 65 4
16 66 4
16 67 5
16 68 4
16 69 5
16 70 2
16 71 1
16 72 5
16 73 1
16 74 4
16 75 3
16 76 1
16 77 4
16 78 1
16 79 1
16 80 3
16 81 4
16 82 1
16 83 4
16 84 4
16 85 3
16 86 1
16 87 1
16 88 4
16 89 5
16 90 3
16 91 2
16 92 3
16 93 1
16 94 5
16 95 3
16 96 3
16 97 3
16 98 1
16 99 4
16 100 3
17 18 4
17 19 1
17 20 3
17 21 3
17 22 2
17 23 5
17 24 5
17 25 4
17 26 2
17 27 2
17 28 2
17 29 2
17 30 4
17 31 2
17 32 2
17 33 2
17 34 4
17 35 2
17 36 2
17 37 5
17 38 3
17 39 4
17 40 1
17 41 3
17 42 5
17 43 5
17 44 4
17 45 3
17 46 5
17 47 4
17 48 1
17 49 1
17 50 1
17 51 2
17 52 5
17 53 2
17 54 4
17 55 3
17 56 4
17 57 1
17 58 1
17 59 2
17 60 5
17 61 3
17 62 2
17 63 5
17 64 3
17 65 3
17 66 1
17 67 2
17 68 1
17 69 2
17 70 1
17 71 1
17 72 5
17 73 1
17 74 4
17 75 3
17 76 5
17 77 2
17 78 5
17 79 4
17 80 3
17 81 2
17 82 4
17 83 5
17 84 3
17 85 2
17 86 3
17 87 1
17 88 2
17 89 2
17 90 1
17 91 4
17 92 1
17 93 1
17 94 5
17 95 5
17 96 3
17 97 2
17 98 1
17 99 2
17 100 5
18 19 2
18 20 1
18 21 3
18 22 5
18 23 5
18 24 1
18 25 5
18 26 4
18 27 4
18 28 4
18 29 5
18 30 2
18 31 2
18 32 2
18 33 4
18 34 4
18 35 1
18 36 2
18 37 3
18 38 1
18 39 2
18 40 5
18 41 4
18 42 4
18 43 3
18 44 2
18 45 3
18 46 2
18 47 5
18 48 1
18 49 3
18 50 5
18 51 4
18 52 3
18 53 2
18 54 3
18 55 1
18 56 4
18 57 4
18 58 2
18 59 5
18 60 5
18 61 5
18 62 3
18 63 3
18 64 3
18 65 5
18 66 4
18 67 2
18 68 4
18 69 3
18 70 3
18 71 5
18 72 3
18 73 3
18 74 4
18 75 3
18 76 3
18 77 2
18 78 1
18 79 2
18 80 5
18 81 1
18 82 3
18 83 1
18 84 5
18 85 2
18 86 2
18 87 4
18 88 1
18 89 2
18 90 4
18 91 2
18 92 5
18 93 2
18 94 3
18 95 5
18 96 2
18 97 1
18 98 2
18 99 4
18 100 4
19 20 3
19 21 3
19 22 3
19 23 5
19 24 5
19 25 1
19 26 5
19 27 3
19 28 5
19 29 5
19 30 2
19 31 3
19 32 2
19 33 1
19 34 5
19 35 3
19 36 4
19 37 4
19 38 4
19 39 3
19 40 5
19 41 2
19 42 1
19 43 3
19 44 4
19 45 5
19 46 1
19 47 2
19 48 1
19 49 2
19 50 4
19 51 4
19 52 5
19 53 5
19 54 5
19 55 2
19 56 4
19 57 5
19 58 4
19 59 1
19 60 5
19 61 4
19 62 2
19 63 5
19 64 1
19 65 2
19 66 4
19 67 3
19 68 4
19 69 1
19 70 2
19 71 3
19 72 4
19 73 4
19 74 2
19 75 5
19 76 1
19 77 3
19 78 3
19 79 3
19 80 3
19 81 3
19 82 1
19 83 2
19 84 4
19 85 2
19 86 1
19 87 2
19 88 2
19 89 1
19 90 4
19 91 5
19 92 2
19 93 1
19 94 1
19 95 3
19 96 4
19 97 5
19 98 3
19 99 4
19 100 3
20 21 3
20 22 5
20 23 4
20 24 2
20 25 5
20 26 2
20 27 4
20 28 5
20 29 5
20 30 3
20 31 3
20 32 1
20 33 3
20 34 4
20 35 3
20 36 5
20 37 4
20 38 3
20 39 3
20 40 4
20 41 3
20 42 3
20 43 3
20 44 5
20 45 1
20 46 5
20 47 2
20 48 1
20 49 1
20 50 5
20 51 4
20 52 2
20 53 3
20 54 1
20 55 4
20 56 2
20 57 2
20 58 2
20 59 3
20 60 2
20 61 3
20 62 5
20 63 4
20 64 2
20 65 5
20 66 5
20 67 2
20 68 5
20 69 1
20 70 4
20 71 5
20 72 5
20 73 2
20 74 5
20 75 1
20 76 1
20 77 5
20 78 3
20 79 2
20 80 1
20 81 5
20 82 5
20 83 5
20 84 2
20 85 2
20 86 4
20 87 3
20 88 2
20 89 5
20 90 4
20 91 2
20 92 5
20 93 4
20 94 4
20 95 1
20 96 4
20 97 1
20 98 4
20 99 3
20 100 2
21 22 3
21 23 1
21 24 4
21 25 3
21 26 4
21 27 5
21 28 1
21 29 4
21 30 4
21 31 1
21 32 4
21 33 4
21 34 5
21 35 3
21 36 2
21 37 5
21 38 4
21 39 2
21 40 1
21 41 5
21 42 5
21 43 4
21 44 2
21 45 4
21 46 2
21 47 1
21 48 2
21 49 2
21 50 5
21 51 1
21 52 4
21 53 2
21 54 3
21 55 4
21 56 4
21 57 4
21 58 1
21 59 5
21 60 3
21 61 1
21 62 5
21 63 3
21 64 5
21 65 2
21 66 4
21 67 2
21 68 2
21 69 1
21 70 1
21 71 5
21 72 4
21 73 5
21 74 5
21 75 3
21 76 4
21 77 2
21 78 4
21 79 4
21 80 5
21 81 4
21 82 2
21 83 1
21 84 2
21 85 2
21 86 1
21 87 1
21 88 1
21 89 5
21 90 1
21 91 1
21 92 2
21 93 2
21 94 3
21 95 2
21 96 2
21 97 5
21 98 5
21 99 2
21 100 1
22 23 5
22 24 4
22 25 1
22 26 3
22 27 2
22 28 4
22 29 4
22 30 3
22 31 4
22 32 4
22 33 3
22 34 2
22 35 1
22 36 4
22 37 4
22 38 1
22 39 2
22 40 3
22 41 3
22 42 1
22 43 4
22 44 1
22 45 5
22 46 3
22 47 5
22 48 2
22 49 3
22 50 4
22 51 3
22 52 1
22 53 2
22 54 5
22 55 3
22 56 2
22 57 5
22 58 3
22 59 2
22 60 4
22 61 2
22 62 3
22 63 1
22 64 2
22 65 5
22 66 1
22 67 5
22 68 1
22 69 2
22 70 2
22 71 3
22 72 2
22 73 3
22 74 4
22 75 2
22 76 2
22 77 1
22 78 2
22 79 2
22 80 5
22 81 4
22 82 3
22 83 2
22 84 3
22 85 1
22 86 3
22 87 1
22 88 4
22 89 1
22 90 2
22 91 3
22 92 5
22 93 3
22 94 3
22 95 2
22 96 5
22 97 1
22 98 5
22 99 2
22 100 4
23 24 1
23 25 5
23 26 5
23 27 2
23 28 1
23 29 1
23 30 4
23 31 5
23 32 3
23 33 5
23 34 2
23 35 4
23 36 5
23 37 5
23 38 3
23 39 4
23 40 2
23 41 1
23 42 1
23 43 2
23 44 4
23 45 3
23 46 5
23 47 2
23 48 2
23 49 4
23 50 2
23 51 4
23 52 5
23 53 3
23 54 3
23 55 5
23 56 1
23 57 5
23 58 1
23 59 3
23 60 2
23 61 1
23 62 2
23 63 3
23 64 4
23 65 4
23 66 4
23 67 3
23 68 3
23 69 4
23 70 3
23 71 4
23 72 3
23 73 5
23 74 3
23 75 2
23 76 4
23 77 3
23 78 5
23 79 2
23 80 1
23 81 5
23 82 1
23 83 3
23 84 3
23 85 3
23 86 5
23 87 4
23 88 4
23 89 5
23 90 3
23 91 1
23 92 3
23 93 5
23 94 4
23 95 2
23 96 2
23 97 2
23 98 5
23 99 2
23 100 3
24 25 4
24 26 4
24 27 2
24 28 2
24 29 5
24 30 4
24 31 2
24 32 2
24 33 5
24 34 3
24 35 4
24 36 2
24 37 4
24 38 4
24 39 4
24 40 1
24 41 5
24 42 3
24 43 3
24 44 3
24 45 2
24 46 1
24 47 5
24 48 3
24 49 4
24 50 3
24 51 4
24 52 5
24 53 4
24 54 2
24 55 4
24 56 1
24 57 2
24 58 1
24 59 3
24 60 4
24 61 1
24 62 4
24 63 1
24 64 3
24 65 5
24 66 2
24 67 5
24 68 2
24 69 5
24 70 4
24 71 4
24 72 4
24 73 3
24 74 4
24 75 1
24 76 1
24 77 5
24 78 5
24 79 3
24 80 5
24 81 3
24 82 2
24 83 4
24 84 1
24 85 4
24 86 5
24 87 4
24 88 5
24 89 3
24 90 2
24 91 2
24 92 2
24 93 1
24 94 1
24 95 3
24 96 3
24 97 2
24 98 4
24 99 4
24 100 4
25 26 1
25 27 5
25 28 3
25 29 5
25 30 1
25 31 5
25 32 2
25 33 1
25 34 1
25 35 1
25 36 3
25 37 5
25 38 4
25 39 3
25 40 5
25 41 4
25 42 5
25 43 3
25 44 3
25 45 2
25 46 4
25 47 4
25 48 3
25 49 3
25 50 4
25 51 2
25 52 2
25 53 3
25 54 5
25 55 4
25 56 5
25 57 2
25 58 2
25 59 4
25 60 3
25 61 3
25 62 1
25 63 5
25 64 3
25 65 4
25 66 2
25 67 1
25 68 1
25 69 1
25 70 4
25 71 1
25 72 2
25 73 5
25 74 4
25 75 2
25 76 2
25 77 2
25 78 1
25 79 4
25 80 1
25 81 4
25 82 3
25 83 4
25 84 3
25 85 4
25 86 2
25 87 1
25 88 5
25 89 5
25 90 5
25 91 4
25 92 1
25 93 2
25 94 1
25 95 4
25 96 4
25 97 4
25 98 1
25 99 2
25 100 4
26 27 3
26 28 5
26 29 2
26 30 4
26 31 4
26 32 1
26 33 4
26 34 3
26 35 2
26 36 2
26 37 5
26 38 1
26 39 1
26 40 2
26 41 5
26 42 2
26 43 5
26 44 1
26 45 4
26 46 4
26 47 5
26 48 4
26 49 1
26 50 2
26 51 3
26 52 3
26 53 4
26 54 2
26 55 4
26 56 5
26 57 2
26 58 1
26 59 4
26 60 5
26 61 1
26 62 3
26 63 4
26 64 3
26 65 5
26 66 5
26 67 3
26 68 4
26 69 3
26 70 3
26 71 4
26 72 2
26 73 3
26 74 2
26 75 3
26 76 2
26 77 1
26 78 5
26 79 2
26 80 1
26 81 2
26 82 2
26 83 4
26 84 3
26 85 3
26 86 3
26 87 2
26 88 4
26 89 2
26 90 5
26 91 1
26 92 3
26 93 5
26 94 3
26 95 5
26 96 4
26 97 3
26 98 5
26 99 1
26 100 3
27 28 2
27 29 2
27 30 4
27 31 1
27 32 1
27 33 5
27 34 2
27 35 2
27 36 4
27 37 4
27 38 5
27 39 2
27 40 4
27 41 4
27 42 1
27 43 2
27 44 1
27 45 3
27 46 3
27 47 5
27 48 5
27 49 1
27 50 5
27 51 2
27 52 2
27 53 5
27 54 2
27 55 4
27 56 1
27 57 2
27 58 3
27 59 2
27 60 5
27 61 2
27 62 2
27 63 3
27 64 2
27 65 2
27 66 3
27 67 3
27 68 2
27 69 1
27 70 5
27 71 3
27 72 5
27 73 5
27 74 3
27 75 4
27 76 5
27 77 3
27 78 4
27 79 5
27 80 4
27 81 1
27 82 4
27 83 3
27 84 1
27 85 2
27 86 3
27 87 5
27 88 2
27 89 1
27 90 4
27 91 4
27 92 2
27 93 4
27 94 5
27 95 5
27 96 4
27 97 1
27 98 2
27 99 5
27 100 2
28 29 1
28 30 1
28 31 3
28 32 5
28 33 1
28 34 2
28 35 3
28 36 1
28 37 5
28 38 5
28 39 3
28 40 3
28 41 3
28 42 1
28 43 1
28 44 2
28 45 1
28 46 5
28 47 1
28 48 1
28 49 4
28 50 2
28 51 2
28 52 5
28 53 4
28 54 4
28 55 1
28 56 1
28 57 5
28 58 5
28 59 3
28 60 3
28 61 2
28 62 2
28 63 1
28 64 1
28 65 2
28 66 1
28 67 3
28 68 2
28 69 1
28 70 5
28 71 2
28 72 5
28 73 2
28 74 4
28 75 4
28 76 4
28 77 3
28 78 2
28 79 1
28 80 4
28 81 3
28 82 1
28 83 2
28 84 4
28 85 1
28 86 5
28 87 4
28 88 1
28 89 1
28 90 1
28 91 2
28 92 2
28 93 4
28 94 2
28 95 4
28 96 4
28 97 2
28 98 2
28 99 5
28 100 1
29 30 1
29 31 4
29 32 5
29 33 1
29 34 3
29 35 3
29 36 4
29 37 1
29 38 5
29 39 4
29 40 2
29 41 5
29 42 4
29 43 5
29 44 5
29 45 1
29 46 5
29 47 3
29 48 3
29 49 4
29 50 2
29 51 1
29 52 3
29 53 5
29 54 5
29 55 5
29 56 5
29 57 4
29 58 4
29 59 4
29 60 3
29 61 3
29 62 4
29 63 4
29 64 2
29 65 3
29 66 1
29 67 4
29 68 1
29 69 1
29 70 5
29 71 3
29 72 4
29 73 2
29 74 2
29 75 3
29 76 4
29 77 1
29 78 3
29 79 2
29 80 5
29 81 5
29 82 1
29 83 5
29 84 4
29 85 1
29 86 3
29 87 3
29 88 5
29 89 4
29 90 3
29 91 1
29 92 4
29 93 2
29 94 4
29 95 2
29 96 2
29 97 3
29 98 5
29 99 2
29 100 3
30 31 3
30 32 1
30 33 4
30 34 3
30 35 3
30 36 5
30 37 1
30 38 1
30 39 2
30 40 3
30 41 2
30 42 3
30 43 1
30 44 3
30 45 5
30 46 4
30 47 1
30 48 3
30 49 1
30 50 4
30 51 1
30 52 5
30 53 4
30 54 4
30 55 2
30 56 1
30 57 3
30 58 2
30 59 5
30 60 2
30 61 1
30 62 5
30 63 3
30 64 5
30 65 5
30 66 4
30 67 3
30 68 4
30 69 2
30 70 5
30 71 2
30 72 2
30 73 4
30 74 3
30 75 3
30 76 4
30 77 2
30 78 1
30 79 1
30 80 5
30 81 1
30 82 2
30 83 3
30 84 2
30 85 4
30 86 4
30 87 5
30 88 4
30 89 1
30 90 1
30 91 4
30 92 3
30 93 2
30 94 1
30 95 1
30 96 4
30 97 4
30 98 1
30 99 3
30 100 5
31 32 5
31 33 3
31 34 3
31 35 2
31 36 3
31 37 1
31 38 5
31 39 5
31 40 1
31 41 5
31 42 3
31 43 2
31 44 4
31 45 5
31 46 1
31 47 4
31 48 4
31 49 1
31 50 4
31 51 2
31 52 2
31 53 4
31 54 4
31 55 3
31 56 4
31 57 4
31 58 4
31 59 2
31 60 4
31 61 3
31 62 4
31 63 5
31 64 1
31 65 5
31 66 5
31 67 5
31 68 2
31 69 4
31 70 4
31 71 2
31 72 1
31 73 1
31 74 2
31 75 4
31 76 3
31 77 3
31 78 2
31 79 2
31 80 4
31 81 2
31 82 1
31 83 1
31 84 1
31 85 2
31 86 2
31 87 5
31 88 1
31 89 5
31 90 5
31 91 4
31 92 5
31 93 2
31 94 2
31 95 3
31 96 2
31 97 1
31 98 5
31 99 3
31 100 4
32 33 3
32 34 1
32 35 3
32 36 2
32 37 3
32 38 5
32 39 4
32 40 5
32 41 5
32 42 1
32 43 2
32 44 4
32 45 3
32 46 1
32 47 2
32 48 1
32 49 4
32 50 4
32 51 2
32 52 3
32 53 4
32 54 1
32 55 4
32 56 5
32 57 3
32 58 5
32 59 4
32 60 3
32 61 2
32 62 1
32 63 5
32 64 5
32 65 5
32 66 1
32 67 3
32 68 4
32 69 5
32 70 2
32 71 3
32 72 1
32 73 1
32 74 4
32 75 3
32 76 4
32 77 1
32 78 3
32 79 5
32 80 4
32 81 2
32 82 1
32 83 5
32 84 3
32 85 2
32 86 3
32 87 1
32 88 2
32 89 4
32 90 2
32 91 4
32 92 1
32 93 1
32 94 1
32 95 1
32 96 1
32 97 1
32 98 1
32 99 5
32 100 5
33 34 4
33 35 4
33 36 5
33 37 1
33 38 4
33 39 3
33 40 3
33 41 5
33 42 5
33 43 5
33 44 2
33 45 5
33 46 5
33 47 5
33 48 5
33 49 1
33 50 1
33 51 3
33 52 2
33 53 2
33 54 3
33 55 1
33 56 5
33 57 3
33 58 2
33 59 1
33 60 1
33 61 2
33 62 4
33 63 4
33 64 3
33 65 4
33 66 2
33 67 5
33 68 5
33 69 2
33 70 1
33 71 1
33 72 4
33 73 2
33 74 5
33 75 3
33 76 3
33 77 4
33 78 5
33 79 3
33 80 4
33 81 1
33 82 3
33 83 5
33 84 3
33 85 5
33 86 3
33 87 4
33 88 2
33 89 4
33 90 2
33 91 1
33 92 2
33 93 1
33 94 2
33 95 2
33 96 3
33 97 2
33 98 1
33 99 4
33 100 3
34 35 2
34 36 3
34 37 5
34 38 4
34 39 5
34 40 3
34 41 5
34 42 5
34 43 2
34 44 4
34 45 2
34 46 2
34 47 2
34 48 5
34 49 3
34 50 2
34 51 2
34 52 5
34 53 5
34 54 2
34 55 2
34 56 5
34 57 3
34 58 5
34 59 1
34 60 1
34 61 3
34 62 4
34 63 5
34 64 4
34 65 4
34 66 4
34 67 1
34 68 3
34 69 1
34 70 2
34 71 1
34 72 4
34 73 5
34 74 3
34 75 1
34 76 4
34 77 1
34 78 1
34 79 4
34 80 4
34 81 2
34 82 2
34 83 3
34 84 4
34 85 4
34 86 5
34 87 4
34 88 4
34 89 5
34 90 2
34 91 4
34 92 3
34 93 3
34 94 4
34 95 1
34 96 2
34 97 2
34 98 2
34 99 3
34 100 3
35 36 4
35 37 2
35 38 1
35 39 5
35 40 1
35 41 5
35 42 3
35 43 1
35 44 1
35 45 4
35 46 1
35 47 3
35 48 4
35 49 3
35 50 2
35 51 1
35 52 2
35 53 2
35 54 1
35 55 2
35 56 4
35 57 4
35 58 3
35 59 3
35 60 1
35 61 3
35 62 1
35 63 2
35 64 3
35 65 3
35 66 2
35 67 4
35 68 3
35 69 2
35 70 3
35 71 4
35 72 5
35 73 4
35 74 3
35 75 4
35 76 2
35 77 3
35 78 3
35 79 3
35 80 2
35 81 3
35 82 1
35 83 4
35 84 2
35 85 5
35 86 1
35 87 2
35 88 3
35 89 4
35 90 5
35 91 3
35 92 3
35 93 2
35 94 2
35 95 3
35 96 1
35 97 5
35 98 4
35 99 1
35 100 3
36 37 1
36 38 3
36 39 5
36 40 3
36 41 3
36 42 4
36 43 1
36 44 1
36 45 3
36 46 5
36 47 2
36 48 2
36 49 3
36 50 2
36 51 1
36 52 3
36 53 3
36 54 4
36 55 5
36 56 2
36 57 3
36 58 3
36 59 5
36 60 3
36 61 3
36 62 5
36 63 4
36 64 3
36 65 2
36 66 3
36 67 1
36 68 5
36 69 4
36 70 4
36 71 4
36 72 1
36 73 3
36 74 5
36 75 1
36 76 3
36 77 4
36 78 5
36 79 1
36 80 2
36 81 2
36 82 2
36 83 4
36 84 1
36 85 3
36 86 1
36 87 3
36 88 5
36 89 1
36 90 5
36 91 1
36 92 2
36 93 2
36 94 4
36 95 4
36 96 1
36 97 3
36 98 4
36 99 1
36 100 1
37 38 5
37 39 2
37 40 3
37 41 1
37 42 3
37 43 5
37 44 1
37 45 2
37 46 1
37 47 5
37 48 1
37 49 2
37 50 4
37 51 1
37 52 5
37 53 2
37 54 2
37 55 1
37 56 2
37 57 4
37 58 4
37 59 2
37 60 5
37 61 5
37 62 2
37 63 2
37 64 2
37 65 5
37 66 3
37 67 5
37 68 5
37 69 2
37 70 3
37 71 1
37 72 5
37 73 1
37 74 2
37 75 4
37 76 1
37 77 5
37 78 4
37 79 3
37 80 4
37 81 3
37 82 3
37 83 2
37 84 1
37 85 1
37 86 4
37 87 1
37 88 1
37 89 3
37 90 5
37 91 5
37 92 2
37 93 4
37 94 4
37 95 1
37 96 5
37 97 1
37 98 5
37 99 2
37 100 3
38 39 5
38 40 1
38 41 3
38 42 4
38 43 2
38 44 4
38 45 5
38 46 5
38 47 1
38 48 1
38 49 3
38 50 5
38 51 2
38 52 3
38 53 5
38 54 3
38 55 5
38 56 4
38 57 2
38 58 4
38 59 4
38 60 1
38 61 1
38 62 5
38 63 4
38 64 5
38 65 3
38 66 5
38 67 4
38 68 3
38 69 1
38 70 2
38 71 1
38 72 1
38 73 1
38 74 4
38 75 4
38 76 4
38 77 1
38 78 1
38 79 2
38 80 3
38 81 1
38 82 3
38 83 1
38 84 5
38 85 1
38 86 4
38 87 3
38 88 1
38 89 4
38 90 4
38 91 3
38 92 4
38 93 2
38 94 5
38 95 1
38 96 3
38 97 1
38 98 2
38 99 2
38 100 3
39 40 4
39 41 4
39 42 4
39 43 2
39 44 4
39 45 5
39 46 4
39 47 1
39 48 5
39 49 1
39 50 2
39 51 3
39 52 2
39 53 3
39 54 4
39 55 1
39 56 1
39 57 4
39 58 3
39 59 5
39 60 1
39 61 5
39 62 1
39 63 2
39 64 1
39 65 4
39 66 4
39 67 2
39 68 2
39 69 5
39 70 4
39 71 1
39 72 5
39 73 5
39 74 3
39 75 2
39 76 1
39 77 3
39 78 1
39 79 5
39 80 2
39 81 2
39 82 4
39 83 3
39 84 3
39 85 1
39 86 4
39 87 3
39 88 4
39 89 1
39 90 3
39 91 4
39 92 4
39 93 2
39 94 2
39 95 5
39 96 4
39 97 4
39 98 1
39 99 1
39 100 3
40 41 4
40 42 1
40 43 1
40 44 1
40 45 2
40 46 5
40 47 4
40 48 2
40 49 2
40 50 5
40 51 2
40 52 1
40 53 3
40 54 3
40 55 3
40 56 3
40 57 3
40 58 3
40 59 3
40 60 5
40 61 3
40 62 2
40 63 2
40 64 1
40 65 3
40 66 2
40 67 4
40 68 4
40 69 2
40 70 2
40 71 4
40 72 4
40 73 3
40 74 2
40 75 3
40 76 4
40 77 4
40 78 1
40 79 2
40 80 3
40 81 1
40 82 5
40 83 5
40 84 2
40 85 4
40 86 1
40 87 5
40 88 5
40 89 5
40 90 4
40 91 3
40 92 4
40 93 1
40 94 1
40 95 4
40 96 1
40 97 2
40 98 4
40 99 3
40 100 1
41 42 3
41 43 1
41 44 5
41 45 3
41 46 2
41 47 5
41 48 2
41 49 3
41 50 2
41 51 1
41 52 4
41 53 1
41 54 5
41 55 2
41 56 4
41 57 3
41 58 3
41 59 1
41 60 1
41 61 5
41 62 2
41 63 2
41 64 1
41 65 2
41 66 5
41 67 4
41 68 5
41 69 4
41 70 2
41 71 1
41 72 5
41 73 4
41 74 5
41 75 1
41 76 3
41 77 3
41 78 5
41 79 1
41 80 4
41 81 3
41 82 2
41 83 1
41 84 5
41 85 5
41 86 1
41 87 4
41 88 1
41 89 3
41 90 1
41 91 5
41 92 3
41 93 3
41 94 3
41 95 5
41 96 4
41 97 1
41 98 4
41 99 4
41 100 5
42 43 4
42 44 5
42 45 3
42 46 3
42 47 2
42 48 5
42 49 3
42 50 5
42 51 1
42 52 5
42 53 2
42 54 4
42 55 4
42 56 1
42 57 2
42 58 5
42 59 4
42 60 4
42 61 4
42 62 5
42 63 1
42 64 3
42 65 5
42 66 4
42 67 2
42 68 4
42 69 4
42 70 5
42 71 2
42 72 4
42 73 5
42 74 4
42 75 1
42 76 3
42 77 2
42 78 5
42 79 5
42 80 3
42 81 2
42 82 3
42 83 1
42 84 2
42 85 5
42 86 5
42 87 3
42 88 3
42 89 3
42 90 5
42 91 2
42 92 5
42 93 3
42 94 3
42 95 1
42 96 3
42 97 2
42 98 4
42 99 2
42 100 3
43 44 2
43 45 3
43 46 3
43 47 2
43 48 5
43 49 3
43 50 1
43 51 4
43 52 5
43 53 2
43 54 2
43 55 5
43 56 2
43 57 5
43 58 1
43 59 3
43 60 5
43 61 4
43 62 5
43 63 4
43 64 3
43 65 3
43 66 5
43 67 5
43 68 2
43 69 1
43 70 5
43 71 3
43 72 1
43 73 2
43 74 4
43 75 2
43 76 4
43 77 3
43 78 5
43 79 1
43 80 1
43 81 1
43 82 5
43 83 1
43 84 5
43 85 3
43 86 4
43 87 3
43 88 2
43 89 1
43 90 2
43 91 5
43 92 1
43 93 3
43 94 3
43 95 1
43 96 1
43 97 4
43 98 5
43 99 3
43 100 2
44 45 1
44 46 1
44 47 5
44 48 4
44 49 1
44 50 1
44 51 1
44 52 5
44 53 5
44 54 2
44 55 4
44 56 2
44 57 5
44 58 3
44 59 2
44 60 1
44 61 4
44 62 5
44 63 4
44 64 1
44 65 5
44 66 4
44 67 3
44 68 3
44 69 1
44 70 4
44 71 5
44 72 4
44 73 4
44 74 3
44 75 2
44 76 1
44 77 2
44 78 1
44 79 2
44 80 5
44 81 3
44 82 3
44 83 5
44 84 2
44 85 1
44 86 5
44 87 4
44 88 1
44 89 2
44 90 3
44 91 4
44 92 4
44 93 1
44 94 1
44 95 4
44 96 5
44 97 5
44 98 5
44 99 5
44 100 2
45 46 4
45 47 1
45 48 3
45 49 3
45 50 4
45 51 1
45 52 4
45 53 1
45 54 3
45 55 4
45 56 5
45 57 3
45 58 2
45 59 2
45 60 3
45 61 5
45 62 5
45 63 1
45 64 4
45 65 3
45 66 5
45 67 5
45 68 2
45 69 4
45 70 5
45 71 3
45 72 5
45 73 1
45 74 2
45 75 3
45 76 4
45 77 5
45 78 2
45 79 4
45 80 2
45 81 4
45 82 4
45 83 4
45 84 5
45 85 1
45 86 2
45 87 2
45 88 3
45 89 1
45 90 1
45 91 2
45 92 5
45 93 5
45 94 2
45 95 2
45 96 2
45 97 3
45 98 3
45 99 1
45 100 2
46 47 3
46 48 4
46 49 1
46 50 4
46 51 5
46 52 1
46 53 1
46 54 5
46 55 1
46 56 1
46 57 1
46 58 2
46 59 1
46 60 3
46 61 5
46 62 2
46 63 2
46 64 3
46 65 4
46 66 2
46 67 2
46 68 4
46 69 1
46 70 3
46 71 4
46 72 1
46 73 3
46 74 5
46 75 3
46 76 1
46 77 5
46 78 2
46 79 1
46 80 5
46 81 3
46 82 4
46 83 2
46 84 1
46 85 4
46 86 5
46 87 2
46 88 4
46 89 1
46 90 5
46 91 1
46 92 2
46 93 1
46 94 1
46 95 4
46 96 5
46 97 2
46 98 5
46 99 4
46 100 1
47 48 2
47 49 2
47 50 3
47 51 5
47 52 5
47 53 4
47 54 5
47 55 2
47 56 1
47 57 5
47 58 2
47 59 3
47 60 1
47 61 3
47 62 5
47 63 2
47 64 3
47 65 1
47 66 3
47 67 4
47 68 5
47 69 2
47 70 4
47 71 2
47 72 2
47 73 3
47 74 2
47 75 4
47 76 1
47 77 4
47 78 2
47 79 4
47 80 5
47 81 3
47 82 1
47 83 2
47 84 2
47 85 5
47 86 4
47 87 1
47 88 2
47 89 2
47 90 4
47 91 4
47 92 4
47 93 3
47 94 4
47 95 2
47 96 4
47 97 2
47 98 2
47 99 3
47 100 5
48 49 4
48 50 1
48 51 1
48 52 4
48 53 2
48 54 1
48 55 3
48 56 1
48 57 2
48 58 2
48 59 5
48 60 5
48 61 4
48 62 4
48 63 2
48 64 2
48 65 1
48 66 2
48 67 1
48 68 3
48 69 2
48 70 5
48 71 2
48 72 1
48 73 2
48 74 1
48 75 2
48 76 1
48 77 4
48 78 4
48 79 2
48 80 2
48 81 2
48 82 3
48 83 5
48 84 2
48 85 3
48 86 2
48 87 5
48 88 3
48 89 3
48 90 3
48 91 2
48 92 4
48 93 1
48 94 3
48 95 4
48 96 1
48 97 2
48 98 2
48 99 4
48 100 3
49 50 1
49 51 5
49 52 5
49 53 1
49 54 2
49 55 5
49 56 1
49 57 2
49 58 2
49 59 2
49 60 4
49 61 3
49 62 5
49 63 4
49 64 3
49 65 4
49 66 4
49 67 2
49 68 1
49 69 3
49 70 3
49 71 1
49 72 3
49 73 2
49 74 4
49 75 5
49 76 2
49 77 1
49 78 3
49 79 4
49 80 1
49 81 1
49 82 5
49 83 2
49 84 5
49 85 2
49 86 3
49 87 1
49 88 5
49 89 1
49 90 5
49 91 1
49 92 2
49 93 1
49 94 5
49 95 1
49 96 2
49 97 4
49 98 5
49 99 2
49 100 4
50 51 3
50 52 1
50 53 2
50 54 3
50 55 1
50 56 3
50 57 5
50 58 2
50 59 5
50 60 1
50 61 4
50 62 2
50 63 5
50 64 2
50 65 3
50 66 1
50 67 4
50 68 3
50 69 2
50 70 5
50 71 1
50 72 5
50 73 3
50 74 2
50 75 5
50 76 5
50 77 1
50 78 4
50 79 2
50 80 5
50 81 2
50 82 2
50 83 4
50 84 3
50 85 4
50 86 1
50 87 4
50 88 5
50 89 4
50 90 4
50 91 4
50 92 2
50 93 2
50 94 2
50 95 1
50 96 1
50 97 5
50 98 2
50 99 3
50 100 4
51 52 5
51 53 4
51 54 3
51 55 3
51 56 1
51 57 3
51 58 3
51 59 5
51 60 5
51 61 5
51 62 2
51 63 4
51 64 2
51 65 3
51 66 5
51 67 5
51 68 2
51 69 4
51 70 2
51 71 3
51 72 2
51 73 3
51 74 2
51 75 4
51 76 3
51 77 1
51 78 5
51 79 2
51 80 2
51 81 3
51 82 1
51 83 2
51 84 3
51 85 2
51 86 4
51 87 1
51 88 3
51 89 5
51 90 1
51 91 3
51 92 5
51 93 5
51 94 1
51 95 3
51 96 2
51 97 5
51 98 3
51 99 4
51 100 2
52 53 1
52 54 4
52 55 3
52 56 1
52 57 4
52 58 1
52 59 2
52 60 4
52 61 4
52 62 4
52 63 1
52 64 1
52 65 4
52 66 2
52 67 1
52 68 2
52 69 2
52 70 1
52 71 3
52 72 1
52 73 1
52 74 3
52 75 1
52 76 2
52 77 3
52 78 4
52 79 3
52 80 3
52 81 2
52 82 2
52 83 5
52 84 1
52 85 5
52 86 4
52 87 1
52 88 3
52 89 2
52 90 2
52 91 3
52 92 1
52 93 3
52 94 4
52 95 2
52 96 1
52 97 2
52 98 3
52 99 1
52 100 1
53 54 2
53 55 5
53 56 1
53 57 5
53 58 5
53 59 2
53 60 1
53 61 2
53 62 2
53 63 1
53 64 3
53 65 2
53 66 5
53 67 2
53 68 1
53 69 5
53 70 5
53 71 4
53 72 4
53 73 3
53 74 1
53 75 2
53 76 5
53 77 2
53 78 5
53 79 4
53 80 4
53 81 4
53 82 4
53 83 1
53 84 1
53 85 5
53 86 4
53 87 4
53 88 2
53 89 2
53 90 1
53 91 1
53 92 2
53 93 2
53 94 2
53 95 5
53 96 5
53 97 1
53 98 2
53 99 4
53 100 3
54 55 1
54 56 1
54 57 5
54 58 2
54 59 3
54 60 1
54 61 1
54 62 3
54 63 5
54 64 3
54 65 3
54 66 3
54 67 1
54 68 1
54 69 3
54 70 3
54 71 1
54 72 2
54 73 5
54 74 5
54 75 4
54 76 2
54 77 4
54 78 1
54 79 1
54 80 3
54 81 3
54 82 5
54 83 4
54 84 1
54 85 1
54 86 5
54 87 2
54 88 2
54 89 4
54 90 2
54 91 4
54 92 2
54 93 1
54 94 3
54 95 2
54 96 3
54 97 5
54 98 2
54 99 4
54 100 3
55 56 5
55 57 2
55 58 2
55 59 5
55 60 2
55 61 1
55 62 3
55 63 4
55 64 1
55 65 2
55 66 1
55 67 4
55 68 5
55 69 4
55 70 2
55 71 2
55 72 2
55 73 3
55 74 2
55 75 3
55 76 3
55 77 2
55 78 5
55 79 5
55 80 4
55 81 5
55 82 2
55 83 2
55 84 5
55 85 1
55 86 5
55 87 2
55 88 3
55 89 2
55 90 3
55 91 3
55 92 1
55 93 3
55 94 1
55 95 5
55 96 4
55 97 1
55 98 4
55 99 1
55 100 5
56 57 4
56 58 4
56 59 5
56 60 2
56 61 4
56 62 4
56 63 5
56 64 5
56 65 1
56 66 2
56 67 5
56 68 3
56 69 4
56 70 4
56 71 4
56 72 1
56 73 2
56 74 5
56 75 4
56 76 4
56 77 3
56 78 5
56 79 3
56 80 5
56 81 2
56 82 3
56 83 4
56 84 4
56 85 2
56 86 5
56 87 3
56 88 3
56 89 3
56 90 1
56 91 2
56 92 5
56 93 1
56 94 2
56 95 1
56 96 4
56 97 1
56 98 3
56 99 1
56 100 1
57 58 5
57 59 3
57 60 4
57 61 4
57 62 1
57 63 5
57 64 2
57 65 3
57 66 1
57 67 2
57 68 1
57 69 4
57 70 1
57 71 3
57 72 4
57 73 4
57 74 5
57 75 4
57 76 2
57 77 4
57 78 3
57 79 1
57 80 3
57 81 3
57 82 1
57 83 3
57 84 1
57 85 1
57 86 1
57 87 2
57 88 5
57 89 4
57 90 4
57 91 4
57 92 4
57 93 4
57 94 3
57 95 4
57 96 1
57 97 3
57 98 2
57 99 5
57 100 4
58 59 5
58 60 5
58 61 1
58 62 5
58 63 5
58 64 5
58 65 3
58 66 3
58 67 3
58 68 1
58 69 4
58 70 3
58 71 1
58 72 4
58 73 5
58 74 4
58 75 3
58 76 4
58 77 3
58 78 2
58 79 2
58 80 3
58 81 4
58 82 1
58 83 4
58 84 1
58 85 5
58 86 5
58 87 3
58 88 4
58 89 5
58 90 2
58 91 1
58 92 5
58 93 2
58 94 4
58 95 2
58 96 2
58 97 4
58 98 4
58 99 4
58 100 2
59 60 5
59 61 4
59 62 1
59 63 1
59 64 4
59 65 1
59 66 4
59 67 2
59 68 1
59 69 3
59 70 1
59 71 2
59 72 2
59 73 1
59 74 4
59 75 4
59 76 5
59 77 2
59 78 4
59 79 1
59 80 1
59 81 4
59 82 3
59 83 3
59 84 5
59 85 5
59 86 1
59 87 1
59 88 3
59 89 2
59 90 2
59 91 3
59 92 5
59 93 1
59 94 2
59 95 1
59 96 4
59 97 3
59 98 5
59 99 4
59 100 2
60 61 4
60 62 3
60 63 5
60 64 1
60 65 3
60 66 2
60 67 5
60 68 1
60 69 4
60 70 1
60 71 3
60 72 4
60 73 4
60 74 5
60 75 2
60 76 2
60 77 1
60 78 1
60 79 1
60 80 4
60 81 1
60 82 5
60 83 2
60 84 1
60 85 5
60 86 2
60 87 1
60 88 2
60 89 4
60 90 2
60 91 3
60 92 2
60 93 1
60 94 2
60 95 1
60 96 3
60 97 2
60 98 1
60 99 3
60 100 5
61 62 4
61 63 5
61 64 1
61 65 2
61 66 4
61 67 4
61 68 2
61 69 1
61 70 2
61 71 4
61 72 3
61 73 2
61 74 1
61 75 2
61 76 4
61 77 4
61 78 5
61 79 1
61 80 1
61 81 3
61 82 3
61 83 1
61 84 5
61 85 1
61 86 3
61 87 3
61 88 2
61 89 5
61 90 3
61 91 4
61 92 4
61 93 5
61 94 5
61 95 2
61 96 4
61 97 3
61 98 3
61 99 5
61 100 1
62 63 4
62 64 5
62 65 2
62 66 1
62 67 4
62 68 5
62 69 1
62 70 4
62 71 4
62 72 1
62 73 2
62 74 3
62 75 5
62 76 5
62 77 3
62 78 5
62 79 3
62 80 4
62 81 3
62 82 1
62 83 3
62 84 2
62 85 3
62 86 4
62 87 3
62 88 2
62 89 4
62 90 5
62 91 4
62 92 4
62 93 5
62 94 2
62 95 5
62 96 3
62 97 2
62 98 5
62 99 5
62 100 1
63 64 1
63 65 5
63 66 1
63 67 2
63 68 3
63 69 3
63 70 5
63 71 2
63 72 1
63 73 5
63 74 2
63 75 5
63 76 2
63 77 1
63 78 5
63 79 1
63 80 5
63 81 5
63 82 3
63 83 3
63 84 5
63 85 5
63 86 5
63 87 1
63 88 5
63 89 3
63 90 5
63 91 2
63 92 2
63 93 2
63 94 3
63 95 5
63 96 1
63 97 2
63 98 2
63 99 5
63 100 1
64 65 2
64 66 5
64 67 5
64 68 4
64 69 2
64 70 4
64 71 5
64 72 3
64 73 4
64 74 1
64 75 5
64 76 2
64 77 3
64 78 5
64 79 4
64 80 2
64 81 2
64 82 3
64 83 3
64 84 2
64 85 2
64 86 1
64 87 1
64 88 4
64 89 4
64 90 4
64 91 3
64 92 4
64 93 2
64 94 3
64 95 5
64 96 3
64 97 5
64 98 1
64 99 4
64 100 5
65 66 4
65 67 4
65 68 3
65 69 5
65 70 2
65 71 1
65 72 2
65 73 1
65 74 5
65 75 2
65 76 5
65 77 2
65 78 5
65 79 4
65 80 3
65 81 5
65 82 4
65 83 2
65 84 4
65 85 4
65 86 5
65 87 5
65 88 3
65 89 1
65 90 4
65 91 2
65 92 5
65 93 3
65 94 2
65 95 5
65 96 2
65 97 3
65 98 2
65 99 2
65 100 3
66 67 3
66 68 3
66 69 4
66 70 5
66 71 2
66 72 1
66 73 1
66 74 3
66 75 5
66 76 4
66 77 2
66 78 1
66 79 1
66 80 2
66 81 1
66 82 4
66 83 2
66 84 5
66 85 5
66 86 3
66 87 2
66 88 3
66 89 5
66 90 5
66 91 1
66 92 2
66 93 1
66 94 1
66 95 4
66 96 1
66 97 4
66 98 2
66 99 2
66 100 2
67 68 2
67 69 4
67 70 5
67 71 3
67 72 3
67 73 1
67 74 3
67 75 3
67 76 1
67 77 2
67 78 5
67 79 1
67 80 4
67 81 4
67 82 4
67 83 4
67 84 2
67 85 2
67 86 2
67 87 2
67 88 2
67 89 5
67 90 3
67 91 3
67 92 2
67 93 5
67 94 1
67 95 1
67 96 2
67 97 1
67 98 4
67 99 2
67 100 2
68 69 4
68 70 3
68 71 1
68 72 3
68 73 2
68 74 3
68 75 3
68 76 4
68 77 5
68 78 1
68 79 4
68 80 4
68 81 4
68 82 1
68 83 2
68 84 4
68 85 1
68 86 3
68 87 2
68 88 4
68 89 4
68 90 2
68 91 1
68 92 5
68 93 1
68 94 4
68 95 1
68 96 1
68 97 5
68 98 1
68 99 5
68 100 4
69 70 4
69 71 5
69 72 1
69 73 2
69 74 2
69 75 3
69 76 2
69 77 2
69 78 2
69 79 2
69 80 3
69 81 1
69 82 3
69 83 3
69 84 3
69 85 1
69 86 1
69 87 4
69 88 1
69 89 4
69 90 3
69 91 4
69 92 5
69 93 1
69 94 4
69 95 5
69 96 5
69 97 5
69 98 1
69 99 2
69 100 2
70 71 4
70 72 4
70 73 4
70 74 5
70 75 1
70 76 4
70 77 2
70 78 4
70 79 1
70 80 1
70 81 5
70 82 5
70 83 3
70 84 3
70 85 4
70 86 4
70 87 2
70 88 5
70 89 4
70 90 5
70 91 1
70 92 1
70 93 2
70 94 2
70 95 4
70 96 5
70 97 2
70 98 2
70 99 5
70 100 5
71 72 2
71 73 4
71 74 3
71 75 3
71 76 5
71 77 1
71 78 1
71 79 5
71 80 1
71 81 1
71 82 4
71 83 1
71 84 2
71 85 4
71 86 4
71 87 3
71 88 1
71 89 2
71 90 1
71 91 2
71 92 5
71 93 5
71 94 4
71 95 3
71 96 3
71 97 2
71 98 4
71 99 2
71 100 2
72 73 3
72 74 2
72 75 2
72 76 1
72 77 3
72 78 3
72 79 3
72 80 3
72 81 5
72 82 4
72 83 2
72 84 2
72 85 1
72 86 2
72 87 1
72 88 3
72 89 1
72 90 1
72 91 3
72 92 3
72 93 2
72 94 3
72 95 3
72 96 4
72 97 5
72 98 3
72 99 5
72 100 1
73 74 3
73 75 4
73 76 3
73 77 2
73 78 1
73 79 5
73 80 1
73 81 4
73 82 3
73 83 4
73 84 1
73 85 2
73 86 3
73 87 5
73 88 4
73 89 1
73 90 2
73 91 3
73 92 2
73 93 4
73 94 4
73 95 1
73 96 5
73 97 4
73 98 3
73 99 5
73 100 1
74 75 2
74 76 1
74 77 2
74 78 3
74 79 1
74 80 1
74 81 4
74 82 4
74 83 1
74 84 4
74 85 3
74 86 4
74 87 5
74 88 4
74 89 4
74 90 4
74 91 5
74 92 5
74 93 4
74 94 1
74 95 3
74 96 5
74 97 1
74 98 3
74 99 2
74 100 1
75 76 3
75 77 1
75 78 2
75 79 5
75 80 4
75 81 3
75 82 4
75 83 5
75 84 1
75 85 4
75 86 3
75 87 5
75 88 2
75 89 2
75 90 3
75 91 1
75 92 2
75 93 2
75 94 4
75 95 2
75 96 5
75 97 3
75 98 4
75 99 1
75 100 3
76 77 5
76 78 5
76 79 4
76 80 1
76 81 1
76 82 1
76 83 3
76 84 3
76 85 1
76 86 3
76 87 2
76 88 3
76 89 2
76 90 2
76 91 4
76 92 5
76 93 4
76 94 2
76 95 4
76 96 2
76 97 4
76 98 2
76 99 1
76 100 2
77 78 2
77 79 2
77 80 4
77 81 4
77 82 1
77 83 5
77 84 4
77 85 3
77 86 5
77 87 4
77 88 3
77 89 3
77 90 2
77 91 2
77 92 4
77 93 5
77 94 1
77 95 3
77 96 4
77 97 3
77 98 2
77 99 5
77 100 4
78 79 4
78 80 5
78 81 3
78 82 4
78 83 1
78 84 2
78 85 1
78 86 2
78 87 3
78 88 1
78 89 1
78 90 2
78 91 5
78 92 2
78 93 1
78 94 2
78 95 5
78 96 4
78 97 3
78 98 1
78 99 1
78 100 1
79 80 2
79 81 2
79 82 4
79 83 1
79 84 2
79 85 3
79 86 4
79 87 4
79 88 4
79 89 5
79 90 3
79 91 5
79 92 2
79 93 2
79 94 2
79 95 5
79 96 4
79 97 2
79 98 2
79 99 3
79 100 4
80 81 1
80 82 1
80 83 3
80 84 5
80 85 5
80 86 5
80 87 3
80 88 4
80 89 4
80 90 3
80 91 3
80 92 2
80 93 3
80 94 3
80 95 2
80 96 3
80 97 5
80 98 5
80 99 2
80 100 3
81 82 2
81 83 5
81 84 1
81 85 4
81 86 2
81 87 2
81 88 5
81 89 5
81 90 4
81 91 2
81 92 3
81 93 2
81 94 4
81 95 2
81 96 1
81 97 5
81 98 1
81 99 5
81 100 3
82 83 3
82 84 4
82 85 4
82 86 3
82 87 5
82 88 3
82 89 2
82 90 5
82 91 4
82 92 1
82 93 5
82 94 3
82 95 3
82 96 1
82 97 5
82 98 2
82 99 2
82 100 2
83 84 1
83 85 2
83 86 2
83 87 3
83 88 5
83 89 1
83 90 4
83 91 5
83 92 3
83 93 4
83 94 2
83 95 1
83 96 2
83 97 5
83 98 3
83 99 4
83 100 2
84 85 1
84 86 3
84 87 3
84 88 4
84 89 2
84 90 5
84 91 5
84 92 1
84 93 3
84 94 5
84 95 2
84 96 4
84 97 2
84 98 3
84 99 5
84 100 3
85 86 3
85 87 4
85 88 4
85 89 4
85 90 5
85 91 4
85 92 4
85 93 2
85 94 5
85 95 2
85 96 4
85 97 2
85 98 1
85 99 3
85 100 2
86 87 1
86 88 5
86 89 5
86 90 3
86 91 2
86 92 2
86 93 4
86 94 5
86 95 3
86 96 5
86 97 3
86 98 4
86 99 5
86 100 4
87 88 3
87 89 2
87 90 4
87 91 4
87 92 2
87 93 3
87 94 3
87 95 2
87 96 5
87 97 3
87 98 4
87 99 4
87 100 5
88 89 1
88 90 4
88 91 2
88 92 4
88 93 2
88 94 2
88 95 1
88 96 1
88 97 5
88 98 4
88 99 5
88 100 2
89 90 2
89 91 3
89 92 5
89 93 3
89 94 5
89 95 4
89 96 4
89 97 4
89 98 2
89 99 3
89 100 3
90 91 4
90 92 3
90 93 4
90 94 1
90 95 5
90 96 5
90 97 3
90 98 4
90 99 2
90 100 5
91 92 1
91 93 2
91 94 4
91 95 2
91 96 3
91 97 2
91 98 4
91 99 4
91 100 2
92 93 1
92 94 2
92 95 3
92 96 5
92 97 5
92 98 2
92 99 5
92 100 4
93 94 1
93 95 5
93 96 3
93 97 1
93 98 2
93 99 2
93 100 5
94 95 5
94 96 3
94 97 5
94 98 2
94 99 5
94 100 3
95 96 3
95 97 3
95 98 3
95 99 4
95 100 3
96 97 5
96 98 5
96 99 4
96 100 3
97 98 2
97 99 5
97 100 4
98 99 3
98 100 3
99 100 2
