50 1225
1 2 3
1 3 2
1 4 1
1 5 3
1 6 4
1 7 1
1 8 3
1 9 4
1 10 5
1 11 4
1 12 4
1 13 1
1 14 5
1 15 2
1 16 3
1 17 1
1 18 5
1 19 3
1 20 3
1 21 2
1 22 2
1 23 2
1 24 4
1 25 1
1 26 5
1 27 1
1 28 5
1 29 2
1 30 4
1 31 4
1 32 5
1 33 2
1 34 4
1 35 3
1 36 5
1 37 5
1 38 1
1 39 4
1 40 2
1 41 3
1 42 3
1 43 3
1 44 2
1 45 4
1 46 2
1 47 3
1 48 2
1 49 1
1 50 3
2 3 1
2 4 5
2 5 2
2 6 4
2 7 2
2 8 5
2 9 4
2 10 2
2 11 2
2 12 2
2 13 3
2 14 1
2 15 2
2 16 5
2 17 2
2 18 3
2 19 1
2 20 5
2 21 1
2 22 5
2 23 3
2 24 1
2 25 1
2 26 1
2 27 2
2 28 1
2 29 1
2 30 4
2 31 1
2 32 3
2 33 1
2 34 4
2 35 4
2 36 3
2 37 1
2 38 1
2 39 4
2 40 1
2 41 1
2 42 4
2 43 1
2 44 3
2 45 4
2 46 4
2 47 3
2 48 5
2 49 2
2 50 2
3 4 5
3 5 5
3 6 1
3 7 2
3 8 3
3 9 2
3 10 5
3 11 5
3 12 2
3 13 4
3 14 1
3 15 4
3 16 5
3 17 1
3 18 3
3 19 3
3 20 3
3 21 2
3 22 4
3 23 1
3 24 3
3 25 2
3 26 4
3 27 2
3 28 3
3 29 1
3 30 3
3 31 4
3 32 2
3 33 5
3 34 5
3 35 3
3 36 5
3 37 3
3 38 3
3 39 3
3 40 5
3 41 3
3 42 4
3 43 1
3 44 3
3 45 3
3 46 5
3 47 5
3 48 4
3 49 1
3 50 5
4 5 4
4 6 4
4 7 2
4 8 5
4 9 3
4 10 3
4 11 2
4 12 2
4 13 1
4 14 1
4 15 5
4 16 3
4 17 2
4 18 5
4 19 5
4 20 4
4 21 2
4 22 4
4 23 4
4 24 2
4 25 5
4 26 4
4 27 2
4 28 4
4 29 2
4 30 4
4 31 5
4 32 2
4 33 3
4 34 3
4 35 5
4 36 5
4 37 2
4 38 4
4 39 4
4 40 1
4 41 5
4 42 3
4 43 3
4 44 2
4 45 1
4 46 1
4 47 4
4 48 5
4 49 5
4 50 1
5 6 1
5 7 3
5 8 3
5 9 3
5 10 1
5 11 2
5 12 5
5 13 1
5 14 1
5 15 3
5 16 5
5 17 1
5 18 5
5 19 2
5 20 2
5 21 5
5 22 4
5 23 2
5 24 1
5 25 2
5 26 5
5 27 2
5 28 1
5 29 1
5 30 3
5 31 1
5 32 1
5 33 3
5 34 1
5 35 1
5 36 3
5 37 1
5 38 1
5 39 1
5 40 1
5 41 2
5 42 1
5 43 4
5 44 4
5 45 3
5 46 5
5 47 5
5 48 4
5 49 4
5 50 4
6 7 5
6 8 1
6 9 4
6 10 5
6 11 5
6 12 4
6 13 4
6 14 4
6 15 4
6 16 1
6 17 1
6 18 4
6 19 3
6 20 2
6 21 4
6 22 1
6 23 4
6 24 2
6 25 5
6 26 4
6 27 1
6 28 2
6 29 4
6 30 3
6 31 5
6 32 1
6 33 1
6 34 3
6 35 1
6 36 1
6 37 2
6 38 4
6 39 4
6 40 3
6 41 4
6 42 2
6 43 4
6 44 1
6 45 2
6 46 4
6 47 5
6 48 3
6 49 2
6 50 4
7 8 3
7 9 5
7 10 3
7 11 4
7 12 2
7 13 5
7 14 5
7 15 3
7 16 2
7 17 2
7 18 5
7 19 3
7 20 1
7 21 3
7 22 1
7 23 3
7 24 1
7 25 3
7 26 5
7 27 5
7 28 2
7 29 2
7 30 4
7 31 2
7 32 1
7 33 2
7 34 4
7 35 5
7 36 4
7 37 2
7 38 3
7 39 5
7 40 4
7 41 3
7 42 1
7 43 4
7 44 2
7 45 1
7 46 1
7 47 5
7 48 2
7 49 3
7 50 1
8 9 4
8 10 3
8 11 2
8 12 4
8 13 4
8 14 5
8 15 3
8 16 5
8 17 5
8 18 3
8 19 1
8 20 4
8 21 4
8 22 2
8 23 3
8 24 5
8 25 4
8 26 4
8 27 5
8 28 3
8 29 5
8 30 2
8 31 2
8 32 1
8 33 4
8 34 5
8 35 2
8 36 5
8 37 3
8 38 5
8 39 5
8 40 1
8 41 1
8 42 2
8 43 5
8 44 2
8 45 2
8 46 4
8 47 2
8 48 4
8 49 2
8 50 3
9 10 4
9 11 1
9 12 4
9 13 5
9 14 2
9 15 5
9 16 1
9 17 1
9 18 1
9 19 5
9 20 5
9 21 4
9 22 3
9 23 3
9 24 1
9 25 2
9 26 2
9 27 2
9 28 5
9 29 4
9 30 3
9 31 2
9 32 1
9 33 4
9 34 3
9 35 1
9 36 1
9 37 2
9 38 3
9 39 2
9 40 4
9 41 5
9 42 3
9 43 1
9 44 2
9 45 3
9 46 5
9 47 1
9 48 5
9 49 2
9 50 5
10 11 2
10 12 3
10 13 3
10 14 5
10 15 1
10 16 5
10 17 1
10 18 2
10 19 2
10 20 5
10 21 2
10 22 1
10 23 5
10 24 3
10 25 5
10 26 1
10 27 1
10 28 5
10 29 2
10 30 1
10 31 3
10 32 3
10 33 2
10 34 2
10 35 5
10 36 5
10 37 3
10 38 1
10 39 5
10 40 2
10 41 4
10 42 5
10 43 2
10 44 2
10 45 1
10 46 4
10 47 1
10 48 5
10 49 2
10 50 4
11 12 3
11 13 4
11 14 3
11 15 5
11 16 3
11 17 4
11 18 4
11 19 5
11 20 5
11 21 1
11 22 3
11 23 1
11 24 3
11 25 4
11 26 1
11 27 3
11 28 4
11 29 3
11 30 4
11 31 5
11 32 5
11 33 5
11 34 4
11 35 2
11 36 1
11 37 3
11 38 1
11 39 4
11 40 3
11 41 1
11 42 4
11 43 1
11 44 5
11 45 1
11 46 4
11 47 1
11 48 1
11 49 2
11 50 4
12 13 5
12 14 1
12 15 2
12 16 3
12 17 4
12 18 4
12 19 1
12 20 4
12 21 1
12 22 3
12 23 1
12 24 5
12 25 5
12 26 4
12 27 1
12 28 2
12 29 5
12 30 3
12 31 4
12 32 3
12 33 5
12 34 3
12 35 2
12 36 3
12 37 5
12 38 5
12 39 2
12 40 3
12 41 3
12 42 3
12 43 2
12 44 4
12 45 4
12 46 5
12 47 3
12 48 1
12 49 2
12 50 5
13 14 4
13 15 3
13 16 4
13 17 2
13 18 5
13 19 2
13 20 4
13 21 3
13 22 3
13 23 2
13 24 5
13 25 5
13 26 1
13 27 4
13 28 1
13 29 4
13 30 2
13 31 4
13 32 3
13 33 3
13 34 5
13 35 4
13 36 2
13 37 1
13 38 4
13 39 1
13 40 1
13 41 1
13 42 5
13 43 5
13 44 3
13 45 5
13 46 5
13 47 3
13 48 5
13 49 1
13 50 3
14 15 1
14 16 2
14 17 1
14 18 4
14 19 3
14 20 4
14 21 4
14 22 3
14 23 2
14 24 2
14 25 2
14 26 5
14 27 4
14 28 2
14 29 2
14 30 1
14 31 1
14 32 3
14 33 5
14 34 4
14 35 5
14 36 4
14 37 5
14 38 2
14 39 5
14 40 4
14 41 2
14 42 5
14 43 1
14 44 2
14 45 2
14 46 5
14 47 2
14 48 2
14 49 3
14 50 4
15 16 4
15 17 5
15 18 3
15 19 4
15 20 1
15 21 1
15 22 5
15 23 5
15 24 5
15 25 5
15 26 5
15 27 5
15 28 3
15 29 5
15 30 3
15 31 1
15 32 5
15 33 1
15 34 3
15 35 3
15 36 3
15 37 2
15 38 5
15 39 2
15 40 1
15 41 2
15 42 1
15 43 2
15 44 2
15 45 3
15 46 3
15 47 4
15 48 3
15 49 4
15 50 4
16 17 2
16 18 5
16 19 5
16 20 2
16 21 5
16 22 2
16 23 4
16 24 2
16 25 4
16 26 2
16 27 1
16 28 5
16 29 4
16 30 3
16 31 4
16 32 2
16 33 4
16 34 1
16 35 5
16 36 5
16 37 4
16 38 3
16 39 1
16 40 2
16 41 5
16 42 1
16 43 4
16 44 4
16 45 3
16 46 2
16 47 4
16 48 2
16 49 5
16 50 2
17 18 1
17 19 4
17 20 1
17 21 5
17 22 5
17 23 4
17 24 4
17 25 4
17 26 2
17 27 2
17 28 3
17 29 1
17 30 5
17 31 5
17 32 1
17 33 2
17 34 2
17 35 5
17 36 5
17 37 4
17 38 5
17 39 2
17 40 1
17 41 2
17 42 2
17 43 2
17 44 4
17 45 1
17 46 4
17 47 3
17 48 1
17 49 2
17 50 1
18 19 1
18 20 5
18 21 3
18 22 3
18 23 5
18 24 2
18 25 2
18 26 5
18 27 3
18 28 2
18 29 3
18 30 5
18 31 2
18 32 4
18 33 5
18 34 2
18 35 3
18 36 5
18 37 3
18 38 1
18 39 5
18 40 3
18 41 3
18 42 2
18 43 5
18 44 4
18 45 2
18 46 1
18 47 2
18 48 4
18 49 5
18 50 3
19 20 2
19 21 1
19 22 5
19 23 5
19 24 3
19 25 1
19 26 1
19 27 1
19 28 4
19 29 4
19 30 1
19 31 3
19 32 5
19 33 4
19 34 2
19 35 2
19 36 3
19 37 1
19 38 5
19 39 5
19 40 1
19 41 4
19 42 5
19 43 2
19 44 4
19 45 2
19 46 2
19 47 3
19 48 1
19 49 2
19 50 5
20 21 4
20 22 4
20 23 1
20 24 3
20 25 4
20 26 1
20 27 5
20 28 3
20 29 3
20 30 3
20 31 3
20 32 4
20 33 3
20 34 3
20 35 2
20 36 1
20 37 2
20 38 5
20 39 5
20 40 3
20 41 4
20 42 4
20 43 5
20 44 3
20 45 3
20 46 4
20 47 2
20 48 2
20 49 2
20 50 2
21 22 3
21 23 5
21 24 4
21 25 3
21 26 2
21 27 3
21 28 3
21 29 1
21 30 1
21 31 1
21 32 5
21 33 1
21 34 4
21 35 5
21 36 4
21 37 5
21 38 3
21 39 2
21 40 4
21 41 4
21 42 1
21 43 3
21 44 1
21 45 4
21 46 2
21 47 5
21 48 5
21 49 1
21 50 5
22 23 1
22 24 1
22 25 4
22 26 4
22 27 4
22 28 5
22 29 4
22 30 1
22 31 5
22 32 2
22 33 5
22 34 2
22 35 5
22 36 5
22 37 4
22 38 4
22 39 5
22 40 4
22 41 1
22 42 3
22 43 1
22 44 2
22 45 2
22 46 5
22 47 2
22 48 2
22 49 1
22 50 2
23 24 2
23 25 3
23 26 2
23 27 1
23 28 5
23 29 3
23 30 3
23 31 3
23 32 5
23 33 2
23 34 1
23 35 2
23 36 1
23 37 2
23 38 3
23 39 3
23 40 4
23 41 1
23 42 2
23 43 2
23 44 1
23 45 5
23 46 2
23 47 5
23 48 5
23 49 1
23 50 1
24 25 1
24 26 1
24 27 3
24 28 2
24 29 5
24 30 2
24 31 1
24 32 3
24 33 3
24 34 4
24 35 4
24 36 2
24 37 3
24 38 3
24 39 2
24 40 4
24 41 3
24 42 1
24 43 5
24 44 4
24 45 2
24 46 4
24 47 1
24 48 1
24 49 3
24 50 1
25 26 4
25 27 2
25 28 1
25 29 1
25 30 4
25 31 2
25 32 5
25 33 4
25 34 4
25 35 4
25 36 1
25 37 1
25 38 3
25 39 4
25 40 1
25 41 3
25 42 3
25 43 2
25 44 5
25 45 5
25 46 4
25 47 5
25 48 2
25 49 4
25 50 4
26 27 5
26 28 5
26 29 3
26 30 5
26 31 4
26 32 4
26 33 1
26 34 5
26 35 1
26 36 1
26 37 1
26 38 5
26 39 1
26 40 2
26 41 1
26 42 1
26 43 3
26 44 2
26 45 5
26 46 1
26 47 4
26 48 3
26 49 1
26 50 2
27 28 2
27 29 5
27 30 2
27 31 5
27 32 5
27 33 1
27 34 1
27 35 1
27 36 1
27 37 5
27 38 3
27 39 3
27 40 4
27 41 3
27 42 1
27 43 2
27 44 5
27 45 3
27 46 1
27 47 3
27 48 1
27 49 2
27 50 5
28 29 5
28 30 3
28 31 5
28 32 1
28 33 2
28 34 4
28 35 3
28 36 5
28 37 4
28 38 1
28 39 3
28 40 5
28 41 4
28 42 3
28 43 3
28 44 5
28 45 3
28 46 1
28 47 1
28 48 5
28 49 3
28 50 1
29 30 3
29 31 1
29 32 5
29 33 4
29 34 3
29 35 1
29 36 1
29 37 3
29 38 1
29 39 5
29 40 2
29 41 2
29 42 2
29 43 2
29 44 1
29 45 3
29 46 4
29 47 5
29 48 3
29 49 1
29 50 5
30 31 3
30 32 2
30 33 3
30 34 1
30 35 2
30 36 2
30 37 1
30 38 1
30 39 1
30 40 4
30 41 2
30 42 3
30 43 4
30 44 4
30 45 2
30 46 5
30 47 5
30 48 4
30 49 4
30 50 5
31 32 2
31 33 5
31 34 1
31 35 5
31 36 2
31 37 2
31 38 1
31 39 5
31 40 3
31 41 2
31 42 4
31 43 1
31 44 4
31 45 4
31 46 4
31 47 4
31 48 2
31 49 3
31 50 3
32 33 4
32 34 2
32 35 3
32 36 4
32 37 3
32 38 5
32 39 2
32 40 5
32 41 4
32 42 4
32 43 5
32 44 2
32 45 5
32 46 2
32 47 2
32 48 2
32 49 4
32 50 4
33 34 3
33 35 3
33 36 5
33 37 4
33 38 2
33 39 3
33 40 2
33 41 5
33 42 3
33 43 4
33 44 3
33 45 5
33 46 1
33 47 2
33 48 4
33 49 1
33 50 3
34 35 5
34 36 5
34 37 2
34 38 4
34 39 2
34 40 2
34 41 2
34 42 1
34 43 5
34 44 4
34 45 5
34 46 4
34 47 1
34 48 2
34 49 3
34 50 2
35 36 5
35 37 2
35 38 2
35 39 2
35 40 4
35 41 5
35 42 5
35 43 1
35 44 5
35 45 3
35 46 5
35 47 1
35 48 1
35 49 2
35 50 3
36 37 1
36 38 1
36 39 5
36 40 2
36 41 1
36 42 1
36 43 3
36 44 4
36 45 5
36 46 5
36 47 4
36 48 3
36 49 3
36 50 3
37 38 2
37 39 1
37 40 3
37 41 2
37 42 1
37 43 3
37 44 1
37 45 2
37 46 3
37 47 1
37 48 4
37 49 2
37 50 3
38 39 4
38 40 2
38 41 4
38 42 4
38 43 4
38 44 1
38 45 4
38 46 1
38 47 5
38 48 1
38 49 3
38 50 2
39 40 2
39 41 5
39 42 5
39 43 5
39 44 2
39 45 1
39 46 1
39 47 1
39 48 2
39 49 2
39 50 4
40 41 4
40 42 3
40 43 3
40 44 4
40 45 3
40 46 2
40 47 3
40 48 2
40 49 1
40 50 1
41 42 4
41 43 4
41 44 4
41 45 5
41 46 5
41 47 5
41 48 2
41 49 1
41 50 5
42 43 5
42 44 1
42 45 4
42 46 5
42 47 4
42 48 3
42 49 4
42 50 3
43 44 3
43 45 1
43 46 1
43 47 3
43 48 4
43 49 1
43 50 2
44 45 1
44 46 2
44 47 4
44 48 3
44 49 5
44 50 4
45 46 2
45 47 1
45 48 1
45 49 4
45 50 2
46 47 5
46 48 4
46 49 2
46 50 1
47 48 2
47 49 4
47 50 4
48 49 5
48 50 1
49 50 5
