100 4950
1 2 5
1 3 5
1 4 2
1 5 2
1 6 2
1 7 4
1 8 4
1 9 1
1 10 2
1 11 1
1 12 4
1 13 2
1 14 3
1 15 5
1 16 3
1 17 2
1 18 1
1 19 5
1 20 4
1 21 1
1 22 1
1 23 1
1 24 4
1 25 3
1 26 2
1 27 3
1 28 1
1 29 2
1 30 4
1 31 1
1 32 3
1 33 3
1 34 4
1 35 4
1 36 3
1 37 1
1 38 3
1 39 1
1 40 2
1 41 4
1 42 4
1 43 4
1 44 5
1 45 1
1 46 4
1 47 3
1 48 2
1 49 1
1 50 1
1 51 5
1 52 3
1 53 4
1 54 2
1 55 3
1 56 3
1 57 5
1 58 5
1 59 4
1 60 2
1 61 2
1 62 2
1 63 1
1 64 1
1 65 5
1 66 1
1 67 1
1 68 3
1 69 5
1 70 1
1 71 4
1 72 5
1 73 1
1 74 3
1 75 2
1 76 2
1 77 3
1 78 4
1 79 2
1 80 4
1 81 2
1 82 3
1 83 5
1 84 4
1 85 3
1 86 2
1 87 5
1 88 4
1 89 4
1 90 3
1 91 2
1 92 1
1 93 4
1 94 1
1 95 5
1 96 4
1 97 3
1 98 5
1 99 1
1 100 5
2 3 2
2 4 3
2 5 5
2 6 4
2 7 5
2 8 3
2 9 2
2 10 1
2 11 4
2 12 5
2 13 1
2 14 1
2 15 1
2 16 5
2 17 5
2 18 5
2 19 3
2 20 3
2 21 4
2 22 3
2 23 5
2 24 5
2 25 2
2 26 2
2 27 2
2 28 3
2 29 2
2 30 2
2 31 4
2 32 1
2 33 2
2 34 3
2 35 3
2 36 2
2 37 1
2 38 4
2 39 3
2 40 1
2 41 4
2 42 1
2 43 3
2 44 5
2 45 3
2 46 3
2 47 3
2 48 3
2 49 1
2 50 4
2 51 2
2 52 2
2 53 5
2 54 5
2 55 3
2 56 3
2 57 2
2 58 2
2 59 5
2 60 2
2 61 5
2 62 3
2 63 1
2 64 5
2 65 4
2 66 3
2 67 4
2 68 4
2 69 5
2 70 4
2 71 2
2 72 4
2 73 4
2 74 5
2 75 1
2 76 5
2 77 2
2 78 1
2 79 3
2 80 5
2 81 1
2 82 4
2 83 5
2 84 3
2 85 5
2 86 2
2 87 2
2 88 1
2 89 4
2 90 1
2 91 1
2 92 4
2 93 4
2 94 5
2 95 4
2 96 1
2 97 1
2 98 3
2 99 2
2 100 5
3 4 2
3 5 1
3 6 5
3 7 2
3 8 2
3 9 2
3 10 1
3 11 2
3 12 1
3 13 3
3 14 1
3 15 1
3 16 2
3 17 1
3 18 3
3 19 5
3 20 3
3 21 3
3 22 3
3 23 4
3 24 4
3 25 1
3 26 5
3 27 2
3 28 1
3 29 2
3 30 3
3 31 5
3 32 5
3 33 3
3 34 5
3 35 5
3 36 5
3 37 3
3 38 5
3 39 5
3 40 3
3 41 1
3 42 4
3 43 2
3 44 2
3 45 2
3 46 4
3 47 5
3 48 3
3 49 1
3 50 1
3 51 2
3 52 5
3 53 2
3 54 4
3 55 3
3 56 2
3 57 1
3 58 5
3 59 1
3 60 2
3 61 1
3 62 3
3 63 3
3 64 1
3 65 2
3 66 1
3 67 1
3 68 3
3 69 4
3 70 5
3 71 5
3 72 4
3 73 5
3 74 5
3 75 5
3 76 2
3 77 5
3 78 1
3 79 5
3 80 1
3 81 5
3 82 2
3 83 2
3 84 5
3 85 4
3 86 5
3 87 4
3 88 1
3 89 5
3 90 3
3 91 2
3 92 2
3 93 4
3 94 5
3 95 1
3 96 4
3 97 1
3 98 2
3 99 4
3 100 1
4 5 3
4 6 2
4 7 4
4 8 3
4 9 3
4 10 5
4 11 3
4 12 3
4 13 4
4 14 5
4 15 4
4 16 5
4 17 1
4 18 2
4 19 4
4 20 2
4 21 5
4 22 4
4 23 2
4 24 3
4 25 5
4 26 2
4 27 4
4 28 1
4 29 5
4 30 5
4 31 1
4 32 5
4 33 5
4 34 5
4 35 2
4 36 3
4 37 1
4 38 1
4 39 2
4 40 4
4 41 5
4 42 2
4 43 5
4 44 4
4 45 1
4 46 1
4 47 3
4 48 3
4 49 4
4 50 3
4 51 3
4 52 1
4 53 2
4 54 3
4 55 2
4 56 1
4 57 5
4 58 2
4 59 3
4 60 4
4 61 2
4 62 2
4 63 1
4 64 2
4 65 2
4 66 1
4 67 5
4 68 5
4 69 2
4 70 1
4 71 3
4 72 5
4 73 3
4 74 4
4 75 1
4 76 3
4 77 1
4 78 1
4 79 2
4 80 5
4 81 2
4 82 2
4 83 5
4 84 1
4 85 2
4 86 4
4 87 3
4 88 2
4 89 4
4 90 3
4 91 4
4 92 4
4 93 2
4 94 3
4 95 3
4 96 2
4 97 5
4 98 3
4 99 2
4 100 5
5 6 3
5 7 1
5 8 1
5 9 2
5 10 3
5 11 3
5 12 1
5 13 2
5 14 3
5 15 1
5 16 2
5 17 4
5 18 3
5 19 1
5 20 1
5 21 1
5 22 2
5 23 5
5 24 5
5 25 4
5 26 1
5 27 1
5 28 1
5 29 5
5 30 2
5 31 2
5 32 5
5 33 2
5 34 4
5 35 5
5 36 3
5 37 1
5 38 2
5 39 1
5 40 3
5 41 4
5 42 2
5 43 5
5 44 2
5 45 1
5 46 1
5 47 1
5 48 5
5 49 5
5 50 1
5 51 4
5 52 2
5 53 4
5 54 2
5 55 3
5 56 2
5 57 4
5 58 2
5 59 1
5 60 2
5 61 2
5 62 1
5 63 3
5 64 5
5 65 1
5 66 5
5 67 5
5 68 4
5 69 3
5 70 5
5 71 4
5 72 1
5 73 1
5 74 2
5 75 4
5 76 3
5 77 5
5 78 3
5 79 3
5 80 4
5 81 2
5 82 4
5 83 2
5 84 4
5 85 1
5 86 2
5 87 5
5 88 2
5 89 5
5 90 5
5 91 4
5 92 5
5 93 3
5 94 4
5 95 2
5 96 3
5 97 1
5 98 4
5 99 3
5 100 2
6 7 5
6 8 4
6 9 1
6 10 2
6 11 4
6 12 3
6 13 4
6 14 4
6 15 3
6 16 1
6 17 5
6 18 5
6 19 2
6 20 1
6 21 1
6 22 2
6 23 5
6 24 2
6 25 4
6 26 3
6 27 5
6 28 4
6 29 1
6 30 2
6 31 5
6 32 2
6 33 4
6 34 1
6 35 5
6 36 3
6 37 2
6 38 1
6 39 5
6 40 3
6 41 3
6 42 5
6 43 3
6 44 5
6 45 2
6 46 3
6 47 4
6 48 2
6 49 2
6 50 1
6 51 4
6 52 4
6 53 4
6 54 4
6 55 3
6 56 2
6 57 4
6 58 3
6 59 1
6 60 2
6 61 3
6 62 4
6 63 3
6 64 1
6 65 5
6 66 5
6 67 1
6 68 5
6 69 5
6 70 2
6 71 3
6 72 4
6 73 1
6 74 1
6 75 1
6 76 4
6 77 4
6 78 3
6 79 5
6 80 4
6 81 4
6 82 2
6 83 2
6 84 2
6 85 2
6 86 2
6 87 4
6 88 1
6 89 2
6 90 1
6 91 5
6 92 3
6 93 5
6 94 2
6 95 1
6 96 5
6 97 3
6 98 5
6 99 1
6 100 3
7 8 1
7 9 2
7 10 5
7 11 3
7 12 5
7 13 2
7 14 3
7 15 5
7 16 1
7 17 2
7 18 3
7 19 5
7 20 1
7 21 4
7 22 1
7 23 4
7 24 5
7 25 2
7 26 3
7 27 3
7 28 3
7 29 2
7 30 2
7 31 1
7 32 3
7 33 3
7 34 5
7 35 4
7 36 5
7 37 3
7 38 5
7 39 1
7 40 2
7 41 3
7 42 4
7 43 4
7 44 2
7 45 2
7 46 1
7 47 1
7 48 3
7 49 5
7 50 3
7 51 2
7 52 1
7 53 5
7 54 1
7 55 5
7 56 4
7 57 2
7 58 2
7 59 2
7 60 2
7 61 2
7 62 1
7 63 3
7 64 4
7 65 2
7 66 2
7 67 4
7 68 4
7 69 4
7 70 3
7 71 3
7 72 5
7 73 5
7 74 3
7 75 1
7 76 2
7 77 5
7 78 1
7 79 5
7 80 1
7 81 1
7 82 3
7 83 4
7 84 4
7 85 5
7 86 1
7 87 3
7 88 2
7 89 5
7 90 5
7 91 2
7 92 3
7 93 1
7 94 5
7 95 3
7 96 4
7 97 2
7 98 1
7 99 2
7 100 4
8 9 3
8 10 5
8 11 4
8 12 5
8 13 3
8 14 3
8 15 2
8 16 3
8 17 5
8 18 2
8 19 4
8 20 4
8 21 2
8 22 3
8 23 3
8 24 1
8 25 5
8 26 4
8 27 3
8 28 4
8 29 3
8 30 4
8 31 3
8 32 2
8 33 3
8 34 3
8 35 1
8 36 3
8 37 3
8 38 4
8 39 2
8 40 2
8 41 3
8 42 1
8 43 2
8 44 5
8 45 2
8 46 1
8 47 2
8 48 3
8 49 5
8 50 2
8 51 3
8 52 2
8 53 2
8 54 5
8 55 3
8 56 5
8 57 1
8 58 5
8 59 4
8 60 2
8 61 5
8 62 3
8 63 1
8 64 3
8 65 5
8 66 1
8 67 2
8 68 1
8 69 3
8 70 1
8 71 4
8 72 4
8 73 3
8 74 4
8 75 3
8 76 4
8 77 3
8 78 5
8 79 2
8 80 4
8 81 2
8 82 1
8 83 3
8 84 4
8 85 5
8 86 3
8 87 3
8 88 2
8 89 2
8 90 4
8 91 2
8 92 1
8 93 4
8 94 2
8 95 5
8 96 1
8 97 5
8 98 5
8 99 3
8 100 3
9 10 2
9 11 2
9 12 5
9 13 3
9 14 2
9 15 4
9 16 4
9 17 1
9 18 1
9 19 4
9 20 2
9 21 3
9 22 2
9 23 4
9 24 4
9 25 5
9 26 5
9 27 3
9 28 1
9 29 3
9 30 5
9 31 2
9 32 3
9 33 5
9 34 4
9 35 1
9 36 4
9 37 1
9 38 5
9 39 5
9 40 3
9 41 4
9 42 1
9 43 4
9 44 5
9 45 3
9 46 1
9 47 5
9 48 1
9 49 3
9 50 2
9 51 3
9 52 3
9 53 3
9 54 4
9 55 4
9 56 1
9 57 3
9 58 4
9 59 5
9 60 1
9 61 1
9 62 2
9 63 5
9 64 4
9 65 4
9 66 5
9 67 4
9 68 1
9 69 1
9 70 5
9 71 2
9 72 1
9 73 5
9 74 4
9 75 4
9 76 3
9 77 2
9 78 3
9 79 4
9 80 2
9 81 4
9 82 4
9 83 2
9 84 2
9 85 2
9 86 1
9 87 1
9 88 1
9 89 5
9 90 3
9 91 5
9 92 3
9 93 3
9 94 3
9 95 1
9 96 5
9 97 5
9 98 2
9 99 4
9 100 3
10 11 5
10 12 1
10 13 4
10 14 5
10 15 1
10 16 4
10 17 2
10 18 5
10 19 5
10 20 3
10 21 4
10 22 1
10 23 5
10 24 5
10 25 2
10 26 2
10 27 4
10 28 2
10 29 5
10 30 4
10 31 3
10 32 1
10 33 4
10 34 2
10 35 5
10 36 1
10 37 4
10 38 1
10 39 1
10 40 3
10 41 1
10 42 2
10 43 1
10 44 5
10 45 1
10 46 4
10 47 5
10 48 3
10 49 2
10 50 5
10 51 3
10 52 3
10 53 4
10 54 4
10 55 1
10 56 4
10 57 1
10 58 3
10 59 3
10 60 3
10 61 3
10 62 4
10 63 1
10 64 2
10 65 1
10 66 2
10 67 1
10 68 5
10 69 4
10 70 4
10 71 4
10 72 1
10 73 4
10 74 2
10 75 4
10 76 1
10 77 2
10 78 4
10 79 5
10 80 5
10 81 5
10 82 1
10 83 4
10 84 5
10 85 3
10 86 2
10 87 5
10 88 1
10 89 3
10 90 4
10 91 3
10 92 4
10 93 4
10 94 2
10 95 1
10 96 4
10 97 5
10 98 3
10 99 3
10 100 2
11 12 5
11 13 5
11 14 3
11 15 3
11 16 1
11 17 5
11 18 2
11 19 2
11 20 2
11 21 3
11 22 4
11 23 2
11 24 1
11 25 4
11 26 4
11 27 2
11 28 2
11 29 2
11 30 3
11 31 2
11 32 4
11 33 2
11 34 3
11 35 1
11 36 5
11 37 3
11 38 3
11 39 3
11 40 5
11 41 2
11 42 4
11 43 2
11 44 4
11 45 4
11 46 5
11 47 3
11 48 4
11 49 2
11 50 5
11 51 4
11 52 4
11 53 1
11 54 2
11 55 5
11 56 4
11 57 2
11 58 5
11 59 3
11 60 3
11 61 3
11 62 5
11 63 4
11 64 5
11 65 5
11 66 5
11 67 3
11 68 1
11 69 4
11 70 5
11 71 3
11 72 3
11 73 5
11 74 3
11 75 1
11 76 2
11 77 1
11 78 1
11 79 5
11 80 5
11 81 5
11 82 2
11 83 3
11 84 3
11 85 5
11 86 5
11 87 3
11 88 1
11 89 5
11 90 2
11 91 1
11 92 3
11 93 2
11 94 5
11 95 3
11 96 5
11 97 4
11 98 4
11 99 3
11 100 1
12 13 2
12 14 5
12 15 5
12 16 1
12 17 2
12 18 3
12 19 1
12 20 3
12 21 2
12 22 5
12 23 3
12 24 1
12 25 5
12 26 2
12 27 3
12 28 5
12 29 3
12 30 1
12 31 5
12 32 4
12 33 3
12 34 1
12 35 2
12 36 2
12 37 5
12 38 1
12 39 1
12 40 5
12 41 4
12 42 1
12 43 4
12 44 2
12 45 2
12 46 2
12 47 3
12 48 1
12 49 2
12 50 4
12 51 3
12 52 2
12 53 1
12 54 5
12 55 4
12 56 2
12 57 2
12 58 5
12 59 5
12 60 5
12 61 1
12 62 2
12 63 4
12 64 5
12 65 2
12 66 5
12 67 3
12 68 2
12 69 3
12 70 1
12 71 4
12 72 2
12 73 5
12 74 3
12 75 1
12 76 5
12 77 5
12 78 1
12 79 5
12 80 5
12 81 1
12 82 3
12 83 2
12 84 2
12 85 1
12 86 1
12 87 2
12 88 1
12 89 3
12 90 2
12 91 3
12 92 5
12 93 5
12 94 4
12 95 3
12 96 2
12 97 3
12 98 4
12 99 1
12 100 5
13 14 5
13 15 3
13 16 1
13 17 4
13 18 4
13 19 3
13 20 4
13 21 4
13 22 1
13 23 1
13 24 4
13 25 5
13 26 3
13 27 4
13 28 2
13 29 3
13 30 3
13 31 4
13 32 4
13 33 5
13 34 3
13 35 5
13 36 1
13 37 5
13 38 4
13 39 1
13 40 3
13 41 1
13 42 3
13 43 1
13 44 4
13 45 5
13 46 3
13 47 1
13 48 5
13 49 1
13 50 3
13 51 5
13 52 2
13 53 1
13 54 1
13 55 3
13 56 1
13 57 2
13 58 2
13 59 3
13 60 2
13 61 2
13 62 5
13 63 5
13 64 2
13 65 1
13 66 4
13 67 3
13 68 4
13 69 2
13 70 5
13 71 1
13 72 2
13 73 4
13 74 5
13 75 1
13 76 4
13 77 3
13 78 2
13 79 4
13 80 5
13 81 4
13 82 4
13 83 5
13 84 1
13 85 2
13 86 1
13 87 2
13 88 5
13 89 4
13 90 3
13 91 4
13 92 4
13 93 4
13 94 5
13 95 1
13 96 4
13 97 1
13 98 5
13 99 4
13 100 1
14 15 1
14 16 4
14 17 5
14 18 4
14 19 5
14 20 1
14 21 3
14 22 1
14 23 3
14 24 5
14 25 3
14 26 5
14 27 4
14 28 4
14 29 5
14 30 3
14 31 3
14 32 2
14 33 5
14 34 5
14 35 2
14 36 3
14 37 2
14 38 3
14 39 4
14 40 3
14 41 5
14 42 2
14 43 2
14 44 2
14 45 4
14 46 2
14 47 5
14 48 3
14 49 2
14 50 4
14 51 2
14 52 3
14 53 3
14 54 2
14 55 4
14 56 2
14 57 1
14 58 2
14 59 2
14 60 1
14 61 4
14 62 4
14 63 1
14 64 5
14 65 3
14 66 2
14 67 1
14 68 1
14 69 2
14 70 4
14 71 1
14 72 1
14 73 1
14 74 4
14 75 4
14 76 1
14 77 4
14 78 2
14 79 5
14 80 2
14 81 4
14 82 3
14 83 5
14 84 5
14 85 2
14 86 3
14 87 1
14 88 5
14 89 2
14 90 3
14 91 4
14 92 5
14 93 5
14 94 4
14 95 3
14 96 1
14 97 1
14 98 3
14 99 1
14 100 4
15 16 3
15 17 3
15 18 4
15 19 2
15 20 5
15 21 4
15 22 3
15 23 3
15 24 4
15 25 2
15 26 2
15 27 3
15 28 2
15 29 3
15 30 4
15 31 3
15 32 5
15 33 2
15 34 1
15 35 2
15 36 1
15 37 5
15 38 4
15 39 1
15 40 1
15 41 2
15 42 5
15 43 4
15 44 1
15 45 1
15 46 5
15 47 1
15 48 1
15 49 5
15 50 1
15 51 2
15 52 3
15 53 5
15 54 5
15 55 2
15 56 4
15 57 1
15 58 1
15 59 3
15 60 5
15 61 1
15 62 2
15 63 4
15 64 5
15 65 3
15 66 2
15 67 5
15 68 3
15 69 5
15 70 2
15 71 4
15 72 5
15 73 5
15 74 1
15 75 5
15 76 3
15 77 1
15 78 1
15 79 5
15 80 3
15 81 3
15 82 5
15 83 3
15 84 5
15 85 3
15 86 1
15 87 3
15 88 1
15 89 5
15 90 2
15 91 5
15 92 5
15 93 1
15 94 4
15 95 4
15 96 2
15 97 4
15 98 5
15 99 1
15 100 3
16 17 2
16 18 1
16 19 4
16 20 1
16 21 1
16 22 1
16 23 1
16 24 3
16 25 1
16 26 2
16 27 2
16 28 2
16 29 4
16 30 2
16 31 4
16 32 3
16 33 2
16 34 3
16 35 2
16 36 1
16 37 4
16 38 5
16 39 2
16 40 4
16 41 3
16 42 3
16 43 3
16 44 2
16 45 4
16 46 1
16 47 1
16 48 5
16 49 5
16 50 5
16 51 5
16 52 5
16 53 2
16 54 3
16 55 4
16 56 5
16 57 5
16 58 2
16 59 3
16 60 3
16 61 3
16 62 4
16 63 3
16 64 5
16 65 3
16 66 5
16 67 5
16 68 3
16 69 3
16 70 4
16 71 5
16 72 5
16 73 5
16 74 2
16 75 1
16 76 1
16 77 5
16 78 3
16 79 2
16 80 1
16 81 2
16 82 4
16 83 1
16 84 4
16 85 3
16 86 1
16 87 5
16 88 1
16 89 5
16 90 4
16 91 5
16 92 1
16 93 5
16 94 1
16 95 1
16 96 1
16 97 3
16 98 3
16 99 1
16 100 5
17 18 1
17 19 5
17 20 4
17 21 4
17 22 5
17 23 4
17 24 1
17 25 1
17 26 2
17 27 5
17 28 1
17 29 2
17 30 4
17 31 1
17 32 5
17 33 4
17 34 2
17 35 1
17 36 5
17 37 3
17 38 5
17 39 2
17 40 5
17 41 5
17 42 1
17 43 4
17 44 5
17 45 3
17 46 1
17 47 1
17 48 5
17 49 2
17 50 2
17 51 1
17 52 5
17 53 2
17 54 3
17 55 3
17 56 4
17 57 4
17 58 4
17 59 2
17 60 5
17 61 3
17 62 5
17 63 3
17 64 1
17 65 5
17 66 3
17 67 2
17 68 1
17 69 4
17 70 5
17 71 5
17 72 4
17 73 5
17 74 4
17 75 3
17 76 4
17 77 2
17 78 5
17 79 2
17 80 3
17 81 3
17 82 2
17 83 3
17 84 3
17 85 1
17 86 2
17 87 4
17 88 1
17 89 5
17 90 3
17 91 4
17 92 5
17 93 4
17 94 5
17 95 1
17 96 4
17 97 2
17 98 5
17 99 1
17 100 3
18 19 5
18 20 5
18 21 1
18 22 2
18 23 2
18 24 4
18 25 1
18 26 3
18 27 5
18 28 2
18 29 5
18 30 4
18 31 2
18 32 2
18 33 5
18 34 5
18 35 3
18 36 1
18 37 5
18 38 5
18 39 5
18 40 2
18 41 1
18 42 5
18 43 3
18 44 5
18 45 2
18 46 2
18 47 2
18 48 5
18 49 4
18 50 1
18 51 3
18 52 4
18 53 5
18 54 4
18 55 5
18 56 1
18 57 4
18 58 3
18 59 2
18 60 5
18 61 1
18 62 5
18 63 5
18 64 4
18 65 4
18 66 1
18 67 3
18 68 5
18 69 3
18 70 1
18 71 1
18 72 5
18 73 4
18 74 5
18 75 5
18 76 2
18 77 3
18 78 3
18 79 5
18 80 4
18 81 5
18 82 1
18 83 2
18 84 4
18 85 1
18 86 5
18 87 1
18 88 1
18 89 3
18 90 2
18 91 4
18 92 2
18 93 5
18 94 4
18 95 1
18 96 3
18 97 2
18 98 5
18 99 1
18 100 2
19 20 5
19 21 4
19 22 1
19 23 4
19 24 3
19 25 5
19 26 2
19 27 3
19 28 3
19 29 2
19 30 5
19 31 4
19 32 5
19 33 3
19 34 2
19 35 2
19 36 4
19 37 2
19 38 5
19 39 3
19 40 1
19 41 4
19 42 4
19 43 3
19 44 5
19 45 4
19 46 5
19 47 3
19 48 3
19 49 1
19 50 1
19 51 4
19 52 5
19 53 3
19 54 3
19 55 5
19 56 5
19 57 4
19 58 2
19 59 3
19 60 5
19 61 1
19 62 3
19 63 1
19 64 1
19 65 2
19 66 3
19 67 4
19 68 1
19 69 1
19 70 1
19 71 2
19 72 3
19 73 4
19 74 2
19 75 1
19 76 2
19 77 5
19 78 2
19 79 1
19 80 3
19 81 2
19 82 3
19 83 2
19 84 4
19 85 3
19 86 2
19 87 4
19 88 5
19 89 3
19 90 1
19 91 4
19 92 5
19 93 3
19 94 2
19 95 5
19 96 3
19 97 4
19 98 1
19 99 2
19 100 1
20 21 2
20 22 3
20 23 2
20 24 1
20 25 2
20 26 5
20 27 3
20 28 1
20 29 5
20 30 5
20 31 3
20 32 5
20 33 4
20 34 5
20 35 4
20 36 3
20 37 5
20 38 4
20 39 1
20 40 3
20 41 5
20 42 5
20 43 5
20 44 5
20 45 5
20 46 4
20 47 1
20 48 4
20 49 5
20 50 1
20 51 1
20 52 2
20 53 5
20 54 4
20 55 2
20 56 3
20 57 1
20 58 3
20 59 5
20 60 4
20 61 5
20 62 3
20 63 1
20 64 2
20 65 5
20 66 1
20 67 2
20 68 3
20 69 2
20 70 1
20 71 4
20 72 2
20 73 4
20 74 1
20 75 2
20 76 2
20 77 2
20 78 4
20 79 2
20 80 5
20 81 4
20 82 2
20 83 5
20 84 5
20 85 2
20 86 1
20 87 3
20 88 3
20 89 2
20 90 1
20 91 3
20 92 2
20 93 5
20 94 1
20 95 1
20 96 3
20 97 5
20 98 1
20 99 2
20 100 1
21 22 3
21 23 3
21 24 4
21 25 3
21 26 5
21 27 5
21 28 2
21 29 5
21 30 4
21 31 4
21 32 5
21 33 5
21 34 4
21 35 1
21 36 3
21 37 1
21 38 3
21 39 1
21 40 4
21 41 2
21 42 1
21 43 1
21 44 4
21 45 3
21 46 1
21 47 1
21 48 2
21 49 4
21 50 5
21 51 4
21 52 5
21 53 1
21 54 1
21 55 4
21 56 3
21 57 1
21 58 4
21 59 2
21 60 1
21 61 1
21 62 5
21 63 2
21 64 5
21 65 5
21 66 5
21 67 3
21 68 3
21 69 4
21 70 5
21 71 4
21 72 5
21 73 4
21 74 5
21 75 5
21 76 3
21 77 4
21 78 1
21 79 4
21 80 3
21 81 3
21 82 4
21 83 5
21 84 4
21 85 3
21 86 3
21 87 1
21 88 3
21 89 4
21 90 4
21 91 5
21 92 4
21 93 3
21 94 3
21 95 3
21 96 3
21 97 5
21 98 1
21 99 5
21 100 1
22 23 3
22 24 3
22 25 4
22 26 2
22 27 4
22 28 4
22 29 2
22 30 3
22 31 5
22 32 1
22 33 3
22 34 4
22 35 1
22 36 5
22 37 1
22 38 5
22 39 3
22 40 3
22 41 5
22 42 4
22 43 5
22 44 4
22 45 3
22 46 3
22 47 1
22 48 4
22 49 3
22 50 5
22 51 1
22 52 2
22 53 2
22 54 3
22 55 2
22 56 1
22 57 5
22 58 1
22 59 4
22 60 2
22 61 2
22 62 5
22 63 1
22 64 5
22 65 1
22 66 2
22 67 5
22 68 5
22 69 5
22 70 2
22 71 3
22 72 2
22 73 1
22 74 1
22 75 4
22 76 2
22 77 4
22 78 5
22 79 4
22 80 1
22 81 3
22 82 4
22 83 5
22 84 2
22 85 1
22 86 5
22 87 4
22 88 4
22 89 2
22 90 1
22 91 3
22 92 4
22 93 3
22 94 2
22 95 5
22 96 3
22 97 5
22 98 4
22 99 3
22 100 2
23 24 5
23 25 5
23 26 2
23 27 1
23 28 3
23 29 4
23 30 4
23 31 2
23 32 5
23 33 3
23 34 5
23 35 3
23 36 3
23 37 4
23 38 2
23 39 4
23 40 4
23 41 2
23 42 5
23 43 1
23 44 1
23 45 3
23 46 1
23 47 2
23 48 1
23 49 5
23 50 3
23 51 3
23 52 5
23 53 5
23 54 1
23 55 1
23 56 1
23 57 1
23 58 3
23 59 5
23 60 1
23 61 3
23 62 1
23 63 1
23 64 3
23 65 1
23 66 3
23 67 2
23 68 2
23 69 3
23 70 2
23 71 4
23 72 2
23 73 4
23 74 5
23 75 4
23 76 1
23 77 5
23 78 1
23 79 1
23 80 2
23 81 1
23 82 4
23 83 2
23 84 5
23 85 5
23 86 3
23 87 2
23 88 2
23 89 5
23 90 2
23 91 1
23 92 2
23 93 2
23 94 1
23 95 3
23 96 1
23 97 5
23 98 3
23 99 2
23 100 3
24 25 3
24 26 4
24 27 5
24 28 5
24 29 5
24 30 3
24 31 3
24 32 1
24 33 5
24 34 1
24 35 2
24 36 2
24 37 1
24 38 2
24 39 3
24 40 3
24 41 2
24 42 2
24 43 5
24 44 2
24 45 2
24 46 2
24 47 2
24 48 3
24 49 2
24 50 2
24 51 2
24 52 5
24 53 2
24 54 2
24 55 1
24 56 1
24 57 5
24 58 3
24 59 4
24 60 1
24 61 2
24 62 5
24 63 4
24 64 1
24 65 5
24 66 1
24 67 4
24 68 4
24 69 3
24 70 1
24 71 5
24 72 4
24 73 4
24 74 2
24 75 2
24 76 5
24 77 1
24 78 5
24 79 3
24 80 2
24 81 3
24 82 5
24 83 3
24 84 4
24 85 4
24 86 1
24 87 1
24 88 1
24 89 3
24 90 4
24 91 2
24 92 4
24 93 5
24 94 2
24 95 2
24 96 2
24 97 5
24 98 3
24 99 2
24 100 1
25 26 2
25 27 3
25 28 3
25 29 1
25 30 2
25 31 4
25 32 1
25 33 4
25 34 1
25 35 4
25 36 4
25 37 4
25 38 5
25 39 5
25 40 1
25 41 1
25 42 4
25 43 5
25 44 2
25 45 4
25 46 4
25 47 2
25 48 5
25 49 2
25 50 5
25 51 5
25 52 4
25 53 3
25 54 1
25 55 4
25 56 5
25 57 2
25 58 3
25 59 1
25 60 5
25 61 2
25 62 4
25 63 4
25 64 2
25 65 3
25 66 3
25 67 2
25 68 4
25 69 5
25 70 4
25 71 1
25 72 1
25 73 5
25 74 1
25 75 3
25 76 2
25 77 3
25 78 4
25 79 2
25 80 1
25 81 1
25 82 1
25 83 5
25 84 4
25 85 4
25 86 3
25 87 3
25 88 1
25 89 3
25 90 2
25 91 5
25 92 3
25 93 3
25 94 1
25 95 1
25 96 2
25 97 5
25 98 3
25 99 2
25 100 4
26 27 4
26 28 2
26 29 2
26 30 1
26 31 5
26 32 4
26 33 1
26 34 5
26 35 3
26 36 1
26 37 2
26 38 4
26 39 4
26 40 4
26 41 3
26 42 3
26 43 5
26 44 2
26 45 5
26 46 3
26 47 3
26 48 3
26 49 1
26 50 3
26 51 2
26 52 1
26 53 1
26 54 5
26 55 1
26 56 5
26 57 4
26 58 4
26 59 3
26 60 3
26 61 4
26 62 2
26 63 4
26 64 5
26 65 3
26 66 1
26 67 5
26 68 5
26 69 4
26 70 2
26 71 1
26 72 4
26 73 1
26 74 5
26 75 3
26 76 4
26 77 2
26 78 5
26 79 5
26 80 1
26 81 4
26 82 1
26 83 4
26 84 3
26 85 3
26 86 4
26 87 3
26 88 1
26 89 5
26 90 4
26 91 4
26 92 4
26 93 1
26 94 5
26 95 1
26 96 4
26 97 4
26 98 2
26 99 4
26 100 1
27 28 5
27 29 5
27 30 2
27 31 1
27 32 1
27 33 5
27 34 2
27 35 2
27 36 1
27 37 1
27 38 3
27 39 2
27 40 5
27 41 3
27 42 4
27 43 3
27 44 4
27 45 5
27 46 4
27 47 2
27 48 2
27 49 1
27 50 4
27 51 5
27 52 3
27 53 4
27 54 1
27 55 2
27 56 5
27 57 1
27 58 2
27 59 5
27 60 2
27 61 5
27 62 4
27 63 3
27 64 3
27 65 4
27 66 1
27 67 1
27 68 3
27 69 4
27 70 5
27 71 3
27 72 1
27 73 5
27 74 1
27 75 5
27 76 5
27 77 1
27 78 3
27 79 5
27 80 5
27 81 5
27 82 1
27 83 4
27 84 4
27 85 5
27 86 3
27 87 2
27 88 2
27 89 3
27 90 1
27 91 2
27 92 1
27 93 2
27 94 3
27 95 3
27 96 5
27 97 3
27 98 2
27 99 2
27 100 3
28 29 1
28 30 2
28 31 3
28 32 5
28 33 2
28 34 2
28 35 4
28 36 4
28 37 4
28 38 5
28 39 2
28 40 4
28 41 5
28 42 4
28 43 5
28 44 1
28 45 5
28 46 2
28 47 3
28 48 1
28 49 4
28 50 3
28 51 3
28 52 1
28 53 2
28 54 2
28 55 1
28 56 2
28 57 2
28 58 5
28 59 5
28 60 4
28 61 3
28 62 1
28 63 3
28 64 3
28 65 4
28 66 5
28 67 3
28 68 4
28 69 5
28 70 3
28 71 1
28 72 4
28 73 3
28 74 5
28 75 5
28 76 4
28 77 4
28 78 2
28 79 1
28 80 1
28 81 5
28 82 1
28 83 3
28 84 4
28 85 2
28 86 1
28 87 5
28 88 3
28 89 2
28 90 3
28 91 4
28 92 4
28 93 3
28 94 4
28 95 3
28 96 1
28 97 5
28 98 1
28 99 4
28 100 2
29 30 3
29 31 4
29 32 1
29 33 1
29 34 4
29 35 2
29 36 2
29 37 1
29 38 4
29 39 2
29 40 4
29 41 5
29 42 5
29 43 4
29 44 2
29 45 5
29 46 5
29 47 3
29 48 2
29 49 4
29 50 4
29 51 3
29 52 4
29 53 4
29 54 2
29 55 5
29 56 3
29 57 5
29 58 5
29 59 4
29 60 5
29 61 5
29 62 4
29 63 2
29 64 3
29 65 3
29 66 2
29 67 2
29 68 4
29 69 5
29 70 3
29 71 4
29 72 5
29 73 1
29 74 1
29 75 5
29 76 2
29 77 2
29 78 2
29 79 5
29 80 3
29 81 2
29 82 3
29 83 1
29 84 3
29 85 2
29 86 4
29 87 5
29 88 4
29 89 4
29 90 2
29 91 2
29 92 3
29 93 1
29 94 3
29 95 4
29 96 5
29 97 3
29 98 2
29 99 2
29 100 2
30 31 1
30 32 2
30 33 4
30 34 1
30 35 2
30 36 5
30 37 3
30 38 1
30 39 2
30 40 5
30 41 4
30 42 2
30 43 5
30 44 4
30 45 4
30 46 4
30 47 1
30 48 4
30 49 2
30 50 4
30 51 2
30 52 1
30 53 1
30 54 2
30 55 1
30 56 2
30 57 2
30 58 3
30 59 1
30 60 4
30 61 3
30 62 2
30 63 3
30 64 3
30 65 5
30 66 2
30 67 5
30 68 5
30 69 4
30 70 3
30 71 2
30 72 3
30 73 1
30 74 2
30 75 3
30 76 1
30 77 2
30 78 2
30 79 3
30 80 3
30 81 2
30 82 4
30 83 4
30 84 1
30 85 4
30 86 2
30 87 5
30 88 4
30 89 1
30 90 2
30 91 1
30 92 3
30 93 2
30 94 2
30 95 5
30 96 2
30 97 4
30 98 2
30 99 5
30 100 2
31 32 5
31 33 5
31 34 2
31 35 1
31 36 2
31 37 3
31 38 3
31 39 3
31 40 4
31 41 3
31 42 3
31 43 5
31 44 4
31 45 4
31 46 3
31 47 1
31 48 3
31 49 1
31 50 5
31 51 3
31 52 3
31 53 2
31 54 1
31 55 4
31 56 3
31 57 3
31 58 4
31 59 1
31 60 3
31 61 5
31 62 2
31 63 2
31 64 2
31 65 4
31 66 5
31 67 5
31 68 5
31 69 1
31 70 3
31 71 3
31 72 1
31 73 1
31 74 3
31 75 1
31 76 2
31 77 2
31 78 2
31 79 4
31 80 2
31 81 2
31 82 4
31 83 1
31 84 2
31 85 2
31 86 2
31 87 1
31 88 3
31 89 3
31 90 3
31 91 1
31 92 1
31 93 2
31 94 4
31 95 1
31 96 3
31 97 3
31 98 3
31 99 4
31 100 2
32 33 2
32 34 1
32 35 5
32 36 1
32 37 2
32 38 2
32 39 4
32 40 2
32 41 1
32 42 5
32 43 5
32 44 5
32 45 3
32 46 4
32 47 5
32 48 3
32 49 3
32 50 3
32 51 4
32 52 1
32 53 2
32 54 4
32 55 4
32 56 2
32 57 2
32 58 3
32 59 5
32 60 1
32 61 5
32 62 3
32 63 2
32 64 3
32 65 1
32 66 2
32 67 5
32 68 4
32 69 1
32 70 5
32 71 1
32 72 2
32 73 2
32 74 5
32 75 5
32 76 5
32 77 2
32 78 5
32 79 5
32 80 5
32 81 4
32 82 1
32 83 5
32 84 5
32 85 1
32 86 3
32 87 1
32 88 1
32 89 1
32 90 3
32 91 3
32 92 4
32 93 2
32 94 1
32 95 5
32 96 2
32 97 1
32 98 3
32 99 4
32 100 2
33 34 3
33 35 4
33 36 1
33 37 5
33 38 4
33 39 3
33 40 5
33 41 5
33 42 5
33 43 2
33 44 3
33 45 5
33 46 5
33 47 1
33 48 4
33 49 5
33 50 4
33 51 5
33 52 5
33 53 4
33 54 2
33 55 3
33 56 2
33 57 2
33 58 1
33 59 3
33 60 1
33 61 5
33 62 1
33 63 2
33 64 4
33 65 4
33 66 3
33 67 5
33 68 1
33 69 2
33 70 1
33 71 3
33 72 1
33 73 4
33 74 5
33 75 1
33 76 2
33 77 3
33 78 4
33 79 5
33 80 4
33 81 1
33 82 5
33 83 2
33 84 4
33 85 4
33 86 1
33 87 1
33 88 4
33 89 1
33 90 5
33 91 4
33 92 3
33 93 5
33 94 1
33 95 5
33 96 4
33 97 2
33 98 4
33 99 5
33 100 5
34 35 3
34 36 1
34 37 4
34 38 5
34 39 4
34 40 5
34 41 3
34 42 1
34 43 2
34 44 5
34 45 1
34 46 5
34 47 1
34 48 2
34 49 2
34 50 2
34 51 2
34 52 2
34 53 1
34 54 5
34 55 5
34 56 5
34 57 4
34 58 1
34 59 3
34 60 1
34 61 4
34 62 2
34 63 3
34 64 5
34 65 3
34 66 4
34 67 4
34 68 3
34 69 5
34 70 5
34 71 1
34 72 3
34 73 5
34 74 3
34 75 3
34 76 2
34 77 5
34 78 2
34 79 4
34 80 3
34 81 2
34 82 4
34 83 2
34 84 4
34 85 5
34 86 1
34 87 4
34 88 2
34 89 4
34 90 2
34 91 3
34 92 1
34 93 2
34 94 2
34 95 3
34 96 2
34 97 5
34 98 3
34 99 4
34 100 4
35 36 4
35 37 3
35 38 2
35 39 5
35 40 5
35 41 3
35 42 5
35 43 4
35 44 4
35 45 4
35 46 2
35 47 5
35 48 4
35 49 5
35 50 1
35 51 2
35 52 4
35 53 3
35 54 5
35 55 3
35 56 3
35 57 3
35 58 4
35 59 3
35 60 2
35 61 1
35 62 2
35 63 1
35 64 4
35 65 1
35 66 1
35 67 4
35 68 5
35 69 1
35 70 2
35 71 1
35 72 1
35 73 5
35 74 5
35 75 1
35 76 4
35 77 4
35 78 3
35 79 3
35 80 5
35 81 1
35 82 1
35 83 2
35 84 2
35 85 3
35 86 2
35 87 3
35 88 5
35 89 4
35 90 2
35 91 1
35 92 2
35 93 1
35 94 1
35 95 3
35 96 1
35 97 3
35 98 1
35 99 5
35 100 4
36 37 5
36 38 2
36 39 4
36 40 5
36 41 4
36 42 5
36 43 2
36 44 1
36 45 1
36 46 1
36 47 5
36 48 2
36 49 2
36 50 3
36 51 2
36 52 1
36 53 4
36 54 5
36 55 5
36 56 2
36 57 2
36 58 5
36 59 2
36 60 5
36 61 4
36 62 4
36 63 5
36 64 3
36 65 2
36 66 2
36 67 1
36 68 2
36 69 1
36 70 2
36 71 1
36 72 2
36 73 3
36 74 4
36 75 4
36 76 4
36 77 1
36 78 4
36 79 4
36 80 1
36 81 1
36 82 3
36 83 4
36 84 3
36 85 4
36 86 5
36 87 1
36 88 1
36 89 1
36 90 1
36 91 4
36 92 3
36 93 1
36 94 4
36 95 5
36 96 3
36 97 1
36 98 3
36 99 4
36 100 2
37 38 2
37 39 4
37 40 5
37 41 1
37 42 5
37 43 4
37 44 2
37 45 5
37 46 4
37 47 2
37 48 5
37 49 1
37 50 3
37 51 1
37 52 3
37 53 4
37 54 3
37 55 5
37 56 3
37 57 4
37 58 4
37 59 3
37 60 3
37 61 1
37 62 5
37 63 1
37 64 4
37 65 2
37 66 2
37 67 3
37 68 3
37 69 5
37 70 1
37 71 5
37 72 5
37 73 1
37 74 1
37 75 2
37 76 5
37 77 2
37 78 2
37 79 4
37 80 2
37 81 3
37 82 2
37 83 2
37 84 1
37 85 1
37 86 4
37 87 4
37 88 5
37 89 5
37 90 4
37 91 4
37 92 3
37 93 1
37 94 1
37 95 2
37 96 2
37 97 2
37 98 4
37 99 1
37 100 3
38 39 2
38 40 1
38 41 2
38 42 2
38 43 2
38 44 1
38 45 4
38 46 2
38 47 4
38 48 5
38 49 4
38 50 3
38 51 5
38 52 2
38 53 2
38 54 3
38 55 2
38 56 4
38 57 2
38 58 5
38 59 1
38 60 4
38 61 1
38 62 4
38 63 4
38 64 4
38 65 4
38 66 1
38 67 5
38 68 3
38 69 2
38 70 1
38 71 1
38 72 3
38 73 1
38 74 1
38 75 2
38 76 1
38 77 3
38 78 3
38 79 1
38 80 1
38 81 2
38 82 4
38 83 1
38 84 1
38 85 2
38 86 2
38 87 2
38 88 5
38 89 3
38 90 1
38 91 5
38 92 4
38 93 3
38 94 3
38 95 2
38 96 4
38 97 2
38 98 1
38 99 4
38 100 4
39 40 5
39 41 1
39 42 2
39 43 2
39 44 4
39 45 4
39 46 1
39 47 3
39 48 5
39 49 5
39 50 4
39 51 2
39 52 4
39 53 4
39 54 5
39 55 3
39 56 3
39 57 2
39 58 3
39 59 5
39 60 2
39 61 5
39 62 5
39 63 1
39 64 2
39 65 1
39 66 1
39 67 4
39 68 2
39 69 3
39 70 4
39 71 2
39 72 4
39 73 1
39 74 2
39 75 2
39 76 4
39 77 3
39 78 3
39 79 4
39 80 2
39 81 5
39 82 2
39 83 1
39 84 1
39 85 5
39 86 1
39 87 4
39 88 5
39 89 3
39 90 2
39 91 3
39 92 2
39 93 4
39 94 1
39 95 2
39 96 5
39 97 4
39 98 2
39 99 1
39 100 2
40 41 1
40 42 3
40 43 4
40 44 4
40 45 5
40 46 3
40 47 4
40 48 5
40 49 3
40 50 1
40 51 3
40 52 4
40 53 2
40 54 3
40 55 5
40 56 4
40 57 2
40 58 5
40 59 1
40 60 3
40 61 3
40 62 2
40 63 4
40 64 4
40 65 1
40 66 1
40 67 2
40 68 3
40 69 3
40 70 1
40 71 3
40 72 2
40 73 5
40 74 1
40 75 4
40 76 4
40 77 2
40 78 1
40 79 3
40 80 1
40 81 1
40 82 1
40 83 2
40 84 1
40 85 1
40 86 3
40 87 4
40 88 2
40 89 2
40 90 2
40 91 2
40 92 2
40 93 2
40 94 2
40 95 5
40 96 4
40 97 1
40 98 2
40 99 2
40 100 5
41 42 3
41 43 2
41 44 1
41 45 1
41 46 5
41 47 4
41 48 4
41 49 5
41 50 1
41 51 3
41 52 1
41 53 3
41 54 3
41 55 2
41 56 4
41 57 1
41 58 5
41 59 1
41 60 1
41 61 3
41 62 2
41 63 4
41 64 2
41 65 5
41 66 1
41 67 3
41 68 2
41 69 5
41 70 1
41 71 2
41 72 3
41 73 3
41 74 3
41 75 2
41 76 5
41 77 3
41 78 4
41 79 2
41 80 4
41 81 3
41 82 3
41 83 1
41 84 4
41 85 1
41 86 2
41 87 1
41 88 3
41 89 2
41 90 5
41 91 3
41 92 1
41 93 3
41 94 5
41 95 1
41 96 2
41 97 4
41 98 1
41 99 3
41 100 4
42 43 4
42 44 5
42 45 3
42 46 3
42 47 1
42 48 2
42 49 2
42 50 1
42 51 3
42 52 1
42 53 1
42 54 5
42 55 2
42 56 2
42 57 2
42 58 2
42 59 3
42 60 3
42 61 4
42 62 4
42 63 2
42 64 4
42 65 2
42 66 3
42 67 5
42 68 4
42 69 1
42 70 2
42 71 1
42 72 1
42 73 5
42 74 2
42 75 3
42 76 4
42 77 3
42 78 3
42 79 3
42 80 3
42 81 2
42 82 5
42 83 4
42 84 1
42 85 3
42 86 4
42 87 5
42 88 5
42 89 2
42 90 4
42 91 5
42 92 1
42 93 3
42 94 5
42 95 5
42 96 2
42 97 4
42 98 3
42 99 1
42 100 5
43 44 3
43 45 4
43 46 5
43 47 3
43 48 2
43 49 5
43 50 1
43 51 1
43 52 2
43 53 5
43 54 5
43 55 1
43 56 5
43 57 3
43 58 4
43 59 5
43 60 4
43 61 4
43 62 5
43 63 3
43 64 1
43 65 2
43 66 4
43 67 1
43 68 5
43 69 1
43 70 1
43 71 1
43 72 3
43 73 2
43 74 5
43 75 3
43 76 2
43 77 1
43 78 2
43 79 3
43 80 3
43 81 1
43 82 3
43 83 5
43 84 1
43 85 3
43 86 5
43 87 5
43 88 5
43 89 2
43 90 4
43 91 5
43 92 5
43 93 3
43 94 1
43 95 5
43 96 5
43 97 2
43 98 5
43 99 3
43 100 2
44 45 4
44 46 3
44 47 5
44 48 1
44 49 1
44 50 3
44 51 5
44 52 1
44 53 3
44 54 3
44 55 2
44 56 3
44 57 3
44 58 2
44 59 2
44 60 3
44 61 1
44 62 1
44 63 1
44 64 4
44 65 2
44 66 1
44 67 1
44 68 4
44 69 1
44 70 3
44 71 1
44 72 5
44 73 1
44 74 3
44 75 4
44 76 2
44 77 3
44 78 2
44 79 3
44 80 3
44 81 2
44 82 2
44 83 2
44 84 2
44 85 3
44 86 2
44 87 2
44 88 1
44 89 2
44 90 5
44 91 5
44 92 5
44 93 5
44 94 3
44 95 5
44 96 2
44 97 4
44 98 3
44 99 4
44 100 3
45 46 4
45 47 1
45 48 2
45 49 2
45 50 4
45 51 1
45 52 5
45 53 1
45 54 2
45 55 1
45 56 3
45 57 4
45 58 2
45 59 5
45 60 3
45 61 5
45 62 5
45 63 4
45 64 2
45 65 2
45 66 3
45 67 2
45 68 3
45 69 5
45 70 1
45 71 2
45 72 5
45 73 2
45 74 2
45 75 4
45 76 2
45 77 2
45 78 5
45 79 1
45 80 3
45 81 1
45 82 3
45 83 5
45 84 1
45 85 3
45 86 1
45 87 4
45 88 2
45 89 1
45 90 5
45 91 4
45 92 5
45 93 2
45 94 2
45 95 3
45 96 3
45 97 3
45 98 5
45 99 4
45 100 4
46 47 1
46 48 2
46 49 1
46 50 1
46 51 4
46 52 1
46 53 1
46 54 3
46 55 4
46 56 4
46 57 5
46 58 2
46 59 4
46 60 2
46 61 4
46 62 3
46 63 4
46 64 5
46 65 1
46 66 3
46 67 4
46 68 1
46 69 1
46 70 1
46 71 2
46 72 1
46 73 1
46 74 1
46 75 2
46 76 4
46 77 5
46 78 3
46 79 5
46 80 5
46 81 4
46 82 1
46 83 5
46 84 1
46 85 1
46 86 1
46 87 3
46 88 5
46 89 5
46 90 2
46 91 4
46 92 4
46 93 5
46 94 4
46 95 4
46 96 1
46 97 3
46 98 4
46 99 1
46 100 5
47 48 4
47 49 3
47 50 4
47 51 2
47 52 5
47 53 2
47 54 4
47 55 1
47 56 4
47 57 3
47 58 1
47 59 1
47 60 1
47 61 4
47 62 2
47 63 2
47 64 4
47 65 1
47 66 1
47 67 4
47 68 2
47 69 1
47 70 5
47 71 1
47 72 3
47 73 3
47 74 3
47 75 4
47 76 3
47 77 2
47 78 5
47 79 3
47 80 2
47 81 3
47 82 1
47 83 5
47 84 5
47 85 3
47 86 5
47 87 3
47 88 4
47 89 1
47 90 3
47 91 1
47 92 4
47 93 5
47 94 1
47 95 5
47 96 5
47 97 2
47 98 4
47 99 4
47 100 5
48 49 1
48 50 1
48 51 5
48 52 3
48 53 1
48 54 2
48 55 2
48 56 5
48 57 1
48 58 1
48 59 1
48 60 1
48 61 1
48 62 5
48 63 5
48 64 2
48 65 3
48 66 4
48 67 3
48 68 2
48 69 3
48 70 1
48 71 5
48 72 4
48 73 2
48 74 1
48 75 4
48 76 1
48 77 5
48 78 5
48 79 1
48 80 4
48 81 3
48 82 2
48 83 1
48 84 3
48 85 2
48 86 3
48 87 5
48 88 4
48 89 5
48 90 3
48 91 3
48 92 1
48 93 1
48 94 5
48 95 1
48 96 5
48 97 3
48 98 3
48 99 2
48 100 4
49 50 3
49 51 3
49 52 2
49 53 4
49 54 5
49 55 1
49 56 1
49 57 4
49 58 1
49 59 5
49 60 2
49 61 4
49 62 2
49 63 3
49 64 5
49 65 5
49 66 1
49 67 2
49 68 4
49 69 3
49 70 2
49 71 3
49 72 2
49 73 2
49 74 5
49 75 3
49 76 3
49 77 2
49 78 1
49 79 2
49 80 1
49 81 2
49 82 3
49 83 3
49 84 5
49 85 2
49 86 2
49 87 2
49 88 2
49 89 4
49 90 3
49 91 2
49 92 2
49 93 5
49 94 5
49 95 5
49 96 5
49 97 3
49 98 2
49 99 4
49 100 3
50 51 5
50 52 5
50 53 4
50 54 4
50 55 2
50 56 3
50 57 2
50 58 2
50 59 3
50 60 5
50 61 4
50 62 4
50 63 1
50 64 4
50 65 2
50 66 4
50 67 4
50 68 1
50 69 4
50 70 5
50 71 1
50 72 5
50 73 2
50 74 5
50 75 2
50 76 4
50 77 2
50 78 1
50 79 4
50 80 5
50 81 1
50 82 5
50 83 2
50 84 4
50 85 4
50 86 3
50 87 4
50 88 1
50 89 4
50 90 1
50 91 2
50 92 2
50 93 1
50 94 3
50 95 4
50 96 2
50 97 5
50 98 3
50 99 2
50 100 1
51 52 1
51 53 1
51 54 1
51 55 5
51 56 4
51 57 4
51 58 5
51 59 1
51 60 2
51 61 2
51 62 4
51 63 3
51 64 1
51 65 4
51 66 1
51 67 5
51 68 4
51 69 1
51 70 2
51 71 2
51 72 3
51 73 1
51 74 5
51 75 2
51 76 5
51 77 3
51 78 1
51 79 4
51 80 5
51 81 1
51 82 1
51 83 4
51 84 1
51 85 5
51 86 2
51 87 5
51 88 4
51 89 1
51 90 1
51 91 2
51 92 4
51 93 5
51 94 4
51 95 3
51 96 5
51 97 1
51 98 3
51 99 5
51 100 3
52 53 2
52 54 4
52 55 2
52 56 5
52 57 3
52 58 2
52 59 4
52 60 4
52 61 1
52 62 3
52 63 3
52 64 3
52 65 5
52 66 1
52 67 2
52 68 3
52 69 2
52 70 1
52 71 3
52 72 4
52 73 3
52 74 5
52 75 5
52 76 5
52 77 2
52 78 1
52 79 4
52 80 3
52 81 2
52 82 5
52 83 5
52 84 4
52 85 3
52 86 4
52 87 1
52 88 4
52 89 4
52 90 2
52 91 1
52 92 1
52 93 1
52 94 2
52 95 2
52 96 4
52 97 4
52 98 1
52 99 2
52 100 2
53 54 4
53 55 2
53 56 5
53 57 3
53 58 1
53 59 5
53 60 1
53 61 2
53 62 5
53 63 4
53 64 1
53 65 3
53 66 1
53 67 3
53 68 5
53 69 5
53 70 2
53 71 2
53 72 1
53 73 2
53 74 3
53 75 1
53 76 3
53 77 1
53 78 4
53 79 4
53 80 2
53 81 4
53 82 5
53 83 1
53 84 3
53 85 1
53 86 5
53 87 4
53 88 1
53 89 2
53 90 1
53 91 5
53 92 3
53 93 5
53 94 5
53 95 5
53 96 5
53 97 3
53 98 3
53 99 3
53 100 4
54 55 2
54 56 1
54 57 3
54 58 4
54 59 5
54 60 1
54 61 3
54 62 3
54 63 2
54 64 3
54 65 2
54 66 2
54 67 4
54 68 5
54 69 4
54 70 5
54 71 4
54 72 3
54 73 4
54 74 1
54 75 3
54 76 1
54 77 3
54 78 4
54 79 5
54 80 1
54 81 3
54 82 5
54 83 3
54 84 5
54 85 2
54 86 3
54 87 2
54 88 4
54 89 2
54 90 3
54 91 3
54 92 2
54 93 4
54 94 2
54 95 1
54 96 4
54 97 3
54 98 1
54 99 3
54 100 2
55 56 5
55 57 3
55 58 2
55 59 5
55 60 1
55 61 3
55 62 5
55 63 3
55 64 5
55 65 4
55 66 1
55 67 4
55 68 4
55 69 5
55 70 2
55 71 4
55 72 3
55 73 1
55 74 1
55 75 3
55 76 1
55 77 5
55 78 1
55 79 1
55 80 1
55 81 1
55 82 5
55 83 3
55 84 1
55 85 3
55 86 2
55 87 5
55 88 5
55 89 3
55 90 4
55 91 3
55 92 1
55 93 4
55 94 3
55 95 1
55 96 5
55 97 1
55 98 5
55 99 5
55 100 1
56 57 2
56 58 3
56 59 2
56 60 2
56 61 1
56 62 4
56 63 2
56 64 5
56 65 1
56 66 2
56 67 3
56 68 5
56 69 2
56 70 4
56 71 4
56 72 2
56 73 1
56 74 1
56 75 3
56 76 5
56 77 3
56 78 4
56 79 2
56 80 5
56 81 2
56 82 3
56 83 2
56 84 1
56 85 3
56 86 4
56 87 3
56 88 2
56 89 4
56 90 1
56 91 1
56 92 4
56 93 3
56 94 2
56 95 5
56 96 4
56 97 2
56 98 1
56 99 3
56 100 3
57 58 4
57 59 5
57 60 1
57 61 2
57 62 3
57 63 4
57 64 2
57 65 4
57 66 1
57 67 3
57 68 5
57 69 1
57 70 4
57 71 4
57 72 3
57 73 4
57 74 5
57 75 4
57 76 5
57 77 5
57 78 2
57 79 2
57 80 4
57 81 5
57 82 1
57 83 4
57 84 5
57 85 2
57 86 1
57 87 2
57 88 1
57 89 5
57 90 4
57 91 4
57 92 3
57 93 3
57 94 2
57 95 3
57 96 5
57 97 2
57 98 4
57 99 5
57 100 5
58 59 2
58 60 4
58 61 4
58 62 3
58 63 3
58 64 5
58 65 4
58 66 2
58 67 4
58 68 5
58 69 2
58 70 2
58 71 5
58 72 4
58 73 1
58 74 4
58 75 4
58 76 4
58 77 5
58 78 5
58 79 5
58 80 3
58 81 1
58 82 3
58 83 2
58 84 2
58 85 1
58 86 2
58 87 4
58 88 1
58 89 1
58 90 1
58 91 3
58 92 4
58 93 2
58 94 5
58 95 1
58 96 1
58 97 4
58 98 5
58 99 5
58 100 3
59 60 3
59 61 1
59 62 2
59 63 2
59 64 3
59 65 4
59 66 1
59 67 5
59 68 3
59 69 1
59 70 3
59 71 2
59 72 3
59 73 1
59 74 2
59 75 3
59 76 4
59 77 2
59 78 1
59 79 2
59 80 4
59 81 4
59 82 1
59 83 4
59 84 5
59 85 5
59 86 4
59 87 2
59 88 5
59 89 5
59 90 4
59 91 3
59 92 2
59 93 4
59 94 1
59 95 4
59 96 4
59 97 3
59 98 2
59 99 2
59 100 2
60 61 2
60 62 4
60 63 1
60 64 1
60 65 5
60 66 2
60 67 2
60 68 2
60 69 2
60 70 2
60 71 1
60 72 2
60 73 1
60 74 2
60 75 3
60 76 4
60 77 4
60 78 3
60 79 3
60 80 2
60 81 1
60 82 2
60 83 1
60 84 4
60 85 5
60 86 5
60 87 5
60 88 5
60 89 3
60 90 4
60 91 1
60 92 4
60 93 1
60 94 5
60 95 4
60 96 1
60 97 5
60 98 4
60 99 2
60 100 4
61 62 2
61 63 4
61 64 2
61 65 3
61 66 4
61 67 2
61 68 5
61 69 5
61 70 4
61 71 1
61 72 3
61 73 4
61 74 1
61 75 1
61 76 3
61 77 3
61 78 2
61 79 3
61 80 4
61 81 1
61 82 2
61 83 4
61 84 1
61 85 2
61 86 4
61 87 4
61 88 1
61 89 5
61 90 2
61 91 4
61 92 4
61 93 4
61 94 1
61 95 2
61 96 4
61 97 5
61 98 2
61 99 1
61 100 5
62 63 1
62 64 5
62 65 4
62 66 5
62 67 1
62 68 1
62 69 3
62 70 2
62 71 2
62 72 3
62 73 4
62 74 2
62 75 4
62 76 5
62 77 5
62 78 1
62 79 4
62 80 1
62 81 3
62 82 3
62 83 1
62 84 3
62 85 1
62 86 5
62 87 5
62 88 1
62 89 5
62 90 1
62 91 5
62 92 3
62 93 5
62 94 5
62 95 5
62 96 1
62 97 4
62 98 5
62 99 3
62 100 2
63 64 4
63 65 5
63 66 4
63 67 5
63 68 1
63 69 1
63 70 5
63 71 2
63 72 2
63 73 5
63 74 2
63 75 4
63 76 1
63 77 2
63 78 5
63 79 4
63 80 1
63 81 5
63 82 3
63 83 2
63 84 4
63 85 5
63 86 2
63 87 4
63 88 1
63 89 4
63 90 2
63 91 3
63 92 5
63 93 5
63 94 4
63 95 3
63 96 2
63 97 4
63 98 5
63 99 4
63 100 3
64 65 4
64 66 4
64 67 1
64 68 1
64 69 4
64 70 1
64 71 4
64 72 5
64 73 3
64 74 5
64 75 4
64 76 1
64 77 5
64 78 4
64 79 1
64 80 3
64 81 3
64 82 2
64 83 2
64 84 5
64 85 1
64 86 3
64 87 4
64 88 1
64 89 3
64 90 3
64 91 1
64 92 2
64 93 4
64 94 2
64 95 4
64 96 5
64 97 2
64 98 3
64 99 4
64 100 2
65 66 1
65 67 1
65 68 3
65 69 5
65 70 1
65 71 3
65 72 2
65 73 3
65 74 3
65 75 4
65 76 3
65 77 4
65 78 4
65 79 2
65 80 1
65 81 1
65 82 2
65 83 2
65 84 2
65 85 5
65 86 4
65 87 3
65 88 3
65 89 1
65 90 2
65 91 3
65 92 1
65 93 5
65 94 5
65 95 4
65 96 4
65 97 5
65 98 2
65 99 2
65 100 2
66 67 2
66 68 3
66 69 1
66 70 5
66 71 4
66 72 1
66 73 5
66 74 3
66 75 4
66 76 4
66 77 3
66 78 2
66 79 2
66 80 5
66 81 5
66 82 5
66 83 4
66 84 1
66 85 5
66 86 4
66 87 5
66 88 1
66 89 3
66 90 2
66 91 2
66 92 4
66 93 5
66 94 5
66 95 3
66 96 4
66 97 2
66 98 5
66 99 5
66 100 5
67 68 4
67 69 3
67 70 3
67 71 1
67 72 2
67 73 3
67 74 4
67 75 3
67 76 5
67 77 1
67 78 5
67 79 4
67 80 4
67 81 2
67 82 3
67 83 3
67 84 3
67 85 3
67 86 3
67 87 4
67 88 5
67 89 4
67 90 4
67 91 5
67 92 4
67 93 4
67 94 5
67 95 5
67 96 4
67 97 1
67 98 4
67 99 4
67 100 1
68 69 5
68 70 5
68 71 3
68 72 2
68 73 1
68 74 2
68 75 3
68 76 2
68 77 2
68 78 2
68 79 5
68 80 3
68 81 2
68 82 5
68 83 2
68 84 2
68 85 2
68 86 3
68 87 5
68 88 1
68 89 2
68 90 2
68 91 3
68 92 5
68 93 5
68 94 4
68 95 3
68 96 3
68 97 2
68 98 2
68 99 5
68 100 3
69 70 2
69 71 1
69 72 5
69 73 5
69 74 1
69 75 1
69 76 1
69 77 1
69 78 3
69 79 5
69 80 5
69 81 3
69 82 3
69 83 2
69 84 2
69 85 4
69 86 5
69 87 4
69 88 5
69 89 4
69 90 1
69 91 4
69 92 2
69 93 4
69 94 5
69 95 4
69 96 2
69 97 4
69 98 3
69 99 4
69 100 1
70 71 2
70 72 2
70 73 5
70 74 2
70 75 5
70 76 3
70 77 3
70 78 5
70 79 2
70 80 3
70 81 2
70 82 5
70 83 5
70 84 5
70 85 5
70 86 1
70 87 4
70 88 4
70 89 3
70 90 4
70 91 1
70 92 4
70 93 5
70 94 5
70 95 2
70 96 1
70 97 1
70 98 1
70 99 5
70 100 4
71 72 2
71 73 5
71 74 4
71 75 3
71 76 3
71 77 3
71 78 4
71 79 5
71 80 4
71 81 1
71 82 3
71 83 2
71 84 4
71 85 5
71 86 2
71 87 3
71 88 1
71 89 1
71 90 4
71 91 5
71 92 5
71 93 1
71 94 3
71 95 5
71 96 5
71 97 5
71 98 5
71 99 4
71 100 1
72 73 4
72 74 1
72 75 4
72 76 1
72 77 1
72 78 2
72 79 1
72 80 3
72 81 4
72 82 1
72 83 3
72 84 4
72 85 5
72 86 1
72 87 3
72 88 4
72 89 1
72 90 5
72 91 4
72 92 3
72 93 3
72 94 1
72 95 2
72 96 5
72 97 1
72 98 4
72 99 1
72 100 5
73 74 3
73 75 3
73 76 4
73 77 3
73 78 2
73 79 3
73 80 5
73 81 1
73 82 2
73 83 1
73 84 5
73 85 5
73 86 3
73 87 4
73 88 4
73 89 3
73 90 4
73 91 5
73 92 3
73 93 2
73 94 1
73 95 2
73 96 1
73 97 5
73 98 3
73 99 3
73 100 3
74 75 5
74 76 1
74 77 3
74 78 1
74 79 1
74 80 1
74 81 2
74 82 5
74 83 1
74 84 2
74 85 4
74 86 5
74 87 2
74 88 3
74 89 5
74 90 1
74 91 4
74 92 5
74 93 5
74 94 5
74 95 2
74 96 1
74 97 5
74 98 1
74 99 2
74 100 1
75 76 1
75 77 1
75 78 3
75 79 3
75 80 4
75 81 3
75 82 1
75 83 5
75 84 3
75 85 3
75 86 3
75 87 3
75 88 3
75 89 5
75 90 3
75 91 5
75 92 5
75 93 5
75 94 2
75 95 2
75 96 2
75 97 4
75 98 2
75 99 3
75 100 5
76 77 5
76 78 3
76 79 1
76 80 4
76 81 4
76 82 3
76 83 1
76 84 3
76 85 3
76 86 1
76 87 2
76 88 4
76 89 5
76 90 5
76 91 3
76 92 4
76 93 4
76 94 3
76 95 2
76 96 2
76 97 5
76 98 4
76 99 3
76 100 4
77 78 3
77 79 4
77 80 2
77 81 5
77 82 2
77 83 4
77 84 4
77 85 4
77 86 1
77 87 1
77 88 4
77 89 4
77 90 3
77 91 2
77 92 5
77 93 2
77 94 1
77 95 1
77 96 3
77 97 3
77 98 5
77 99 4
77 100 3
78 79 1
78 80 2
78 81 5
78 82 3
78 83 4
78 84 5
78 85 4
78 86 1
78 87 1
78 88 5
78 89 2
78 90 5
78 91 5
78 92 4
78 93 2
78 94 2
78 95 3
78 96 1
78 97 4
78 98 4
78 99 5
78 100 2
79 80 1
79 81 1
79 82 2
79 83 5
79 84 5
79 85 5
79 86 2
79 87 5
79 88 2
79 89 3
79 90 3
79 91 2
79 92 3
79 93 1
79 94 1
79 95 1
79 96 5
79 97 5
79 98 3
79 99 1
79 100 1
80 81 4
80 82 4
80 83 3
80 84 2
80 85 1
80 86 5
80 87 4
80 88 4
80 89 3
80 90 5
80 91 3
80 92 1
80 93 3
80 94 5
80 95 4
80 96 4
80 97 2
80 98 5
80 99 4
80 100 1
81 82 2
81 83 4
81 84 3
81 85 4
81 86 5
81 87 5
81 88 1
81 89 2
81 90 1
81 91 1
81 92 2
81 93 1
81 94 2
81 95 4
81 96 2
81 97 2
81 98 4
81 99 3
81 100 1
82 83 4
82 84 5
82 85 1
82 86 3
82 87 5
82 88 3
82 89 4
82 90 4
82 91 4
82 92 3
82 93 2
82 94 4
82 95 4
82 96 4
82 97 4
82 98 3
82 99 5
82 100 2
83 84 2
83 85 2
83 86 4
83 87 5
83 88 5
83 89 3
83 90 1
83 91 4
83 92 3
83 93 3
83 94 4
83 95 4
83 96 1
83 97 1
83 98 3
83 99 5
83 100 2
84 85 2
84 86 3
84 87 4
84 88 2
84 89 3
84 90 4
84 91 2
84 92 4
84 93 2
84 94 3
84 95 4
84 96 1
84 97 3
84 98 2
84 99 3
84 100 4
85 86 3
85 87 2
85 88 1
85 89 3
85 90 3
85 91 1
85 92 5
85 93 5
85 94 1
85 95 3
85 96 4
85 97 4
85 98 5
85 99 2
85 100 5
86 87 5
86 88 5
86 89 2
86 90 4
86 91 1
86 92 4
86 93 5
86 94 5
86 95 1
86 96 4
86 97 1
86 98 1
86 99 1
86 100 3
87 88 1
87 89 5
87 90 2
87 91 5
87 92 2
87 93 5
87 94 3
87 95 2
87 96 5
87 97 3
87 98 2
87 99 5
87 100 5
88 89 2
88 90 5
88 91 3
88 92 5
88 93 2
88 94 5
88 95 1
88 96 4
88 97 5
88 98 3
88 99 1
88 100 1
89 90 3
89 91 5
89 92 5
89 93 1
89 94 4
89 95 5
89 96 2
89 97 1
89 98 3
89 99 5
89 100 5
90 91 4
90 92 2
90 93 1
90 94 4
90 95 3
90 96 5
90 97 5
90 98 3
90 99 1
90 100 1
91 92 3
91 93 3
91 94 2
91 95 5
91 96 2
91 97 2
91 98 2
91 99 1
91 100 1
92 93 4
92 94 4
92 95 2
92 96 4
92 97 3
92 98 5
92 99 1
92 100 3
93 94 5
93 95 2
93 96 4
93 97 5
93 98 5
93 99 3
93 100 5
94 95 4
94 96 5
94 97 3
94 98 3
94 99 5
94 100 2
95 96 5
95 97 5
95 98 3
95 99 4
95 100 5
96 97 3
96 98 1
96 99 5
96 100 4
97 98 5
97 99 5
97 100 4
98 99 2
98 100 2
99 100 4
