100 4950
1 2 2
1 3 3
1 4 1
1 5 2
1 6 3
1 7 5
1 8 3
1 9 3
1 10 4
1 11 4
1 12 2
1 13 4
1 14 5
1 15 2
1 16 2
1 17 5
1 18 4
1 19 4
1 20 5
1 21 1
1 22 2
1 23 4
1 24 3
1 25 1
1 26 5
1 27 2
1 28 3
1 29 5
1 30 1
1 31 3
1 32 5
1 33 3
1 34 4
1 35 1
1 36 5
1 37 1
1 38 2
1 39 1
1 40 3
1 41 5
1 42 4
1 43 4
1 44 2
1 45 2
1 46 5
1 47 1
1 48 4
1 49 3
1 50 1
1 51 2
1 52 4
1 53 5
1 54 5
1 55 2
1 56 5
1 57 5
1 58 3
1 59 4
1 60 1
1 61 3
1 62 5
1 63 2
1 64 3
1 65 3
1 66 1
1 67 1
1 68 2
1 69 4
1 70 3
1 71 2
1 72 4
1 73 5
1 74 1
1 75 1
1 76 4
1 77 5
1 78 2
1 79 3
1 80 3
1 81 5
1 82 4
1 83 4
1 84 1
1 85 3
1 86 5
1 87 5
1 88 5
1 89 3
1 90 3
1 91 2
1 92 3
1 93 1
1 94 2
1 95 2
1 96 2
1 97 4
1 98 1
1 99 2
1 100 5
2 3 2
2 4 3
2 5 2
2 6 2
2 7 4
2 8 1
2 9 5
2 10 1
2 11 5
2 12 3
2 13 5
2 14 5
2 15 2
2 16 5
2 17 3
2 18 5
2 19 2
2 20 1
2 21 2
2 22 2
2 23 3
2 24 2
2 25 3
2 26 4
2 27 4
2 28 1
2 29 1
2 30 4
2 31 2
2 32 5
2 33 3
2 34 5
2 35 3
2 36 4
2 37 4
2 38 1
2 39 4
2 40 3
2 41 3
2 42 3
2 43 4
2 44 5
2 45 1
2 46 5
2 47 4
2 48 1
2 49 4
2 50 5
2 51 5
2 52 2
2 53 5
2 54 3
2 55 3
2 56 5
2 57 1
2 58 3
2 59 4
2 60 4
2 61 4
2 62 4
2 63 2
2 64 2
2 65 2
2 66 2
2 67 3
2 68 4
2 69 1
2 70 1
2 71 1
2 72 5
2 73 3
2 74 1
2 75 2
2 76 3
2 77 2
2 78 5
2 79 1
2 80 1
2 81 4
2 82 4
2 83 2
2 84 2
2 85 2
2 86 2
2 87 4
2 88 2
2 89 4
2 90 3
2 91 4
2 92 4
2 93 1
2 94 2
2 95 4
2 96 4
2 97 4
2 98 1
2 99 2
2 100 1
3 4 3
3 5 5
3 6 3
3 7 2
3 8 3
3 9 3
3 10 4
3 11 3
3 12 4
3 13 4
3 14 5
3 15 3
3 16 1
3 17 4
3 18 4
3 19 5
3 20 4
3 21 1
3 22 4
3 23 4
3 24 4
3 25 4
3 26 4
3 27 2
3 28 2
3 29 4
3 30 1
3 31 4
3 32 1
3 33 3
3 34 4
3 35 4
3 36 1
3 37 1
3 38 3
3 39 3
3 40 5
3 41 3
3 42 4
3 43 3
3 44 5
3 45 1
3 46 5
3 47 1
3 48 3
3 49 2
3 50 5
3 51 4
3 52 1
3 53 5
3 54 5
3 55 1
3 56 5
3 57 1
3 58 5
3 59 2
3 60 3
3 61 1
3 62 1
3 63 5
3 64 2
3 65 4
3 66 1
3 67 1
3 68 1
3 69 3
3 70 1
3 71 2
3 72 4
3 73 1
3 74 2
3 75 4
3 76 1
3 77 3
3 78 1
3 79 1
3 80 2
3 81 4
3 82 2
3 83 4
3 84 2
3 85 3
3 86 1
3 87 2
3 88 3
3 89 5
3 90 5
3 91 5
3 92 5
3 93 5
3 94 1
3 95 1
3 96 4
3 97 3
3 98 3
3 99 4
3 100 3
4 5 5
4 6 4
4 7 2
4 8 1
4 9 1
4 10 2
4 11 1
4 12 3
4 13 3
4 14 2
4 15 1
4 16 4
4 17 1
4 18 2
4 19 1
4 20 5
4 21 3
4 22 5
4 23 3
4 24 1
4 25 5
4 26 5
4 27 5
4 28 2
4 29 4
4 30 2
4 31 4
4 32 3
4 33 3
4 34 5
4 35 5
4 36 5
4 37 4
4 38 5
4 39 3
4 40 3
4 41 1
4 42 4
4 43 5
4 44 3
4 45 4
4 46 1
4 47 3
4 48 4
4 49 3
4 50 4
4 51 2
4 52 3
4 53 4
4 54 1
4 55 3
4 56 2
4 57 2
4 58 1
4 59 2
4 60 1
4 61 3
4 62 5
4 63 2
4 64 3
4 65 1
4 66 3
4 67 4
4 68 2
4 69 1
4 70 2
4 71 1
4 72 1
4 73 2
4 74 5
4 75 2
4 76 1
4 77 1
4 78 5
4 79 4
4 80 5
4 81 2
4 82 3
4 83 3
4 84 3
4 85 4
4 86 4
4 87 1
4 88 5
4 89 5
4 90 2
4 91 1
4 92 1
4 93 5
4 94 3
4 95 5
4 96 4
4 97 4
4 98 4
4 99 1
4 100 4
5 6 3
5 7 3
5 8 5
5 9 4
5 10 4
5 11 3
5 12 3
5 13 3
5 14 3
5 15 5
5 16 2
5 17 4
5 18 4
5 19 3
5 20 4
5 21 3
5 22 4
5 23 2
5 24 4
5 25 3
5 26 1
5 27 4
5 28 1
5 29 4
5 30 4
5 31 3
5 32 2
5 33 4
5 34 3
5 35 1
5 36 1
5 37 5
5 38 3
5 39 4
5 40 1
5 41 5
5 42 3
5 43 1
5 44 1
5 45 1
5 46 1
5 47 4
5 48 4
5 49 1
5 50 1
5 51 4
5 52 3
5 53 2
5 54 4
5 55 1
5 56 5
5 57 4
5 58 3
5 59 1
5 60 5
5 61 1
5 62 4
5 63 1
5 64 5
5 65 5
5 66 5
5 67 1
5 68 5
5 69 2
5 70 1
5 71 4
5 72 2
5 73 4
5 74 4
5 75 2
5 76 2
5 77 2
5 78 1
5 79 2
5 80 1
5 81 3
5 82 5
5 83 4
5 84 4
5 85 2
5 86 4
5 87 2
5 88 4
5 89 2
5 90 4
5 91 1
5 92 3
5 93 2
5 94 4
5 95 3
5 96 5
5 97 5
5 98 2
5 99 2
5 100 4
6 7 4
6 8 1
6 9 1
6 10 1
6 11 2
6 12 2
6 13 5
6 14 4
6 15 1
6 16 5
6 17 1
6 18 4
6 19 5
6 20 1
6 21 2
6 22 1
6 23 5
6 24 1
6 25 2
6 26 1
6 27 3
6 28 2
6 29 5
6 30 4
6 31 4
6 32 5
6 33 5
6 34 3
6 35 2
6 36 3
6 37 3
6 38 4
6 39 4
6 40 3
6 41 4
6 42 1
6 43 5
6 44 4
6 45 5
6 46 5
6 47 5
6 48 1
6 49 2
6 50 3
6 51 2
6 52 1
6 53 2
6 54 2
6 55 5
6 56 5
6 57 5
6 58 2
6 59 3
6 60 3
6 61 2
6 62 5
6 63 3
6 64 4
6 65 1
6 66 5
6 67 5
6 68 4
6 69 1
6 70 1
6 71 4
6 72 2
6 73 3
6 74 2
6 75 2
6 76 3
6 77 2
6 78 2
6 79 5
6 80 5
6 81 2
6 82 1
6 83 3
6 84 1
6 85 4
6 86 3
6 87 4
6 88 2
6 89 4
6 90 2
6 91 3
6 92 5
6 93 1
6 94 3
6 95 4
6 96 5
6 97 2
6 98 4
6 99 2
6 100 2
7 8 1
7 9 4
7 10 1
7 11 3
7 12 4
7 13 4
7 14 1
7 15 2
7 16 2
7 17 4
7 18 2
7 19 2
7 20 4
7 21 5
7 22 3
7 23 1
7 24 1
7 25 2
7 26 5
7 27 1
7 28 2
7 29 2
7 30 4
7 31 4
7 32 2
7 33 3
7 34 4
7 35 3
7 36 1
7 37 2
7 38 4
7 39 5
7 40 1
7 41 3
7 42 3
7 43 2
7 44 1
7 45 3
7 46 2
7 47 1
7 48 5
7 49 2
7 50 2
7 51 2
7 52 1
7 53 2
7 54 4
7 55 1
7 56 1
7 57 3
7 58 2
7 59 4
7 60 5
7 61 2
7 62 2
7 63 1
7 64 1
7 65 4
7 66 4
7 67 4
7 68 3
7 69 3
7 70 2
7 71 3
7 72 5
7 73 3
7 74 2
7 75 3
7 76 2
7 77 5
7 78 5
7 79 1
7 80 2
7 81 3
7 82 5
7 83 1
7 84 1
7 85 1
7 86 4
7 87 1
7 88 5
7 89 2
7 90 1
7 91 1
7 92 2
7 93 3
7 94 4
7 95 2
7 96 5
7 97 5
7 98 1
7 99 3
7 100 5
8 9 2
8 10 3
8 11 1
8 12 5
8 13 4
8 14 4
8 15 1
8 16 3
8 17 3
8 18 4
8 19 3
8 20 4
8 21 4
8 22 4
8 23 5
8 24 1
8 25 4
8 26 1
8 27 2
8 28 5
8 29 1
8 30 3
8 31 1
8 32 2
8 33 1
8 34 4
8 35 2
8 36 2
8 37 1
8 38 2
8 39 3
8 40 3
8 41 4
8 42 3
8 43 3
8 44 3
8 45 2
8 46 3
8 47 4
8 48 4
8 49 1
8 50 5
8 51 1
8 52 3
8 53 2
8 54 1
8 55 1
8 56 1
8 57 3
8 58 3
8 59 3
8 60 1
8 61 4
8 62 3
8 63 5
8 64 4
8 65 3
8 66 1
8 67 1
8 68 4
8 69 3
8 70 2
8 71 2
8 72 3
8 73 1
8 74 3
8 75 5
8 76 4
8 77 2
8 78 2
8 79 1
8 80 3
8 81 5
8 82 1
8 83 2
8 84 1
8 85 2
8 86 2
8 87 1
8 88 2
8 89 3
8 90 1
8 91 2
8 92 4
8 93 4
8 94 3
8 95 3
8 96 5
8 97 2
8 98 5
8 99 3
8 100 3
9 10 1
9 11 1
9 12 1
9 13 2
9 14 5
9 15 1
9 16 4
9 17 5
9 18 4
9 19 2
9 20 4
9 21 2
9 22 3
9 23 3
9 24 1
9 25 4
9 26 3
9 27 1
9 28 4
9 29 5
9 30 1
9 31 1
9 32 3
9 33 1
9 34 1
9 35 4
9 36 2
9 37 4
9 38 5
9 39 4
9 40 3
9 41 2
9 42 4
9 43 2
9 44 2
9 45 5
9 46 1
9 47 1
9 48 5
9 49 2
9 50 2
9 51 4
9 52 1
9 53 2
9 54 1
9 55 5
9 56 3
9 57 4
9 58 4
9 59 1
9 60 4
9 61 2
9 62 5
9 63 4
9 64 4
9 65 5
9 66 2
9 67 3
9 68 5
9 69 1
9 70 4
9 71 2
9 72 5
9 73 3
9 74 1
9 75 3
9 76 5
9 77 3
9 78 1
9 79 1
9 80 5
9 81 5
9 82 3
9 83 5
9 84 1
9 85 3
9 86 5
9 87 5
9 88 3
9 89 3
9 90 3
9 91 3
9 92 4
9 93 3
9 94 2
9 95 2
9 96 1
9 97 3
9 98 1
9 99 1
9 100 3
10 11 2
10 12 1
10 13 5
10 14 3
10 15 5
10 16 2
10 17 5
10 18 3
10 19 5
10 20 5
10 21 3
10 22 2
10 23 2
10 24 2
10 25 5
10 26 4
10 27 2
10 28 1
10 29 1
10 30 4
10 31 4
10 32 3
10 33 1
10 34 5
10 35 2
10 36 1
10 37 2
10 38 2
10 39 1
10 40 5
10 41 3
10 42 5
10 43 3
10 44 1
10 45 4
10 46 2
10 47 4
10 48 5
10 49 4
10 50 2
10 51 3
10 52 5
10 53 1
10 54 2
10 55 4
10 56 3
10 57 1
10 58 3
10 59 4
10 60 1
10 61 5
10 62 4
10 63 4
10 64 5
10 65 3
10 66 4
10 67 2
10 68 1
10 69 1
10 70 2
10 71 5
10 72 5
10 73 4
10 74 2
10 75 3
10 76 1
10 77 1
10 78 5
10 79 1
10 80 1
10 81 2
10 82 3
10 83 5
10 84 4
10 85 3
10 86 3
10 87 2
10 88 1
10 89 2
10 90 5
10 91 5
10 92 5
10 93 4
10 94 1
10 95 4
10 96 2
10 97 2
10 98 1
10 99 1
10 100 2
11 12 4
11 13 2
11 14 3
11 15 5
11 16 5
11 17 2
11 18 5
11 19 5
11 20 1
11 21 1
11 22 2
11 23 5
11 24 4
11 25 3
11 26 5
11 27 5
11 28 1
11 29 1
11 30 1
11 31 1
11 32 3
11 33 2
11 34 3
11 35 5
11 36 2
11 37 3
11 38 4
11 39 1
11 40 4
11 41 2
11 42 1
11 43 1
11 44 5
11 45 5
11 46 2
11 47 5
11 48 3
11 49 2
11 50 4
11 51 1
11 52 4
11 53 3
11 54 4
11 55 3
11 56 5
11 57 3
11 58 1
11 59 3
11 60 5
11 61 3
11 62 5
11 63 3
11 64 4
11 65 2
11 66 2
11 67 4
11 68 2
11 69 1
11 70 4
11 71 2
11 72 1
11 73 1
11 74 2
11 75 5
11 76 5
11 77 1
11 78 5
11 79 4
11 80 5
11 81 1
11 82 1
11 83 3
11 84 4
11 85 4
11 86 1
11 87 1
11 88 3
11 89 1
11 90 2
11 91 1
11 92 2
11 93 1
11 94 1
11 95 4
11 96 4
11 97 2
11 98 1
11 99 2
11 100 3
12 13 5
12 14 3
12 15 4
12 16 4
12 17 3
12 18 4
12 19 4
12 20 1
12 21 2
12 22 4
12 23 4
12 24 3
12 25 5
12 26 5
12 27 4
12 28 2
12 29 4
12 30 4
12 31 5
12 32 3
12 33 3
12 34 1
12 35 4
12 36 5
12 37 1
12 38 3
12 39 1
12 40 4
12 41 5
12 42 4
12 43 1
12 44 2
12 45 4
12 46 1
12 47 2
12 48 3
12 49 2
12 50 5
12 51 2
12 52 1
12 53 4
12 54 3
12 55 5
12 56 3
12 57 3
12 58 2
12 59 2
12 60 2
12 61 4
12 62 3
12 63 2
12 64 2
12 65 2
12 66 2
12 67 4
12 68 3
12 69 1
12 70 1
12 71 5
12 72 2
12 73 5
12 74 1
12 75 5
12 76 5
12 77 5
12 78 5
12 79 1
12 80 2
12 81 1
12 82 3
12 83 3
12 84 2
12 85 5
12 86 5
12 87 5
12 88 4
12 89 4
12 90 1
12 91 1
12 92 2
12 93 1
12 94 4
12 95 4
12 96 2
12 97 1
12 98 1
12 99 3
12 100 3
13 14 1
13 15 2
13 16 1
13 17 4
13 18 3
13 19 4
13 20 5
13 21 5
13 22 5
13 23 5
13 24 5
13 25 4
13 26 1
13 27 5
13 28 5
13 29 1
13 30 5
13 31 4
13 32 3
13 33 3
13 34 5
13 35 1
13 36 4
13 37 1
13 38 2
13 39 5
13 40 4
13 41 5
13 42 5
13 43 4
13 44 1
13 45 5
13 46 2
13 47 1
13 48 3
13 49 2
13 50 4
13 51 4
13 52 5
13 53 3
13 54 3
13 55 3
13 56 5
13 57 4
13 58 3
13 59 5
13 60 5
13 61 5
13 62 3
13 63 1
13 64 5
13 65 5
13 66 4
13 67 4
13 68 2
13 69 2
13 70 3
13 71 3
13 72 2
13 73 4
13 74 3
13 75 1
13 76 4
13 77 2
13 78 3
13 79 5
13 80 3
13 81 1
13 82 3
13 83 2
13 84 3
13 85 4
13 86 5
13 87 4
13 88 4
13 89 4
13 90 5
13 91 3
13 92 5
13 93 2
13 94 3
13 95 1
13 96 4
13 97 4
13 98 5
13 99 5
13 100 3
14 15 4
14 16 1
14 17 3
14 18 4
14 19 5
14 20 3
14 21 2
14 22 2
14 23 4
14 24 1
14 25 4
14 26 1
14 27 4
14 28 3
14 29 4
14 30 4
14 31 2
14 32 4
14 33 1
14 34 1
14 35 1
14 36 2
14 37 4
14 38 4
14 39 4
14 40 3
14 41 5
14 42 2
14 43 5
14 44 2
14 45 4
14 46 3
14 47 5
14 48 5
14 49 3
14 50 3
14 51 5
14 52 3
14 53 5
14 54 4
14 55 1
14 56 1
14 57 3
14 58 2
14 59 1
14 60 2
14 61 1
14 62 5
14 63 3
14 64 5
14 65 5
14 66 2
14 67 5
14 68 1
14 69 2
14 70 1
14 71 2
14 72 5
14 73 4
14 74 1
14 75 4
14 76 4
14 77 5
14 78 3
14 79 5
14 80 4
14 81 3
14 82 4
14 83 2
14 84 3
14 85 1
14 86 2
14 87 2
14 88 1
14 89 3
14 90 2
14 91 3
14 92 3
14 93 2
14 94 1
14 95 3
14 96 4
14 97 4
14 98 3
14 99 4
14 100 5
15 16 1
15 17 3
15 18 3
15 19 4
15 20 5
15 21 5
15 22 4
15 23 4
15 24 3
15 25 5
15 26 4
15 27 5
15 28 1
15 29 5
15 30 2
15 31 5
15 32 5
15 33 5
15 34 2
15 35 1
15 36 2
15 37 1
15 38 5
15 39 5
15 40 1
15 41 4
15 42 4
15 43 4
15 44 3
15 45 4
15 46 5
15 47 4
15 48 3
15 49 3
15 50 4
15 51 2
15 52 2
15 53 4
15 54 3
15 55 2
15 56 4
15 57 4
15 58 3
15 59 2
15 60 1
15 61 5
15 62 1
15 63 2
15 64 5
15 65 3
15 66 1
15 67 1
15 68 5
15 69 5
15 70 5
15 71 4
15 72 3
15 73 5
15 74 5
15 75 4
15 76 3
15 77 5
15 78 1
15 79 3
15 80 1
15 81 4
15 82 2
15 83 4
15 84 1
15 85 2
15 86 4
15 87 5
15 88 1
15 89 5
15 90 3
15 91 4
15 92 4
15 93 2
15 94 3
15 95 2
15 96 3
15 97 1
15 98 4
15 99 3
15 100 4
16 17 1
16 18 1
16 19 4
16 20 4
16 21 3
16 22 1
16 23 3
16 24 1
16 25 3
16 26 2
16 27 1
16 28 4
16 29 4
16 30 2
16 31 5
16 32 3
16 33 2
16 34 2
16 35 3
16 36 3
16 37 1
16 38 1
16 39 1
16 40 2
16 41 1
16 42 1
16 43 2
16 44 5
16 45 1
16 46 3
16 47 2
16 48 1
16 49 2
16 50 5
16 51 4
16 52 4
16 53 3
16 54 1
16 55 1
16 56 3
16 57 5
16 58 2
16 59 1
16 60 3
16 61 5
16 62 2
16 63 3
16 64 4
16 65 2
16 66 2
16 67 1
16 68 1
16 69 3
16 70 5
16 71 1
16 72 4
16 73 4
16 74 3
16 75 3
16 76 4
16 77 2
16 78 3
16 79 2
16 80 5
16 81 4
16 82 1
16 83 3
16 84 1
16 85 2
16 86 2
16 87 2
16 88 2
16 89 5
16 90 2
16 91 5
16 92 5
16 93 4
16 94 4
16 95 2
16 96 3
16 97 4
16 98 5
16 99 5
16 100 3
17 18 5
17 19 4
17 20 2
17 21 2
17 22 1
17 23 5
17 24 4
17 25 5
17 26 5
17 27 2
17 28 5
17 29 2
17 30 2
17 31 5
17 32 4
17 33 5
17 34 4
17 35 1
17 36 4
17 37 2
17 38 4
17 39 2
17 40 2
17 41 5
17 42 3
17 43 3
17 44 1
17 45 1
17 46 1
17 47 5
17 48 3
17 49 1
17 50 4
17 51 3
17 52 5
17 53 4
17 54 1
17 55 5
17 56 3
17 57 5
17 58 4
17 59 2
17 60 4
17 61 1
17 62 3
17 63 1
17 64 3
17 65 5
17 66 3
17 67 5
17 68 1
17 69 4
17 70 3
17 71 3
17 72 5
17 73 3
17 74 1
17 75 4
17 76 2
17 77 3
17 78 1
17 79 4
17 80 5
17 81 5
17 82 5
17 83 1
17 84 5
17 85 3
17 86 1
17 87 2
17 88 2
17 89 2
17 90 3
17 91 2
17 92 3
17 93 4
17 94 1
17 95 3
17 96 5
17 97 5
17 98 4
17 99 4
17 100 4
18 19 4
18 20 1
18 21 1
18 22 5
18 23 5
18 24 4
18 25 4
18 26 4
18 27 2
18 28 5
18 29 1
18 30 1
18 31 1
18 32 2
18 33 5
18 34 5
18 35 5
18 36 3
18 37 1
18 38 3
18 39 4
18 40 2
18 41 2
18 42 5
18 43 3
18 44 4
18 45 1
18 46 1
18 47 1
18 48 2
18 49 3
18 50 1
18 51 2
18 52 3
18 53 3
18 54 2
18 55 1
18 56 3
18 57 3
18 58 2
18 59 5
18 60 1
18 61 4
18 62 3
18 63 5
18 64 4
18 65 4
18 66 4
18 67 2
18 68 3
18 69 1
18 70 5
18 71 1
18 72 1
18 73 1
18 74 5
18 75 2
18 76 3
18 77 5
18 78 1
18 79 1
18 80 1
18 81 1
18 82 1
18 83 4
18 84 2
18 85 1
18 86 2
18 87 5
18 88 1
18 89 1
18 90 4
18 91 1
18 92 4
18 93 4
18 94 5
18 95 4
18 96 3
18 97 1
18 98 3
18 99 1
18 100 5
19 20 4
19 21 5
19 22 5
19 23 5
19 24 3
19 25 1
19 26 4
19 27 1
19 28 1
19 29 5
19 30 2
19 31 3
19 32 3
19 33 5
19 34 2
19 35 1
19 36 1
19 37 1
19 38 5
19 39 4
19 40 5
19 41 5
19 42 5
19 43 3
19 44 2
19 45 1
19 46 3
19 47 4
19 48 5
19 49 3
19 50 2
19 51 3
19 52 3
19 53 2
19 54 5
19 55 1
19 56 1
19 57 2
19 58 1
19 59 1
19 60 1
19 61 2
19 62 1
19 63 4
19 64 2
19 65 2
19 66 2
19 67 3
19 68 3
19 69 1
19 70 1
19 71 5
19 72 1
19 73 4
19 74 5
19 75 4
19 76 4
19 77 4
19 78 3
19 79 2
19 80 1
19 81 1
19 82 2
19 83 3
19 84 5
19 85 1
19 86 4
19 87 5
19 88 3
19 89 5
19 90 3
19 91 3
19 92 2
19 93 5
19 94 3
19 95 5
19 96 5
19 97 3
19 98 3
19 99 2
19 100 4
20 21 1
20 22 3
20 23 4
20 24 2
20 25 4
20 26 5
20 27 5
20 28 5
20 29 5
20 30 1
20 31 1
20 32 1
20 33 4
20 34 5
20 35 5
20 36 3
20 37 2
20 38 4
20 39 1
20 40 5
20 41 2
20 42 3
20 43 1
20 44 3
20 45 2
20 46 4
20 47 2
20 48 5
20 49 4
20 50 2
20 51 4
20 52 4
20 53 2
20 54 1
20 55 4
20 56 2
20 57 3
20 58 3
20 59 1
20 60 3
20 61 3
20 62 4
20 63 1
20 64 1
20 65 3
20 66 4
20 67 1
20 68 4
20 69 5
20 70 1
20 71 1
20 72 5
20 73 2
20 74 4
20 75 5
20 76 1
20 77 4
20 78 1
20 79 4
20 80 2
20 81 1
20 82 5
20 83 5
20 84 2
20 85 5
20 86 3
20 87 3
20 88 1
20 89 3
20 90 3
20 91 1
20 92 5
20 93 4
20 94 3
20 95 3
20 96 5
20 97 5
20 98 4
20 99 2
20 100 1
21 22 4
21 23 2
21 24 2
21 25 2
21 26 5
21 27 1
21 28 1
21 29 4
21 30 5
21 31 3
21 32 3
21 33 1
21 34 4
21 35 2
21 36 1
21 37 1
21 38 2
21 39 4
21 40 5
21 41 4
21 42 1
21 43 2
21 44 3
21 45 3
21 46 4
21 47 1
21 48 2
21 49 3
21 50 4
21 51 3
21 52 5
21 53 2
21 54 5
21 55 4
21 56 1
21 57 2
21 58 5
21 59 2
21 60 3
21 61 5
21 62 2
21 63 5
21 64 3
21 65 3
21 66 5
21 67 3
21 68 5
21 69 4
21 70 2
21 71 2
21 72 2
21 73 1
21 74 1
21 75 1
21 76 3
21 77 2
21 78 3
21 79 2
21 80 5
21 81 2
21 82 1
21 83 4
21 84 2
21 85 2
21 86 3
21 87 1
21 88 2
21 89 4
21 90 4
21 91 5
21 92 5
21 93 1
21 94 1
21 95 1
21 96 3
21 97 2
21 98 3
21 99 2
21 100 1
22 23 2
22 24 3
22 25 2
22 26 1
22 27 3
22 28 5
22 29 5
22 30 3
22 31 5
22 32 1
22 33 2
22 34 5
22 35 4
22 36 4
22 37 5
22 38 4
22 39 4
22 40 2
22 41 1
22 42 5
22 43 2
22 44 1
22 45 1
22 46 5
22 47 1
22 48 4
22 49 3
22 50 3
22 51 5
22 52 2
22 53 4
22 54 1
22 55 2
22 56 2
22 57 1
22 58 5
22 59 4
22 60 3
22 61 4
22 62 4
22 63 1
22 64 2
22 65 3
22 66 2
22 67 3
22 68 1
22 69 5
22 70 3
22 71 4
22 72 3
22 73 1
22 74 2
22 75 3
22 76 1
22 77 5
22 78 1
22 79 1
22 80 5
22 81 5
22 82 3
22 83 3
22 84 3
22 85 2
22 86 3
22 87 1
22 88 3
22 89 3
22 90 1
22 91 3
22 92 4
22 93 5
22 94 5
22 95 3
22 96 3
22 97 4
22 98 2
22 99 4
22 100 2
23 24 4
23 25 1
23 26 1
23 27 3
23 28 2
23 29 1
23 30 1
23 31 1
23 32 2
23 33 1
23 34 5
23 35 4
23 36 2
23 37 2
23 38 2
23 39 5
23 40 2
23 41 4
23 42 1
23 43 1
23 44 1
23 45 2
23 46 3
23 47 4
23 48 1
23 49 4
23 50 4
23 51 3
23 52 2
23 53 5
23 54 5
23 55 2
23 56 1
23 57 3
23 58 2
23 59 3
23 60 5
23 61 3
23 62 1
23 63 5
23 64 5
23 65 5
23 66 4
23 67 1
23 68 2
23 69 5
23 70 2
23 71 4
23 72 3
23 73 4
23 74 4
23 75 5
23 76 5
23 77 2
23 78 2
23 79 3
23 80 1
23 81 2
23 82 3
23 83 3
23 84 5
23 85 2
23 86 4
23 87 1
23 88 4
23 89 3
23 90 3
23 91 1
23 92 1
23 93 3
23 94 2
23 95 1
23 96 3
23 97 5
23 98 3
23 99 5
23 100 3
24 25 3
24 26 1
24 27 2
24 28 3
24 29 3
24 30 1
24 31 2
24 32 3
24 33 1
24 34 2
24 35 5
24 36 4
24 37 2
24 38 2
24 39 5
24 40 4
24 41 5
24 42 3
24 43 2
24 44 3
24 45 3
24 46 1
24 47 3
24 48 5
24 49 2
24 50 5
24 51 5
24 52 5
24 53 5
24 54 4
24 55 5
24 56 3
24 57 2
24 58 3
24 59 5
24 60 5
24 61 3
24 62 2
24 63 2
24 64 1
24 65 2
24 66 5
24 67 3
24 68 2
24 69 4
24 70 1
24 71 3
24 72 1
24 73 4
24 74 4
24 75 2
24 76 4
24 77 2
24 78 4
24 79 2
24 80 2
24 81 2
24 82 5
24 83 4
24 84 5
24 85 4
24 86 1
24 87 2
24 88 3
24 89 4
24 90 5
24 91 4
24 92 1
24 93 5
24 94 5
24 95 5
24 96 2
24 97 5
24 98 5
24 99 1
24 100 5
25 26 2
25 27 3
25 28 5
25 29 3
25 30 1
25 31 4
25 32 5
25 33 2
25 34 4
25 35 2
25 36 5
25 37 3
25 38 4
25 39 1
25 40 2
25 41 3
25 42 5
25 43 3
25 44 5
25 45 2
25 46 5
25 47 4
25 48 3
25 49 3
25 50 4
25 51 4
25 52 2
25 53 2
25 54 3
25 55 4
25 56 5
25 57 1
25 58 5
25 59 2
25 60 1
25 61 3
25 62 5
25 63 4
25 64 4
25 65 5
25 66 1
25 67 2
25 68 4
25 69 2
25 70 5
25 71 3
25 72 1
25 73 3
25 74 1
25 75 4
25 76 2
25 77 1
25 78 4
25 79 3
25 80 4
25 81 4
25 82 5
25 83 5
25 84 3
25 85 1
25 86 4
25 87 1
25 88 3
25 89 3
25 90 5
25 91 5
25 92 3
25 93 3
25 94 1
25 95 3
25 96 3
25 97 3
25 98 5
25 99 1
25 100 1
26 27 3
26 28 5
26 29 5
26 30 3
26 31 4
26 32 2
26 33 1
26 34 5
26 35 2
26 36 3
26 37 2
26 38 3
26 39 3
26 40 5
26 41 3
26 42 4
26 43 3
26 44 2
26 45 4
26 46 2
26 47 2
26 48 4
26 49 2
26 50 5
26 51 1
26 52 3
26 53 1
26 54 3
26 55 5
26 56 5
26 57 1
26 58 3
26 59 5
26 60 5
26 61 1
26 62 3
26 63 4
26 64 1
26 65 4
26 66 4
26 67 4
26 68 4
26 69 4
26 70 2
26 71 3
26 72 3
26 73 2
26 74 1
26 75 1
26 76 2
26 77 2
26 78 4
26 79 5
26 80 2
26 81 1
26 82 1
26 83 1
26 84 4
26 85 1
26 86 5
26 87 3
26 88 5
26 89 1
26 90 5
26 91 1
26 92 1
26 93 3
26 94 2
26 95 1
26 96 4
26 97 1
26 98 2
26 99 3
26 100 4
27 28 5
27 29 4
27 30 1
27 31 5
27 32 1
27 33 5
27 34 4
27 35 2
27 36 5
27 37 1
27 38 1
27 39 2
27 40 3
27 41 2
27 42 3
27 43 4
27 44 2
27 45 2
27 46 4
27 47 2
27 48 4
27 49 3
27 50 5
27 51 4
27 52 5
27 53 4
27 54 3
27 55 4
27 56 5
27 57 2
27 58 5
27 59 3
27 60 4
27 61 2
27 62 5
27 63 1
27 64 5
27 65 5
27 66 5
27 67 1
27 68 2
27 69 1
27 70 1
27 71 1
27 72 1
27 73 3
27 74 1
27 75 5
27 76 1
27 77 1
27 78 4
27 79 5
27 80 1
27 81 1
27 82 4
27 83 4
27 84 4
27 85 2
27 86 3
27 87 2
27 88 2
27 89 3
27 90 5
27 91 5
27 92 3
27 93 1
27 94 3
27 95 5
27 96 3
27 97 3
27 98 2
27 99 4
27 100 4
28 29 5
28 30 3
28 31 5
28 32 2
28 33 2
28 34 1
28 35 3
28 36 4
28 37 1
28 38 3
28 39 2
28 40 3
28 41 1
28 42 2
28 43 3
28 44 3
28 45 1
28 46 1
28 47 4
28 48 2
28 49 3
28 50 2
28 51 2
28 52 2
28 53 1
28 54 1
28 55 3
28 56 4
28 57 5
28 58 4
28 59 2
28 60 1
28 61 1
28 62 3
28 63 1
28 64 1
28 65 4
28 66 5
28 67 3
28 68 3
28 69 2
28 70 1
28 71 3
28 72 2
28 73 2
28 74 5
28 75 5
28 76 1
28 77 3
28 78 2
28 79 5
28 80 2
28 81 4
28 82 1
28 83 5
28 84 4
28 85 2
28 86 3
28 87 3
28 88 3
28 89 5
28 90 1
28 91 1
28 92 2
28 93 3
28 94 2
28 95 5
28 96 4
28 97 4
28 98 3
28 99 5
28 100 5
29 30 4
29 31 3
29 32 3
29 33 5
29 34 3
29 35 5
29 36 1
29 37 1
29 38 2
29 39 3
29 40 5
29 41 2
29 42 4
29 43 5
29 44 3
29 45 4
29 46 2
29 47 1
29 48 5
29 49 4
29 50 2
29 51 4
29 52 5
29 53 5
29 54 2
29 55 2
29 56 1
29 57 1
29 58 4
29 59 4
29 60 1
29 61 3
29 62 2
29 63 3
29 64 1
29 65 2
29 66 5
29 67 2
29 68 4
29 69 5
29 70 2
29 71 4
29 72 4
29 73 2
29 74 3
29 75 5
29 76 3
29 77 3
29 78 5
29 79 3
29 80 1
29 81 1
29 82 2
29 83 5
29 84 4
29 85 5
29 86 5
29 87 1
29 88 2
29 89 2
29 90 3
29 91 2
29 92 2
29 93 5
29 94 3
29 95 5
29 96 5
29 97 3
29 98 1
29 99 4
29 100 5
30 31 4
30 32 1
30 33 2
30 34 5
30 35 1
30 36 5
30 37 4
30 38 3
30 39 5
30 40 4
30 41 4
30 42 3
30 43 5
30 44 5
30 45 5
30 46 1
30 47 2
30 48 2
30 49 3
30 50 2
30 51 2
30 52 1
30 53 3
30 54 2
30 55 3
30 56 2
30 57 4
30 58 1
30 59 1
30 60 2
30 61 1
30 62 2
30 63 2
30 64 2
30 65 3
30 66 4
30 67 4
30 68 3
30 69 2
30 70 1
30 71 4
30 72 3
30 73 4
30 74 1
30 75 3
30 76 3
30 77 3
30 78 3
30 79 2
30 80 3
30 81 1
30 82 5
30 83 1
30 84 3
30 85 2
30 86 5
30 87 1
30 88 5
30 89 1
30 90 5
30 91 2
30 92 5
30 93 5
30 94 1
30 95 3
30 96 1
30 97 5
30 98 3
30 99 4
30 100 3
31 32 5
31 33 4
31 34 1
31 35 3
31 36 5
31 37 1
31 38 2
31 39 4
31 40 5
31 41 4
31 42 2
31 43 4
31 44 1
31 45 4
31 46 2
31 47 3
31 48 3
31 49 1
31 50 2
31 51 5
31 52 5
31 53 3
31 54 1
31 55 3
31 56 2
31 57 3
31 58 2
31 59 3
31 60 4
31 61 1
31 62 2
31 63 4
31 64 3
31 65 5
31 66 4
31 67 1
31 68 2
31 69 5
31 70 5
31 71 1
31 72 5
31 73 1
31 74 1
31 75 5
31 76 1
31 77 4
31 78 2
31 79 2
31 80 3
31 81 2
31 82 3
31 83 2
31 84 3
31 85 3
31 86 4
31 87 5
31 88 3
31 89 4
31 90 5
31 91 4
31 92 3
31 93 5
31 94 3
31 95 1
31 96 2
31 97 2
31 98 1
31 99 4
31 100 5
32 33 2
32 34 2
32 35 3
32 36 4
32 37 2
32 38 3
32 39 3
32 40 2
32 41 5
32 42 4
32 43 3
32 44 1
32 45 1
32 46 3
32 47 5
32 48 2
32 49 5
32 50 3
32 51 5
32 52 2
32 53 4
32 54 1
32 55 1
32 56 5
32 57 2
32 58 3
32 59 4
32 60 4
32 61 5
32 62 1
32 63 5
32 64 5
32 65 5
32 66 3
32 67 1
32 68 3
32 69 4
32 70 1
32 71 5
32 72 1
32 73 1
32 74 4
32 75 3
32 76 3
32 77 1
32 78 4
32 79 3
32 80 4
32 81 4
32 82 3
32 83 1
32 84 3
32 85 4
32 86 3
32 87 5
32 88 5
32 89 4
32 90 2
32 91 4
32 92 2
32 93 1
32 94 1
32 95 2
32 96 1
32 97 2
32 98 2
32 99 2
32 100 1
33 34 2
33 35 5
33 36 4
33 37 4
33 38 4
33 39 4
33 40 3
33 41 1
33 42 1
33 43 1
33 44 4
33 45 5
33 46 1
33 47 4
33 48 4
33 49 1
33 50 2
33 51 2
33 52 3
33 53 1
33 54 4
33 55 1
33 56 3
33 57 5
33 58 3
33 59 3
33 60 3
33 61 3
33 62 4
33 63 2
33 64 2
33 65 4
33 66 1
33 67 5
33 68 2
33 69 2
33 70 2
33 71 2
33 72 2
33 73 3
33 74 1
33 75 1
33 76 3
33 77 4
33 78 2
33 79 2
33 80 5
33 81 3
33 82 4
33 83 5
33 84 2
33 85 5
33 86 5
33 87 4
33 88 1
33 89 1
33 90 2
33 91 4
33 92 4
33 93 4
33 94 5
33 95 2
33 96 3
33 97 5
33 98 2
33 99 1
33 100 4
34 35 4
34 36 5
34 37 1
34 38 3
34 39 3
34 40 2
34 41 2
34 42 5
34 43 4
34 44 4
34 45 2
34 46 1
34 47 1
34 48 5
34 49 5
34 50 2
34 51 1
34 52 4
34 53 3
34 54 4
34 55 5
34 56 5
34 57 3
34 58 3
34 59 2
34 60 4
34 61 2
34 62 3
34 63 4
34 64 2
34 65 1
34 66 3
34 67 3
34 68 3
34 69 1
34 70 1
34 71 2
34 72 5
34 73 2
34 74 5
34 75 3
34 76 4
34 77 5
34 78 5
34 79 1
34 80 2
34 81 5
34 82 5
34 83 4
34 84 3
34 85 1
34 86 3
34 87 2
34 88 5
34 89 1
34 90 1
34 91 2
34 92 1
34 93 5
34 94 3
34 95 1
34 96 2
34 97 2
34 98 5
34 99 2
34 100 2
35 36 5
35 37 5
35 38 3
35 39 3
35 40 4
35 41 5
35 42 3
35 43 3
35 44 4
35 45 4
35 46 2
35 47 4
35 48 3
35 49 5
35 50 3
35 51 3
35 52 2
35 53 5
35 54 5
35 55 3
35 56 2
35 57 1
35 58 3
35 59 4
35 60 4
35 61 4
35 62 5
35 63 5
35 64 3
35 65 4
35 66 5
35 67 4
35 68 2
35 69 5
35 70 3
35 71 2
35 72 1
35 73 4
35 74 4
35 75 3
35 76 1
35 77 3
35 78 5
35 79 2
35 80 3
35 81 5
35 82 5
35 83 4
35 84 1
35 85 1
35 86 4
35 87 4
35 88 2
35 89 5
35 90 1
35 91 4
35 92 4
35 93 2
35 94 1
35 95 5
35 96 3
35 97 3
35 98 2
35 99 1
35 100 1
36 37 5
36 38 3
36 39 1
36 40 5
36 41 3
36 42 3
36 43 2
36 44 5
36 45 5
36 46 4
36 47 1
36 48 3
36 49 5
36 50 4
36 51 5
36 52 2
36 53 3
36 54 1
36 55 1
36 56 2
36 57 1
36 58 5
36 59 5
36 60 2
36 61 5
36 62 5
36 63 4
36 64 3
36 65 4
36 66 1
36 67 3
36 68 2
36 69 2
36 70 5
36 71 1
36 72 5
36 73 5
36 74 4
36 75 5
36 76 1
36 77 4
36 78 2
36 79 1
36 80 4
36 81 4
36 82 1
36 83 4
36 84 4
36 85 3
36 86 1
36 87 3
36 88 5
36 89 4
36 90 3
36 91 3
36 92 4
36 93 5
36 94 5
36 95 1
36 96 1
36 97 3
36 98 3
36 99 2
36 100 1
37 38 5
37 39 1
37 40 1
37 41 4
37 42 3
37 43 5
37 44 2
37 45 1
37 46 4
37 47 5
37 48 5
37 49 4
37 50 5
37 51 5
37 52 3
37 53 2
37 54 5
37 55 2
37 56 3
37 57 5
37 58 3
37 59 4
37 60 4
37 61 5
37 62 5
37 63 3
37 64 4
37 65 3
37 66 2
37 67 4
37 68 3
37 69 3
37 70 3
37 71 3
37 72 2
37 73 4
37 74 5
37 75 2
37 76 2
37 77 1
37 78 1
37 79 3
37 80 5
37 81 5
37 82 5
37 83 3
37 84 5
37 85 5
37 86 2
37 87 3
37 88 2
37 89 1
37 90 4
37 91 2
37 92 3
37 93 5
37 94 3
37 95 4
37 96 1
37 97 3
37 98 5
37 99 5
37 100 2
38 39 1
38 40 5
38 41 5
38 42 4
38 43 4
38 44 5
38 45 2
38 46 1
38 47 5
38 48 5
38 49 1
38 50 4
38 51 1
38 52 4
38 53 3
38 54 3
38 55 2
38 56 3
38 57 2
38 58 4
38 59 2
38 60 3
38 61 4
38 62 2
38 63 1
38 64 4
38 65 1
38 66 4
38 67 2
38 68 3
38 69 2
38 70 4
38 71 5
38 72 5
38 73 2
38 74 5
38 75 2
38 76 4
38 77 5
38 78 4
38 79 5
38 80 1
38 81 4
38 82 5
38 83 5
38 84 5
38 85 2
38 86 4
38 87 3
38 88 4
38 89 1
38 90 3
38 91 2
38 92 2
38 93 5
38 94 2
38 95 5
38 96 2
38 97 3
38 98 1
38 99 2
38 100 4
39 40 5
39 41 3
39 42 3
39 43 2
39 44 1
39 45 2
39 46 3
39 47 4
39 48 1
39 49 4
39 50 5
39 51 4
39 52 3
39 53 1
39 54 3
39 55 1
39 56 4
39 57 5
39 58 4
39 59 1
39 60 2
39 61 3
39 62 4
39 63 4
39 64 3
39 65 3
39 66 2
39 67 3
39 68 3
39 69 3
39 70 4
39 71 2
39 72 4
39 73 5
39 74 5
39 75 3
39 76 4
39 77 3
39 78 2
39 79 3
39 80 5
39 81 1
39 82 5
39 83 5
39 84 5
39 85 4
39 86 1
39 87 3
39 88 5
39 89 3
39 90 4
39 91 5
39 92 1
39 93 1
39 94 2
39 95 1
39 96 5
39 97 2
39 98 1
39 99 2
39 100 3
40 41 4
40 42 5
40 43 3
40 44 5
40 45 2
40 46 1
40 47 2
40 48 4
40 49 1
40 50 2
40 51 3
40 52 2
40 53 3
40 54 2
40 55 2
40 56 5
40 57 3
40 58 2
40 59 4
40 60 4
40 61 5
40 62 2
40 63 2
40 64 1
40 65 3
40 66 5
40 67 2
40 68 2
40 69 4
40 70 2
40 71 2
40 72 2
40 73 5
40 74 5
40 75 2
40 76 5
40 77 3
40 78 2
40 79 5
40 80 5
40 81 1
40 82 1
40 83 5
40 84 1
40 85 4
40 86 1
40 87 5
40 88 5
40 89 1
40 90 5
40 91 5
40 92 5
40 93 2
40 94 3
40 95 4
40 96 3
40 97 2
40 98 3
40 99 1
40 100 5
41 42 2
41 43 2
41 44 1
41 45 5
41 46 5
41 47 2
41 48 4
41 49 4
41 50 3
41 51 4
41 52 4
41 53 2
41 54 1
41 55 3
41 56 2
41 57 2
41 58 3
41 59 2
41 60 2
41 61 4
41 62 5
41 63 2
41 64 4
41 65 4
41 66 5
41 67 2
41 68 1
41 69 2
41 70 3
41 71 5
41 72 1
41 73 5
41 74 2
41 75 1
41 76 1
41 77 1
41 78 1
41 79 2
41 80 5
41 81 4
41 82 3
41 83 2
41 84 3
41 85 5
41 86 3
41 87 4
41 88 3
41 89 4
41 90 4
41 91 4
41 92 1
41 93 3
41 94 4
41 95 4
41 96 2
41 97 1
41 98 5
41 99 2
41 100 1
42 43 4
42 44 4
42 45 5
42 46 4
42 47 5
42 48 1
42 49 4
42 50 1
42 51 4
42 52 4
42 53 3
42 54 1
42 55 1
42 56 1
42 57 4
42 58 1
42 59 4
42 60 5
42 61 1
42 62 2
42 63 4
42 64 1
42 65 5
42 66 2
42 67 5
42 68 5
42 69 1
42 70 5
42 71 3
42 72 5
42 73 3
42 74 4
42 75 2
42 76 5
42 77 5
42 78 4
42 79 5
42 80 2
42 81 2
42 82 1
42 83 3
42 84 5
42 85 2
42 86 5
42 87 1
42 88 4
42 89 1
42 90 1
42 91 4
42 92 2
42 93 3
42 94 1
42 95 4
42 96 4
42 97 2
42 98 3
42 99 2
42 100 5
43 44 1
43 45 5
43 46 5
43 47 3
43 48 5
43 49 4
43 50 3
43 51 3
43 52 5
43 53 5
43 54 2
43 55 5
43 56 5
43 57 4
43 58 4
43 59 5
43 60 3
43 61 2
43 62 5
43 63 1
43 64 3
43 65 1
43 66 1
43 67 2
43 68 1
43 69 4
43 70 2
43 71 5
43 72 2
43 73 4
43 74 3
43 75 3
43 76 4
43 77 4
43 78 3
43 79 4
43 80 3
43 81 1
43 82 2
43 83 2
43 84 4
43 85 5
43 86 4
43 87 1
43 88 2
43 89 1
43 90 1
43 91 2
43 92 3
43 93 3
43 94 3
43 95 5
43 96 1
43 97 3
43 98 2
43 99 3
43 100 5
44 45 5
44 46 5
44 47 3
44 48 1
44 49 2
44 50 3
44 51 2
44 52 1
44 53 5
44 54 4
44 55 2
44 56 4
44 57 3
44 58 3
44 59 1
44 60 5
44 61 2
44 62 1
44 63 1
44 64 2
44 65 1
44 66 1
44 67 4
44 68 4
44 69 4
44 70 4
44 71 4
44 72 4
44 73 1
44 74 2
44 75 3
44 76 2
44 77 4
44 78 3
44 79 2
44 80 1
44 81 2
44 82 4
44 83 5
44 84 5
44 85 4
44 86 3
44 87 2
44 88 1
44 89 1
44 90 2
44 91 1
44 92 4
44 93 4
44 94 2
44 95 2
44 96 4
44 97 3
44 98 1
44 99 1
44 100 2
45 46 2
45 47 4
45 48 2
45 49 4
45 50 5
45 51 4
45 52 1
45 53 3
45 54 5
45 55 1
45 56 2
45 57 4
45 58 1
45 59 5
45 60 3
45 61 1
45 62 4
45 63 5
45 64 2
45 65 2
45 66 4
45 67 1
45 68 2
45 69 4
45 70 4
45 71 4
45 72 5
45 73 1
45 74 2
45 75 3
45 76 4
45 77 1
45 78 2
45 79 3
45 80 3
45 81 2
45 82 3
45 83 4
45 84 1
45 85 1
45 86 3
45 87 3
45 88 3
45 89 1
45 90 5
45 91 4
45 92 2
45 93 3
45 94 2
45 95 3
45 96 4
45 97 4
45 98 4
45 99 1
45 100 3
46 47 4
46 48 1
46 49 2
46 50 5
46 51 5
46 52 5
46 53 4
46 54 2
46 55 3
46 56 1
46 57 5
46 58 4
46 59 4
46 60 5
46 61 4
46 62 4
46 63 4
46 64 1
46 65 2
46 66 3
46 67 2
46 68 1
46 69 4
46 70 5
46 71 5
46 72 3
46 73 4
46 74 5
46 75 5
46 76 3
46 77 3
46 78 1
46 79 5
46 80 4
46 81 3
46 82 4
46 83 2
46 84 2
46 85 1
46 86 1
46 87 5
46 88 3
46 89 1
46 90 3
46 91 4
46 92 4
46 93 5
46 94 1
46 95 2
46 96 2
46 97 3
46 98 1
46 99 2
46 100 3
47 48 2
47 49 4
47 50 1
47 51 3
47 52 4
47 53 5
47 54 5
47 55 1
47 56 4
47 57 1
47 58 1
47 59 1
47 60 2
47 61 2
47 62 5
47 63 4
47 64 3
47 65 5
47 66 5
47 67 4
47 68 3
47 69 1
47 70 5
47 71 3
47 72 4
47 73 2
47 74 2
47 75 1
47 76 4
47 77 2
47 78 1
47 79 2
47 80 4
47 81 5
47 82 4
47 83 4
47 84 1
47 85 3
47 86 4
47 87 3
47 88 5
47 89 3
47 90 2
47 91 3
47 92 5
47 93 1
47 94 1
47 95 2
47 96 1
47 97 2
47 98 1
47 99 4
47 100 5
48 49 4
48 50 5
48 51 3
48 52 2
48 53 1
48 54 5
48 55 3
48 56 1
48 57 2
48 58 5
48 59 2
48 60 4
48 61 5
48 62 3
48 63 1
48 64 5
48 65 2
48 66 1
48 67 4
48 68 5
48 69 5
48 70 1
48 71 1
48 72 5
48 73 5
48 74 5
48 75 4
48 76 5
48 77 2
48 78 5
48 79 2
48 80 1
48 81 4
48 82 3
48 83 2
48 84 1
48 85 1
48 86 1
48 87 4
48 88 3
48 89 5
48 90 4
48 91 3
48 92 1
48 93 2
48 94 3
48 95 2
48 96 4
48 97 4
48 98 1
48 99 5
48 100 5
49 50 2
49 51 1
49 52 2
49 53 5
49 54 3
49 55 5
49 56 3
49 57 2
49 58 4
49 59 2
49 60 4
49 61 3
49 62 5
49 63 3
49 64 5
49 65 1
49 66 4
49 67 3
49 68 3
49 69 3
49 70 3
49 71 1
49 72 3
49 73 4
49 74 5
49 75 5
49 76 4
49 77 2
49 78 3
49 79 1
49 80 3
49 81 4
49 82 4
49 83 3
49 84 4
49 85 3
49 86 5
49 87 4
49 88 2
49 89 3
49 90 2
49 91 3
49 92 4
49 93 5
49 94 4
49 95 2
49 96 1
49 97 4
49 98 5
49 99 1
49 100 2
50 51 1
50 52 3
50 53 5
50 54 2
50 55 5
50 56 5
50 57 5
50 58 2
50 59 3
50 60 4
50 61 2
50 62 3
50 63 5
50 64 2
50 65 4
50 66 5
50 67 4
50 68 1
50 69 4
50 70 2
50 71 1
50 72 1
50 73 5
50 74 5
50 75 1
50 76 2
50 77 3
50 78 1
50 79 5
50 80 5
50 81 2
50 82 1
50 83 2
50 84 3
50 85 3
50 86 3
50 87 2
50 88 2
50 89 2
50 90 1
50 91 3
50 92 2
50 93 3
50 94 5
50 95 5
50 96 3
50 97 4
50 98 5
50 99 5
50 100 5
51 52 2
51 53 2
51 54 3
51 55 3
51 56 4
51 57 1
51 58 5
51 59 4
51 60 1
51 61 5
51 62 4
51 63 2
51 64 4
51 65 1
51 66 1
51 67 2
51 68 1
51 69 2
51 70 1
51 71 2
51 72 5
51 73 3
51 74 2
51 75 2
51 76 5
51 77 1
51 78 2
51 79 3
51 80 3
51 81 3
51 82 4
51 83 5
51 84 5
51 85 2
51 86 1
51 87 1
51 88 1
51 89 3
51 90 5
51 91 3
51 92 1
51 93 2
51 94 4
51 95 3
51 96 3
51 97 1
51 98 2
51 99 1
51 100 2
52 53 5
52 54 2
52 55 4
52 56 1
52 57 2
52 58 3
52 59 4
52 60 5
52 61 3
52 62 1
52 63 4
52 64 2
52 65 2
52 66 1
52 67 4
52 68 2
52 69 1
52 70 2
52 71 2
52 72 1
52 73 3
52 74 4
52 75 2
52 76 3
52 77 2
52 78 1
52 79 4
52 80 3
52 81 4
52 82 3
52 83 3
52 84 3
52 85 5
52 86 5
52 87 1
52 88 4
52 89 5
52 90 2
52 91 1
52 92 2
52 93 5
52 94 2
52 95 3
52 96 2
52 97 3
52 98 1
52 99 2
52 100 3
53 54 5
53 55 5
53 56 1
53 57 5
53 58 1
53 59 3
53 60 5
53 61 1
53 62 5
53 63 3
53 64 1
53 65 5
53 66 1
53 67 4
53 68 4
53 69 3
53 70 3
53 71 4
53 72 5
53 73 5
53 74 3
53 75 2
53 76 1
53 77 4
53 78 5
53 79 1
53 80 4
53 81 3
53 82 4
53 83 4
53 84 2
53 85 1
53 86 4
53 87 2
53 88 3
53 89 1
53 90 4
53 91 3
53 92 4
53 93 3
53 94 2
53 95 3
53 96 2
53 97 4
53 98 1
53 99 3
53 100 5
54 55 1
54 56 5
54 57 2
54 58 5
54 59 4
54 60 1
54 61 3
54 62 1
54 63 3
54 64 3
54 65 3
54 66 2
54 67 3
54 68 2
54 69 1
54 70 2
54 71 3
54 72 5
54 73 2
54 74 1
54 75 4
54 76 2
54 77 4
54 78 2
54 79 3
54 80 2
54 81 3
54 82 5
54 83 4
54 84 5
54 85 4
54 86 2
54 87 2
54 88 1
54 89 4
54 90 1
54 91 2
54 92 2
54 93 4
54 94 2
54 95 2
54 96 2
54 97 4
54 98 5
54 99 5
54 100 3
55 56 5
55 57 5
55 58 1
55 59 3
55 60 3
55 61 5
55 62 4
55 63 4
55 64 3
55 65 3
55 66 5
55 67 3
55 68 5
55 69 4
55 70 3
55 71 1
55 72 1
55 73 3
55 74 5
55 75 1
55 76 2
55 77 5
55 78 2
55 79 5
55 80 2
55 81 2
55 82 1
55 83 5
55 84 3
55 85 5
55 86 3
55 87 2
55 88 4
55 89 4
55 90 1
55 91 5
55 92 2
55 93 5
55 94 3
55 95 4
55 96 1
55 97 2
55 98 1
55 99 1
55 100 3
56 57 1
56 58 2
56 59 2
56 60 3
56 61 4
56 62 3
56 63 3
56 64 2
56 65 2
56 66 3
56 67 5
56 68 3
56 69 1
56 70 5
56 71 5
56 72 4
56 73 3
56 74 3
56 75 3
56 76 5
56 77 3
56 78 4
56 79 5
56 80 1
56 81 5
56 82 2
56 83 4
56 84 1
56 85 3
56 86 5
56 87 2
56 88 2
56 89 4
56 90 4
56 91 5
56 92 1
56 93 3
56 94 5
56 95 4
56 96 2
56 97 3
56 98 2
56 99 5
56 100 1
57 58 5
57 59 2
57 60 5
57 61 4
57 62 3
57 63 3
57 64 1
57 65 2
57 66 1
57 67 2
57 68 1
57 69 3
57 70 3
57 71 5
57 72 4
57 73 5
57 74 4
57 75 4
57 76 3
57 77 1
57 78 5
57 79 2
57 80 3
57 81 1
57 82 2
57 83 4
57 84 1
57 85 1
57 86 2
57 87 4
57 88 3
57 89 4
57 90 2
57 91 1
57 92 1
57 93 5
57 94 2
57 95 1
57 96 3
57 97 1
57 98 4
57 99 5
57 100 4
58 59 3
58 60 3
58 61 4
58 62 3
58 63 4
58 64 4
58 65 5
58 66 3
58 67 3
58 68 5
58 69 3
58 70 4
58 71 5
58 72 3
58 73 2
58 74 3
58 75 2
58 76 3
58 77 3
58 78 1
58 79 1
58 80 2
58 81 3
58 82 4
58 83 2
58 84 1
58 85 2
58 86 3
58 87 1
58 88 4
58 89 2
58 90 3
58 91 1
58 92 1
58 93 3
58 94 2
58 95 4
58 96 4
58 97 2
58 98 3
58 99 4
58 100 5
59 60 1
59 61 1
59 62 4
59 63 2
59 64 5
59 65 1
59 66 4
59 67 5
59 68 3
59 69 2
59 70 2
59 71 3
59 72 3
59 73 2
59 74 3
59 75 5
59 76 4
59 77 4
59 78 5
59 79 2
59 80 5
59 81 1
59 82 2
59 83 5
59 84 4
59 85 2
59 86 3
59 87 4
59 88 4
59 89 1
59 90 5
59 91 4
59 92 3
59 93 2
59 94 2
59 95 5
59 96 4
59 97 2
59 98 4
59 99 2
59 100 5
60 61 5
60 62 4
60 63 4
60 64 3
60 65 2
60 66 5
60 67 5
60 68 2
60 69 2
60 70 5
60 71 4
60 72 3
60 73 5
60 74 3
60 75 5
60 76 3
60 77 4
60 78 2
60 79 3
60 80 4
60 81 1
60 82 4
60 83 3
60 84 5
60 85 1
60 86 1
60 87 5
60 88 1
60 89 1
60 90 3
60 91 5
60 92 1
60 93 1
60 94 2
60 95 4
60 96 4
60 97 2
60 98 5
60 99 5
60 100 5
61 62 3
61 63 3
61 64 4
61 65 4
61 66 5
61 67 1
61 68 2
61 69 2
61 70 5
61 71 3
61 72 4
61 73 4
61 74 3
61 75 4
61 76 2
61 77 4
61 78 2
61 79 2
61 80 5
61 81 4
61 82 3
61 83 1
61 84 1
61 85 4
61 86 2
61 87 1
61 88 1
61 89 3
61 90 4
61 91 3
61 92 5
61 93 4
61 94 3
61 95 4
61 96 2
61 97 3
61 98 5
61 99 3
61 100 5
62 63 5
62 64 4
62 65 2
62 66 3
62 67 1
62 68 2
62 69 2
62 70 4
62 71 3
62 72 1
62 73 1
62 74 2
62 75 2
62 76 1
62 77 1
62 78 2
62 79 3
62 80 1
62 81 2
62 82 2
62 83 3
62 84 3
62 85 5
62 86 1
62 87 4
62 88 3
62 89 4
62 90 3
62 91 1
62 92 4
62 93 1
62 94 2
62 95 3
62 96 3
62 97 3
62 98 2
62 99 3
62 100 1
63 64 4
63 65 1
63 66 2
63 67 1
63 68 3
63 69 1
63 70 1
63 71 5
63 72 5
63 73 5
63 74 3
63 75 2
63 76 5
63 77 4
63 78 5
63 79 1
63 80 3
63 81 4
63 82 5
63 83 5
63 84 2
63 85 1
63 86 5
63 87 4
63 88 2
63 89 4
63 90 3
63 91 1
63 92 2
63 93 5
63 94 2
63 95 3
63 96 5
63 97 3
63 98 3
63 99 5
63 100 4
64 65 4
64 66 2
64 67 3
64 68 3
64 69 2
64 70 1
64 71 3
64 72 3
64 73 5
64 74 3
64 75 3
64 76 4
64 77 2
64 78 1
64 79 4
64 80 5
64 81 1
64 82 5
64 83 5
64 84 5
64 85 4
64 86 3
64 87 1
64 88 4
64 89 3
64 90 4
64 91 3
64 92 2
64 93 2
64 94 2
64 95 3
64 96 5
64 97 5
64 98 3
64 99 5
64 100 3
65 66 5
65 67 5
65 68 2
65 69 4
65 70 1
65 71 3
65 72 2
65 73 4
65 74 4
65 75 1
65 76 4
65 77 2
65 78 5
65 79 3
65 80 3
65 81 3
65 82 2
65 83 4
65 84 3
65 85 4
65 86 1
65 87 2
65 88 3
65 89 4
65 90 5
65 91 3
65 92 4
65 93 1
65 94 2
65 95 4
65 96 2
65 97 2
65 98 4
65 99 2
65 100 3
66 67 4
66 68 2
66 69 2
66 70 1
66 71 5
66 72 3
66 73 5
66 74 3
66 75 3
66 76 5
66 77 2
66 78 5
66 79 4
66 80 5
66 81 1
66 82 5
66 83 5
66 84 3
66 85 1
66 86 1
66 87 4
66 88 5
66 89 5
66 90 5
66 91 2
66 92 4
66 93 4
66 94 5
66 95 5
66 96 5
66 97 5
66 98 5
66 99 4
66 100 4
67 68 5
67 69 5
67 70 2
67 71 5
67 72 4
67 73 2
67 74 4
67 75 1
67 76 5
67 77 2
67 78 2
67 79 1
67 80 2
67 81 5
67 82 1
67 83 3
67 84 2
67 85 3
67 86 4
67 87 1
67 88 3
67 89 4
67 90 4
67 91 3
67 92 5
67 93 4
67 94 1
67 95 2
67 96 4
67 97 2
67 98 4
67 99 3
67 100 4
68 69 4
68 70 5
68 71 5
68 72 4
68 73 3
68 74 2
68 75 2
68 76 2
68 77 2
68 78 1
68 79 2
68 80 4
68 81 4
68 82 2
68 83 3
68 84 4
68 85 3
68 86 1
68 87 2
68 88 1
68 89 3
68 90 2
68 91 2
68 92 5
68 93 1
68 94 5
68 95 1
68 96 4
68 97 5
68 98 1
68 99 5
68 100 4
69 70 1
69 71 1
69 72 2
69 73 2
69 74 2
69 75 3
69 76 4
69 77 1
69 78 4
69 79 1
69 80 2
69 81 3
69 82 2
69 83 1
69 84 5
69 85 1
69 86 1
69 87 4
69 88 2
69 89 2
69 90 5
69 91 3
69 92 1
69 93 4
69 94 5
69 95 3
69 96 2
69 97 1
69 98 5
69 99 1
69 100 4
70 71 5
70 72 1
70 73 5
70 74 3
70 75 3
70 76 5
70 77 3
70 78 3
70 79 2
70 80 3
70 81 4
70 82 4
70 83 3
70 84 1
70 85 5
70 86 3
70 87 5
70 88 1
70 89 4
70 90 4
70 91 1
70 92 2
70 93 3
70 94 2
70 95 2
70 96 3
70 97 5
70 98 4
70 99 5
70 100 3
71 72 5
71 73 3
71 74 4
71 75 5
71 76 1
71 77 2
71 78 3
71 79 5
71 80 1
71 81 5
71 82 4
71 83 3
71 84 1
71 85 1
71 86 4
71 87 1
71 88 1
71 89 3
71 90 3
71 91 5
71 92 5
71 93 4
71 94 5
71 95 5
71 96 3
71 97 5
71 98 2
71 99 1
71 100 2
72 73 2
72 74 3
72 75 1
72 76 2
72 77 4
72 78 4
72 79 5
72 80 3
72 81 4
72 82 4
72 83 3
72 84 3
72 85 2
72 86 1
72 87 3
72 88 1
72 89 5
72 90 1
72 91 3
72 92 1
72 93 4
72 94 2
72 95 5
72 96 3
72 97 5
72 98 1
72 99 4
72 100 4
73 74 2
73 75 2
73 76 1
73 77 2
73 78 2
73 79 4
73 80 1
73 81 1
73 82 1
73 83 1
73 84 5
73 85 5
73 86 3
73 87 4
73 88 1
73 89 1
73 90 1
73 91 3
73 92 1
73 93 5
73 94 4
73 95 5
73 96 5
73 97 4
73 98 3
73 99 3
73 100 5
74 75 2
74 76 1
74 77 3
74 78 3
74 79 1
74 80 1
74 81 1
74 82 3
74 83 1
74 84 3
74 85 3
74 86 2
74 87 2
74 88 5
74 89 5
74 90 2
74 91 4
74 92 3
74 93 5
74 94 4
74 95 1
74 96 5
74 97 4
74 98 5
74 99 2
74 100 4
75 76 2
75 77 2
75 78 5
75 79 2
75 80 5
75 81 4
75 82 2
75 83 4
75 84 3
75 85 5
75 86 5
75 87 5
75 88 4
75 89 2
75 90 2
75 91 4
75 92 3
75 93 5
75 94 2
75 95 2
75 96 3
75 97 4
75 98 5
75 99 4
75 100 5
76 77 2
76 78 4
76 79 3
76 80 5
76 81 1
76 82 4
76 83 5
76 84 5
76 85 3
76 86 3
76 87 5
76 88 3
76 89 1
76 90 4
76 91 4
76 92 5
76 93 4
76 94 2
76 95 4
76 96 3
76 97 2
76 98 5
76 99 3
76 100 3
77 78 5
77 79 5
77 80 1
77 81 5
77 82 5
77 83 2
77 84 4
77 85 2
77 86 2
77 87 5
77 88 2
77 89 1
77 90 3
77 91 1
77 92 1
77 93 5
77 94 4
77 95 5
77 96 5
77 97 1
77 98 1
77 99 5
77 100 2
78 79 3
78 80 2
78 81 3
78 82 2
78 83 5
78 84 2
78 85 3
78 86 2
78 87 5
78 88 2
78 89 3
78 90 3
78 91 3
78 92 5
78 93 2
78 94 3
78 95 2
78 96 3
78 97 4
78 98 4
78 99 5
78 100 5
79 80 2
79 81 5
79 82 3
79 83 4
79 84 4
79 85 5
79 86 2
79 87 2
79 88 5
79 89 5
79 90 1
79 91 2
79 92 3
79 93 1
79 94 2
79 95 1
79 96 4
79 97 3
79 98 1
79 99 4
79 100 1
80 81 4
80 82 4
80 83 2
80 84 4
80 85 4
80 86 3
80 87 5
80 88 1
80 89 1
80 90 4
80 91 5
80 92 2
80 93 4
80 94 2
80 95 3
80 96 5
80 97 5
80 98 2
80 99 3
80 100 3
81 82 5
81 83 2
81 84 5
81 85 2
81 86 5
81 87 5
81 88 3
81 89 3
81 90 5
81 91 4
81 92 3
81 93 1
81 94 1
81 95 4
81 96 2
81 97 4
81 98 5
81 99 1
81 100 4
82 83 4
82 84 5
82 85 5
82 86 4
82 87 2
82 88 1
82 89 5
82 90 3
82 91 1
82 92 1
82 93 4
82 94 3
82 95 3
82 96 5
82 97 3
82 98 1
82 99 3
82 100 2
83 84 5
83 85 1
83 86 5
83 87 2
83 88 1
83 89 1
83 90 5
83 91 1
83 92 1
83 93 2
83 94 3
83 95 3
83 96 4
83 97 1
83 98 4
83 99 2
83 100 1
84 85 5
84 86 3
84 87 1
84 88 5
84 89 2
84 90 4
84 91 2
84 92 4
84 93 2
84 94 3
84 95 5
84 96 3
84 97 4
84 98 2
84 99 1
84 100 4
85 86 1
85 87 2
85 88 3
85 89 3
85 90 1
85 91 3
85 92 2
85 93 3
85 94 1
85 95 4
85 96 2
85 97 5
85 98 3
85 99 5
85 100 5
86 87 1
86 88 1
86 89 5
86 90 4
86 91 5
86 92 1
86 93 2
86 94 3
86 95 3
86 96 4
86 97 4
86 98 5
86 99 5
86 100 2
87 88 5
87 89 1
87 90 3
87 91 3
87 92 5
87 93 2
87 94 2
87 95 1
87 96 5
87 97 4
87 98 1
87 99 3
87 100 5
88 89 1
88 90 1
88 91 4
88 92 1
88 93 4
88 94 2
88 95 2
88 96 1
88 97 5
88 98 3
88 99 4
88 100 2
89 90 5
89 91 2
89 92 3
89 93 3
89 94 2
89 95 4
89 96 3
89 97 4
89 98 5
89 99 1
89 100 5
90 91 3
90 92 2
90 93 5
90 94 4
90 95 4
90 96 1
90 97 3
90 98 3
90 99 1
90 100 1
91 92 3
91 93 2
91 94 3
91 95 3
91 96 4
91 97 4
91 98 4
91 99 3
91 100 5
92 93 4
92 94 5
92 95 3
92 96 3
92 97 2
92 98 3
92 99 3
92 100 1
93 94 5
93 95 4
93 96 5
93 97 4
93 98 4
93 99 2
93 100 3
94 95 4
94 96 4
94 97 4
94 98 5
94 99 2
94 100 3
95 96 4
95 97 1
95 98 1
95 99 4
95 100 1
96 97 2
96 98 3
96 99 3
96 100 2
97 98 3
97 99 5
97 100 5
98 99 3
98 100 2
99 100 1
