100 4950
1 2 1
1 3 5
1 4 3
1 5 4
1 6 3
1 7 1
1 8 2
1 9 3
1 10 5
1 11 3
1 12 5
1 13 2
1 14 5
1 15 5
1 16 3
1 17 1
1 18 4
1 19 1
1 20 5
1 21 3
1 22 3
1 23 3
1 24 3
1 25 1
1 26 3
1 27 5
1 28 5
1 29 1
1 30 5
1 31 5
1 32 1
1 33 4
1 34 3
1 35 2
1 36 4
1 37 5
1 38 1
1 39 3
1 40 5
1 41 3
1 42 1
1 43 5
1 44 3
1 45 2
1 46 1
1 47 5
1 48 2
1 49 5
1 50 4
1 51 1
1 52 4
1 53 4
1 54 4
1 55 1
1 56 4
1 57 2
1 58 2
1 59 4
1 60 5
1 61 4
1 62 5
1 63 5
1 64 5
1 65 4
1 66 1
1 67 3
1 68 2
1 69 5
1 70 3
1 71 1
1 72 1
1 73 5
1 74 3
1 75 3
1 76 5
1 77 5
1 78 1
1 79 2
1 80 5
1 81 1
1 82 2
1 83 5
1 84 5
1 85 5
1 86 1
1 87 1
1 88 4
1 89 3
1 90 1
1 91 4
1 92 4
1 93 4
1 94 3
1 95 5
1 96 4
1 97 1
1 98 2
1 99 4
1 100 3
2 3 2
2 4 5
2 5 3
2 6 3
2 7 3
2 8 2
2 9 4
2 10 1
2 11 3
2 12 4
2 13 1
2 14 4
2 15 5
2 16 5
2 17 5
2 18 4
2 19 4
2 20 4
2 21 1
2 22 5
2 23 5
2 24 4
2 25 1
2 26 4
2 27 4
2 28 3
2 29 2
2 30 5
2 31 2
2 32 2
2 33 3
2 34 1
2 35 1
2 36 4
2 37 4
2 38 1
2 39 2
2 40 5
2 41 4
2 42 3
2 43 5
2 44 3
2 45 5
2 46 1
2 47 4
2 48 3
2 49 3
2 50 4
2 51 3
2 52 5
2 53 4
2 54 5
2 55 5
2 56 2
2 57 3
2 58 3
2 59 4
2 60 5
2 61 2
2 62 1
2 63 4
2 64 2
2 65 2
2 66 1
2 67 4
2 68 2
2 69 2
2 70 3
2 71 2
2 72 3
2 73 2
2 74 1
2 75 3
2 76 1
2 77 1
2 78 5
2 79 5
2 80 1
2 81 4
2 82 3
2 83 4
2 84 4
2 85 3
2 86 1
2 87 1
2 88 5
2 89 4
2 90 2
2 91 2
2 92 2
2 93 4
2 94 5
2 95 1
2 96 1
2 97 3
2 98 3
2 99 1
2 100 2
3 4 4
3 5 4
3 6 5
3 7 3
3 8 4
3 9 1
3 10 4
3 11 5
3 12 5
3 13 1
3 14 5
3 15 2
3 16 1
3 17 1
3 18 5
3 19 1
3 20 4
3 21 4
3 22 2
3 23 2
3 24 5
3 25 3
3 26 1
3 27 1
3 28 1
3 29 1
3 30 1
3 31 3
3 32 4
3 33 4
3 34 5
3 35 5
3 36 5
3 37 4
3 38 4
3 39 2
3 40 4
3 41 5
3 42 1
3 43 3
3 44 3
3 45 2
3 46 5
3 47 5
3 48 3
3 49 2
3 50 4
3 51 5
3 52 2
3 53 1
3 54 4
3 55 1
3 56 5
3 57 1
3 58 2
3 59 3
3 60 1
3 61 1
3 62 1
3 63 3
3 64 5
3 65 4
3 66 1
3 67 2
3 68 3
3 69 4
3 70 3
3 71 4
3 72 5
3 73 1
3 74 1
3 75 2
3 76 2
3 77 5
3 78 3
3 79 2
3 80 4
3 81 3
3 82 4
3 83 5
3 84 5
3 85 1
3 86 5
3 87 3
3 88 3
3 89 3
3 90 2
3 91 2
3 92 3
3 93 1
3 94 1
3 95 1
3 96 4
3 97 2
3 98 2
3 99 4
3 100 4
4 5 4
4 6 4
4 7 2
4 8 2
4 9 3
4 10 4
4 11 5
4 12 1
4 13 2
4 14 5
4 15 1
4 16 4
4 17 3
4 18 4
4 19 1
4 20 5
4 21 4
4 22 3
4 23 3
4 24 2
4 25 5
4 26 4
4 27 5
4 28 1
4 29 5
4 30 4
4 31 5
4 32 3
4 33 3
4 34 4
4 35 1
4 36 5
4 37 2
4 38 2
4 39 2
4 40 3
4 41 5
4 42 4
4 43 5
4 44 5
4 45 3
4 46 2
4 47 3
4 48 2
4 49 2
4 50 2
4 51 4
4 52 4
4 53 1
4 54 1
4 55 3
4 56 5
4 57 5
4 58 2
4 59 3
4 60 1
4 61 5
4 62 2
4 63 3
4 64 1
4 65 2
4 66 3
4 67 1
4 68 2
4 69 5
4 70 2
4 71 2
4 72 1
4 73 4
4 74 4
4 75 4
4 76 3
4 77 2
4 78 4
4 79 1
4 80 3
4 81 5
4 82 3
4 83 5
4 84 2
4 85 1
4 86 1
4 87 2
4 88 2
4 89 1
4 90 4
4 91 1
4 92 2
4 93 2
4 94 1
4 95 5
4 96 2
4 97 3
4 98 3
4 99 5
4 100 4
5 6 4
5 7 4
5 8 3
5 9 5
5 10 1
5 11 2
5 12 5
5 13 2
5 14 3
5 15 1
5 16 1
5 17 1
5 18 5
5 19 5
5 20 4
5 21 2
5 22 4
5 23 4
5 24 3
5 25 1
5 26 3
5 27 1
5 28 3
5 29 3
5 30 3
5 31 2
5 32 4
5 33 2
5 34 1
5 35 5
5 36 1
5 37 5
5 38 2
5 39 3
5 40 4
5 41 2
5 42 2
5 43 3
5 44 1
5 45 5
5 46 2
5 47 4
5 48 3
5 49 4
5 50 5
5 51 5
5 52 3
5 53 4
5 54 2
5 55 1
5 56 2
5 57 4
5 58 5
5 59 1
5 60 3
5 61 5
5 62 3
5 63 5
5 64 3
5 65 4
5 66 4
5 67 2
5 68 5
5 69 5
5 70 1
5 71 5
5 72 1
5 73 3
5 74 3
5 75 3
5 76 3
5 77 1
5 78 3
5 79 4
5 80 1
5 81 4
5 82 1
5 83 2
5 84 4
5 85 3
5 86 1
5 87 3
5 88 5
5 89 1
5 90 1
5 91 4
5 92 4
5 93 3
5 94 4
5 95 3
5 96 1
5 97 4
5 98 5
5 99 2
5 100 3
6 7 3
6 8 2
6 9 4
6 10 3
6 11 1
6 12 4
6 13 5
6 14 5
6 15 3
6 16 4
6 17 2
6 18 1
6 19 2
6 20 1
6 21 1
6 22 2
6 23 3
6 24 3
6 25 5
6 26 3
6 27 5
6 28 1
6 29 2
6 30 3
6 31 3
6 32 1
6 33 5
6 34 2
6 35 1
6 36 1
6 37 4
6 38 1
6 39 2
6 40 1
6 41 3
6 42 1
6 43 1
6 44 5
6 45 1
6 46 2
6 47 2
6 48 5
6 49 2
6 50 3
6 51 2
6 52 4
6 53 5
6 54 3
6 55 1
6 56 4
6 57 1
6 58 1
6 59 2
6 60 3
6 61 4
6 62 1
6 63 1
6 64 2
6 65 2
6 66 5
6 67 5
6 68 1
6 69 5
6 70 5
6 71 2
6 72 1
6 73 5
6 74 3
6 75 5
6 76 4
6 77 1
6 78 2
6 79 5
6 80 1
6 81 2
6 82 3
6 83 4
6 84 5
6 85 3
6 86 2
6 87 4
6 88 1
6 89 1
6 90 3
6 91 2
6 92 2
6 93 1
6 94 1
6 95 4
6 96 4
6 97 2
6 98 3
6 99 4
6 100 2
7 8 5
7 9 3
7 10 1
7 11 4
7 12 1
7 13 1
7 14 3
7 15 2
7 16 4
7 17 2
7 18 4
7 19 1
7 20 3
7 21 2
7 22 1
7 23 5
7 24 2
7 25 1
7 26 5
7 27 4
7 28 3
7 29 5
7 30 5
7 31 4
7 32 1
7 33 5
7 34 3
7 35 1
7 36 1
7 37 5
7 38 4
7 39 2
7 40 5
7 41 3
7 42 1
7 43 3
7 44 4
7 45 2
7 46 5
7 47 1
7 48 1
7 49 5
7 50 1
7 51 4
7 52 4
7 53 4
7 54 3
7 55 4
7 56 2
7 57 1
7 58 4
7 59 2
7 60 3
7 61 4
7 62 1
7 63 3
7 64 2
7 65 2
7 66 1
7 67 4
7 68 5
7 69 4
7 70 5
7 71 3
7 72 5
7 73 3
7 74 3
7 75 4
7 76 1
7 77 5
7 78 1
7 79 1
7 80 1
7 81 3
7 82 3
7 83 1
7 84 3
7 85 3
7 86 3
7 87 4
7 88 2
7 89 3
7 90 5
7 91 4
7 92 4
7 93 1
7 94 2
7 95 3
7 96 3
7 97 5
7 98 3
7 99 2
7 100 5
8 9 4
8 10 4
8 11 1
8 12 2
8 13 2
8 14 1
8 15 5
8 16 3
8 17 1
8 18 3
8 19 2
8 20 1
8 21 5
8 22 4
8 23 1
8 24 4
8 25 5
8 26 1
8 27 4
8 28 1
8 29 3
8 30 4
8 31 1
8 32 2
8 33 5
8 34 3
8 35 5
8 36 4
8 37 4
8 38 3
8 39 4
8 40 3
8 41 5
8 42 5
8 43 3
8 44 4
8 45 5
8 46 3
8 47 1
8 48 3
8 49 4
8 50 5
8 51 5
8 52 4
8 53 1
8 54 2
8 55 1
8 56 5
8 57 3
8 58 3
8 59 3
8 60 4
8 61 5
8 62 2
8 63 1
8 64 3
8 65 2
8 66 1
8 67 5
8 68 5
8 69 2
8 70 4
8 71 5
8 72 1
8 73 3
8 74 1
8 75 2
8 76 1
8 77 1
8 78 1
8 79 3
8 80 5
8 81 1
8 82 5
8 83 3
8 84 2
8 85 2
8 86 2
8 87 1
8 88 1
8 89 5
8 90 1
8 91 5
8 92 4
8 93 4
8 94 2
8 95 1
8 96 1
8 97 5
8 98 4
8 99 5
8 100 1
9 10 1
9 11 1
9 12 3
9 13 2
9 14 1
9 15 5
9 16 2
9 17 4
9 18 3
9 19 2
9 20 5
9 21 5
9 22 1
9 23 1
9 24 2
9 25 1
9 26 5
9 27 2
9 28 2
9 29 1
9 30 2
9 31 5
9 32 3
9 33 5
9 34 4
9 35 5
9 36 4
9 37 4
9 38 3
9 39 3
9 40 5
9 41 4
9 42 1
9 43 5
9 44 1
9 45 1
9 46 4
9 47 4
9 48 4
9 49 1
9 50 4
9 51 4
9 52 3
9 53 2
9 54 3
9 55 1
9 56 3
9 57 3
9 58 2
9 59 5
9 60 5
9 61 1
9 62 2
9 63 4
9 64 4
9 65 3
9 66 3
9 67 3
9 68 5
9 69 5
9 70 5
9 71 5
9 72 5
9 73 4
9 74 4
9 75 3
9 76 1
9 77 2
9 78 1
9 79 1
9 80 3
9 81 3
9 82 5
9 83 5
9 84 2
9 85 2
9 86 2
9 87 3
9 88 2
9 89 2
9 90 4
9 91 2
9 92 4
9 93 1
9 94 2
9 95 1
9 96 1
9 97 1
9 98 4
9 99 3
9 100 2
10 11 3
10 12 3
10 13 1
10 14 1
10 15 3
10 16 2
10 17 1
10 18 3
10 19 4
10 20 5
10 21 5
10 22 3
10 23 5
10 24 4
10 25 1
10 26 5
10 27 3
10 28 4
10 29 4
10 30 4
10 31 1
10 32 4
10 33 1
10 34 3
10 35 5
10 36 5
10 37 4
10 38 1
10 39 1
10 40 1
10 41 3
10 42 2
10 43 3
10 44 5
10 45 2
10 46 1
10 47 4
10 48 5
10 49 4
10 50 5
10 51 5
10 52 2
10 53 3
10 54 3
10 55 1
10 56 1
10 57 4
10 58 5
10 59 2
10 60 5
10 61 3
10 62 1
10 63 3
10 64 5
10 65 3
10 66 5
10 67 1
10 68 4
10 69 2
10 70 4
10 71 1
10 72 2
10 73 4
10 74 4
10 75 3
10 76 4
10 77 1
10 78 1
10 79 1
10 80 2
10 81 4
10 82 3
10 83 1
10 84 2
10 85 5
10 86 2
10 87 5
10 88 5
10 89 2
10 90 3
10 91 5
10 92 2
10 93 4
10 94 1
10 95 4
10 96 2
10 97 3
10 98 5
10 99 1
10 100 1
11 12 3
11 13 3
11 14 1
11 15 1
11 16 3
11 17 2
11 18 1
11 19 2
11 20 4
11 21 2
11 22 4
11 23 5
11 24 5
11 25 5
11 26 5
11 27 2
11 28 5
11 29 3
11 30 4
11 31 4
11 32 3
11 33 2
11 34 4
11 35 2
11 36 5
11 37 3
11 38 1
11 39 2
11 40 2
11 41 3
11 42 2
11 43 5
11 44 2
11 45 4
11 46 2
11 47 4
11 48 3
11 49 1
11 50 2
11 51 2
11 52 3
11 53 5
11 54 2
11 55 4
11 56 3
11 57 4
11 58 5
11 59 2
11 60 3
11 61 4
11 62 2
11 63 2
11 64 4
11 65 2
11 66 2
11 67 1
11 68 3
11 69 3
11 70 5
11 71 1
11 72 4
11 73 2
11 74 5
11 75 3
11 76 3
11 77 2
11 78 4
11 79 2
11 80 3
11 81 5
11 82 3
11 83 4
11 84 3
11 85 4
11 86 5
11 87 3
11 88 1
11 89 1
11 90 4
11 91 1
11 92 2
11 93 4
11 94 4
11 95 3
11 96 3
11 97 2
11 98 3
11 99 5
11 100 2
12 13 1
12 14 5
12 15 5
12 16 2
12 17 2
12 18 1
12 19 3
12 20 3
12 21 5
12 22 4
12 23 2
12 24 3
12 25 1
12 26 1
12 27 4
12 28 3
12 29 5
12 30 5
12 31 3
12 32 1
12 33 2
12 34 5
12 35 1
12 36 1
12 37 1
12 38 1
12 39 3
12 40 5
12 41 1
12 42 1
12 43 5
12 44 3
12 45 5
12 46 4
12 47 1
12 48 1
12 49 3
12 50 2
12 51 5
12 52 5
12 53 2
12 54 5
12 55 2
12 56 3
12 57 1
12 58 1
12 59 4
12 60 3
12 61 4
12 62 2
12 63 4
12 64 4
12 65 4
12 66 2
12 67 1
12 68 2
12 69 1
12 70 4
12 71 5
12 72 5
12 73 1
12 74 5
12 75 3
12 76 1
12 77 3
12 78 3
12 79 5
12 80 5
12 81 3
12 82 3
12 83 5
12 84 3
12 85 2
12 86 1
12 87 5
12 88 3
12 89 3
12 90 4
12 91 2
12 92 2
12 93 2
12 94 5
12 95 2
12 96 3
12 97 2
12 98 5
12 99 5
12 100 5
13 14 2
13 15 5
13 16 2
13 17 4
13 18 5
13 19 3
13 20 5
13 21 3
13 22 5
13 23 4
13 24 5
13 25 5
13 26 2
13 27 5
13 28 4
13 29 4
13 30 3
13 31 4
13 32 1
13 33 3
13 34 1
13 35 5
13 36 5
13 37 3
13 38 1
13 39 1
13 40 2
13 41 2
13 42 1
13 43 1
13 44 4
13 45 1
13 46 1
13 47 2
13 48 5
13 49 1
13 50 3
13 51 3
13 52 1
13 53 3
13 54 4
13 55 1
13 56 2
13 57 3
13 58 4
13 59 1
13 60 1
13 61 2
13 62 2
13 63 5
13 64 4
13 65 2
13 66 1
13 67 4
13 68 4
13 69 5
13 70 5
13 71 2
13 72 5
13 73 5
13 74 5
13 75 3
13 76 5
13 77 2
13 78 5
13 79 5
13 80 4
13 81 4
13 82 5
13 83 3
13 84 4
13 85 4
13 86 3
13 87 2
13 88 2
13 89 5
13 90 1
13 91 2
13 92 3
13 93 4
13 94 4
13 95 4
13 96 4
13 97 5
13 98 4
13 99 4
13 100 5
14 15 2
14 16 3
14 17 3
14 18 2
14 19 4
14 20 5
14 21 4
14 22 3
14 23 5
14 24 2
14 25 4
14 26 5
14 27 3
14 28 2
14 29 5
14 30 4
14 31 3
14 32 4
14 33 1
14 34 3
14 35 1
14 36 4
14 37 3
14 38 1
14 39 5
14 40 2
14 41 1
14 42 3
14 43 5
14 44 4
14 45 1
14 46 2
14 47 1
14 48 2
14 49 1
14 50 2
14 51 3
14 52 5
14 53 1
14 54 2
14 55 1
14 56 3
14 57 4
14 58 4
14 59 1
14 60 3
14 61 3
14 62 4
14 63 3
14 64 1
14 65 2
14 66 4
14 67 3
14 68 2
14 69 4
14 70 2
14 71 3
14 72 4
14 73 2
14 74 1
14 75 1
14 76 1
14 77 5
14 78 5
14 79 1
14 80 3
14 81 1
14 82 3
14 83 1
14 84 4
14 85 5
14 86 5
14 87 1
14 88 1
14 89 4
14 90 5
14 91 1
14 92 4
14 93 3
14 94 4
14 95 2
14 96 5
14 97 3
14 98 2
14 99 4
14 100 2
15 16 5
15 17 4
15 18 4
15 19 4
15 20 5
15 21 4
15 22 1
15 23 3
15 24 2
15 25 1
15 26 4
15 27 3
15 28 3
15 29 4
15 30 5
15 31 4
15 32 4
15 33 5
15 34 4
15 35 1
15 36 5
15 37 4
15 38 1
15 39 2
15 40 4
15 41 1
15 42 5
15 43 5
15 44 4
15 45 2
15 46 3
15 47 4
15 48 1
15 49 1
15 50 1
15 51 4
15 52 1
15 53 5
15 54 5
15 55 3
15 56 2
15 57 5
15 58 2
15 59 5
15 60 4
15 61 3
15 62 3
15 63 4
15 64 5
15 65 1
15 66 2
15 67 3
15 68 2
15 69 4
15 70 4
15 71 1
15 72 2
15 73 5
15 74 5
15 75 3
15 76 2
15 77 2
15 78 4
15 79 2
15 80 5
15 81 2
15 82 1
15 83 3
15 84 1
15 85 3
15 86 5
15 87 5
15 88 3
15 89 4
15 90 1
15 91 4
15 92 2
15 93 3
15 94 3
15 95 5
15 96 1
15 97 2
15 98 4
15 99 1
15 100 1
16 17 2
16 18 5
16 19 2
16 20 2
16 21 1
16 22 3
16 23 3
16 24 5
16 25 1
16 26 1
16 27 2
16 28 2
16 29 5
16 30 2
16 31 1
16 32 3
16 33 1
16 34 5
16 35 4
16 36 2
16 37 1
16 38 3
16 39 5
16 40 1
16 41 2
16 42 4
16 43 3
16 44 2
16 45 2
16 46 1
16 47 1
16 48 1
16 49 5
16 50 5
16 51 1
16 52 2
16 53 2
16 54 4
16 55 2
16 56 2
16 57 1
16 58 4
16 59 5
16 60 5
16 61 2
16 62 4
16 63 4
16 64 4
16 65 5
16 66 1
16 67 4
16 68 3
16 69 3
16 70 4
16 71 5
16 72 5
16 73 2
16 74 5
16 75 4
16 76 3
16 77 1
16 78 3
16 79 3
16 80 4
16 81 3
16 82 2
16 83 2
16 84 1
16 85 1
16 86 1
16 87 4
16 88 3
16 89 3
16 90 1
16 91 5
16 92 1
16 93 4
16 94 3
16 95 5
16 96 1
16 97 5
16 98 1
16 99 4
16 100 3
17 18 5
17 19 3
17 20 3
17 21 3
17 22 3
17 23 5
17 24 2
17 25 4
17 26 4
17 27 5
17 28 3
17 29 4
17 30 2
17 31 3
17 32 1
17 33 5
17 34 5
17 35 3
17 36 3
17 37 2
17 38 1
17 39 2
17 40 1
17 41 3
17 42 4
17 43 3
17 44 3
17 45 4
17 46 1
17 47 3
17 48 5
17 49 4
17 50 5
17 51 4
17 52 1
17 53 1
17 54 3
17 55 3
17 56 5
17 57 5
17 58 3
17 59 1
17 60 4
17 61 2
17 62 4
17 63 1
17 64 1
17 65 4
17 66 3
17 67 4
17 68 1
17 69 3
17 70 5
17 71 5
17 72 2
17 73 5
17 74 1
17 75 5
17 76 3
17 77 4
17 78 4
17 79 4
17 80 2
17 81 5
17 82 3
17 83 5
17 84 1
17 85 2
17 86 5
17 87 2
17 88 2
17 89 1
17 90 1
17 91 1
17 92 3
17 93 5
17 94 3
17 95 5
17 96 1
17 97 4
17 98 5
17 99 1
17 100 4
18 19 1
18 20 5
18 21 5
18 22 2
18 23 1
18 24 1
18 25 3
18 26 5
18 27 1
18 28 2
18 29 1
18 30 5
18 31 3
18 32 3
18 33 4
18 34 2
18 35 1
18 36 5
18 37 5
18 38 2
18 39 5
18 40 5
18 41 3
18 42 3
18 43 3
18 44 3
18 45 3
18 46 4
18 47 4
18 48 2
18 49 1
18 50 2
18 51 5
18 52 3
18 53 3
18 54 1
18 55 5
18 56 3
18 57 4
18 58 2
18 59 1
18 60 3
18 61 1
18 62 5
18 63 1
18 64 3
18 65 4
18 66 2
18 67 5
18 68 1
18 69 4
18 70 5
18 71 2
18 72 3
18 73 2
18 74 4
18 75 5
18 76 5
18 77 1
18 78 1
18 79 4
18 80 4
18 81 2
18 82 2
18 83 4
18 84 5
18 85 3
18 86 5
18 87 2
18 88 2
18 89 2
18 90 3
18 91 4
18 92 3
18 93 4
18 94 5
18 95 4
18 96 2
18 97 2
18 98 5
18 99 3
18 100 1
19 20 4
19 21 4
19 22 4
19 23 1
19 24 2
19 25 3
19 26 5
19 27 4
19 28 4
19 29 5
19 30 4
19 31 3
19 32 1
19 33 5
19 34 4
19 35 3
19 36 2
19 37 4
19 38 3
19 39 2
19 40 1
19 41 1
19 42 3
19 43 4
19 44 1
19 45 5
19 46 3
19 47 1
19 48 5
19 49 2
19 50 1
19 51 2
19 52 3
19 53 5
19 54 3
19 55 3
19 56 5
19 57 3
19 58 1
19 59 5
19 60 5
19 61 3
19 62 5
19 63 4
19 64 4
19 65 1
19 66 2
19 67 3
19 68 2
19 69 1
19 70 5
19 71 1
19 72 3
19 73 4
19 74 3
19 75 1
19 76 2
19 77 1
19 78 2
19 79 1
19 80 5
19 81 4
19 82 4
19 83 4
19 84 3
19 85 1
19 86 2
19 87 2
19 88 5
19 89 3
19 90 3
19 91 3
19 92 3
19 93 5
19 94 5
19 95 4
19 96 4
19 97 3
19 98 1
19 99 4
19 100 1
20 21 3
20 22 1
20 23 1
20 24 2
20 25 2
20 26 1
20 27 5
20 28 5
20 29 4
20 30 3
20 31 2
20 32 5
20 33 1
20 34 5
20 35 4
20 36 3
20 37 2
20 38 3
20 39 2
20 40 5
20 41 4
20 42 1
20 43 2
20 44 2
20 45 3
20 46 5
20 47 4
20 48 5
20 49 3
20 50 5
20 51 1
20 52 4
20 53 3
20 54 5
20 55 2
20 56 5
20 57 4
20 58 3
20 59 2
20 60 3
20 61 5
20 62 2
20 63 2
20 64 1
20 65 2
20 66 2
20 67 3
20 68 1
20 69 5
20 70 4
20 71 3
20 72 3
20 73 2
20 74 3
20 75 5
20 76 4
20 77 5
20 78 3
20 79 3
20 80 5
20 81 2
20 82 5
20 83 4
20 84 3
20 85 2
20 86 4
20 87 3
20 88 1
20 89 4
20 90 1
20 91 2
20 92 3
20 93 1
20 94 3
20 95 2
20 96 3
20 97 4
20 98 3
20 99 2
20 100 2
21 22 1
21 23 4
21 24 1
21 25 2
21 26 5
21 27 5
21 28 3
21 29 3
21 30 3
21 31 1
21 32 3
21 33 4
21 34 3
21 35 5
21 36 2
21 37 5
21 38 2
21 39 3
21 40 1
21 41 5
21 42 3
21 43 2
21 44 2
21 45 2
21 46 3
21 47 4
21 48 2
21 49 1
21 50 4
21 51 4
21 52 4
21 53 1
21 54 3
21 55 3
21 56 2
21 57 3
21 58 1
21 59 5
21 60 3
21 61 4
21 62 4
21 63 5
21 64 3
21 65 3
21 66 4
21 67 5
21 68 5
21 69 5
21 70 2
21 71 3
21 72 5
21 73 2
21 74 4
21 75 4
21 76 4
21 77 4
21 78 3
21 79 1
21 80 3
21 81 1
21 82 1
21 83 4
21 84 5
21 85 3
21 86 5
21 87 4
21 88 5
21 89 1
21 90 1
21 91 5
21 92 4
21 93 1
21 94 2
21 95 1
21 96 4
21 97 4
21 98 2
21 99 5
21 100 4
22 23 1
22 24 3
22 25 3
22 26 5
22 27 1
22 28 4
22 29 3
22 30 2
22 31 5
22 32 1
22 33 4
22 34 4
22 35 4
22 36 1
22 37 3
22 38 2
22 39 5
22 40 2
22 41 4
22 42 1
22 43 2
22 44 1
22 45 4
22 46 4
22 47 5
22 48 2
22 49 2
22 50 2
22 51 5
22 52 3
22 53 3
22 54 4
22 55 5
22 56 2
22 57 5
22 58 4
22 59 5
22 60 3
22 61 4
22 62 1
22 63 3
22 64 4
22 65 1
22 66 4
22 67 3
22 68 4
22 69 1
22 70 2
22 71 3
22 72 3
22 73 3
22 74 3
22 75 5
22 76 5
22 77 5
22 78 5
22 79 3
22 80 1
22 81 2
22 82 4
22 83 1
22 84 4
22 85 3
22 86 3
22 87 5
22 88 4
22 89 3
22 90 5
22 91 1
22 92 3
22 93 4
22 94 2
22 95 5
22 96 3
22 97 3
22 98 4
22 99 5
22 100 1
23 24 2
23 25 4
23 26 4
23 27 5
23 28 5
23 29 3
23 30 5
23 31 4
23 32 4
23 33 4
23 34 3
23 35 1
23 36 1
23 37 5
23 38 3
23 39 4
23 40 2
23 41 4
23 42 4
23 43 5
23 44 5
23 45 4
23 46 4
23 47 5
23 48 3
23 49 4
23 50 5
23 51 1
23 52 1
23 53 1
23 54 2
23 55 4
23 56 1
23 57 5
23 58 2
23 59 1
23 60 1
23 61 5
23 62 5
23 63 5
23 64 1
23 65 2
23 66 1
23 67 5
23 68 3
23 69 2
23 70 1
23 71 2
23 72 2
23 73 4
23 74 2
23 75 1
23 76 3
23 77 4
23 78 2
23 79 3
23 80 4
23 81 4
23 82 3
23 83 3
23 84 5
23 85 5
23 86 4
23 87 2
23 88 2
23 89 2
23 90 5
23 91 5
23 92 4
23 93 3
23 94 3
23 95 5
23 96 2
23 97 5
23 98 3
23 99 2
23 100 4
24 25 2
24 26 5
24 27 5
24 28 5
24 29 2
24 30 5
24 31 4
24 32 4
24 33 2
24 34 4
24 35 1
24 36 5
24 37 2
24 38 5
24 39 3
24 40 5
24 41 1
24 42 2
24 43 2
24 44 3
24 45 2
24 46 4
24 47 2
24 48 4
24 49 1
24 50 2
24 51 5
24 52 3
24 53 2
24 54 2
24 55 2
24 56 1
24 57 3
24 58 1
24 59 4
24 60 3
24 61 2
24 62 5
24 63 5
24 64 5
24 65 3
24 66 2
24 67 2
24 68 1
24 69 3
24 70 4
24 71 2
24 72 5
24 73 5
24 74 1
24 75 4
24 76 5
24 77 5
24 78 1
24 79 3
24 80 3
24 81 1
24 82 2
24 83 1
24 84 1
24 85 5
24 86 5
24 87 4
24 88 5
24 89 1
24 90 2
24 91 4
24 92 2
24 93 1
24 94 3
24 95 1
24 96 5
24 97 1
24 98 3
24 99 5
24 100 3
25 26 4
25 27 2
25 28 4
25 29 5
25 30 3
25 31 5
25 32 4
25 33 4
25 34 4
25 35 1
25 36 1
25 37 4
25 38 1
25 39 1
25 40 3
25 41 4
25 42 4
25 43 4
25 44 1
25 45 2
25 46 2
25 47 4
25 48 5
25 49 1
25 50 5
25 51 5
25 52 4
25 53 4
25 54 2
25 55 5
25 56 1
25 57 3
25 58 2
25 59 4
25 60 3
25 61 4
25 62 1
25 63 3
25 64 3
25 65 3
25 66 5
25 67 3
25 68 1
25 69 4
25 70 2
25 71 3
25 72 4
25 73 4
25 74 2
25 75 4
25 76 3
25 77 4
25 78 3
25 79 1
25 80 1
25 81 1
25 82 4
25 83 3
25 84 5
25 85 3
25 86 3
25 87 3
25 88 4
25 89 3
25 90 3
25 91 1
25 92 3
25 93 3
25 94 1
25 95 4
25 96 3
25 97 2
25 98 5
25 99 5
25 100 1
26 27 1
26 28 4
26 29 5
26 30 2
26 31 2
26 32 5
26 33 2
26 34 2
26 35 5
26 36 2
26 37 4
26 38 2
26 39 1
26 40 3
26 41 2
26 42 1
26 43 3
26 44 1
26 45 1
26 46 1
26 47 5
26 48 5
26 49 4
26 50 5
26 51 3
26 52 3
26 53 2
26 54 5
26 55 3
26 56 4
26 57 2
26 58 2
26 59 2
26 60 3
26 61 4
26 62 2
26 63 2
26 64 5
26 65 4
26 66 4
26 67 4
26 68 2
26 69 4
26 70 3
26 71 3
26 72 4
26 73 2
26 74 1
26 75 1
26 76 1
26 77 2
26 78 1
26 79 4
26 80 2
26 81 5
26 82 5
26 83 3
26 84 2
26 85 2
26 86 1
26 87 3
26 88 4
26 89 2
26 90 5
26 91 2
26 92 5
26 93 4
26 94 4
26 95 4
26 96 3
26 97 5
26 98 2
26 99 1
26 100 2
27 28 4
27 29 4
27 30 1
27 31 3
27 32 3
27 33 1
27 34 2
27 35 3
27 36 1
27 37 2
27 38 2
27 39 1
27 40 3
27 41 1
27 42 1
27 43 3
27 44 1
27 45 2
27 46 1
27 47 4
27 48 1
27 49 5
27 50 2
27 51 3
27 52 4
27 53 2
27 54 4
27 55 2
27 56 4
27 57 3
27 58 5
27 59 3
27 60 3
27 61 1
27 62 5
27 63 5
27 64 4
27 65 5
27 66 1
27 67 1
27 68 2
27 69 1
27 70 2
27 71 5
27 72 2
27 73 3
27 74 5
27 75 3
27 76 1
27 77 2
27 78 2
27 79 1
27 80 1
27 81 4
27 82 1
27 83 3
27 84 1
27 85 4
27 86 4
27 87 5
27 88 3
27 89 3
27 90 5
27 91 5
27 92 2
27 93 3
27 94 5
27 95 5
27 96 3
27 97 2
27 98 4
27 99 2
27 100 1
28 29 4
28 30 5
28 31 5
28 32 2
28 33 3
28 34 5
28 35 1
28 36 1
28 37 4
28 38 1
28 39 2
28 40 1
28 41 3
28 42 4
28 43 4
28 44 4
28 45 2
28 46 2
28 47 5
28 48 1
28 49 4
28 50 4
28 51 3
28 52 1
28 53 1
28 54 5
28 55 2
28 56 2
28 57 5
28 58 4
28 59 3
28 60 1
28 61 4
28 62 3
28 63 1
28 64 1
28 65 5
28 66 4
28 67 3
28 68 1
28 69 5
28 70 4
28 71 2
28 72 1
28 73 2
28 74 3
28 75 3
28 76 4
28 77 4
28 78 2
28 79 3
28 80 5
28 81 4
28 82 4
28 83 2
28 84 4
28 85 3
28 86 5
28 87 5
28 88 3
28 89 3
28 90 3
28 91 5
28 92 4
28 93 5
28 94 1
28 95 4
28 96 4
28 97 1
28 98 5
28 99 2
28 100 3
29 30 2
29 31 3
29 32 4
29 33 4
29 34 2
29 35 5
29 36 1
29 37 5
29 38 4
29 39 5
29 40 2
29 41 2
29 42 5
29 43 3
29 44 4
29 45 5
29 46 2
29 47 5
29 48 5
29 49 1
29 50 5
29 51 1
29 52 5
29 53 5
29 54 2
29 55 3
29 56 2
29 57 4
29 58 5
29 59 3
29 60 5
29 61 4
29 62 1
29 63 4
29 64 5
29 65 2
29 66 2
29 67 1
29 68 3
29 69 4
29 70 3
29 71 1
29 72 3
29 73 5
29 74 5
29 75 3
29 76 4
29 77 5
29 78 5
29 79 3
29 80 2
29 81 4
29 82 4
29 83 4
29 84 1
29 85 2
29 86 5
29 87 4
29 88 2
29 89 5
29 90 2
29 91 3
29 92 4
29 93 1
29 94 4
29 95 2
29 96 5
29 97 1
29 98 4
29 99 2
29 100 3
30 31 3
30 32 5
30 33 5
30 34 3
30 35 2
30 36 3
30 37 5
30 38 5
30 39 2
30 40 1
30 41 3
30 42 4
30 43 3
30 44 1
30 45 4
30 46 4
30 47 4
30 48 5
30 49 1
30 50 3
30 51 2
30 52 1
30 53 2
30 54 3
30 55 4
30 56 2
30 57 5
30 58 3
30 59 2
30 60 2
30 61 1
30 62 5
30 63 5
30 64 2
30 65 1
30 66 2
30 67 4
30 68 2
30 69 2
30 70 2
30 71 3
30 72 3
30 73 2
30 74 5
30 75 4
30 76 1
30 77 1
30 78 2
30 79 1
30 80 2
30 81 4
30 82 5
30 83 5
30 84 3
30 85 1
30 86 4
30 87 5
30 88 3
30 89 3
30 90 2
30 91 2
30 92 5
30 93 1
30 94 2
30 95 5
30 96 1
30 97 3
30 98 3
30 99 3
30 100 1
31 32 3
31 33 1
31 34 1
31 35 3
31 36 1
31 37 4
31 38 1
31 39 4
31 40 2
31 41 5
31 42 3
31 43 1
31 44 4
31 45 4
31 46 4
31 47 4
31 48 4
31 49 1
31 50 3
31 51 5
31 52 2
31 53 4
31 54 2
31 55 5
31 56 3
31 57 3
31 58 1
31 59 4
31 60 1
31 61 2
31 62 5
31 63 5
31 64 2
31 65 2
31 66 3
31 67 5
31 68 4
31 69 2
31 70 2
31 71 4
31 72 3
31 73 3
31 74 5
31 75 5
31 76 3
31 77 5
31 78 3
31 79 5
31 80 3
31 81 2
31 82 3
31 83 3
31 84 3
31 85 3
31 86 2
31 87 4
31 88 1
31 89 5
31 90 3
31 91 4
31 92 5
31 93 3
31 94 5
31 95 2
31 96 5
31 97 2
31 98 3
31 99 5
31 100 1
32 33 2
32 34 1
32 35 2
32 36 2
32 37 1
32 38 5
32 39 5
32 40 3
32 41 1
32 42 1
32 43 5
32 44 5
32 45 4
32 46 1
32 47 3
32 48 5
32 49 4
32 50 4
32 51 4
32 52 1
32 53 4
32 54 1
32 55 2
32 56 4
32 57 5
32 58 3
32 59 3
32 60 1
32 61 3
32 62 5
32 63 3
32 64 5
32 65 2
32 66 4
32 67 3
32 68 5
32 69 4
32 70 3
32 71 1
32 72 5
32 73 3
32 74 5
32 75 3
32 76 3
32 77 3
32 78 1
32 79 2
32 80 2
32 81 4
32 82 5
32 83 1
32 84 1
32 85 4
32 86 3
32 87 2
32 88 1
32 89 4
32 90 5
32 91 5
32 92 2
32 93 2
32 94 5
32 95 3
32 96 3
32 97 4
32 98 1
32 99 4
32 100 5
33 34 5
33 35 4
33 36 1
33 37 2
33 38 5
33 39 3
33 40 3
33 41 2
33 42 1
33 43 3
33 44 3
33 45 2
33 46 4
33 47 5
33 48 5
33 49 1
33 50 3
33 51 2
33 52 5
33 53 1
33 54 2
33 55 5
33 56 4
33 57 1
33 58 2
33 59 2
33 60 4
33 61 4
33 62 3
33 63 2
33 64 2
33 65 2
33 66 1
33 67 3
33 68 5
33 69 2
33 70 3
33 71 4
33 72 1
33 73 2
33 74 5
33 75 3
33 76 5
33 77 5
33 78 3
33 79 3
33 80 5
33 81 4
33 82 4
33 83 1
33 84 4
33 85 4
33 86 2
33 87 2
33 88 4
33 89 4
33 90 1
33 91 2
33 92 3
33 93 3
33 94 4
33 95 1
33 96 1
33 97 2
33 98 4
33 99 3
33 100 3
34 35 4
34 36 2
34 37 1
34 38 2
34 39 3
34 40 2
34 41 3
34 42 2
34 43 1
34 44 1
34 45 1
34 46 4
34 47 4
34 48 5
34 49 5
34 50 3
34 51 4
34 52 5
34 53 1
34 54 4
34 55 3
34 56 3
34 57 4
34 58 5
34 59 4
34 60 1
34 61 5
34 62 4
34 63 3
34 64 2
34 65 3
34 66 3
34 67 2
34 68 2
34 69 2
34 70 2
34 71 2
34 72 2
34 73 4
34 74 1
34 75 3
34 76 1
34 77 3
34 78 3
34 79 1
34 80 1
34 81 3
34 82 3
34 83 4
34 84 4
34 85 3
34 86 3
34 87 2
34 88 5
34 89 3
34 90 5
34 91 3
34 92 1
34 93 5
34 94 5
34 95 3
34 96 1
34 97 3
34 98 1
34 99 3
34 100 4
35 36 5
35 37 5
35 38 5
35 39 2
35 40 1
35 41 4
35 42 2
35 43 3
35 44 3
35 45 4
35 46 5
35 47 3
35 48 2
35 49 4
35 50 1
35 51 2
35 52 2
35 53 3
35 54 5
35 55 1
35 56 2
35 57 3
35 58 5
35 59 1
35 60 5
35 61 1
35 62 4
35 63 2
35 64 4
35 65 2
35 66 5
35 67 3
35 68 5
35 69 3
35 70 5
35 71 3
35 72 4
35 73 3
35 74 4
35 75 3
35 76 3
35 77 1
35 78 3
35 79 2
35 80 1
35 81 1
35 82 1
35 83 2
35 84 5
35 85 5
35 86 5
35 87 2
35 88 2
35 89 3
35 90 3
35 91 4
35 92 2
35 93 2
35 94 1
35 95 5
35 96 1
35 97 3
35 98 3
35 99 3
35 100 4
36 37 4
36 38 5
36 39 5
36 40 1
36 41 2
36 42 5
36 43 4
36 44 3
36 45 5
36 46 3
36 47 5
36 48 3
36 49 4
36 50 1
36 51 2
36 52 3
36 53 3
36 54 2
36 55 3
36 56 4
36 57 3
36 58 3
36 59 4
36 60 2
36 61 1
36 62 1
36 63 3
36 64 4
36 65 3
36 66 2
36 67 4
36 68 1
36 69 1
36 70 1
36 71 3
36 72 1
36 73 5
36 74 3
36 75 4
36 76 3
36 77 3
36 78 5
36 79 1
36 80 2
36 81 4
36 82 5
36 83 5
36 84 5
36 85 1
36 86 2
36 87 1
36 88 1
36 89 3
36 90 3
36 91 1
36 92 3
36 93 3
36 94 1
36 95 1
36 96 4
36 97 2
36 98 5
36 99 5
36 100 2
37 38 4
37 39 2
37 40 3
37 41 3
37 42 1
37 43 3
37 44 4
37 45 1
37 46 4
37 47 5
37 48 2
37 49 5
37 50 1
37 51 2
37 52 3
37 53 3
37 54 2
37 55 5
37 56 4
37 57 1
37 58 4
37 59 1
37 60 1
37 61 5
37 62 5
37 63 3
37 64 3
37 65 1
37 66 1
37 67 3
37 68 4
37 69 4
37 70 4
37 71 1
37 72 1
37 73 3
37 74 2
37 75 2
37 76 3
37 77 4
37 78 2
37 79 5
37 80 3
37 81 5
37 82 2
37 83 2
37 84 3
37 85 3
37 86 4
37 87 5
37 88 3
37 89 1
37 90 5
37 91 4
37 92 5
37 93 2
37 94 4
37 95 4
37 96 3
37 97 1
37 98 1
37 99 1
37 100 2
38 39 3
38 40 1
38 41 3
38 42 5
38 43 2
38 44 4
38 45 2
38 46 3
38 47 5
38 48 2
38 49 5
38 50 2
38 51 1
38 52 1
38 53 4
38 54 1
38 55 4
38 56 4
38 57 5
38 58 2
38 59 4
38 60 3
38 61 1
38 62 4
38 63 4
38 64 3
38 65 5
38 66 5
38 67 5
38 68 4
38 69 2
38 70 2
38 71 3
38 72 5
38 73 3
38 74 3
38 75 3
38 76 4
38 77 4
38 78 2
38 79 2
38 80 1
38 81 5
38 82 5
38 83 3
38 84 5
38 85 2
38 86 1
38 87 4
38 88 5
38 89 5
38 90 4
38 91 1
38 92 1
38 93 3
38 94 2
38 95 3
38 96 1
38 97 4
38 98 2
38 99 3
38 100 3
39 40 1
39 41 1
39 42 2
39 43 3
39 44 4
39 45 2
39 46 1
39 47 1
39 48 3
39 49 4
39 50 1
39 51 4
39 52 1
39 53 3
39 54 5
39 55 4
39 56 2
39 57 1
39 58 2
39 59 2
39 60 1
39 61 2
39 62 4
39 63 2
39 64 5
39 65 3
39 66 1
39 67 5
39 68 5
39 69 3
39 70 2
39 71 1
39 72 2
39 73 3
39 74 3
39 75 2
39 76 1
39 77 2
39 78 5
39 79 1
39 80 1
39 81 5
39 82 5
39 83 3
39 84 2
39 85 5
39 86 2
39 87 1
39 88 1
39 89 4
39 90 1
39 91 3
39 92 1
39 93 1
39 94 3
39 95 5
39 96 4
39 97 5
39 98 2
39 99 3
39 100 5
40 41 5
40 42 3
40 43 1
40 44 1
40 45 2
40 46 1
40 47 2
40 48 3
40 49 1
40 50 1
40 51 3
40 52 2
40 53 5
40 54 3
40 55 2
40 56 5
40 57 3
40 58 3
40 59 1
40 60 5
40 61 1
40 62 4
40 63 5
40 64 2
40 65 2
40 66 4
40 67 2
40 68 5
40 69 2
40 70 2
40 71 1
40 72 1
40 73 5
40 74 5
40 75 4
40 76 3
40 77 4
40 78 3
40 79 2
40 80 5
40 81 3
40 82 2
40 83 3
40 84 3
40 85 2
40 86 4
40 87 2
40 88 5
40 89 4
40 90 1
40 91 3
40 92 3
40 93 3
40 94 2
40 95 1
40 96 4
40 97 3
40 98 5
40 99 5
40 100 5
41 42 5
41 43 3
41 44 5
41 45 3
41 46 5
41 47 1
41 48 3
41 49 5
41 50 4
41 51 4
41 52 4
41 53 2
41 54 4
41 55 1
41 56 5
41 57 4
41 58 4
41 59 3
41 60 2
41 61 2
41 62 5
41 63 5
41 64 3
41 65 2
41 66 3
41 67 5
41 68 4
41 69 3
41 70 4
41 71 2
41 72 5
41 73 2
41 74 4
41 75 5
41 76 2
41 77 2
41 78 2
41 79 3
41 80 2
41 81 1
41 82 2
41 83 3
41 84 5
41 85 3
41 86 1
41 87 2
41 88 4
41 89 5
41 90 1
41 91 5
41 92 5
41 93 3
41 94 1
41 95 5
41 96 1
41 97 5
41 98 1
41 99 1
41 100 2
42 43 4
42 44 3
42 45 5
42 46 5
42 47 2
42 48 3
42 49 3
42 50 4
42 51 4
42 52 4
42 53 3
42 54 5
42 55 3
42 56 2
42 57 3
42 58 3
42 59 1
42 60 1
42 61 4
42 62 4
42 63 5
42 64 5
42 65 3
42 66 1
42 67 5
42 68 2
42 69 1
42 70 3
42 71 2
42 72 3
42 73 1
42 74 2
42 75 1
42 76 2
42 77 4
42 78 2
42 79 4
42 80 5
42 81 2
42 82 1
42 83 2
42 84 5
42 85 1
42 86 5
42 87 4
42 88 5
42 89 3
42 90 3
42 91 3
42 92 3
42 93 5
42 94 4
42 95 2
42 96 5
42 97 1
42 98 3
42 99 3
42 100 2
43 44 5
43 45 5
43 46 1
43 47 4
43 48 4
43 49 2
43 50 2
43 51 4
43 52 2
43 53 4
43 54 3
43 55 3
43 56 5
43 57 4
43 58 1
43 59 1
43 60 4
43 61 3
43 62 4
43 63 5
43 64 1
43 65 4
43 66 4
43 67 5
43 68 5
43 69 2
43 70 4
43 71 2
43 72 4
43 73 5
43 74 4
43 75 4
43 76 4
43 77 2
43 78 4
43 79 3
43 80 3
43 81 1
43 82 3
43 83 2
43 84 2
43 85 5
43 86 5
43 87 4
43 88 1
43 89 2
43 90 3
43 91 3
43 92 3
43 93 3
43 94 2
43 95 2
43 96 5
43 97 4
43 98 3
43 99 2
43 100 1
44 45 4
44 46 5
44 47 2
44 48 2
44 49 4
44 50 1
44 51 5
44 52 5
44 53 4
44 54 2
44 55 5
44 56 1
44 57 4
44 58 1
44 59 4
44 60 3
44 61 1
44 62 4
44 63 1
44 64 3
44 65 3
44 66 5
44 67 1
44 68 2
44 69 2
44 70 1
44 71 5
44 72 2
44 73 2
44 74 2
44 75 4
44 76 3
44 77 5
44 78 1
44 79 4
44 80 4
44 81 4
44 82 1
44 83 5
44 84 3
44 85 1
44 86 5
44 87 3
44 88 1
44 89 3
44 90 2
44 91 3
44 92 3
44 93 3
44 94 1
44 95 2
44 96 4
44 97 3
44 98 4
44 99 3
44 100 3
45 46 4
45 47 2
45 48 5
45 49 3
45 50 1
45 51 5
45 52 4
45 53 4
45 54 5
45 55 3
45 56 5
45 57 5
45 58 3
45 59 1
45 60 5
45 61 5
45 62 1
45 63 5
45 64 5
45 65 5
45 66 1
45 67 1
45 68 4
45 69 1
45 70 3
45 71 4
45 72 3
45 73 3
45 74 4
45 75 4
45 76 4
45 77 5
45 78 3
45 79 4
45 80 4
45 81 1
45 82 3
45 83 5
45 84 1
45 85 2
45 86 5
45 87 5
45 88 5
45 89 1
45 90 3
45 91 2
45 92 1
45 93 2
45 94 2
45 95 1
45 96 1
45 97 2
45 98 2
45 99 5
45 100 4
46 47 4
46 48 3
46 49 1
46 50 3
46 51 3
46 52 2
46 53 2
46 54 1
46 55 1
46 56 4
46 57 2
46 58 4
46 59 4
46 60 1
46 61 2
46 62 2
46 63 5
46 64 4
46 65 1
46 66 1
46 67 3
46 68 1
46 69 1
46 70 3
46 71 1
46 72 1
46 73 2
46 74 3
46 75 3
46 76 2
46 77 4
46 78 1
46 79 4
46 80 4
46 81 2
46 82 2
46 83 2
46 84 5
46 85 3
46 86 3
46 87 5
46 88 2
46 89 2
46 90 5
46 91 3
46 92 3
46 93 2
46 94 2
46 95 2
46 96 5
46 97 4
46 98 4
46 99 1
46 100 4
47 48 5
47 49 4
47 50 5
47 51 3
47 52 5
47 53 3
47 54 1
47 55 4
47 56 5
47 57 1
47 58 1
47 59 4
47 60 2
47 61 3
47 62 3
47 63 1
47 64 3
47 65 1
47 66 5
47 67 4
47 68 2
47 69 5
47 70 2
47 71 3
47 72 3
47 73 4
47 74 5
47 75 1
47 76 3
47 77 1
47 78 3
47 79 4
47 80 1
47 81 1
47 82 2
47 83 3
47 84 2
47 85 2
47 86 2
47 87 4
47 88 2
47 89 5
47 90 4
47 91 2
47 92 1
47 93 4
47 94 1
47 95 5
47 96 3
47 97 3
47 98 2
47 99 3
47 100 2
48 49 1
48 50 3
48 51 5
48 52 1
48 53 2
48 54 4
48 55 4
48 56 3
48 57 1
48 58 4
48 59 1
48 60 2
48 61 2
48 62 1
48 63 2
48 64 1
48 65 1
48 66 3
48 67 5
48 68 1
48 69 2
48 70 2
48 71 4
48 72 5
48 73 5
48 74 5
48 75 4
48 76 5
48 77 3
48 78 3
48 79 4
48 80 4
48 81 4
48 82 3
48 83 1
48 84 5
48 85 5
48 86 4
48 87 1
48 88 1
48 89 5
48 90 1
48 91 5
48 92 4
48 93 3
48 94 3
48 95 5
48 96 5
48 97 4
48 98 1
48 99 1
48 100 2
49 50 4
49 51 5
49 52 2
49 53 3
49 54 2
49 55 2
49 56 1
49 57 3
49 58 4
49 59 2
49 60 4
49 61 3
49 62 1
49 63 5
49 64 5
49 65 1
49 66 3
49 67 5
49 68 1
49 69 1
49 70 1
49 71 2
49 72 4
49 73 4
49 74 4
49 75 3
49 76 3
49 77 2
49 78 1
49 79 3
49 80 4
49 81 3
49 82 4
49 83 5
49 84 5
49 85 2
49 86 3
49 87 4
49 88 4
49 89 1
49 90 2
49 91 3
49 92 5
49 93 4
49 94 5
49 95 1
49 96 3
49 97 4
49 98 3
49 99 4
49 100 3
50 51 4
50 52 5
50 53 2
50 54 1
50 55 2
50 56 1
50 57 2
50 58 1
50 59 2
50 60 5
50 61 3
50 62 4
50 63 1
50 64 4
50 65 3
50 66 3
50 67 1
50 68 1
50 69 1
50 70 3
50 71 5
50 72 2
50 73 3
50 74 2
50 75 2
50 76 5
50 77 5
50 78 3
50 79 4
50 80 2
50 81 4
50 82 2
50 83 3
50 84 5
50 85 3
50 86 2
50 87 1
50 88 3
50 89 3
50 90 1
50 91 5
50 92 1
50 93 4
50 94 3
50 95 3
50 96 5
50 97 2
50 98 3
50 99 4
50 100 2
51 52 2
51 53 3
51 54 2
51 55 4
51 56 5
51 57 1
51 58 1
51 59 1
51 60 5
51 61 3
51 62 5
51 63 4
51 64 2
51 65 4
51 66 5
51 67 5
51 68 2
51 69 3
51 70 2
51 71 2
51 72 5
51 73 3
51 74 1
51 75 4
51 76 5
51 77 1
51 78 3
51 79 3
51 80 1
51 81 2
51 82 4
51 83 3
51 84 3
51 85 4
51 86 4
51 87 2
51 88 5
51 89 1
51 90 4
51 91 1
51 92 1
51 93 3
51 94 3
51 95 2
51 96 2
51 97 2
51 98 4
51 99 5
51 100 1
52 53 3
52 54 2
52 55 1
52 56 5
52 57 4
52 58 5
52 59 4
52 60 1
52 61 1
52 62 1
52 63 5
52 64 2
52 65 2
52 66 1
52 67 5
52 68 5
52 69 2
52 70 1
52 71 3
52 72 4
52 73 5
52 74 5
52 75 5
52 76 4
52 77 3
52 78 1
52 79 5
52 80 4
52 81 2
52 82 3
52 83 1
52 84 2
52 85 3
52 86 2
52 87 1
52 88 3
52 89 1
52 90 4
52 91 1
52 92 2
52 93 3
52 94 3
52 95 4
52 96 4
52 97 4
52 98 5
52 99 5
52 100 2
53 54 3
53 55 1
53 56 4
53 57 1
53 58 2
53 59 5
53 60 4
53 61 5
53 62 5
53 63 4
53 64 5
53 65 2
53 66 2
53 67 3
53 68 3
53 69 3
53 70 3
53 71 2
53 72 4
53 73 2
53 74 3
53 75 2
53 76 2
53 77 5
53 78 1
53 79 3
53 80 4
53 81 4
53 82 1
53 83 2
53 84 5
53 85 4
53 86 4
53 87 4
53 88 3
53 89 1
53 90 3
53 91 5
53 92 3
53 93 2
53 94 5
53 95 2
53 96 3
53 97 2
53 98 2
53 99 3
53 100 2
54 55 3
54 56 2
54 57 3
54 58 2
54 59 1
54 60 3
54 61 2
54 62 1
54 63 2
54 64 5
54 65 1
54 66 1
54 67 3
54 68 2
54 69 3
54 70 5
54 71 1
54 72 3
54 73 5
54 74 2
54 75 2
54 76 2
54 77 5
54 78 2
54 79 5
54 80 4
54 81 4
54 82 5
54 83 2
54 84 3
54 85 1
54 86 4
54 87 5
54 88 4
54 89 3
54 90 1
54 91 1
54 92 1
54 93 1
54 94 5
54 95 2
54 96 2
54 97 1
54 98 3
54 99 5
54 100 5
55 56 5
55 57 4
55 58 4
55 59 2
55 60 1
55 61 4
55 62 3
55 63 5
55 64 3
55 65 1
55 66 5
55 67 3
55 68 4
55 69 3
55 70 1
55 71 2
55 72 1
55 73 5
55 74 4
55 75 5
55 76 2
55 77 4
55 78 1
55 79 2
55 80 5
55 81 1
55 82 4
55 83 3
55 84 4
55 85 4
55 86 2
55 87 2
55 88 5
55 89 3
55 90 4
55 91 1
55 92 4
55 93 5
55 94 3
55 95 1
55 96 4
55 97 4
55 98 3
55 99 4
55 100 1
56 57 2
56 58 2
56 59 4
56 60 1
56 61 2
56 62 5
56 63 3
56 64 2
56 65 3
56 66 3
56 67 2
56 68 1
56 69 4
56 70 3
56 71 2
56 72 5
56 73 4
56 74 3
56 75 4
56 76 4
56 77 4
56 78 5
56 79 2
56 80 5
56 81 2
56 82 1
56 83 4
56 84 5
56 85 4
56 86 3
56 87 4
56 88 1
56 89 4
56 90 5
56 91 1
56 92 4
56 93 2
56 94 4
56 95 5
56 96 5
56 97 3
56 98 4
56 99 4
56 100 2
57 58 1
57 59 4
57 60 5
57 61 5
57 62 5
57 63 2
57 64 2
57 65 1
57 66 1
57 67 2
57 68 4
57 69 3
57 70 2
57 71 1
57 72 3
57 73 2
57 74 2
57 75 2
57 76 5
57 77 1
57 78 2
57 79 4
57 80 5
57 81 4
57 82 2
57 83 5
57 84 3
57 85 2
57 86 2
57 87 1
57 88 1
57 89 3
57 90 5
57 91 3
57 92 4
57 93 5
57 94 4
57 95 2
57 96 5
57 97 5
57 98 3
57 99 1
57 100 5
58 59 5
58 60 5
58 61 4
58 62 4
58 63 1
58 64 2
58 65 5
58 66 2
58 67 1
58 68 5
58 69 2
58 70 4
58 71 2
58 72 2
58 73 2
58 74 4
58 75 4
58 76 5
58 77 1
58 78 4
58 79 1
58 80 5
58 81 3
58 82 1
58 83 1
58 84 2
58 85 3
58 86 5
58 87 5
58 88 4
58 89 5
58 90 1
58 91 4
58 92 4
58 93 5
58 94 5
58 95 5
58 96 5
58 97 4
58 98 4
58 99 2
58 100 2
59 60 1
59 61 4
59 62 2
59 63 1
59 64 2
59 65 3
59 66 4
59 67 2
59 68 5
59 69 5
59 70 4
59 71 3
59 72 3
59 73 2
59 74 1
59 75 1
59 76 3
59 77 2
59 78 1
59 79 3
59 80 2
59 81 2
59 82 3
59 83 3
59 84 3
59 85 2
59 86 3
59 87 5
59 88 2
59 89 5
59 90 2
59 91 5
59 92 4
59 93 5
59 94 4
59 95 2
59 96 1
59 97 5
59 98 4
59 99 2
59 100 2
60 61 4
60 62 4
60 63 1
60 64 3
60 65 3
60 66 2
60 67 3
60 68 5
60 69 4
60 70 3
60 71 4
60 72 4
60 73 5
60 74 1
60 75 1
60 76 1
60 77 1
60 78 4
60 79 3
60 80 3
60 81 2
60 82 1
60 83 5
60 84 5
60 85 2
60 86 4
60 87 1
60 88 2
60 89 2
60 90 4
60 91 1
60 92 2
60 93 2
60 94 2
60 95 3
60 96 2
60 97 3
60 98 1
60 99 2
60 100 5
61 62 5
61 63 3
61 64 2
61 65 3
61 66 4
61 67 5
61 68 2
61 69 1
61 70 5
61 71 3
61 72 3
61 73 4
61 74 3
61 75 2
61 76 3
61 77 1
61 78 2
61 79 5
61 80 5
61 81 5
61 82 2
61 83 1
61 84 4
61 85 1
61 86 4
61 87 5
61 88 1
61 89 4
61 90 2
61 91 5
61 92 5
61 93 5
61 94 2
61 95 4
61 96 2
61 97 1
61 98 3
61 99 4
61 100 4
62 63 1
62 64 1
62 65 5
62 66 2
62 67 3
62 68 5
62 69 2
62 70 3
62 71 3
62 72 4
62 73 4
62 74 5
62 75 4
62 76 5
62 77 2
62 78 4
62 79 5
62 80 4
62 81 2
62 82 1
62 83 4
62 84 2
62 85 1
62 86 1
62 87 3
62 88 2
62 89 4
62 90 4
62 91 5
62 92 2
62 93 3
62 94 1
62 95 2
62 96 5
62 97 4
62 98 2
62 99 3
62 100 1
63 64 1
63 65 3
63 66 4
63 67 1
63 68 1
63 69 5
63 70 2
63 71 3
63 72 2
63 73 2
63 74 1
63 75 2
63 76 5
63 77 5
63 78 3
63 79 2
63 80 3
63 81 3
63 82 3
63 83 5
63 84 1
63 85 3
63 86 4
63 87 2
63 88 3
63 89 5
63 90 3
63 91 4
63 92 2
63 93 4
63 94 1
63 95 4
63 96 3
63 97 4
63 98 3
63 99 4
63 100 5
64 65 5
64 66 5
64 67 1
64 68 5
64 69 4
64 70 1
64 71 1
64 72 3
64 73 5
64 74 4
64 75 1
64 76 2
64 77 4
64 78 4
64 79 2
64 80 5
64 81 3
64 82 3
64 83 3
64 84 4
64 85 2
64 86 2
64 87 1
64 88 4
64 89 4
64 90 5
64 91 5
64 92 5
64 93 2
64 94 2
64 95 5
64 96 2
64 97 1
64 98 1
64 99 5
64 100 3
65 66 4
65 67 3
65 68 4
65 69 4
65 70 2
65 71 3
65 72 5
65 73 5
65 74 3
65 75 4
65 76 1
65 77 5
65 78 4
65 79 5
65 80 2
65 81 5
65 82 4
65 83 2
65 84 3
65 85 4
65 86 3
65 87 3
65 88 5
65 89 2
65 90 1
65 91 4
65 92 3
65 93 2
65 94 2
65 95 4
65 96 3
65 97 4
65 98 1
65 99 4
65 100 2
66 67 1
66 68 2
66 69 4
66 70 4
66 71 3
66 72 5
66 73 2
66 74 3
66 75 2
66 76 4
66 77 3
66 78 3
66 79 1
66 80 1
66 81 3
66 82 5
66 83 5
66 84 3
66 85 5
66 86 5
66 87 3
66 88 5
66 89 4
66 90 2
66 91 4
66 92 1
66 93 3
66 94 4
66 95 5
66 96 2
66 97 2
66 98 3
66 99 1
66 100 2
67 68 5
67 69 2
67 70 3
67 71 5
67 72 5
67 73 1
67 74 4
67 75 5
67 76 2
67 77 2
67 78 1
67 79 1
67 80 4
67 81 2
67 82 4
67 83 4
67 84 4
67 85 4
67 86 4
67 87 3
67 88 2
67 89 1
67 90 3
67 91 4
67 92 4
67 93 5
67 94 2
67 95 1
67 96 2
67 97 3
67 98 1
67 99 1
67 100 3
68 69 5
68 70 3
68 71 4
68 72 1
68 73 1
68 74 4
68 75 4
68 76 2
68 77 4
68 78 2
68 79 4
68 80 1
68 81 5
68 82 1
68 83 4
68 84 3
68 85 4
68 86 1
68 87 3
68 88 2
68 89 1
68 90 2
68 91 4
68 92 5
68 93 5
68 94 1
68 95 3
68 96 1
68 97 5
68 98 4
68 99 5
68 100 3
69 70 5
69 71 5
69 72 5
69 73 5
69 74 5
69 75 3
69 76 4
69 77 2
69 78 4
69 79 1
69 80 3
69 81 2
69 82 4
69 83 3
69 84 2
69 85 1
69 86 4
69 87 4
69 88 5
69 89 1
69 90 5
69 91 1
69 92 3
69 93 4
69 94 3
69 95 2
69 96 5
69 97 4
69 98 2
69 99 5
69 100 2
70 71 4
70 72 5
70 73 1
70 74 2
70 75 1
70 76 1
70 77 3
70 78 1
70 79 1
70 80 4
70 81 3
70 82 5
70 83 4
70 84 5
70 85 3
70 86 2
70 87 2
70 88 5
70 89 5
70 90 5
70 91 5
70 92 1
70 93 2
70 94 2
70 95 1
70 96 5
70 97 3
70 98 2
70 99 4
70 100 1
71 72 2
71 73 2
71 74 5
71 75 3
71 76 5
71 77 2
71 78 3
71 79 5
71 80 4
71 81 3
71 82 5
71 83 2
71 84 4
71 85 1
71 86 4
71 87 4
71 88 4
71 89 4
71 90 5
71 91 4
71 92 4
71 93 3
71 94 3
71 95 1
71 96 2
71 97 5
71 98 5
71 99 3
71 100 1
72 73 5
72 74 2
72 75 1
72 76 1
72 77 4
72 78 5
72 79 2
72 80 2
72 81 1
72 82 2
72 83 2
72 84 1
72 85 5
72 86 2
72 87 4
72 88 4
72 89 2
72 90 2
72 91 1
72 92 2
72 93 2
72 94 5
72 95 4
72 96 1
72 97 4
72 98 2
72 99 4
72 100 1
73 74 5
73 75 4
73 76 1
73 77 4
73 78 3
73 79 2
73 80 3
73 81 2
73 82 3
73 83 2
73 84 4
73 85 2
73 86 1
73 87 2
73 88 1
73 89 3
73 90 5
73 91 5
73 92 4
73 93 5
73 94 1
73 95 4
73 96 2
73 97 5
73 98 5
73 99 3
73 100 5
74 75 3
74 76 5
74 77 4
74 78 3
74 79 4
74 80 5
74 81 4
74 82 1
74 83 1
74 84 3
74 85 1
74 86 2
74 87 1
74 88 4
74 89 2
74 90 4
74 91 1
74 92 4
74 93 4
74 94 1
74 95 4
74 96 5
74 97 5
74 98 4
74 99 3
74 100 3
75 76 3
75 77 4
75 78 1
75 79 2
75 80 3
75 81 2
75 82 5
75 83 2
75 84 4
75 85 4
75 86 2
75 87 2
75 88 1
75 89 2
75 90 3
75 91 2
75 92 2
75 93 4
75 94 2
75 95 2
75 96 5
75 97 5
75 98 3
75 99 5
75 100 2
76 77 3
76 78 1
76 79 3
76 80 3
76 81 2
76 82 4
76 83 4
76 84 2
76 85 1
76 86 1
76 87 3
76 88 2
76 89 4
76 90 3
76 91 4
76 92 4
76 93 2
76 94 4
76 95 2
76 96 5
76 97 5
76 98 2
76 99 3
76 100 2
77 78 4
77 79 4
77 80 1
77 81 5
77 82 2
77 83 3
77 84 2
77 85 3
77 86 1
77 87 5
77 88 4
77 89 1
77 90 1
77 91 2
77 92 3
77 93 2
77 94 3
77 95 3
77 96 1
77 97 5
77 98 2
77 99 4
77 100 3
78 79 3
78 80 4
78 81 2
78 82 3
78 83 2
78 84 2
78 85 5
78 86 3
78 87 4
78 88 3
78 89 4
78 90 5
78 91 3
78 92 2
78 93 4
78 94 5
78 95 1
78 96 1
78 97 3
78 98 4
78 99 1
78 100 2
79 80 1
79 81 3
79 82 1
79 83 2
79 84 4
79 85 5
79 86 3
79 87 3
79 88 5
79 89 5
79 90 1
79 91 3
79 92 1
79 93 2
79 94 5
79 95 1
79 96 2
79 97 5
79 98 3
79 99 5
79 100 3
80 81 2
80 82 5
80 83 5
80 84 2
80 85 1
80 86 4
80 87 4
80 88 5
80 89 4
80 90 5
80 91 5
80 92 5
80 93 1
80 94 1
80 95 5
80 96 2
80 97 3
80 98 5
80 99 4
80 100 3
81 82 2
81 83 2
81 84 4
81 85 3
81 86 4
81 87 2
81 88 4
81 89 1
81 90 3
81 91 5
81 92 4
81 93 3
81 94 1
81 95 3
81 96 3
81 97 1
81 98 3
81 99 3
81 100 4
82 83 4
82 84 3
82 85 4
82 86 4
82 87 5
82 88 2
82 89 2
82 90 3
82 91 5
82 92 3
82 93 3
82 94 1
82 95 4
82 96 4
82 97 2
82 98 2
82 99 4
82 100 1
83 84 5
83 85 5
83 86 1
83 87 1
83 88 3
83 89 1
83 90 3
83 91 2
83 92 4
83 93 2
83 94 2
83 95 3
83 96 5
83 97 3
83 98 1
83 99 5
83 100 2
84 85 3
84 86 4
84 87 1
84 88 4
84 89 5
84 90 5
84 91 3
84 92 2
84 93 4
84 94 4
84 95 3
84 96 2
84 97 2
84 98 1
84 99 4
84 100 2
85 86 3
85 87 4
85 88 2
85 89 2
85 90 5
85 91 2
85 92 5
85 93 5
85 94 1
85 95 2
85 96 3
85 97 2
85 98 5
85 99 5
85 100 1
86 87 1
86 88 2
86 89 4
86 90 4
86 91 2
86 92 5
86 93 3
86 94 3
86 95 2
86 96 2
86 97 4
86 98 1
86 99 4
86 100 5
87 88 2
87 89 4
87 90 4
87 91 2
87 92 2
87 93 2
87 94 5
87 95 4
87 96 3
87 97 2
87 98 4
87 99 2
87 100 4
88 89 2
88 90 2
88 91 1
88 92 2
88 93 4
88 94 2
88 95 2
88 96 4
88 97 1
88 98 2
88 99 3
88 100 5
89 90 2
89 91 1
89 92 2
89 93 1
89 94 5
89 95 5
89 96 4
89 97 3
89 98 5
89 99 3
89 100 4
90 91 1
90 92 2
90 93 1
90 94 3
90 95 3
90 96 5
90 97 1
90 98 5
90 99 4
90 100 3
91 92 1
91 93 1
91 94 2
91 95 1
91 96 2
91 97 4
91 98 4
91 99 4
91 100 2
92 93 4
92 94 1
92 95 1
92 96 1
92 97 5
92 98 4
92 99 1
92 100 5
93 94 1
93 95 2
93 96 1
93 97 4
93 98 1
93 99 3
93 100 1
94 95 4
94 96 4
94 97 2
94 98 5
94 99 1
94 100 4
95 96 4
95 97 4
95 98 2
95 99 3
95 100 3
96 97 2
96 98 1
96 99 1
96 100 3
97 98 2
97 99 5
97 100 3
98 99 1
98 100 3
99 100 2
