50 1225
1 2 3
1 3 2
1 4 1
1 5 2
1 6 4
1 7 3
1 8 3
1 9 4
1 10 3
1 11 2
1 12 2
1 13 2
1 14 4
1 15 4
1 16 3
1 17 4
1 18 4
1 19 1
1 20 3
1 21 5
1 22 5
1 23 4
1 24 5
1 25 2
1 26 3
1 27 2
1 28 3
1 29 2
1 30 1
1 31 5
1 32 1
1 33 1
1 34 4
1 35 2
1 36 4
1 37 1
1 38 5
1 39 1
1 40 1
1 41 1
1 42 1
1 43 1
1 44 4
1 45 2
1 46 5
1 47 3
1 48 2
1 49 4
1 50 4
2 3 2
2 4 5
2 5 5
2 6 4
2 7 4
2 8 5
2 9 1
2 10 3
2 11 5
2 12 1
2 13 3
2 14 4
2 15 4
2 16 5
2 17 5
2 18 3
2 19 1
2 20 5
2 21 5
2 22 5
2 23 1
2 24 1
2 25 2
2 26 2
2 27 2
2 28 4
2 29 1
2 30 4
2 31 5
2 32 2
2 33 5
2 34 3
2 35 5
2 36 4
2 37 1
2 38 3
2 39 1
2 40 5
2 41 5
2 42 3
2 43 3
2 44 1
2 45 1
2 46 1
2 47 2
2 48 2
2 49 3
2 50 2
3 4 1
3 5 3
3 6 5
3 7 4
3 8 4
3 9 5
3 10 3
3 11 5
3 12 2
3 13 3
3 14 4
3 15 5
3 16 5
3 17 3
3 18 5
3 19 4
3 20 5
3 21 3
3 22 1
3 23 4
3 24 2
3 25 5
3 26 1
3 27 2
3 28 2
3 29 2
3 30 2
3 31 2
3 32 1
3 33 5
3 34 2
3 35 5
3 36 5
3 37 3
3 38 4
3 39 1
3 40 4
3 41 5
3 42 2
3 43 4
3 44 1
3 45 2
3 46 2
3 47 1
3 48 2
3 49 1
3 50 2
4 5 4
4 6 2
4 7 2
4 8 4
4 9 3
4 10 5
4 11 1
4 12 3
4 13 2
4 14 1
4 15 5
4 16 1
4 17 5
4 18 5
4 19 5
4 20 2
4 21 4
4 22 5
4 23 5
4 24 1
4 25 3
4 26 3
4 27 5
4 28 3
4 29 2
4 30 2
4 31 1
4 32 4
4 33 5
4 34 5
4 35 3
4 36 4
4 37 2
4 38 5
4 39 1
4 40 2
4 41 1
4 42 4
4 43 3
4 44 4
4 45 5
4 46 4
4 47 2
4 48 1
4 49 3
4 50 3
5 6 1
5 7 4
5 8 4
5 9 1
5 10 1
5 11 2
5 12 1
5 13 4
5 14 2
5 15 1
5 16 3
5 17 5
5 18 1
5 19 1
5 20 2
5 21 5
5 22 2
5 23 1
5 24 4
5 25 3
5 26 5
5 27 2
5 28 5
5 29 1
5 30 2
5 31 4
5 32 4
5 33 2
5 34 5
5 35 2
5 36 4
5 37 3
5 38 2
5 39 4
5 40 3
5 41 2
5 42 1
5 43 4
5 44 4
5 45 3
5 46 4
5 47 3
5 48 1
5 49 4
5 50 2
6 7 3
6 8 1
6 9 3
6 10 5
6 11 1
6 12 5
6 13 2
6 14 5
6 15 2
6 16 3
6 17 5
6 18 1
6 19 3
6 20 4
6 21 3
6 22 1
6 23 2
6 24 5
6 25 1
6 26 3
6 27 2
6 28 4
6 29 2
6 30 3
6 31 1
6 32 3
6 33 5
6 34 2
6 35 2
6 36 1
6 37 4
6 38 1
6 39 5
6 40 4
6 41 3
6 42 3
6 43 4
6 44 5
6 45 1
6 46 4
6 47 5
6 48 4
6 49 4
6 50 3
7 8 4
7 9 4
7 10 5
7 11 5
7 12 3
7 13 3
7 14 3
7 15 2
7 16 2
7 17 3
7 18 1
7 19 2
7 20 4
7 21 3
7 22 4
7 23 1
7 24 5
7 25 1
7 26 4
7 27 4
7 28 5
7 29 4
7 30 2
7 31 3
7 32 2
7 33 2
7 34 2
7 35 5
7 36 1
7 37 3
7 38 3
7 39 2
7 40 5
7 41 1
7 42 1
7 43 1
7 44 3
7 45 4
7 46 2
7 47 4
7 48 3
7 49 2
7 50 3
8 9 4
8 10 5
8 11 5
8 12 2
8 13 4
8 14 1
8 15 3
8 16 3
8 17 4
8 18 2
8 19 3
8 20 1
8 21 1
8 22 1
8 23 1
8 24 4
8 25 5
8 26 4
8 27 4
8 28 1
8 29 4
8 30 3
8 31 2
8 32 1
8 33 5
8 34 1
8 35 5
8 36 1
8 37 5
8 38 1
8 39 3
8 40 1
8 41 5
8 42 3
8 43 5
8 44 3
8 45 1
8 46 3
8 47 5
8 48 1
8 49 5
8 50 1
9 10 4
9 11 2
9 12 4
9 13 1
9 14 4
9 15 1
9 16 4
9 17 5
9 18 4
9 19 2
9 20 5
9 21 3
9 22 4
9 23 5
9 24 4
9 25 3
9 26 4
9 27 1
9 28 3
9 29 3
9 30 5
9 31 1
9 32 3
9 33 5
9 34 3
9 35 4
9 36 2
9 37 2
9 38 3
9 39 4
9 40 3
9 41 2
9 42 4
9 43 1
9 44 1
9 45 4
9 46 1
9 47 2
9 48 1
9 49 4
9 50 4
10 11 4
10 12 5
10 13 5
10 14 4
10 15 5
10 16 4
10 17 3
10 18 2
10 19 3
10 20 4
10 21 3
10 22 2
10 23 5
10 24 3
10 25 1
10 26 4
10 27 4
10 28 4
10 29 1
10 30 5
10 31 3
10 32 3
10 33 3
10 34 3
10 35 2
10 36 2
10 37 1
10 38 4
10 39 4
10 40 1
10 41 1
10 42 3
10 43 4
10 44 3
10 45 5
10 46 5
10 47 2
10 48 3
10 49 2
10 50 5
11 12 3
11 13 1
11 14 2
11 15 4
11 16 1
11 17 5
11 18 1
11 19 4
11 20 5
11 21 5
11 22 2
11 23 1
11 24 2
11 25 3
11 26 3
11 27 4
11 28 1
11 29 2
11 30 3
11 31 2
11 32 5
11 33 2
11 34 2
11 35 5
11 36 3
11 37 1
11 38 5
11 39 4
11 40 4
11 41 4
11 42 4
11 43 3
11 44 2
11 45 4
11 46 2
11 47 1
11 48 4
11 49 4
11 50 1
12 13 4
12 14 5
12 15 4
12 16 1
12 17 1
12 18 5
12 19 5
12 20 3
12 21 2
12 22 3
12 23 2
12 24 2
12 25 2
12 26 3
12 27 2
12 28 2
12 29 1
12 30 5
12 31 2
12 32 2
12 33 4
12 34 5
12 35 2
12 36 5
12 37 5
12 38 2
12 39 4
12 40 4
12 41 1
12 42 2
12 43 1
12 44 1
12 45 5
12 46 2
12 47 5
12 48 3
12 49 1
12 50 2
13 14 4
13 15 1
13 16 3
13 17 5
13 18 2
13 19 4
13 20 3
13 21 4
13 22 2
13 23 5
13 24 4
13 25 2
13 26 5
13 27 3
13 28 2
13 29 1
13 30 3
13 31 4
13 32 3
13 33 1
13 34 2
13 35 1
13 36 4
13 37 5
13 38 3
13 39 1
13 40 1
13 41 4
13 42 3
13 43 1
13 44 3
13 45 2
13 46 4
13 47 5
13 48 5
13 49 3
13 50 5
14 15 1
14 16 1
14 17 4
14 18 4
14 19 3
14 20 1
14 21 2
14 22 5
14 23 1
14 24 2
14 25 1
14 26 5
14 27 1
14 28 4
14 29 3
14 30 4
14 31 1
14 32 2
14 33 4
14 34 5
14 35 3
14 36 2
14 37 5
14 38 5
14 39 3
14 40 1
14 41 1
14 42 1
14 43 1
14 44 1
14 45 5
14 46 4
14 47 4
14 48 3
14 49 2
14 50 1
15 16 2
15 17 2
15 18 3
15 19 2
15 20 1
15 21 4
15 22 5
15 23 1
15 24 1
15 25 2
15 26 3
15 27 4
15 28 5
15 29 4
15 30 2
15 31 5
15 32 3
15 33 4
15 34 1
15 35 1
15 36 3
15 37 5
15 38 1
15 39 3
15 40 3
15 41 4
15 42 5
15 43 3
15 44 3
15 45 3
15 46 5
15 47 1
15 48 5
15 49 1
15 50 4
16 17 2
16 18 4
16 19 4
16 20 1
16 21 5
16 22 3
16 23 3
16 24 3
16 25 4
16 26 5
16 27 4
16 28 3
16 29 1
16 30 4
16 31 2
16 32 4
16 33 1
16 34 1
16 35 1
16 36 5
16 37 4
16 38 2
16 39 5
16 40 4
16 41 1
16 42 2
16 43 2
16 44 3
16 45 3
16 46 4
16 47 3
16 48 1
16 49 1
16 50 5
17 18 4
17 19 2
17 20 2
17 21 3
17 22 4
17 23 1
17 24 3
17 25 1
17 26 3
17 27 1
17 28 5
17 29 3
17 30 2
17 31 5
17 32 3
17 33 1
17 34 5
17 35 3
17 36 4
17 37 1
17 38 5
17 39 1
17 40 5
17 41 1
17 42 3
17 43 2
17 44 5
17 45 2
17 46 3
17 47 2
17 48 2
17 49 4
17 50 4
18 19 4
18 20 4
18 21 2
18 22 2
18 23 1
18 24 5
18 25 4
18 26 3
18 27 1
18 28 4
18 29 4
18 30 5
18 31 5
18 32 4
18 33 2
18 34 3
18 35 1
18 36 4
18 37 2
18 38 5
18 39 3
18 40 4
18 41 3
18 42 2
18 43 5
18 44 4
18 45 4
18 46 1
18 47 2
18 48 3
18 49 1
18 50 3
19 20 3
19 21 3
19 22 2
19 23 3
19 24 5
19 25 5
19 26 5
19 27 1
19 28 2
19 29 3
19 30 2
19 31 5
19 32 3
19 33 5
19 34 5
19 35 1
19 36 2
19 37 5
19 38 1
19 39 5
19 40 2
19 41 2
19 42 2
19 43 5
19 44 5
19 45 4
19 46 1
19 47 5
19 48 4
19 49 5
19 50 3
20 21 5
20 22 3
20 23 4
20 24 2
20 25 1
20 26 3
20 27 1
20 28 5
20 29 3
20 30 4
20 31 3
20 32 2
20 33 4
20 34 2
20 35 1
20 36 3
20 37 1
20 38 4
20 39 1
20 40 4
20 41 4
20 42 2
20 43 2
20 44 3
20 45 3
20 46 3
20 47 3
20 48 1
20 49 2
20 50 3
21 22 5
21 23 3
21 24 5
21 25 1
21 26 4
21 27 1
21 28 4
21 29 1
21 30 3
21 31 5
21 32 1
21 33 1
21 34 5
21 35 2
21 36 5
21 37 5
21 38 2
21 39 3
21 40 5
21 41 2
21 42 1
21 43 2
21 44 2
21 45 2
21 46 5
21 47 5
21 48 5
21 49 2
21 50 2
22 23 3
22 24 3
22 25 3
22 26 1
22 27 5
22 28 4
22 29 5
22 30 4
22 31 2
22 32 2
22 33 1
22 34 2
22 35 3
22 36 4
22 37 5
22 38 2
22 39 4
22 40 3
22 41 3
22 42 2
22 43 4
22 44 1
22 45 1
22 46 1
22 47 3
22 48 2
22 49 4
22 50 1
23 24 4
23 25 4
23 26 4
23 27 5
23 28 3
23 29 4
23 30 1
23 31 3
23 32 5
23 33 2
23 34 1
23 35 4
23 36 1
23 37 1
23 38 1
23 39 1
23 40 3
23 41 4
23 42 1
23 43 2
23 44 3
23 45 5
23 46 2
23 47 1
23 48 1
23 49 4
23 50 3
24 25 3
24 26 4
24 27 1
24 28 4
24 29 1
24 30 4
24 31 3
24 32 1
24 33 3
24 34 4
24 35 1
24 36 3
24 37 4
24 38 4
24 39 4
24 40 2
24 41 2
24 42 5
24 43 4
24 44 1
24 45 5
24 46 3
24 47 2
24 48 1
24 49 4
24 50 5
25 26 3
25 27 5
25 28 5
25 29 5
25 30 1
25 31 4
25 32 5
25 33 5
25 34 3
25 35 4
25 36 4
25 37 5
25 38 4
25 39 1
25 40 1
25 41 4
25 42 5
25 43 5
25 44 5
25 45 2
25 46 5
25 47 1
25 48 3
25 49 3
25 50 2
26 27 5
26 28 5
26 29 4
26 30 1
26 31 1
26 32 4
26 33 2
26 34 5
26 35 1
26 36 4
26 37 5
26 38 1
26 39 4
26 40 1
26 41 5
26 42 3
26 43 2
26 44 3
26 45 2
26 46 2
26 47 3
26 48 2
26 49 5
26 50 5
27 28 1
27 29 4
27 30 4
27 31 2
27 32 3
27 33 2
27 34 4
27 35 1
27 36 3
27 37 1
27 38 1
27 39 2
27 40 2
27 41 3
27 42 5
27 43 4
27 44 3
27 45 5
27 46 4
27 47 5
27 48 5
27 49 5
27 50 3
28 29 1
28 30 5
28 31 3
28 32 3
28 33 2
28 34 5
28 35 3
28 36 2
28 37 3
28 38 4
28 39 5
28 40 4
28 41 2
28 42 2
28 43 5
28 44 2
28 45 3
28 46 4
28 47 2
28 48 3
28 49 1
28 50 3
29 30 5
29 31 5
29 32 3
29 33 1
29 34 2
29 35 1
29 36 5
29 37 4
29 38 2
29 39 1
29 40 4
29 41 3
29 42 5
29 43 3
29 44 5
29 45 3
29 46 1
29 47 2
29 48 4
29 49 3
29 50 3
30 31 4
30 32 4
30 33 1
30 34 2
30 35 4
30 36 3
30 37 4
30 38 1
30 39 3
30 40 1
30 41 5
30 42 3
30 43 5
30 44 3
30 45 4
30 46 5
30 47 3
30 48 5
30 49 4
30 50 1
31 32 1
31 33 5
31 34 5
31 35 4
31 36 5
31 37 4
31 38 3
31 39 1
31 40 4
31 41 5
31 42 1
31 43 4
31 44 1
31 45 3
31 46 5
31 47 3
31 48 3
31 49 1
31 50 4
32 33 3
32 34 1
32 35 4
32 36 1
32 37 5
32 38 4
32 39 1
32 40 4
32 41 2
32 42 5
32 43 3
32 44 3
32 45 1
32 46 4
32 47 2
32 48 1
32 49 3
32 50 5
33 34 5
33 35 1
33 36 2
33 37 1
33 38 2
33 39 4
33 40 5
33 41 4
33 42 4
33 43 5
33 44 1
33 45 1
33 46 3
33 47 5
33 48 3
33 49 4
33 50 2
34 35 5
34 36 3
34 37 4
34 38 4
34 39 3
34 40 2
34 41 2
34 42 4
34 43 3
34 44 3
34 45 3
34 46 3
34 47 1
34 48 1
34 49 1
34 50 1
35 36 1
35 37 1
35 38 5
35 39 1
35 40 2
35 41 5
35 42 2
35 43 1
35 44 5
35 45 1
35 46 3
35 47 3
35 48 1
35 49 3
35 50 5
36 37 2
36 38 4
36 39 3
36 40 5
36 41 5
36 42 4
36 43 1
36 44 4
36 45 3
36 46 5
36 47 4
36 48 3
36 49 5
36 50 3
37 38 4
37 39 2
37 40 1
37 41 3
37 42 3
37 43 5
37 44 3
37 45 3
37 46 5
37 47 3
37 48 5
37 49 3
37 50 2
38 39 3
38 40 1
38 41 5
38 42 1
38 43 3
38 44 5
38 45 4
38 46 1
38 47 5
38 48 5
38 49 1
38 50 5
39 40 1
39 41 1
39 42 2
39 43 1
39 44 4
39 45 4
39 46 5
39 47 4
39 48 5
39 49 1
39 50 1
40 41 2
40 42 4
40 43 4
40 44 5
40 45 3
40 46 4
40 47 5
40 48 4
40 49 1
40 50 1
41 42 4
41 43 3
41 44 2
41 45 3
41 46 3
41 47 2
41 48 3
41 49 4
41 50 4
42 43 1
42 44 3
42 45 4
42 46 5
42 47 3
42 48 3
42 49 1
42 50 3
43 44 1
43 45 3
43 46 3
43 47 2
43 48 2
43 49 5
43 50 4
44 45 3
44 46 2
44 47 2
44 48 5
44 49 4
44 50 3
45 46 2
45 47 1
45 48 2
45 49 3
45 50 2
46 47 5
46 48 4
46 49 4
46 50 3
47 48 3
47 49 2
47 50 1
48 49 3
48 50 1
49 50 4
