100 4950
1 2 3
1 3 1
1 4 4
1 5 4
1 6 5
1 7 5
1 8 4
1 9 2
1 10 3
1 11 3
1 12 4
1 13 2
1 14 2
1 15 4
1 16 4
1 17 4
1 18 4
1 19 4
1 20 1
1 21 1
1 22 2
1 23 3
1 24 5
1 25 4
1 26 3
1 27 3
1 28 3
1 29 5
1 30 4
1 31 1
1 32 5
1 33 5
1 34 3
1 35 1
1 36 1
1 37 4
1 38 5
1 39 4
1 40 5
1 41 1
1 42 2
1 43 5
1 44 2
1 45 2
1 46 5
1 47 5
1 48 2
1 49 1
1 50 2
1 51 4
1 52 3
1 53 1
1 54 4
1 55 2
1 56 4
1 57 3
1 58 5
1 59 1
1 60 1
1 61 3
1 62 3
1 63 2
1 64 5
1 65 2
1 66 1
1 67 1
1 68 5
1 69 4
1 70 2
1 71 4
1 72 1
1 73 5
1 74 4
1 75 1
1 76 3
1 77 4
1 78 4
1 79 4
1 80 1
1 81 5
1 82 4
1 83 3
1 84 3
1 85 4
1 86 4
1 87 2
1 88 2
1 89 5
1 90 1
1 91 1
1 92 5
1 93 2
1 94 1
1 95 5
1 96 3
1 97 3
1 98 4
1 99 1
1 100 4
2 3 2
2 4 5
2 5 5
2 6 2
2 7 5
2 8 3
2 9 2
2 10 3
2 11 1
2 12 2
2 13 3
2 14 3
2 15 3
2 16 1
2 17 1
2 18 4
2 19 5
2 20 4
2 21 5
2 22 3
2 23 1
2 24 4
2 25 3
2 26 5
2 27 1
2 28 4
2 29 2
2 30 3
2 31 3
2 32 2
2 33 5
2 34 1
2 35 1
2 36 4
2 37 1
2 38 1
2 39 3
2 40 3
2 41 3
2 42 2
2 43 5
2 44 5
2 45 5
2 46 3
2 47 2
2 48 4
2 49 4
2 50 2
2 51 2
2 52 5
2 53 2
2 54 1
2 55 5
2 56 5
2 57 5
2 58 1
2 59 2
2 60 1
2 61 4
2 62 2
2 63 1
2 64 1
2 65 4
2 66 4
2 67 2
2 68 1
2 69 1
2 70 3
2 71 5
2 72 2
2 73 3
2 74 2
2 75 1
2 76 1
2 77 4
2 78 4
2 79 3
2 80 2
2 81 3
2 82 1
2 83 3
2 84 1
2 85 3
2 86 3
2 87 5
2 88 4
2 89 1
2 90 2
2 91 3
2 92 3
2 93 1
2 94 1
2 95 1
2 96 4
2 97 2
2 98 2
2 99 3
2 100 1
3 4 4
3 5 2
3 6 2
3 7 3
3 8 2
3 9 5
3 10 4
3 11 3
3 12 3
3 13 4
3 14 2
3 15 5
3 16 5
3 17 4
3 18 2
3 19 2
3 20 5
3 21 4
3 22 5
3 23 5
3 24 5
3 25 2
3 26 3
3 27 2
3 28 1
3 29 5
3 30 1
3 31 3
3 32 5
3 33 2
3 34 2
3 35 2
3 36 3
3 37 5
3 38 5
3 39 3
3 40 5
3 41 3
3 42 1
3 43 5
3 44 1
3 45 2
3 46 2
3 47 1
3 48 1
3 49 2
3 50 3
3 51 2
3 52 3
3 53 4
3 54 1
3 55 3
3 56 3
3 57 1
3 58 4
3 59 5
3 60 3
3 61 2
3 62 5
3 63 4
3 64 4
3 65 4
3 66 1
3 67 1
3 68 5
3 69 1
3 70 5
3 71 3
3 72 4
3 73 2
3 74 5
3 75 4
3 76 3
3 77 5
3 78 1
3 79 2
3 80 5
3 81 1
3 82 5
3 83 3
3 84 1
3 85 1
3 86 5
3 87 3
3 88 2
3 89 5
3 90 2
3 91 1
3 92 4
3 93 4
3 94 2
3 95 3
3 96 4
3 97 3
3 98 5
3 99 4
3 100 3
4 5 4
4 6 4
4 7 5
4 8 4
4 9 3
4 10 5
4 11 2
4 12 2
4 13 3
4 14 2
4 15 4
4 16 4
4 17 5
4 18 1
4 19 2
4 20 3
4 21 5
4 22 1
4 23 1
4 24 5
4 25 3
4 26 1
4 27 3
4 28 5
4 29 1
4 30 4
4 31 4
4 32 2
4 33 1
4 34 5
4 35 5
4 36 3
4 37 3
4 38 5
4 39 4
4 40 4
4 41 1
4 42 1
4 43 3
4 44 3
4 45 3
4 46 5
4 47 1
4 48 4
4 49 5
4 50 2
4 51 2
4 52 3
4 53 3
4 54 3
4 55 4
4 56 5
4 57 3
4 58 3
4 59 2
4 60 4
4 61 4
4 62 4
4 63 4
4 64 4
4 65 3
4 66 3
4 67 2
4 68 1
4 69 5
4 70 4
4 71 2
4 72 3
4 73 1
4 74 1
4 75 3
4 76 1
4 77 1
4 78 3
4 79 4
4 80 2
4 81 1
4 82 4
4 83 2
4 84 4
4 85 2
4 86 2
4 87 3
4 88 5
4 89 3
4 90 4
4 91 3
4 92 2
4 93 3
4 94 4
4 95 4
4 96 3
4 97 3
4 98 4
4 99 1
4 100 2
5 6 3
5 7 4
5 8 4
5 9 4
5 10 3
5 11 3
5 12 2
5 13 3
5 14 3
5 15 5
5 16 5
5 17 3
5 18 3
5 19 4
5 20 1
5 21 3
5 22 1
5 23 5
5 24 4
5 25 3
5 26 2
5 27 3
5 28 4
5 29 3
5 30 4
5 31 5
5 32 4
5 33 4
5 34 2
5 35 1
5 36 3
5 37 5
5 38 1
5 39 5
5 40 5
5 41 3
5 42 1
5 43 4
5 44 5
5 45 5
5 46 3
5 47 4
5 48 4
5 49 2
5 50 4
5 51 1
5 52 4
5 53 2
5 54 4
5 55 2
5 56 4
5 57 3
5 58 3
5 59 4
5 60 5
5 61 1
5 62 2
5 63 5
5 64 4
5 65 5
5 66 2
5 67 5
5 68 3
5 69 1
5 70 2
5 71 4
5 72 4
5 73 1
5 74 5
5 75 2
5 76 1
5 77 1
5 78 1
5 79 4
5 80 2
5 81 2
5 82 3
5 83 5
5 84 3
5 85 5
5 86 4
5 87 3
5 88 2
5 89 3
5 90 3
5 91 2
5 92 1
5 93 4
5 94 1
5 95 3
5 96 1
5 97 3
5 98 5
5 99 1
5 100 4
6 7 1
6 8 3
6 9 2
6 10 4
6 11 1
6 12 1
6 13 1
6 14 4
6 15 2
6 16 1
6 17 3
6 18 4
6 19 5
6 20 4
6 21 4
6 22 2
6 23 4
6 24 1
6 25 5
6 26 1
6 27 1
6 28 3
6 29 3
6 30 3
6 31 1
6 32 1
6 33 2
6 34 5
6 35 3
6 36 4
6 37 3
6 38 4
6 39 3
6 40 4
6 41 4
6 42 5
6 43 5
6 44 3
6 45 3
6 46 3
6 47 1
6 48 1
6 49 2
6 50 3
6 51 1
6 52 5
6 53 5
6 54 2
6 55 2
6 56 3
6 57 4
6 58 3
6 59 1
6 60 3
6 61 3
6 62 4
6 63 2
6 64 5
6 65 5
6 66 1
6 67 4
6 68 3
6 69 4
6 70 3
6 71 4
6 72 3
6 73 1
6 74 1
6 75 5
6 76 3
6 77 2
6 78 2
6 79 2
6 80 5
6 81 3
6 82 4
6 83 5
6 84 2
6 85 4
6 86 5
6 87 4
6 88 4
6 89 3
6 90 3
6 91 5
6 92 3
6 93 5
6 94 1
6 95 2
6 96 4
6 97 3
6 98 5
6 99 4
6 100 5
7 8 2
7 9 4
7 10 5
7 11 5
7 12 1
7 13 1
7 14 5
7 15 5
7 16 1
7 17 2
7 18 4
7 19 1
7 20 1
7 21 1
7 22 2
7 23 1
7 24 1
7 25 4
7 26 5
7 27 4
7 28 1
7 29 4
7 30 4
7 31 5
7 32 3
7 33 3
7 34 3
7 35 3
7 36 1
7 37 3
7 38 1
7 39 1
7 40 3
7 41 5
7 42 5
7 43 3
7 44 5
7 45 3
7 46 2
7 47 4
7 48 3
7 49 4
7 50 1
7 51 4
7 52 1
7 53 4
7 54 2
7 55 4
7 56 4
7 57 1
7 58 2
7 59 5
7 60 2
7 61 2
7 62 3
7 63 3
7 64 5
7 65 2
7 66 5
7 67 3
7 68 3
7 69 4
7 70 2
7 71 3
7 72 4
7 73 5
7 74 4
7 75 1
7 76 2
7 77 4
7 78 1
7 79 1
7 80 1
7 81 5
7 82 5
7 83 5
7 84 4
7 85 5
7 86 4
7 87 5
7 88 4
7 89 3
7 90 4
7 91 1
7 92 3
7 93 4
7 94 3
7 95 3
7 96 4
7 97 4
7 98 4
7 99 3
7 100 5
8 9 3
8 10 2
8 11 5
8 12 2
8 13 2
8 14 1
8 15 4
8 16 2
8 17 3
8 18 5
8 19 1
8 20 3
8 21 4
8 22 5
8 23 5
8 24 1
8 25 2
8 26 1
8 27 5
8 28 5
8 29 5
8 30 4
8 31 3
8 32 4
8 33 5
8 34 3
8 35 3
8 36 1
8 37 4
8 38 2
8 39 1
8 40 5
8 41 1
8 42 4
8 43 2
8 44 4
8 45 3
8 46 3
8 47 1
8 48 2
8 49 5
8 50 2
8 51 2
8 52 3
8 53 3
8 54 4
8 55 3
8 56 3
8 57 3
8 58 4
8 59 1
8 60 2
8 61 1
8 62 2
8 63 5
8 64 5
8 65 5
8 66 3
8 67 1
8 68 2
8 69 2
8 70 1
8 71 3
8 72 5
8 73 4
8 74 5
8 75 5
8 76 2
8 77 2
8 78 1
8 79 1
8 80 2
8 81 2
8 82 3
8 83 4
8 84 1
8 85 5
8 86 1
8 87 5
8 88 5
8 89 4
8 90 4
8 91 5
8 92 5
8 93 3
8 94 5
8 95 3
8 96 3
8 97 1
8 98 5
8 99 5
8 100 5
9 10 5
9 11 1
9 12 5
9 13 3
9 14 2
9 15 3
9 16 1
9 17 3
9 18 4
9 19 2
9 20 4
9 21 2
9 22 1
9 23 2
9 24 2
9 25 1
9 26 3
9 27 4
9 28 4
9 29 1
9 30 4
9 31 2
9 32 3
9 33 5
9 34 2
9 35 3
9 36 5
9 37 4
9 38 1
9 39 1
9 40 5
9 41 3
9 42 3
9 43 3
9 44 4
9 45 1
9 46 4
9 47 5
9 48 3
9 49 5
9 50 5
9 51 2
9 52 4
9 53 1
9 54 5
9 55 5
9 56 1
9 57 3
9 58 1
9 59 4
9 60 5
9 61 5
9 62 2
9 63 4
9 64 3
9 65 1
9 66 5
9 67 2
9 68 4
9 69 5
9 70 4
9 71 4
9 72 1
9 73 4
9 74 2
9 75 5
9 76 3
9 77 5
9 78 2
9 79 3
9 80 1
9 81 3
9 82 1
9 83 4
9 84 1
9 85 1
9 86 5
9 87 4
9 88 3
9 89 1
9 90 2
9 91 1
9 92 2
9 93 2
9 94 4
9 95 3
9 96 2
9 97 4
9 98 4
9 99 1
9 100 4
10 11 3
10 12 4
10 13 5
10 14 4
10 15 2
10 16 5
10 17 1
10 18 2
10 19 1
10 20 5
10 21 5
10 22 4
10 23 5
10 24 2
10 25 4
10 26 1
10 27 4
10 28 2
10 29 4
10 30 3
10 31 5
10 32 3
10 33 1
10 34 4
10 35 3
10 36 4
10 37 4
10 38 1
10 39 3
10 40 3
10 41 4
10 42 4
10 43 3
10 44 1
10 45 4
10 46 3
10 47 1
10 48 5
10 49 4
10 50 2
10 51 2
10 52 3
10 53 1
10 54 1
10 55 4
10 56 3
10 57 1
10 58 1
10 59 5
10 60 2
10 61 3
10 62 2
10 63 5
10 64 2
10 65 4
10 66 3
10 67 5
10 68 3
10 69 1
10 70 4
10 71 4
10 72 4
10 73 1
10 74 2
10 75 3
10 76 4
10 77 1
10 78 2
10 79 1
10 80 2
10 81 3
10 82 1
10 83 4
10 84 3
10 85 5
10 86 3
10 87 1
10 88 3
10 89 4
10 90 4
10 91 4
10 92 2
10 93 2
10 94 3
10 95 3
10 96 5
10 97 2
10 98 1
10 99 1
10 100 4
11 12 1
11 13 5
11 14 5
11 15 2
11 16 5
11 17 1
11 18 2
11 19 3
11 20 5
11 21 1
11 22 2
11 23 2
11 24 1
11 25 3
11 26 2
11 27 3
11 28 3
11 29 4
11 30 2
11 31 4
11 32 5
11 33 2
11 34 1
11 35 5
11 36 3
11 37 5
11 38 3
11 39 2
11 40 5
11 41 4
11 42 2
11 43 4
11 44 1
11 45 2
11 46 2
11 47 5
11 48 4
11 49 5
11 50 2
11 51 5
11 52 3
11 53 3
11 54 2
11 55 2
11 56 2
11 57 2
11 58 2
11 59 3
11 60 4
11 61 3
11 62 4
11 63 3
11 64 3
11 65 5
11 66 5
11 67 2
11 68 2
11 69 4
11 70 1
11 71 1
11 72 2
11 73 5
11 74 2
11 75 1
11 76 5
11 77 2
11 78 2
11 79 5
11 80 2
11 81 3
11 82 3
11 83 3
11 84 1
11 85 4
11 86 4
11 87 2
11 88 4
11 89 4
11 90 3
11 91 5
11 92 1
11 93 4
11 94 1
11 95 5
11 96 5
11 97 2
11 98 2
11 99 5
11 100 4
12 13 2
12 14 4
12 15 2
12 16 4
12 17 2
12 18 2
12 19 2
12 20 4
12 21 1
12 22 3
12 23 5
12 24 4
12 25 5
12 26 1
12 27 1
12 28 2
12 29 1
12 30 4
12 31 4
12 32 4
12 33 3
12 34 5
12 35 1
12 36 3
12 37 5
12 38 3
12 39 4
12 40 1
12 41 3
12 42 3
12 43 1
12 44 2
12 45 5
12 46 2
12 47 1
12 48 1
12 49 5
12 50 3
12 51 3
12 52 4
12 53 5
12 54 2
12 55 2
12 56 2
12 57 4
12 58 4
12 59 1
12 60 5
12 61 2
12 62 5
12 63 2
12 64 5
12 65 2
12 66 1
12 67 1
12 68 2
12 69 4
12 70 4
12 71 3
12 72 5
12 73 1
12 74 1
12 75 4
12 76 5
12 77 5
12 78 4
12 79 5
12 80 5
12 81 4
12 82 4
12 83 1
12 84 4
12 85 1
12 86 1
12 87 5
12 88 2
12 89 4
12 90 4
12 91 2
12 92 3
12 93 4
12 94 5
12 95 5
12 96 3
12 97 4
12 98 5
12 99 1
12 100 4
13 14 3
13 15 2
13 16 5
13 17 1
13 18 1
13 19 1
13 20 4
13 21 4
13 22 2
13 23 1
13 24 5
13 25 4
13 26 3
13 27 3
13 28 4
13 29 3
13 30 5
13 31 1
13 32 4
13 33 3
13 34 5
13 35 3
13 36 2
13 37 1
13 38 2
13 39 4
13 40 3
13 41 5
13 42 5
13 43 5
13 44 2
13 45 2
13 46 5
13 47 4
13 48 4
13 49 5
13 50 4
13 51 3
13 52 4
13 53 2
13 54 5
13 55 5
13 56 2
13 57 2
13 58 2
13 59 3
13 60 3
13 61 2
13 62 4
13 63 3
13 64 5
13 65 1
13 66 5
13 67 4
13 68 5
13 69 3
13 70 5
13 71 2
13 72 1
13 73 5
13 74 2
13 75 5
13 76 2
13 77 1
13 78 5
13 79 5
13 80 1
13 81 5
13 82 3
13 83 3
13 84 4
13 85 5
13 86 3
13 87 4
13 88 1
13 89 2
13 90 5
13 91 1
13 92 5
13 93 3
13 94 4
13 95 3
13 96 4
13 97 4
13 98 3
13 99 1
13 100 1
14 15 1
14 16 3
14 17 1
14 18 3
14 19 4
14 20 1
14 21 4
14 22 1
14 23 3
14 24 2
14 25 2
14 26 1
14 27 2
14 28 3
14 29 4
14 30 5
14 31 4
14 32 3
14 33 5
14 34 3
14 35 3
14 36 3
14 37 2
14 38 2
14 39 4
14 40 2
14 41 2
14 42 2
14 43 2
14 44 1
14 45 2
14 46 4
14 47 2
14 48 5
14 49 3
14 50 2
14 51 5
14 52 3
14 53 3
14 54 4
14 55 3
14 56 3
14 57 4
14 58 1
14 59 1
14 60 5
14 61 5
14 62 1
14 63 4
14 64 2
14 65 5
14 66 3
14 67 2
14 68 3
14 69 1
14 70 2
14 71 5
14 72 1
14 73 1
14 74 3
14 75 1
14 76 2
14 77 2
14 78 1
14 79 4
14 80 3
14 81 4
14 82 2
14 83 5
14 84 4
14 85 5
14 86 3
14 87 2
14 88 4
14 89 5
14 90 4
14 91 1
14 92 4
14 93 1
14 94 3
14 95 4
14 96 5
14 97 4
14 98 2
14 99 5
14 100 2
15 16 4
15 17 4
15 18 1
15 19 1
15 20 1
15 21 4
15 22 4
15 23 2
15 24 2
15 25 1
15 26 1
15 27 4
15 28 1
15 29 3
15 30 1
15 31 5
15 32 3
15 33 3
15 34 3
15 35 4
15 36 5
15 37 1
15 38 3
15 39 4
15 40 3
15 41 4
15 42 3
15 43 2
15 44 5
15 45 4
15 46 3
15 47 1
15 48 1
15 49 3
15 50 4
15 51 5
15 52 4
15 53 1
15 54 5
15 55 2
15 56 4
15 57 5
15 58 5
15 59 4
15 60 5
15 61 2
15 62 5
15 63 5
15 64 4
15 65 1
15 66 5
15 67 2
15 68 3
15 69 5
15 70 2
15 71 2
15 72 5
15 73 5
15 74 4
15 75 2
15 76 4
15 77 4
15 78 5
15 79 5
15 80 3
15 81 4
15 82 4
15 83 4
15 84 2
15 85 5
15 86 1
15 87 1
15 88 4
15 89 2
15 90 4
15 91 4
15 92 1
15 93 5
15 94 4
15 95 2
15 96 5
15 97 3
15 98 2
15 99 2
15 100 1
16 17 3
16 18 4
16 19 5
16 20 4
16 21 3
16 22 2
16 23 3
16 24 3
16 25 5
16 26 5
16 27 5
16 28 3
16 29 5
16 30 5
16 31 3
16 32 3
16 33 4
16 34 3
16 35 2
16 36 2
16 37 1
16 38 1
16 39 4
16 40 3
16 41 4
16 42 3
16 43 1
16 44 3
16 45 2
16 46 4
16 47 1
16 48 4
16 49 2
16 50 5
16 51 5
16 52 3
16 53 4
16 54 1
16 55 5
16 56 1
16 57 3
16 58 5
16 59 2
16 60 5
16 61 2
16 62 5
16 63 5
16 64 5
16 65 1
16 66 2
16 67 5
16 68 5
16 69 2
16 70 1
16 71 3
16 72 5
16 73 4
16 74 3
16 75 5
16 76 1
16 77 2
16 78 5
16 79 2
16 80 5
16 81 3
16 82 2
16 83 4
16 84 1
16 85 5
16 86 4
16 87 5
16 88 4
16 89 2
16 90 5
16 91 3
16 92 1
16 93 5
16 94 2
16 95 1
16 96 3
16 97 5
16 98 1
16 99 3
16 100 1
17 18 3
17 19 4
17 20 4
17 21 2
17 22 3
17 23 3
17 24 3
17 25 5
17 26 5
17 27 1
17 28 4
17 29 4
17 30 1
17 31 4
17 32 5
17 33 2
17 34 4
17 35 1
17 36 3
17 37 5
17 38 4
17 39 2
17 40 1
17 41 1
17 42 3
17 43 1
17 44 3
17 45 1
17 46 1
17 47 1
17 48 2
17 49 4
17 50 5
17 51 4
17 52 1
17 53 3
17 54 2
17 55 5
17 56 1
17 57 4
17 58 2
17 59 5
17 60 3
17 61 4
17 62 2
17 63 5
17 64 1
17 65 4
17 66 4
17 67 4
17 68 5
17 69 1
17 70 5
17 71 4
17 72 4
17 73 5
17 74 1
17 75 5
17 76 2
17 77 3
17 78 2
17 79 1
17 80 3
17 81 5
17 82 5
17 83 2
17 84 1
17 85 3
17 86 4
17 87 1
17 88 2
17 89 5
17 90 5
17 91 5
17 92 5
17 93 2
17 94 2
17 95 1
17 96 4
17 97 2
17 98 3
17 99 4
17 100 2
18 19 1
18 20 1
18 21 4
18 22 1
18 23 5
18 24 5
18 25 4
18 26 3
18 27 1
18 28 4
18 29 2
18 30 2
18 31 2
18 32 2
18 33 4
18 34 1
18 35 2
18 36 1
18 37 2
18 38 4
18 39 1
18 40 4
18 41 1
18 42 3
18 43 4
18 44 3
18 45 2
18 46 4
18 47 2
18 48 2
18 49 3
18 50 3
18 51 3
18 52 5
18 53 1
18 54 1
18 55 3
18 56 2
18 57 5
18 58 1
18 59 1
18 60 5
18 61 3
18 62 5
18 63 3
18 64 5
18 65 4
18 66 4
18 67 5
18 68 3
18 69 1
18 70 3
18 71 3
18 72 2
18 73 5
18 74 3
18 75 2
18 76 3
18 77 4
18 78 4
18 79 4
18 80 1
18 81 5
18 82 4
18 83 5
18 84 2
18 85 2
18 86 2
18 87 3
18 88 3
18 89 2
18 90 2
18 91 2
18 92 2
18 93 1
18 94 2
18 95 5
18 96 4
18 97 3
18 98 2
18 99 2
18 100 5
19 20 3
19 21 3
19 22 4
19 23 5
19 24 5
19 25 5
19 26 1
19 27 5
19 28 4
19 29 3
19 30 4
19 31 3
19 32 5
19 33 1
19 34 1
19 35 2
19 36 3
19 37 3
19 38 4
19 39 4
19 40 4
19 41 4
19 42 5
19 43 4
19 44 3
19 45 4
19 46 2
19 47 5
19 48 5
19 49 3
19 50 3
19 51 5
19 52 2
19 53 5
19 54 2
19 55 3
19 56 3
19 57 3
19 58 3
19 59 4
19 60 1
19 61 4
19 62 1
19 63 4
19 64 5
19 65 2
19 66 1
19 67 2
19 68 4
19 69 5
19 70 2
19 71 4
19 72 3
19 73 4
19 74 3
19 75 2
19 76 3
19 77 3
19 78 1
19 79 4
19 80 3
19 81 1
19 82 4
19 83 1
19 84 5
19 85 3
19 86 4
19 87 4
19 88 2
19 89 4
19 90 2
19 91 4
19 92 1
19 93 1
19 94 1
19 95 1
19 96 5
19 97 2
19 98 4
19 99 5
19 100 1
20 21 3
20 22 1
20 23 4
20 24 4
20 25 5
20 26 1
20 27 5
20 28 1
20 29 3
20 30 4
20 31 1
20 32 2
20 33 5
20 34 4
20 35 4
20 36 2
20 37 3
20 38 2
20 39 3
20 40 2
20 41 4
20 42 5
20 43 3
20 44 3
20 45 3
20 46 4
20 47 4
20 48 2
20 49 5
20 50 3
20 51 4
20 52 5
20 53 2
20 54 5
20 55 2
20 56 4
20 57 2
20 58 5
20 59 3
20 60 2
20 61 3
20 62 2
20 63 1
20 64 4
20 65 1
20 66 4
20 67 1
20 68 3
20 69 3
20 70 1
20 71 3
20 72 2
20 73 2
20 74 5
20 75 3
20 76 4
20 77 3
20 78 2
20 79 4
20 80 3
20 81 4
20 82 1
20 83 1
20 84 4
20 85 3
20 86 4
20 87 4
20 88 1
20 89 3
20 90 5
20 91 2
20 92 2
20 93 2
20 94 1
20 95 5
20 96 2
20 97 4
20 98 3
20 99 2
20 100 4
21 22 1
21 23 1
21 24 5
21 25 5
21 26 4
21 27 3
21 28 2
21 29 5
21 30 5
21 31 5
21 32 1
21 33 5
21 34 5
21 35 4
21 36 1
21 37 5
21 38 4
21 39 3
21 40 3
21 41 3
21 42 2
21 43 4
21 44 2
21 45 1
21 46 3
21 47 4
21 48 5
21 49 1
21 50 1
21 51 2
21 52 5
21 53 4
21 54 4
21 55 2
21 56 4
21 57 1
21 58 1
21 59 5
21 60 1
21 61 4
21 62 1
21 63 4
21 64 3
21 65 5
21 66 5
21 67 4
21 68 3
21 69 5
21 70 4
21 71 1
21 72 2
21 73 4
21 74 1
21 75 5
21 76 2
21 77 1
21 78 4
21 79 1
21 80 2
21 81 1
21 82 2
21 83 4
21 84 5
21 85 4
21 86 3
21 87 5
21 88 4
21 89 1
21 90 1
21 91 3
21 92 3
21 93 3
21 94 2
21 95 4
21 96 3
21 97 2
21 98 1
21 99 4
21 100 4
22 23 5
22 24 2
22 25 3
22 26 1
22 27 2
22 28 4
22 29 4
22 30 1
22 31 5
22 32 5
22 33 4
22 34 1
22 35 2
22 36 3
22 37 1
22 38 1
22 39 4
22 40 2
22 41 5
22 42 1
22 43 5
22 44 2
22 45 4
22 46 4
22 47 3
22 48 4
22 49 5
22 50 1
22 51 2
22 52 2
22 53 1
22 54 4
22 55 3
22 56 2
22 57 5
22 58 1
22 59 2
22 60 4
22 61 2
22 62 2
22 63 4
22 64 5
22 65 1
22 66 3
22 67 1
22 68 3
22 69 2
22 70 2
22 71 4
22 72 3
22 73 4
22 74 3
22 75 5
22 76 5
22 77 3
22 78 4
22 79 3
22 80 4
22 81 3
22 82 2
22 83 5
22 84 4
22 85 2
22 86 2
22 87 3
22 88 1
22 89 3
22 90 3
22 91 4
22 92 1
22 93 3
22 94 1
22 95 2
22 96 5
22 97 2
22 98 1
22 99 1
22 100 2
23 24 5
23 25 5
23 26 4
23 27 4
23 28 1
23 29 3
23 30 1
23 31 4
23 32 3
23 33 5
23 34 3
23 35 5
23 36 4
23 37 2
23 38 5
23 39 5
23 40 5
23 41 4
23 42 3
23 43 2
23 44 3
23 45 5
23 46 3
23 47 3
23 48 3
23 49 1
23 50 1
23 51 2
23 52 4
23 53 1
23 54 2
23 55 5
23 56 4
23 57 5
23 58 3
23 59 1
23 60 1
23 61 3
23 62 3
23 63 5
23 64 2
23 65 2
23 66 4
23 67 3
23 68 5
23 69 3
23 70 1
23 71 1
23 72 5
23 73 5
23 74 5
23 75 3
23 76 5
23 77 4
23 78 2
23 79 5
23 80 1
23 81 4
23 82 1
23 83 4
23 84 2
23 85 3
23 86 2
23 87 3
23 88 1
23 89 2
23 90 2
23 91 1
23 92 2
23 93 2
23 94 2
23 95 1
23 96 2
23 97 1
23 98 5
23 99 2
23 100 4
24 25 2
24 26 1
24 27 1
24 28 1
24 29 4
24 30 2
24 31 4
24 32 5
24 33 2
24 34 1
24 35 5
24 36 5
24 37 3
24 38 1
24 39 3
24 40 5
24 41 5
24 42 5
24 43 2
24 44 1
24 45 1
24 46 5
24 47 3
24 48 1
24 49 2
24 50 2
24 51 2
24 52 3
24 53 5
24 54 2
24 55 1
24 56 1
24 57 2
24 58 2
24 59 3
24 60 4
24 61 1
24 62 5
24 63 2
24 64 4
24 65 4
24 66 2
24 67 5
24 68 1
24 69 5
24 70 1
24 71 3
24 72 4
24 73 2
24 74 1
24 75 4
24 76 4
24 77 4
24 78 2
24 79 5
24 80 1
24 81 1
24 82 1
24 83 2
24 84 4
24 85 2
24 86 4
24 87 2
24 88 4
24 89 5
24 90 3
24 91 3
24 92 1
24 93 5
24 94 4
24 95 2
24 96 4
24 97 5
24 98 2
24 99 1
24 100 1
25 26 3
25 27 4
25 28 3
25 29 3
25 30 3
25 31 4
25 32 3
25 33 3
25 34 3
25 35 1
25 36 5
25 37 4
25 38 2
25 39 3
25 40 3
25 41 5
25 42 2
25 43 5
25 44 2
25 45 2
25 46 4
25 47 1
25 48 2
25 49 3
25 50 4
25 51 2
25 52 2
25 53 5
25 54 4
25 55 4
25 56 1
25 57 3
25 58 4
25 59 5
25 60 5
25 61 2
25 62 3
25 63 2
25 64 1
25 65 1
25 66 4
25 67 4
25 68 5
25 69 4
25 70 1
25 71 1
25 72 3
25 73 3
25 74 3
25 75 5
25 76 5
25 77 4
25 78 4
25 79 4
25 80 2
25 81 2
25 82 4
25 83 3
25 84 2
25 85 2
25 86 1
25 87 4
25 88 3
25 89 4
25 90 2
25 91 2
25 92 1
25 93 4
25 94 3
25 95 3
25 96 3
25 97 4
25 98 4
25 99 4
25 100 2
26 27 2
26 28 1
26 29 5
26 30 3
26 31 1
26 32 4
26 33 1
26 34 2
26 35 3
26 36 4
26 37 2
26 38 1
26 39 2
26 40 3
26 41 2
26 42 3
26 43 1
26 44 1
26 45 1
26 46 5
26 47 4
26 48 5
26 49 4
26 50 4
26 51 1
26 52 2
26 53 3
26 54 2
26 55 5
26 56 1
26 57 1
26 58 1
26 59 1
26 60 4
26 61 4
26 62 3
26 63 1
26 64 4
26 65 5
26 66 5
26 67 4
26 68 1
26 69 3
26 70 4
26 71 3
26 72 4
26 73 5
26 74 3
26 75 4
26 76 3
26 77 3
26 78 5
26 79 4
26 80 3
26 81 3
26 82 1
26 83 3
26 84 4
26 85 5
26 86 2
26 87 4
26 88 5
26 89 3
26 90 4
26 91 5
26 92 2
26 93 1
26 94 4
26 95 1
26 96 4
26 97 5
26 98 1
26 99 2
26 100 2
27 28 4
27 29 4
27 30 2
27 31 1
27 32 5
27 33 5
27 34 5
27 35 2
27 36 3
27 37 1
27 38 3
27 39 2
27 40 1
27 41 5
27 42 4
27 43 3
27 44 4
27 45 4
27 46 4
27 47 1
27 48 2
27 49 5
27 50 3
27 51 4
27 52 4
27 53 5
27 54 4
27 55 3
27 56 3
27 57 1
27 58 2
27 59 2
27 60 2
27 61 4
27 62 4
27 63 1
27 64 1
27 65 5
27 66 1
27 67 5
27 68 2
27 69 4
27 70 5
27 71 4
27 72 1
27 73 4
27 74 1
27 75 5
27 76 3
27 77 3
27 78 2
27 79 5
27 80 3
27 81 5
27 82 5
27 83 4
27 84 1
27 85 4
27 86 2
27 87 3
27 88 1
27 89 3
27 90 2
27 91 2
27 92 3
27 93 2
27 94 2
27 95 2
27 96 5
27 97 5
27 98 4
27 99 5
27 100 3
28 29 4
28 30 2
28 31 5
28 32 2
28 33 3
28 34 5
28 35 1
28 36 3
28 37 5
28 38 3
28 39 5
28 40 2
28 41 5
28 42 3
28 43 2
28 44 2
28 45 2
28 46 5
28 47 3
28 48 4
28 49 4
28 50 1
28 51 1
28 52 2
28 53 3
28 54 4
28 55 1
28 56 3
28 57 3
28 58 1
28 59 5
28 60 4
28 61 4
28 62 3
28 63 2
28 64 4
28 65 2
28 66 3
28 67 4
28 68 4
28 69 5
28 70 4
28 71 4
28 72 4
28 73 2
28 74 4
28 75 5
28 76 1
28 77 5
28 78 1
28 79 5
28 80 3
28 81 2
28 82 2
28 83 5
28 84 4
28 85 4
28 86 5
28 87 2
28 88 2
28 89 4
28 90 4
28 91 4
28 92 2
28 93 3
28 94 3
28 95 5
28 96 2
28 97 5
28 98 2
28 99 4
28 100 5
29 30 1
29 31 4
29 32 5
29 33 1
29 34 1
29 35 3
29 36 4
29 37 3
29 38 3
29 39 4
29 40 4
29 41 1
29 42 5
29 43 2
29 44 3
29 45 1
29 46 5
29 47 4
29 48 4
29 49 4
29 50 5
29 51 4
29 52 1
29 53 1
29 54 3
29 55 3
29 56 1
29 57 5
29 58 2
29 59 2
29 60 3
29 61 5
29 62 5
29 63 4
29 64 1
29 65 4
29 66 3
29 67 5
29 68 5
29 69 1
29 70 1
29 71 4
29 72 3
29 73 5
29 74 5
29 75 1
29 76 1
29 77 5
29 78 5
29 79 1
29 80 4
29 81 1
29 82 5
29 83 1
29 84 1
29 85 1
29 86 1
29 87 4
29 88 2
29 89 1
29 90 4
29 91 2
29 92 4
29 93 3
29 94 1
29 95 3
29 96 3
29 97 5
29 98 3
29 99 2
29 100 5
30 31 4
30 32 5
30 33 3
30 34 1
30 35 3
30 36 1
30 37 5
30 38 1
30 39 3
30 40 2
30 41 4
30 42 2
30 43 1
30 44 3
30 45 3
30 46 1
30 47 2
30 48 5
30 49 5
30 50 4
30 51 2
30 52 2
30 53 2
30 54 1
30 55 3
30 56 1
30 57 3
30 58 2
30 59 2
30 60 5
30 61 5
30 62 3
30 63 1
30 64 4
30 65 4
30 66 5
30 67 2
30 68 4
30 69 3
30 70 1
30 71 4
30 72 1
30 73 2
30 74 1
30 75 2
30 76 4
30 77 4
30 78 3
30 79 2
30 80 1
30 81 4
30 82 1
30 83 3
30 84 5
30 85 4
30 86 1
30 87 3
30 88 4
30 89 3
30 90 4
30 91 2
30 92 5
30 93 2
30 94 2
30 95 1
30 96 1
30 97 5
30 98 4
30 99 3
30 100 2
31 32 4
31 33 3
31 34 1
31 35 2
31 36 1
31 37 1
31 38 4
31 39 3
31 40 2
31 41 3
31 42 4
31 43 3
31 44 3
31 45 2
31 46 4
31 47 5
31 48 1
31 49 4
31 50 1
31 51 1
31 52 4
31 53 5
31 54 3
31 55 2
31 56 4
31 57 2
31 58 3
31 59 1
31 60 4
31 61 2
31 62 1
31 63 4
31 64 5
31 65 5
31 66 3
31 67 5
31 68 3
31 69 3
31 70 4
31 71 4
31 72 1
31 73 2
31 74 3
31 75 4
31 76 4
31 77 4
31 78 1
31 79 2
31 80 2
31 81 4
31 82 3
31 83 2
31 84 4
31 85 2
31 86 3
31 87 4
31 88 4
31 89 4
31 90 5
31 91 1
31 92 1
31 93 3
31 94 5
31 95 4
31 96 2
31 97 5
31 98 4
31 99 5
31 100 5
32 33 3
32 34 4
32 35 1
32 36 5
32 37 4
32 38 2
32 39 5
32 40 3
32 41 4
32 42 2
32 43 5
32 44 2
32 45 2
32 46 1
32 47 1
32 48 5
32 49 4
32 50 3
32 51 1
32 52 4
32 53 3
32 54 1
32 55 5
32 56 5
32 57 3
32 58 1
32 59 4
32 60 2
32 61 4
32 62 5
32 63 2
32 64 2
32 65 2
32 66 4
32 67 5
32 68 3
32 69 2
32 70 4
32 71 4
32 72 1
32 73 3
32 74 2
32 75 1
32 76 3
32 77 2
32 78 2
32 79 5
32 80 2
32 81 1
32 82 2
32 83 3
32 84 1
32 85 5
32 86 4
32 87 2
32 88 2
32 89 4
32 90 1
32 91 4
32 92 3
32 93 3
32 94 5
32 95 4
32 96 1
32 97 3
32 98 4
32 99 4
32 100 5
33 34 5
33 35 2
33 36 1
33 37 5
33 38 3
33 39 5
33 40 5
33 41 4
33 42 2
33 43 2
33 44 5
33 45 3
33 46 3
33 47 1
33 48 1
33 49 2
33 50 2
33 51 1
33 52 5
33 53 4
33 54 3
33 55 4
33 56 2
33 57 1
33 58 3
33 59 3
33 60 5
33 61 3
33 62 4
33 63 5
33 64 3
33 65 5
33 66 5
33 67 1
33 68 2
33 69 4
33 70 4
33 71 4
33 72 4
33 73 5
33 74 5
33 75 2
33 76 1
33 77 2
33 78 1
33 79 3
33 80 4
33 81 4
33 82 1
33 83 4
33 84 5
33 85 1
33 86 3
33 87 4
33 88 4
33 89 1
33 90 3
33 91 1
33 92 1
33 93 5
33 94 3
33 95 1
33 96 3
33 97 5
33 98 4
33 99 4
33 100 5
34 35 3
34 36 4
34 37 4
34 38 4
34 39 5
34 40 3
34 41 2
34 42 4
34 43 5
34 44 4
34 45 1
34 46 1
34 47 2
34 48 5
34 49 3
34 50 3
34 51 1
34 52 4
34 53 5
34 54 5
34 55 3
34 56 2
34 57 3
34 58 1
34 59 5
34 60 2
34 61 3
34 62 4
34 63 3
34 64 1
34 65 5
34 66 4
34 67 4
34 68 2
34 69 3
34 70 2
34 71 4
34 72 3
34 73 5
34 74 5
34 75 3
34 76 5
34 77 2
34 78 3
34 79 5
34 80 4
34 81 4
34 82 4
34 83 2
34 84 2
34 85 5
34 86 4
34 87 1
34 88 5
34 89 1
34 90 5
34 91 5
34 92 4
34 93 1
34 94 5
34 95 1
34 96 3
34 97 2
34 98 1
34 99 4
34 100 5
35 36 4
35 37 2
35 38 5
35 39 1
35 40 1
35 41 5
35 42 5
35 43 4
35 44 5
35 45 4
35 46 2
35 47 5
35 48 1
35 49 2
35 50 3
35 51 4
35 52 3
35 53 5
35 54 4
35 55 3
35 56 4
35 57 5
35 58 1
35 59 1
35 60 3
35 61 5
35 62 3
35 63 3
35 64 3
35 65 2
35 66 2
35 67 1
35 68 2
35 69 4
35 70 2
35 71 4
35 72 2
35 73 4
35 74 1
35 75 5
35 76 2
35 77 5
35 78 2
35 79 3
35 80 1
35 81 1
35 82 4
35 83 4
35 84 4
35 85 5
35 86 2
35 87 2
35 88 2
35 89 1
35 90 5
35 91 1
35 92 1
35 93 1
35 94 3
35 95 2
35 96 2
35 97 4
35 98 1
35 99 5
35 100 1
36 37 1
36 38 5
36 39 3
36 40 5
36 41 4
36 42 4
36 43 5
36 44 3
36 45 3
36 46 4
36 47 5
36 48 4
36 49 5
36 50 4
36 51 5
36 52 5
36 53 2
36 54 5
36 55 1
36 56 2
36 57 1
36 58 5
36 59 4
36 60 5
36 61 2
36 62 2
36 63 1
36 64 1
36 65 2
36 66 5
36 67 3
36 68 3
36 69 1
36 70 1
36 71 5
36 72 3
36 73 5
36 74 2
36 75 2
36 76 2
36 77 3
36 78 1
36 79 5
36 80 2
36 81 1
36 82 3
36 83 4
36 84 5
36 85 5
36 86 4
36 87 3
36 88 3
36 89 5
36 90 4
36 91 2
36 92 2
36 93 5
36 94 5
36 95 3
36 96 1
36 97 1
36 98 2
36 99 5
36 100 5
37 38 4
37 39 5
37 40 2
37 41 4
37 42 2
37 43 5
37 44 5
37 45 2
37 46 5
37 47 2
37 48 1
37 49 4
37 50 4
37 51 2
37 52 2
37 53 4
37 54 2
37 55 3
37 56 5
37 57 3
37 58 3
37 59 2
37 60 5
37 61 3
37 62 2
37 63 1
37 64 5
37 65 5
37 66 1
37 67 5
37 68 1
37 69 4
37 70 3
37 71 2
37 72 1
37 73 3
37 74 2
37 75 3
37 76 5
37 77 1
37 78 3
37 79 4
37 80 2
37 81 2
37 82 5
37 83 3
37 84 5
37 85 3
37 86 3
37 87 2
37 88 5
37 89 4
37 90 1
37 91 2
37 92 4
37 93 4
37 94 1
37 95 5
37 96 3
37 97 4
37 98 3
37 99 1
37 100 2
38 39 5
38 40 2
38 41 4
38 42 2
38 43 3
38 44 4
38 45 5
38 46 3
38 47 5
38 48 1
38 49 1
38 50 2
38 51 4
38 52 3
38 53 2
38 54 1
38 55 2
38 56 3
38 57 5
38 58 4
38 59 2
38 60 2
38 61 2
38 62 2
38 63 4
38 64 1
38 65 5
38 66 4
38 67 2
38 68 4
38 69 3
38 70 5
38 71 1
38 72 4
38 73 5
38 74 5
38 75 2
38 76 4
38 77 3
38 78 1
38 79 5
38 80 4
38 81 1
38 82 3
38 83 2
38 84 2
38 85 3
38 86 2
38 87 3
38 88 2
38 89 4
38 90 2
38 91 2
38 92 2
38 93 2
38 94 2
38 95 3
38 96 2
38 97 5
38 98 2
38 99 2
38 100 5
39 40 5
39 41 3
39 42 1
39 43 5
39 44 3
39 45 1
39 46 2
39 47 2
39 48 3
39 49 2
39 50 5
39 51 4
39 52 1
39 53 5
39 54 3
39 55 1
39 56 3
39 57 5
39 58 1
39 59 2
39 60 1
39 61 5
39 62 1
39 63 5
39 64 1
39 65 5
39 66 1
39 67 2
39 68 2
39 69 3
39 70 5
39 71 2
39 72 5
39 73 4
39 74 1
39 75 5
39 76 3
39 77 1
39 78 1
39 79 5
39 80 2
39 81 5
39 82 3
39 83 5
39 84 3
39 85 1
39 86 2
39 87 3
39 88 2
39 89 5
39 90 5
39 91 3
39 92 5
39 93 4
39 94 5
39 95 1
39 96 5
39 97 2
39 98 4
39 99 1
39 100 2
40 41 4
40 42 4
40 43 5
40 44 1
40 45 1
40 46 2
40 47 2
40 48 5
40 49 3
40 50 4
40 51 3
40 52 5
40 53 3
40 54 2
40 55 3
40 56 5
40 57 5
40 58 1
40 59 2
40 60 2
40 61 4
40 62 1
40 63 1
40 64 3
40 65 2
40 66 2
40 67 3
40 68 1
40 69 3
40 70 5
40 71 2
40 72 2
40 73 5
40 74 3
40 75 3
40 76 1
40 77 4
40 78 5
40 79 4
40 80 2
40 81 3
40 82 1
40 83 2
40 84 1
40 85 5
40 86 5
40 87 3
40 88 1
40 89 4
40 90 4
40 91 3
40 92 1
40 93 4
40 94 2
40 95 5
40 96 5
40 97 2
40 98 5
40 99 4
40 100 2
41 42 3
41 43 4
41 44 1
41 45 3
41 46 1
41 47 1
41 48 5
41 49 3
41 50 1
41 51 5
41 52 3
41 53 5
41 54 3
41 55 2
41 56 5
41 57 2
41 58 2
41 59 3
41 60 1
41 61 1
41 62 2
41 63 1
41 64 3
41 65 5
41 66 4
41 67 5
41 68 5
41 69 1
41 70 4
41 71 4
41 72 5
41 73 3
41 74 2
41 75 3
41 76 4
41 77 4
41 78 1
41 79 5
41 80 5
41 81 4
41 82 2
41 83 4
41 84 5
41 85 1
41 86 5
41 87 5
41 88 4
41 89 5
41 90 5
41 91 2
41 92 4
41 93 4
41 94 2
41 95 3
41 96 2
41 97 4
41 98 1
41 99 4
41 100 1
42 43 3
42 44 5
42 45 5
42 46 1
42 47 2
42 48 5
42 49 5
42 50 2
42 51 1
42 52 1
42 53 4
42 54 2
42 55 5
42 56 1
42 57 5
42 58 3
42 59 5
42 60 3
42 61 1
42 62 4
42 63 2
42 64 2
42 65 1
42 66 2
42 67 2
42 68 1
42 69 3
42 70 5
42 71 4
42 72 5
42 73 1
42 74 5
42 75 5
42 76 3
42 77 4
42 78 1
42 79 5
42 80 4
42 81 5
42 82 2
42 83 3
42 84 1
42 85 2
42 86 3
42 87 3
42 88 2
42 89 4
42 90 2
42 91 2
42 92 5
42 93 2
42 94 1
42 95 1
42 96 5
42 97 1
42 98 2
42 99 1
42 100 1
43 44 5
43 45 4
43 46 3
43 47 1
43 48 3
43 49 5
43 50 2
43 51 5
43 52 1
43 53 4
43 54 5
43 55 4
43 56 1
43 57 3
43 58 3
43 59 1
43 60 2
43 61 3
43 62 3
43 63 5
43 64 4
43 65 3
43 66 3
43 67 4
43 68 5
43 69 3
43 70 5
43 71 4
43 72 5
43 73 5
43 74 1
43 75 1
43 76 3
43 77 2
43 78 2
43 79 5
43 80 4
43 81 2
43 82 4
43 83 2
43 84 2
43 85 3
43 86 3
43 87 4
43 88 5
43 89 2
43 90 2
43 91 5
43 92 3
43 93 2
43 94 3
43 95 2
43 96 3
43 97 1
43 98 3
43 99 5
43 100 5
44 45 3
44 46 5
44 47 1
44 48 3
44 49 3
44 50 5
44 51 3
44 52 3
44 53 5
44 54 4
44 55 3
44 56 5
44 57 1
44 58 1
44 59 4
44 60 1
44 61 3
44 62 2
44 63 4
44 64 3
44 65 4
44 66 1
44 67 1
44 68 1
44 69 5
44 70 1
44 71 2
44 72 3
44 73 5
44 74 3
44 75 4
44 76 3
44 77 5
44 78 5
44 79 1
44 80 4
44 81 5
44 82 2
44 83 2
44 84 5
44 85 1
44 86 3
44 87 4
44 88 5
44 89 3
44 90 5
44 91 2
44 92 3
44 93 1
44 94 5
44 95 2
44 96 1
44 97 3
44 98 2
44 99 3
44 100 5
45 46 2
45 47 4
45 48 4
45 49 3
45 50 2
45 51 5
45 52 2
45 53 1
45 54 5
45 55 5
45 56 5
45 57 4
45 58 4
45 59 1
45 60 4
45 61 3
45 62 1
45 63 5
45 64 5
45 65 5
45 66 3
45 67 5
45 68 5
45 69 2
45 70 2
45 71 1
45 72 1
45 73 3
45 74 2
45 75 5
45 76 4
45 77 1
45 78 4
45 79 2
45 80 1
45 81 1
45 82 5
45 83 1
45 84 2
45 85 4
45 86 4
45 87 3
45 88 2
45 89 3
45 90 1
45 91 5
45 92 4
45 93 5
45 94 5
45 95 4
45 96 2
45 97 4
45 98 4
45 99 2
45 100 4
46 47 4
46 48 4
46 49 2
46 50 5
46 51 5
46 52 2
46 53 5
46 54 3
46 55 5
46 56 4
46 57 5
46 58 2
46 59 3
46 60 5
46 61 3
46 62 5
46 63 5
46 64 1
46 65 4
46 66 1
46 67 5
46 68 4
46 69 5
46 70 2
46 71 5
46 72 1
46 73 5
46 74 2
46 75 2
46 76 3
46 77 1
46 78 4
46 79 1
46 80 3
46 81 4
46 82 4
46 83 4
46 84 4
46 85 5
46 86 3
46 87 5
46 88 3
46 89 2
46 90 2
46 91 3
46 92 1
46 93 1
46 94 3
46 95 1
46 96 3
46 97 5
46 98 5
46 99 3
46 100 4
47 48 3
47 49 2
47 50 3
47 51 3
47 52 5
47 53 5
47 54 2
47 55 2
47 56 5
47 57 5
47 58 3
47 59 3
47 60 5
47 61 5
47 62 4
47 63 5
47 64 5
47 65 4
47 66 5
47 67 3
47 68 4
47 69 3
47 70 5
47 71 2
47 72 5
47 73 4
47 74 2
47 75 2
47 76 4
47 77 5
47 78 3
47 79 3
47 80 5
47 81 5
47 82 2
47 83 2
47 84 2
47 85 1
47 86 1
47 87 5
47 88 3
47 89 2
47 90 3
47 91 5
47 92 2
47 93 4
47 94 1
47 95 2
47 96 5
47 97 2
47 98 5
47 99 2
47 100 3
48 49 5
48 50 2
48 51 4
48 52 2
48 53 5
48 54 1
48 55 2
48 56 4
48 57 1
48 58 2
48 59 5
48 60 1
48 61 4
48 62 2
48 63 1
48 64 2
48 65 1
48 66 4
48 67 4
48 68 3
48 69 2
48 70 4
48 71 1
48 72 1
48 73 1
48 74 4
48 75 1
48 76 2
48 77 2
48 78 1
48 79 1
48 80 3
48 81 3
48 82 4
48 83 2
48 84 2
48 85 3
48 86 4
48 87 1
48 88 3
48 89 2
48 90 5
48 91 5
48 92 3
48 93 3
48 94 5
48 95 1
48 96 5
48 97 3
48 98 4
48 99 2
48 100 1
49 50 5
49 51 5
49 52 4
49 53 3
49 54 1
49 55 5
49 56 4
49 57 1
49 58 1
49 59 1
49 60 5
49 61 2
49 62 5
49 63 3
49 64 4
49 65 4
49 66 5
49 67 1
49 68 2
49 69 2
49 70 2
49 71 1
49 72 2
49 73 1
49 74 4
49 75 5
49 76 5
49 77 3
49 78 2
49 79 3
49 80 1
49 81 1
49 82 5
49 83 4
49 84 2
49 85 1
49 86 5
49 87 5
49 88 2
49 89 2
49 90 4
49 91 4
49 92 4
49 93 5
49 94 3
49 95 5
49 96 5
49 97 1
49 98 5
49 99 3
49 100 2
50 51 5
50 52 4
50 53 4
50 54 2
50 55 3
50 56 3
50 57 5
50 58 5
50 59 2
50 60 4
50 61 5
50 62 3
50 63 1
50 64 3
50 65 2
50 66 5
50 67 3
50 68 2
50 69 2
50 70 1
50 71 2
50 72 1
50 73 2
50 74 3
50 75 3
50 76 4
50 77 4
50 78 2
50 79 1
50 80 5
50 81 3
50 82 1
50 83 1
50 84 3
50 85 3
50 86 1
50 87 3
50 88 1
50 89 2
50 90 4
50 91 2
50 92 2
50 93 5
50 94 5
50 95 2
50 96 5
50 97 1
50 98 1
50 99 5
50 100 3
51 52 3
51 53 4
51 54 4
51 55 1
51 56 2
51 57 5
51 58 5
51 59 2
51 60 4
51 61 2
51 62 5
51 63 1
51 64 1
51 65 3
51 66 1
51 67 4
51 68 1
51 69 4
51 70 4
51 71 5
51 72 4
51 73 4
51 74 5
51 75 4
51 76 2
51 77 2
51 78 1
51 79 1
51 80 1
51 81 2
51 82 5
51 83 4
51 84 2
51 85 1
51 86 3
51 87 5
51 88 1
51 89 5
51 90 5
51 91 3
51 92 2
51 93 2
51 94 1
51 95 3
51 96 5
51 97 2
51 98 5
51 99 2
51 100 1
52 53 4
52 54 2
52 55 2
52 56 5
52 57 1
52 58 2
52 59 3
52 60 4
52 61 3
52 62 5
52 63 3
52 64 4
52 65 5
52 66 2
52 67 2
52 68 5
52 69 4
52 70 4
52 71 2
52 72 1
52 73 3
52 74 4
52 75 3
52 76 2
52 77 1
52 78 4
52 79 1
52 80 4
52 81 5
52 82 2
52 83 4
52 84 2
52 85 2
52 86 5
52 87 4
52 88 4
52 89 4
52 90 1
52 91 1
52 92 5
52 93 5
52 94 2
52 95 3
52 96 4
52 97 1
52 98 3
52 99 5
52 100 4
53 54 2
53 55 4
53 56 4
53 57 4
53 58 3
53 59 2
53 60 5
53 61 1
53 62 4
53 63 5
53 64 1
53 65 5
53 66 4
53 67 3
53 68 4
53 69 4
53 70 2
53 71 3
53 72 3
53 73 2
53 74 1
53 75 3
53 76 4
53 77 2
53 78 3
53 79 3
53 80 5
53 81 4
53 82 2
53 83 5
53 84 1
53 85 3
53 86 4
53 87 2
53 88 5
53 89 2
53 90 4
53 91 2
53 92 2
53 93 1
53 94 5
53 95 5
53 96 3
53 97 5
53 98 4
53 99 2
53 100 1
54 55 4
54 56 4
54 57 5
54 58 3
54 59 1
54 60 1
54 61 4
54 62 2
54 63 5
54 64 4
54 65 1
54 66 3
54 67 2
54 68 5
54 69 5
54 70 2
54 71 2
54 72 2
54 73 2
54 74 2
54 75 1
54 76 3
54 77 5
54 78 4
54 79 1
54 80 4
54 81 5
54 82 1
54 83 4
54 84 2
54 85 4
54 86 5
54 87 3
54 88 1
54 89 5
54 90 2
54 91 2
54 92 1
54 93 2
54 94 1
54 95 4
54 96 3
54 97 4
54 98 2
54 99 5
54 100 5
55 56 4
55 57 4
55 58 1
55 59 5
55 60 5
55 61 4
55 62 2
55 63 3
55 64 4
55 65 3
55 66 5
55 67 1
55 68 4
55 69 1
55 70 2
55 71 1
55 72 5
55 73 5
55 74 3
55 75 3
55 76 2
55 77 4
55 78 1
55 79 3
55 80 4
55 81 3
55 82 5
55 83 1
55 84 1
55 85 3
55 86 4
55 87 5
55 88 3
55 89 1
55 90 4
55 91 3
55 92 3
55 93 5
55 94 4
55 95 1
55 96 2
55 97 5
55 98 3
55 99 1
55 100 2
56 57 5
56 58 5
56 59 3
56 60 4
56 61 5
56 62 4
56 63 4
56 64 5
56 65 3
56 66 2
56 67 2
56 68 5
56 69 4
56 70 2
56 71 2
56 72 3
56 73 4
56 74 5
56 75 4
56 76 2
56 77 3
56 78 1
56 79 1
56 80 3
56 81 1
56 82 2
56 83 1
56 84 5
56 85 2
56 86 3
56 87 2
56 88 3
56 89 3
56 90 1
56 91 2
56 92 1
56 93 5
56 94 2
56 95 2
56 96 4
56 97 4
56 98 5
56 99 4
56 100 3
57 58 1
57 59 2
57 60 5
57 61 1
57 62 3
57 63 5
57 64 4
57 65 4
57 66 2
57 67 3
57 68 5
57 69 1
57 70 3
57 71 5
57 72 3
57 73 4
57 74 3
57 75 3
57 76 4
57 77 1
57 78 5
57 79 1
57 80 1
57 81 3
57 82 2
57 83 5
57 84 1
57 85 3
57 86 1
57 87 5
57 88 3
57 89 2
57 90 2
57 91 5
57 92 1
57 93 5
57 94 5
57 95 4
57 96 5
57 97 5
57 98 4
57 99 3
57 100 5
58 59 2
58 60 2
58 61 3
58 62 4
58 63 1
58 64 1
58 65 3
58 66 4
58 67 5
58 68 4
58 69 3
58 70 5
58 71 2
58 72 2
58 73 5
58 74 2
58 75 5
58 76 5
58 77 3
58 78 5
58 79 1
58 80 2
58 81 4
58 82 3
58 83 1
58 84 3
58 85 2
58 86 3
58 87 5
58 88 2
58 89 5
58 90 5
58 91 5
58 92 1
58 93 4
58 94 3
58 95 2
58 96 3
58 97 1
58 98 4
58 99 4
58 100 4
59 60 4
59 61 5
59 62 4
59 63 4
59 64 5
59 65 4
59 66 2
59 67 2
59 68 3
59 69 3
59 70 5
59 71 4
59 72 2
59 73 3
59 74 2
59 75 3
59 76 3
59 77 3
59 78 2
59 79 2
59 80 3
59 81 1
59 82 5
59 83 5
59 84 2
59 85 1
59 86 5
59 87 1
59 88 1
59 89 1
59 90 2
59 91 2
59 92 3
59 93 5
59 94 3
59 95 4
59 96 1
59 97 5
59 98 4
59 99 5
59 100 5
60 61 4
60 62 1
60 63 1
60 64 3
60 65 4
60 66 3
60 67 3
60 68 4
60 69 3
60 70 2
60 71 3
60 72 3
60 73 3
60 74 1
60 75 2
60 76 4
60 77 1
60 78 5
60 79 1
60 80 1
60 81 5
60 82 5
60 83 4
60 84 1
60 85 4
60 86 4
60 87 2
60 88 1
60 89 2
60 90 3
60 91 1
60 92 5
60 93 1
60 94 1
60 95 2
60 96 1
60 97 3
60 98 5
60 99 3
60 100 2
61 62 5
61 63 1
61 64 4
61 65 3
61 66 1
61 67 1
61 68 5
61 69 2
61 70 5
61 71 5
61 72 4
61 73 2
61 74 3
61 75 3
61 76 5
61 77 3
61 78 2
61 79 4
61 80 2
61 81 4
61 82 3
61 83 3
61 84 3
61 85 3
61 86 4
61 87 2
61 88 5
61 89 5
61 90 1
61 91 1
61 92 3
61 93 5
61 94 5
61 95 5
61 96 1
61 97 1
61 98 5
61 99 4
61 100 2
62 63 3
62 64 5
62 65 3
62 66 3
62 67 2
62 68 2
62 69 3
62 70 3
62 71 3
62 72 3
62 73 5
62 74 2
62 75 4
62 76 4
62 77 5
62 78 2
62 79 4
62 80 2
62 81 2
62 82 5
62 83 5
62 84 2
62 85 5
62 86 3
62 87 2
62 88 5
62 89 1
62 90 2
62 91 5
62 92 4
62 93 5
62 94 5
62 95 5
62 96 2
62 97 5
62 98 4
62 99 1
62 100 1
63 64 2
63 65 3
63 66 1
63 67 5
63 68 2
63 69 4
63 70 1
63 71 4
63 72 5
63 73 1
63 74 3
63 75 5
63 76 4
63 77 5
63 78 3
63 79 4
63 80 3
63 81 2
63 82 2
63 83 1
63 84 5
63 85 4
63 86 5
63 87 2
63 88 1
63 89 1
63 90 2
63 91 4
63 92 2
63 93 4
63 94 1
63 95 4
63 96 4
63 97 4
63 98 5
63 99 2
63 100 5
64 65 5
64 66 3
64 67 2
64 68 3
64 69 4
64 70 3
64 71 5
64 72 1
64 73 1
64 74 4
64 75 3
64 76 1
64 77 4
64 78 3
64 79 1
64 80 2
64 81 1
64 82 4
64 83 4
64 84 2
64 85 5
64 86 4
64 87 2
64 88 3
64 89 5
64 90 4
64 91 2
64 92 1
64 93 2
64 94 1
64 95 1
64 96 2
64 97 1
64 98 4
64 99 2
64 100 1
65 66 4
65 67 3
65 68 5
65 69 3
65 70 1
65 71 4
65 72 3
65 73 2
65 74 2
65 75 1
65 76 2
65 77 3
65 78 5
65 79 2
65 80 3
65 81 5
65 82 3
65 83 2
65 84 5
65 85 1
65 86 5
65 87 1
65 88 5
65 89 4
65 90 1
65 91 3
65 92 5
65 93 1
65 94 1
65 95 1
65 96 3
65 97 1
65 98 4
65 99 3
65 100 4
66 67 2
66 68 5
66 69 2
66 70 2
66 71 4
66 72 1
66 73 5
66 74 5
66 75 3
66 76 3
66 77 5
66 78 4
66 79 1
66 80 3
66 81 1
66 82 2
66 83 1
66 84 2
66 85 5
66 86 4
66 87 1
66 88 4
66 89 5
66 90 5
66 91 2
66 92 2
66 93 2
66 94 3
66 95 4
66 96 5
66 97 1
66 98 3
66 99 1
66 100 2
67 68 3
67 69 5
67 70 1
67 71 4
67 72 3
67 73 4
67 74 1
67 75 3
67 76 4
67 77 2
67 78 3
67 79 4
67 80 1
67 81 1
67 82 3
67 83 3
67 84 3
67 85 4
67 86 5
67 87 3
67 88 5
67 89 4
67 90 2
67 91 2
67 92 4
67 93 5
67 94 4
67 95 1
67 96 3
67 97 1
67 98 1
67 99 3
67 100 1
68 69 4
68 70 3
68 71 3
68 72 4
68 73 3
68 74 5
68 75 4
68 76 2
68 77 4
68 78 5
68 79 1
68 80 1
68 81 3
68 82 3
68 83 1
68 84 3
68 85 5
68 86 5
68 87 4
68 88 4
68 89 5
68 90 5
68 91 1
68 92 5
68 93 1
68 94 2
68 95 3
68 96 1
68 97 2
68 98 2
68 99 5
68 100 4
69 70 4
69 71 4
69 72 4
69 73 3
69 74 4
69 75 4
69 76 1
69 77 5
69 78 5
69 79 1
69 80 5
69 81 3
69 82 5
69 83 3
69 84 2
69 85 4
69 86 3
69 87 1
69 88 1
69 89 4
69 90 4
69 91 5
69 92 1
69 93 4
69 94 2
69 95 1
69 96 4
69 97 5
69 98 2
69 99 4
69 100 5
70 71 4
70 72 3
70 73 2
70 74 5
70 75 1
70 76 1
70 77 5
70 78 2
70 79 5
70 80 4
70 81 1
70 82 4
70 83 5
70 84 2
70 85 1
70 86 2
70 87 5
70 88 1
70 89 2
70 90 2
70 91 2
70 92 2
70 93 5
70 94 5
70 95 1
70 96 3
70 97 5
70 98 5
70 99 3
70 100 2
71 72 4
71 73 3
71 74 4
71 75 5
71 76 5
71 77 3
71 78 2
71 79 5
71 80 1
71 81 2
71 82 3
71 83 2
71 84 4
71 85 4
71 86 2
71 87 4
71 88 2
71 89 1
71 90 1
71 91 1
71 92 3
71 93 1
71 94 3
71 95 2
71 96 3
71 97 2
71 98 5
71 99 5
71 100 4
72 73 4
72 74 2
72 75 5
72 76 3
72 77 1
72 78 5
72 79 4
72 80 2
72 81 2
72 82 4
72 83 5
72 84 3
72 85 5
72 86 5
72 87 2
72 88 4
72 89 1
72 90 3
72 91 4
72 92 3
72 93 1
72 94 4
72 95 1
72 96 3
72 97 1
72 98 5
72 99 1
72 100 5
73 74 5
73 75 1
73 76 1
73 77 5
73 78 4
73 79 1
73 80 4
73 81 4
73 82 4
73 83 4
73 84 4
73 85 5
73 86 1
73 87 3
73 88 2
73 89 3
73 90 3
73 91 5
73 92 3
73 93 3
73 94 2
73 95 4
73 96 4
73 97 2
73 98 4
73 99 4
73 100 2
74 75 2
74 76 5
74 77 1
74 78 2
74 79 3
74 80 2
74 81 5
74 82 1
74 83 5
74 84 5
74 85 1
74 86 3
74 87 5
74 88 3
74 89 4
74 90 5
74 91 4
74 92 2
74 93 4
74 94 5
74 95 5
74 96 2
74 97 5
74 98 2
74 99 4
74 100 4
75 76 1
75 77 2
75 78 2
75 79 1
75 80 4
75 81 3
75 82 1
75 83 3
75 84 5
75 85 3
75 86 5
75 87 2
75 88 3
75 89 3
75 90 1
75 91 4
75 92 1
75 93 2
75 94 4
75 95 4
75 96 1
75 97 3
75 98 3
75 99 5
75 100 3
76 77 1
76 78 2
76 79 4
76 80 3
76 81 1
76 82 3
76 83 3
76 84 2
76 85 4
76 86 5
76 87 4
76 88 5
76 89 2
76 90 1
76 91 3
76 92 3
76 93 2
76 94 1
76 95 1
76 96 2
76 97 4
76 98 4
76 99 3
76 100 5
77 78 2
77 79 5
77 80 5
77 81 5
77 82 3
77 83 3
77 84 2
77 85 2
77 86 3
77 87 4
77 88 3
77 89 4
77 90 3
77 91 5
77 92 5
77 93 1
77 94 3
77 95 4
77 96 1
77 97 5
77 98 4
77 99 3
77 100 5
78 79 2
78 80 5
78 81 2
78 82 2
78 83 1
78 84 3
78 85 4
78 86 5
78 87 5
78 88 2
78 89 2
78 90 4
78 91 5
78 92 2
78 93 4
78 94 4
78 95 5
78 96 5
78 97 2
78 98 4
78 99 5
78 100 2
79 80 2
79 81 5
79 82 5
79 83 2
79 84 2
79 85 1
79 86 3
79 87 1
79 88 5
79 89 2
79 90 1
79 91 4
79 92 5
79 93 2
79 94 3
79 95 1
79 96 4
79 97 1
79 98 1
79 99 2
79 100 1
80 81 2
80 82 2
80 83 2
80 84 2
80 85 3
80 86 4
80 87 5
80 88 3
80 89 4
80 90 4
80 91 2
80 92 3
80 93 3
80 94 5
80 95 5
80 96 1
80 97 5
80 98 3
80 99 4
80 100 5
81 82 1
81 83 5
81 84 5
81 85 1
81 86 4
81 87 4
81 88 5
81 89 5
81 90 3
81 91 3
81 92 5
81 93 5
81 94 1
81 95 4
81 96 3
81 97 2
81 98 4
81 99 2
81 100 1
82 83 5
82 84 3
82 85 4
82 86 2
82 87 4
82 88 4
82 89 5
82 90 3
82 91 1
82 92 2
82 93 4
82 94 1
82 95 3
82 96 2
82 97 3
82 98 4
82 99 5
82 100 2
83 84 1
83 85 2
83 86 2
83 87 3
83 88 5
83 89 1
83 90 4
83 91 3
83 92 3
83 93 2
83 94 4
83 95 4
83 96 5
83 97 3
83 98 4
83 99 4
83 100 1
84 85 3
84 86 2
84 87 2
84 88 4
84 89 3
84 90 5
84 91 4
84 92 1
84 93 2
84 94 1
84 95 2
84 96 2
84 97 2
84 98 2
84 99 5
84 100 1
85 86 3
85 87 5
85 88 5
85 89 2
85 90 3
85 91 5
85 92 4
85 93 2
85 94 3
85 95 1
85 96 5
85 97 1
85 98 3
85 99 1
85 100 2
86 87 3
86 88 2
86 89 4
86 90 1
86 91 1
86 92 3
86 93 3
86 94 3
86 95 4
86 96 4
86 97 1
86 98 4
86 99 1
86 100 1
87 88 1
87 89 2
87 90 5
87 91 3
87 92 1
87 93 4
87 94 5
87 95 5
87 96 4
87 97 3
87 98 4
87 99 5
87 100 4
88 89 2
88 90 5
88 91 1
88 92 3
88 93 1
88 94 1
88 95 2
88 96 1
88 97 5
88 98 1
88 99 2
88 100 5
89 90 3
89 91 3
89 92 4
89 93 2
89 94 1
89 95 3
89 96 2
89 97 4
89 98 1
89 99 1
89 100 5
90 91 5
90 92 1
90 93 4
90 94 3
90 95 1
90 96 5
90 97 4
90 98 4
90 99 1
90 100 2
91 92 1
91 93 2
91 94 5
91 95 4
91 96 5
91 97 1
91 98 5
91 99 2
91 100 1
92 93 4
92 94 3
92 95 2
92 96 5
92 97 4
92 98 2
92 99 1
92 100 4
93 94 2
93 95 2
93 96 2
93 97 3
93 98 3
93 99 3
93 100 5
94 95 3
94 96 2
94 97 3
94 98 2
94 99 3
94 100 2
95 96 1
95 97 4
95 98 3
95 99 5
95 100 2
96 97 2
96 98 3
96 99 2
96 100 2
97 98 5
97 99 4
97 100 5
98 99 3
98 100 4
99 100 3
