100 4950
1 2 4
1 3 5
1 4 4
1 5 2
1 6 5
1 7 4
1 8 5
1 9 5
1 10 1
1 11 4
1 12 5
1 13 2
1 14 3
1 15 1
1 16 1
1 17 1
1 18 5
1 19 4
1 20 3
1 21 4
1 22 2
1 23 2
1 24 1
1 25 1
1 26 3
1 27 3
1 28 3
1 29 5
1 30 4
1 31 3
1 32 4
1 33 4
1 34 5
1 35 4
1 36 1
1 37 1
1 38 4
1 39 1
1 40 1
1 41 4
1 42 5
1 43 2
1 44 1
1 45 4
1 46 1
1 47 5
1 48 1
1 49 3
1 50 1
1 51 4
1 52 1
1 53 3
1 54 1
1 55 5
1 56 1
1 57 4
1 58 4
1 59 5
1 60 5
1 61 3
1 62 1
1 63 2
1 64 2
1 65 4
1 66 4
1 67 1
1 68 5
1 69 3
1 70 4
1 71 1
1 72 1
1 73 3
1 74 5
1 75 5
1 76 3
1 77 4
1 78 3
1 79 1
1 80 1
1 81 3
1 82 1
1 83 1
1 84 4
1 85 1
1 86 2
1 87 5
1 88 2
1 89 3
1 90 5
1 91 2
1 92 3
1 93 4
1 94 4
1 95 1
1 96 4
1 97 4
1 98 4
1 99 2
1 100 3
2 3 2
2 4 4
2 5 2
2 6 3
2 7 1
2 8 3
2 9 1
2 10 4
2 11 1
2 12 1
2 13 1
2 14 4
2 15 5
2 16 4
2 17 5
2 18 2
2 19 2
2 20 3
2 21 5
2 22 1
2 23 3
2 24 5
2 25 2
2 26 5
2 27 2
2 28 4
2 29 2
2 30 1
2 31 1
2 32 5
2 33 3
2 34 4
2 35 4
2 36 2
2 37 4
2 38 4
2 39 2
2 40 4
2 41 2
2 42 2
2 43 5
2 44 2
2 45 3
2 46 5
2 47 1
2 48 3
2 49 1
2 50 5
2 51 1
2 52 5
2 53 3
2 54 1
2 55 2
2 56 1
2 57 3
2 58 5
2 59 2
2 60 1
2 61 1
2 62 4
2 63 2
2 64 3
2 65 5
2 66 1
2 67 3
2 68 2
2 69 3
2 70 5
2 71 2
2 72 2
2 73 2
2 74 5
2 75 3
2 76 3
2 77 5
2 78 3
2 79 2
2 80 4
2 81 4
2 82 1
2 83 4
2 84 2
2 85 4
2 86 1
2 87 1
2 88 2
2 89 5
2 90 1
2 91 5
2 92 4
2 93 4
2 94 5
2 95 1
2 96 1
2 97 1
2 98 3
2 99 4
2 100 4
3 4 2
3 5 1
3 6 2
3 7 3
3 8 5
3 9 4
3 10 2
3 11 5
3 12 1
3 13 4
3 14 3
3 15 2
3 16 2
3 17 2
3 18 1
3 19 5
3 20 4
3 21 3
3 22 5
3 23 3
3 24 3
3 25 5
3 26 1
3 27 2
3 28 5
3 29 3
3 30 2
3 31 4
3 32 1
3 33 5
3 34 1
3 35 1
3 36 1
3 37 5
3 38 5
3 39 2
3 40 2
3 41 1
3 42 5
3 43 3
3 44 3
3 45 4
3 46 1
3 47 4
3 48 5
3 49 2
3 50 3
3 51 4
3 52 4
3 53 1
3 54 5
3 55 1
3 56 2
3 57 4
3 58 1
3 59 1
3 60 3
3 61 3
3 62 1
3 63 2
3 64 2
3 65 4
3 66 3
3 67 3
3 68 1
3 69 4
3 70 5
3 71 2
3 72 1
3 73 2
3 74 5
3 75 3
3 76 4
3 77 3
3 78 5
3 79 3
3 80 2
3 81 1
3 82 1
3 83 4
3 84 4
3 85 3
3 86 3
3 87 1
3 88 5
3 89 5
3 90 2
3 91 3
3 92 5
3 93 1
3 94 2
3 95 3
3 96 1
3 97 2
3 98 3
3 99 4
3 100 3
4 5 5
4 6 2
4 7 2
4 8 3
4 9 5
4 10 2
4 11 4
4 12 3
4 13 3
4 14 5
4 15 2
4 16 3
4 17 2
4 18 4
4 19 3
4 20 5
4 21 1
4 22 2
4 23 2
4 24 5
4 25 1
4 26 4
4 27 4
4 28 2
4 29 1
4 30 2
4 31 3
4 32 2
4 33 2
4 34 2
4 35 5
4 36 3
4 37 2
4 38 2
4 39 1
4 40 5
4 41 3
4 42 4
4 43 2
4 44 4
4 45 3
4 46 5
4 47 5
4 48 2
4 49 5
4 50 3
4 51 3
4 52 4
4 53 1
4 54 4
4 55 2
4 56 2
4 57 4
4 58 3
4 59 5
4 60 5
4 61 3
4 62 4
4 63 2
4 64 3
4 65 3
4 66 4
4 67 1
4 68 1
4 69 3
4 70 4
4 71 1
4 72 1
4 73 5
4 74 4
4 75 3
4 76 5
4 77 1
4 78 5
4 79 3
4 80 4
4 81 2
4 82 5
4 83 1
4 84 3
4 85 5
4 86 5
4 87 2
4 88 1
4 89 4
4 90 5
4 91 1
4 92 1
4 93 4
4 94 1
4 95 5
4 96 2
4 97 4
4 98 1
4 99 3
4 100 1
5 6 3
5 7 5
5 8 2
5 9 5
5 10 1
5 11 5
5 12 2
5 13 1
5 14 5
5 15 5
5 16 2
5 17 2
5 18 4
5 19 3
5 20 1
5 21 5
5 22 5
5 23 3
5 24 1
5 25 5
5 26 1
5 27 4
5 28 2
5 29 5
5 30 1
5 31 1
5 32 5
5 33 3
5 34 3
5 35 3
5 36 1
5 37 4
5 38 3
5 39 3
5 40 1
5 41 3
5 42 2
5 43 4
5 44 3
5 45 3
5 46 1
5 47 2
5 48 4
5 49 4
5 50 2
5 51 1
5 52 5
5 53 1
5 54 4
5 55 5
5 56 2
5 57 3
5 58 2
5 59 3
5 60 3
5 61 4
5 62 3
5 63 1
5 64 2
5 65 5
5 66 1
5 67 1
5 68 1
5 69 2
5 70 1
5 71 2
5 72 1
5 73 4
5 74 1
5 75 2
5 76 3
5 77 1
5 78 5
5 79 1
5 80 5
5 81 2
5 82 2
5 83 5
5 84 4
5 85 2
5 86 5
5 87 1
5 88 2
5 89 1
5 90 5
5 91 4
5 92 1
5 93 4
5 94 1
5 95 3
5 96 1
5 97 1
5 98 5
5 99 3
5 100 4
6 7 2
6 8 4
6 9 5
6 10 3
6 11 2
6 12 1
6 13 3
6 14 2
6 15 1
6 16 1
6 17 2
6 18 1
6 19 3
6 20 5
6 21 4
6 22 2
6 23 1
6 24 2
6 25 2
6 26 5
6 27 5
6 28 5
6 29 2
6 30 4
6 31 1
6 32 2
6 33 4
6 34 4
6 35 1
6 36 3
6 37 4
6 38 3
6 39 4
6 40 3
6 41 2
6 42 5
6 43 3
6 44 3
6 45 1
6 46 5
6 47 5
6 48 2
6 49 4
6 50 5
6 51 3
6 52 4
6 53 3
6 54 4
6 55 2
6 56 4
6 57 2
6 58 5
6 59 5
6 60 3
6 61 4
6 62 3
6 63 5
6 64 1
6 65 2
6 66 5
6 67 5
6 68 3
6 69 3
6 70 1
6 71 4
6 72 3
6 73 4
6 74 2
6 75 2
6 76 3
6 77 4
6 78 3
6 79 3
6 80 2
6 81 5
6 82 5
6 83 2
6 84 1
6 85 2
6 86 2
6 87 5
6 88 2
6 89 3
6 90 1
6 91 2
6 92 3
6 93 4
6 94 2
6 95 1
6 96 3
6 97 3
6 98 1
6 99 4
6 100 5
7 8 1
7 9 1
7 10 4
7 11 2
7 12 1
7 13 4
7 14 4
7 15 3
7 16 1
7 17 1
7 18 5
7 19 4
7 20 3
7 21 5
7 22 4
7 23 4
7 24 5
7 25 5
7 26 1
7 27 1
7 28 4
7 29 2
7 30 5
7 31 5
7 32 5
7 33 5
7 34 1
7 35 3
7 36 1
7 37 5
7 38 5
7 39 3
7 40 1
7 41 2
7 42 4
7 43 5
7 44 2
7 45 3
7 46 1
7 47 5
7 48 5
7 49 3
7 50 5
7 51 5
7 52 4
7 53 3
7 54 5
7 55 3
7 56 3
7 57 2
7 58 4
7 59 5
7 60 5
7 61 1
7 62 1
7 63 2
7 64 4
7 65 2
7 66 1
7 67 2
7 68 5
7 69 1
7 70 4
7 71 5
7 72 3
7 73 3
7 74 1
7 75 3
7 76 2
7 77 5
7 78 1
7 79 2
7 80 5
7 81 2
7 82 1
7 83 2
7 84 1
7 85 4
7 86 2
7 87 5
7 88 5
7 89 3
7 90 2
7 91 1
7 92 3
7 93 1
7 94 2
7 95 2
7 96 4
7 97 2
7 98 1
7 99 3
7 100 3
8 9 2
8 10 4
8 11 3
8 12 3
8 13 2
8 14 5
8 15 5
8 16 2
8 17 3
8 18 4
8 19 4
8 20 5
8 21 3
8 22 2
8 23 4
8 24 3
8 25 5
8 26 4
8 27 3
8 28 4
8 29 5
8 30 1
8 31 5
8 32 5
8 33 3
8 34 5
8 35 1
8 36 5
8 37 4
8 38 4
8 39 2
8 40 4
8 41 3
8 42 5
8 43 1
8 44 1
8 45 2
8 46 3
8 47 4
8 48 5
8 49 4
8 50 3
8 51 4
8 52 5
8 53 2
8 54 3
8 55 2
8 56 3
8 57 3
8 58 4
8 59 5
8 60 4
8 61 2
8 62 3
8 63 3
8 64 3
8 65 3
8 66 1
8 67 3
8 68 1
8 69 5
8 70 1
8 71 3
8 72 1
8 73 5
8 74 4
8 75 5
8 76 5
8 77 1
8 78 1
8 79 4
8 80 2
8 81 5
8 82 3
8 83 4
8 84 4
8 85 1
8 86 2
8 87 5
8 88 2
8 89 2
8 90 5
8 91 3
8 92 1
8 93 5
8 94 1
8 95 4
8 96 1
8 97 3
8 98 3
8 99 3
8 100 1
9 10 2
9 11 4
9 12 3
9 13 3
9 14 4
9 15 1
9 16 5
9 17 1
9 18 1
9 19 3
9 20 3
9 21 5
9 22 1
9 23 3
9 24 2
9 25 3
9 26 4
9 27 5
9 28 4
9 29 2
9 30 3
9 31 3
9 32 3
9 33 1
9 34 2
9 35 4
9 36 1
9 37 4
9 38 4
9 39 4
9 40 2
9 41 3
9 42 1
9 43 2
9 44 3
9 45 1
9 46 4
9 47 5
9 48 3
9 49 1
9 50 2
9 51 4
9 52 3
9 53 4
9 54 3
9 55 1
9 56 5
9 57 1
9 58 5
9 59 3
9 60 3
9 61 2
9 62 5
9 63 3
9 64 1
9 65 2
9 66 4
9 67 5
9 68 3
9 69 5
9 70 1
9 71 5
9 72 4
9 73 4
9 74 5
9 75 3
9 76 3
9 77 3
9 78 3
9 79 3
9 80 1
9 81 5
9 82 1
9 83 2
9 84 5
9 85 1
9 86 3
9 87 5
9 88 2
9 89 3
9 90 4
9 91 4
9 92 4
9 93 4
9 94 2
9 95 2
9 96 1
9 97 2
9 98 1
9 99 4
9 100 5
10 11 5
10 12 2
10 13 3
10 14 1
10 15 2
10 16 3
10 17 1
10 18 1
10 19 4
10 20 5
10 21 4
10 22 1
10 23 5
10 24 1
10 25 5
10 26 3
10 27 5
10 28 2
10 29 2
10 30 3
10 31 4
10 32 1
10 33 2
10 34 5
10 35 3
10 36 2
10 37 3
10 38 3
10 39 2
10 40 1
10 41 4
10 42 3
10 43 1
10 44 1
10 45 3
10 46 4
10 47 5
10 48 2
10 49 1
10 50 5
10 51 1
10 52 1
10 53 3
10 54 1
10 55 4
10 56 4
10 57 5
10 58 1
10 59 5
10 60 1
10 61 4
10 62 5
10 63 2
10 64 4
10 65 4
10 66 2
10 67 1
10 68 3
10 69 5
10 70 2
10 71 3
10 72 4
10 73 3
10 74 1
10 75 1
10 76 4
10 77 4
10 78 3
10 79 1
10 80 1
10 81 1
10 82 1
10 83 3
10 84 4
10 85 3
10 86 1
10 87 4
10 88 1
10 89 3
10 90 2
10 91 4
10 92 5
10 93 2
10 94 5
10 95 5
10 96 3
10 97 5
10 98 4
10 99 5
10 100 5
11 12 2
11 13 5
11 14 3
11 15 5
11 16 4
11 17 1
11 18 4
11 19 5
11 20 1
11 21 3
11 22 5
11 23 4
11 24 4
11 25 4
11 26 4
11 27 4
11 28 1
11 29 4
11 30 2
11 31 2
11 32 5
11 33 4
11 34 2
11 35 5
11 36 3
11 37 3
11 38 4
11 39 4
11 40 4
11 41 3
11 42 4
11 43 3
11 44 4
11 45 3
11 46 5
11 47 3
11 48 1
11 49 3
11 50 4
11 51 5
11 52 2
11 53 2
11 54 4
11 55 1
11 56 1
11 57 3
11 58 2
11 59 4
11 60 4
11 61 1
11 62 5
11 63 3
11 64 5
11 65 4
11 66 3
11 67 5
11 68 5
11 69 5
11 70 1
11 71 5
11 72 5
11 73 4
11 74 2
11 75 1
11 76 3
11 77 3
11 78 2
11 79 4
11 80 1
11 81 1
11 82 5
11 83 2
11 84 5
11 85 5
11 86 3
11 87 1
11 88 3
11 89 1
11 90 2
11 91 4
11 92 3
11 93 3
11 94 2
11 95 1
11 96 2
11 97 5
11 98 4
11 99 4
11 100 5
12 13 1
12 14 4
12 15 4
12 16 4
12 17 1
12 18 2
12 19 5
12 20 1
12 21 3
12 22 4
12 23 3
12 24 2
12 25 3
12 26 4
12 27 1
12 28 5
12 29 1
12 30 4
12 31 2
12 32 4
12 33 5
12 34 5
12 35 2
12 36 4
12 37 3
12 38 4
12 39 4
12 40 4
12 41 3
12 42 2
12 43 2
12 44 4
12 45 2
12 46 4
12 47 5
12 48 1
12 49 4
12 50 5
12 51 2
12 52 2
12 53 1
12 54 3
12 55 4
12 56 5
12 57 2
12 58 3
12 59 5
12 60 1
12 61 3
12 62 4
12 63 2
12 64 3
12 65 5
12 66 4
12 67 2
12 68 4
12 69 5
12 70 5
12 71 2
12 72 4
12 73 1
12 74 5
12 75 4
12 76 3
12 77 2
12 78 5
12 79 2
12 80 4
12 81 4
12 82 3
12 83 3
12 84 1
12 85 3
12 86 1
12 87 5
12 88 1
12 89 3
12 90 4
12 91 2
12 92 3
12 93 5
12 94 1
12 95 1
12 96 5
12 97 2
12 98 3
12 99 4
12 100 5
13 14 2
13 15 5
13 16 1
13 17 4
13 18 3
13 19 3
13 20 3
13 21 5
13 22 1
13 23 2
13 24 2
13 25 3
13 26 1
13 27 5
13 28 4
13 29 5
13 30 1
13 31 3
13 32 1
13 33 3
13 34 3
13 35 2
13 36 2
13 37 2
13 38 4
13 39 1
13 40 2
13 41 5
13 42 3
13 43 5
13 44 3
13 45 1
13 46 2
13 47 5
13 48 5
13 49 3
13 50 5
13 51 4
13 52 3
13 53 3
13 54 3
13 55 4
13 56 3
13 57 3
13 58 2
13 59 1
13 60 3
13 61 2
13 62 3
13 63 4
13 64 4
13 65 3
13 66 4
13 67 4
13 68 4
13 69 2
13 70 1
13 71 5
13 72 3
13 73 4
13 74 5
13 75 4
13 76 5
13 77 2
13 78 4
13 79 1
13 80 4
13 81 2
13 82 1
13 83 5
13 84 1
13 85 3
13 86 5
13 87 5
13 88 1
13 89 2
13 90 2
13 91 5
13 92 5
13 93 2
13 94 5
13 95 1
13 96 5
13 97 4
13 98 4
13 99 5
13 100 2
14 15 2
14 16 4
14 17 4
14 18 5
14 19 1
14 20 4
14 21 5
14 22 2
14 23 5
14 24 2
14 25 3
14 26 5
14 27 3
14 28 5
14 29 2
14 30 2
14 31 5
14 32 3
14 33 5
14 34 5
14 35 3
14 36 4
14 37 5
14 38 2
14 39 5
14 40 2
14 41 5
14 42 4
14 43 5
14 44 3
14 45 5
14 46 4
14 47 3
14 48 5
14 49 5
14 50 3
14 51 3
14 52 4
14 53 2
14 54 4
14 55 2
14 56 5
14 57 4
14 58 2
14 59 3
14 60 4
14 61 5
14 62 2
14 63 2
14 64 3
14 65 1
14 66 2
14 67 4
14 68 4
14 69 2
14 70 3
14 71 1
14 72 3
14 73 4
14 74 5
14 75 2
14 76 3
14 77 2
14 78 1
14 79 3
14 80 5
14 81 5
14 82 3
14 83 4
14 84 5
14 85 2
14 86 2
14 87 3
14 88 5
14 89 2
14 90 2
14 91 3
14 92 3
14 93 1
14 94 2
14 95 4
14 96 3
14 97 1
14 98 5
14 99 2
14 100 1
15 16 4
15 17 1
15 18 2
15 19 4
15 20 4
15 21 1
15 22 2
15 23 2
15 24 2
15 25 2
15 26 4
15 27 5
15 28 5
15 29 3
15 30 1
15 31 4
15 32 3
15 33 3
15 34 1
15 35 5
15 36 3
15 37 3
15 38 3
15 39 2
15 40 3
15 41 1
15 42 4
15 43 5
15 44 3
15 45 5
15 46 3
15 47 5
15 48 4
15 49 3
15 50 3
15 51 5
15 52 3
15 53 2
15 54 5
15 55 2
15 56 4
15 57 2
15 58 4
15 59 3
15 60 4
15 61 2
15 62 1
15 63 1
15 64 4
15 65 2
15 66 1
15 67 4
15 68 4
15 69 2
15 70 5
15 71 3
15 72 1
15 73 2
15 74 3
15 75 3
15 76 5
15 77 4
15 78 5
15 79 1
15 80 1
15 81 1
15 82 3
15 83 4
15 84 2
15 85 4
15 86 1
15 87 3
15 88 4
15 89 4
15 90 4
15 91 3
15 92 5
15 93 5
15 94 5
15 95 3
15 96 2
15 97 3
15 98 4
15 99 3
15 100 1
16 17 3
16 18 2
16 19 5
16 20 4
16 21 3
16 22 4
16 23 5
16 24 4
16 25 2
16 26 3
16 27 1
16 28 5
16 29 2
16 30 1
16 31 5
16 32 1
16 33 4
16 34 1
16 35 3
16 36 4
16 37 2
16 38 2
16 39 5
16 40 3
16 41 4
16 42 4
16 43 4
16 44 5
16 45 1
16 46 5
16 47 5
16 48 2
16 49 2
16 50 1
16 51 2
16 52 1
16 53 2
16 54 3
16 55 3
16 56 4
16 57 2
16 58 5
16 59 3
16 60 3
16 61 3
16 62 2
16 63 3
16 64 1
16 65 1
16 66 3
16 67 5
16 68 5
16 69 1
16 70 4
16 71 2
16 72 4
16 73 5
16 74 5
16 75 2
16 76 5
16 77 2
16 78 5
16 79 3
16 80 2
16 81 1
16 82 5
16 83 2
16 84 3
16 85 3
16 86 1
16 87 3
16 88 1
16 89 4
16 90 2
16 91 2
16 92 1
16 93 4
16 94 2
16 95 4
16 96 5
16 97 5
16 98 4
16 99 2
16 100 3
17 18 4
17 19 2
17 20 4
17 21 4
17 22 2
17 23 2
17 24 4
17 25 3
17 26 2
17 27 4
17 28 2
17 29 2
17 30 1
17 31 4
17 32 3
17 33 3
17 34 2
17 35 1
17 36 4
17 37 5
17 38 3
17 39 4
17 40 3
17 41 4
17 42 5
17 43 2
17 44 5
17 45 2
17 46 3
17 47 1
17 48 3
17 49 1
17 50 3
17 51 1
17 52 1
17 53 2
17 54 5
17 55 3
17 56 2
17 57 5
17 58 2
17 59 2
17 60 1
17 61 5
17 62 3
17 63 1
17 64 4
17 65 4
17 66 1
17 67 5
17 68 1
17 69 3
17 70 4
17 71 3
17 72 2
17 73 1
17 74 4
17 75 1
17 76 1
17 77 1
17 78 5
17 79 4
17 80 5
17 81 1
17 82 4
17 83 5
17 84 4
17 85 1
17 86 2
17 87 1
17 88 1
17 89 4
17 90 3
17 91 1
17 92 2
17 93 1
17 94 2
17 95 5
17 96 4
17 97 2
17 98 3
17 99 2
17 100 1
18 19 5
18 20 5
18 21 4
18 22 3
18 23 4
18 24 2
18 25 5
18 26 4
18 27 2
18 28 1
18 29 5
18 30 1
18 31 1
18 32 3
18 33 4
18 34 2
18 35 2
18 36 4
18 37 3
18 38 3
18 39 5
18 40 5
18 41 1
18 42 1
18 43 4
18 44 3
18 45 2
18 46 5
18 47 1
18 48 1
18 49 3
18 50 4
18 51 1
18 52 3
18 53 4
18 54 2
18 55 4
18 56 5
18 57 2
18 58 1
18 59 1
18 60 1
18 61 2
18 62 1
18 63 1
18 64 2
18 65 1
18 66 5
18 67 1
18 68 5
18 69 2
18 70 1
18 71 2
18 72 2
18 73 1
18 74 3
18 75 4
18 76 5
18 77 5
18 78 3
18 79 5
18 80 2
18 81 5
18 82 5
18 83 3
18 84 4
18 85 4
18 86 5
18 87 5
18 88 2
18 89 5
18 90 4
18 91 5
18 92 4
18 93 4
18 94 3
18 95 5
18 96 4
18 97 2
18 98 3
18 99 4
18 100 2
19 20 3
19 21 5
19 22 4
19 23 3
19 24 2
19 25 3
19 26 5
19 27 4
19 28 4
19 29 3
19 30 2
19 31 5
19 32 4
19 33 5
19 34 1
19 35 5
19 36 3
19 37 1
19 38 2
19 39 2
19 40 3
19 41 1
19 42 4
19 43 2
19 44 2
19 45 3
19 46 3
19 47 3
19 48 4
19 49 2
19 50 2
19 51 4
19 52 4
19 53 4
19 54 3
19 55 4
19 56 2
19 57 5
19 58 4
19 59 1
19 60 5
19 61 4
19 62 3
19 63 1
19 64 3
19 65 1
19 66 1
19 67 4
19 68 1
19 69 3
19 70 1
19 71 4
19 72 4
19 73 1
19 74 2
19 75 4
19 76 4
19 77 4
19 78 4
19 79 1
19 80 3
19 81 1
19 82 5
19 83 2
19 84 5
19 85 5
19 86 5
19 87 4
19 88 2
19 89 4
19 90 5
19 91 1
19 92 1
19 93 4
19 94 3
19 95 1
19 96 3
19 97 5
19 98 2
19 99 2
19 100 1
20 21 2
20 22 4
20 23 4
20 24 3
20 25 2
20 26 5
20 27 5
20 28 5
20 29 5
20 30 2
20 31 2
20 32 5
20 33 4
20 34 3
20 35 4
20 36 2
20 37 1
20 38 3
20 39 2
20 40 1
20 41 2
20 42 5
20 43 5
20 44 3
20 45 2
20 46 2
20 47 2
20 48 1
20 49 3
20 50 1
20 51 3
20 52 2
20 53 5
20 54 3
20 55 3
20 56 1
20 57 2
20 58 2
20 59 1
20 60 3
20 61 2
20 62 1
20 63 1
20 64 5
20 65 5
20 66 2
20 67 3
20 68 1
20 69 2
20 70 5
20 71 3
20 72 1
20 73 5
20 74 2
20 75 2
20 76 2
20 77 1
20 78 1
20 79 3
20 80 2
20 81 5
20 82 1
20 83 4
20 84 4
20 85 3
20 86 5
20 87 5
20 88 4
20 89 1
20 90 5
20 91 5
20 92 5
20 93 2
20 94 1
20 95 4
20 96 1
20 97 4
20 98 1
20 99 2
20 100 1
21 22 5
21 23 4
21 24 1
21 25 4
21 26 5
21 27 5
21 28 5
21 29 1
21 30 2
21 31 4
21 32 3
21 33 4
21 34 1
21 35 1
21 36 1
21 37 3
21 38 5
21 39 5
21 40 5
21 41 3
21 42 5
21 43 5
21 44 2
21 45 3
21 46 5
21 47 3
21 48 4
21 49 3
21 50 1
21 51 5
21 52 4
21 53 3
21 54 5
21 55 1
21 56 4
21 57 2
21 58 1
21 59 2
21 60 1
21 61 1
21 62 5
21 63 2
21 64 2
21 65 3
21 66 4
21 67 3
21 68 4
21 69 1
21 70 1
21 71 4
21 72 1
21 73 5
21 74 3
21 75 3
21 76 2
21 77 5
21 78 5
21 79 2
21 80 2
21 81 5
21 82 2
21 83 5
21 84 1
21 85 2
21 86 1
21 87 1
21 88 4
21 89 1
21 90 4
21 91 1
21 92 3
21 93 5
21 94 4
21 95 1
21 96 3
21 97 4
21 98 5
21 99 4
21 100 3
22 23 4
22 24 1
22 25 3
22 26 4
22 27 5
22 28 4
22 29 1
22 30 1
22 31 3
22 32 1
22 33 3
22 34 1
22 35 1
22 36 1
22 37 2
22 38 1
22 39 3
22 40 1
22 41 3
22 42 2
22 43 3
22 44 1
22 45 3
22 46 2
22 47 3
22 48 1
22 49 5
22 50 5
22 51 2
22 52 3
22 53 5
22 54 2
22 55 1
22 56 2
22 57 1
22 58 4
22 59 3
22 60 2
22 61 4
22 62 5
22 63 3
22 64 3
22 65 4
22 66 1
22 67 5
22 68 5
22 69 4
22 70 5
22 71 5
22 72 1
22 73 3
22 74 2
22 75 2
22 76 4
22 77 2
22 78 5
22 79 2
22 80 1
22 81 5
22 82 5
22 83 4
22 84 5
22 85 2
22 86 3
22 87 2
22 88 2
22 89 2
22 90 3
22 91 5
22 92 4
22 93 1
22 94 3
22 95 1
22 96 1
22 97 2
22 98 4
22 99 5
22 100 2
23 24 2
23 25 3
23 26 5
23 27 4
23 28 2
23 29 1
23 30 3
23 31 4
23 32 1
23 33 2
23 34 2
23 35 4
23 36 4
23 37 1
23 38 4
23 39 2
23 40 4
23 41 2
23 42 5
23 43 5
23 44 1
23 45 1
23 46 1
23 47 4
23 48 3
23 49 1
23 50 3
23 51 5
23 52 2
23 53 2
23 54 3
23 55 3
23 56 2
23 57 1
23 58 3
23 59 4
23 60 1
23 61 1
23 62 5
23 63 1
23 64 4
23 65 4
23 66 1
23 67 4
23 68 4
23 69 5
23 70 5
23 71 2
23 72 2
23 73 4
23 74 3
23 75 1
23 76 2
23 77 4
23 78 1
23 79 2
23 80 3
23 81 4
23 82 2
23 83 2
23 84 5
23 85 3
23 86 2
23 87 2
23 88 4
23 89 4
23 90 1
23 91 4
23 92 4
23 93 3
23 94 4
23 95 2
23 96 3
23 97 4
23 98 3
23 99 2
23 100 2
24 25 5
24 26 4
24 27 3
24 28 1
24 29 1
24 30 3
24 31 3
24 32 5
24 33 5
24 34 5
24 35 1
24 36 5
24 37 5
24 38 3
24 39 3
24 40 5
24 41 5
24 42 2
24 43 5
24 44 5
24 45 1
24 46 2
24 47 2
24 48 4
24 49 2
24 50 3
24 51 1
24 52 1
24 53 3
24 54 3
24 55 3
24 56 2
24 57 3
24 58 5
24 59 4
24 60 4
24 61 1
24 62 5
24 63 2
24 64 1
24 65 3
24 66 3
24 67 5
24 68 2
24 69 3
24 70 3
24 71 5
24 72 4
24 73 2
24 74 4
24 75 3
24 76 2
24 77 1
24 78 5
24 79 4
24 80 2
24 81 4
24 82 5
24 83 3
24 84 5
24 85 2
24 86 4
24 87 2
24 88 2
24 89 3
24 90 3
24 91 2
24 92 1
24 93 2
24 94 5
24 95 5
24 96 4
24 97 3
24 98 2
24 99 1
24 100 3
25 26 4
25 27 5
25 28 3
25 29 5
25 30 3
25 31 3
25 32 4
25 33 4
25 34 4
25 35 2
25 36 4
25 37 4
25 38 2
25 39 4
25 40 2
25 41 4
25 42 3
25 43 3
25 44 5
25 45 3
25 46 3
25 47 5
25 48 2
25 49 4
25 50 4
25 51 1
25 52 2
25 53 2
25 54 3
25 55 5
25 56 5
25 57 1
25 58 2
25 59 1
25 60 1
25 61 3
25 62 2
25 63 2
25 64 3
25 65 5
25 66 5
25 67 2
25 68 3
25 69 4
25 70 5
25 71 4
25 72 1
25 73 5
25 74 3
25 75 1
25 76 1
25 77 4
25 78 3
25 79 5
25 80 1
25 81 3
25 82 4
25 83 5
25 84 3
25 85 3
25 86 4
25 87 1
25 88 3
25 89 5
25 90 3
25 91 1
25 92 4
25 93 5
25 94 1
25 95 2
25 96 5
25 97 4
25 98 5
25 99 1
25 100 1
26 27 5
26 28 5
26 29 5
26 30 4
26 31 3
26 32 3
26 33 5
26 34 5
26 35 4
26 36 2
26 37 3
26 38 2
26 39 3
26 40 4
26 41 5
26 42 1
26 43 1
26 44 1
26 45 5
26 46 3
26 47 1
26 48 1
26 49 2
26 50 3
26 51 5
26 52 1
26 53 3
26 54 2
26 55 3
26 56 4
26 57 2
26 58 5
26 59 4
26 60 5
26 61 1
26 62 5
26 63 1
26 64 1
26 65 5
26 66 5
26 67 5
26 68 5
26 69 4
26 70 4
26 71 1
26 72 1
26 73 5
26 74 3
26 75 5
26 76 3
26 77 5
26 78 2
26 79 5
26 80 2
26 81 4
26 82 4
26 83 1
26 84 5
26 85 3
26 86 1
26 87 4
26 88 4
26 89 2
26 90 5
26 91 5
26 92 3
26 93 5
26 94 1
26 95 4
26 96 1
26 97 1
26 98 3
26 99 1
26 100 1
27 28 2
27 29 3
27 30 4
27 31 3
27 32 2
27 33 1
27 34 2
27 35 1
27 36 3
27 37 2
27 38 5
27 39 4
27 40 5
27 41 1
27 42 2
27 43 1
27 44 2
27 45 5
27 46 4
27 47 5
27 48 3
27 49 2
27 50 3
27 51 2
27 52 5
27 53 2
27 54 3
27 55 2
27 56 2
27 57 5
27 58 3
27 59 4
27 60 4
27 61 2
27 62 4
27 63 1
27 64 3
27 65 3
27 66 5
27 67 4
27 68 1
27 69 1
27 70 2
27 71 1
27 72 5
27 73 1
27 74 5
27 75 2
27 76 5
27 77 3
27 78 2
27 79 4
27 80 1
27 81 2
27 82 4
27 83 5
27 84 2
27 85 1
27 86 2
27 87 1
27 88 1
27 89 2
27 90 1
27 91 2
27 92 1
27 93 2
27 94 5
27 95 4
27 96 5
27 97 3
27 98 5
27 99 1
27 100 2
28 29 3
28 30 1
28 31 5
28 32 5
28 33 2
28 34 4
28 35 2
28 36 1
28 37 5
28 38 4
28 39 4
28 40 1
28 41 4
28 42 3
28 43 5
28 44 4
28 45 3
28 46 5
28 47 4
28 48 3
28 49 4
28 50 1
28 51 3
28 52 4
28 53 3
28 54 1
28 55 2
28 56 5
28 57 3
28 58 1
28 59 3
28 60 2
28 61 5
28 62 2
28 63 2
28 64 2
28 65 3
28 66 4
28 67 3
28 68 2
28 69 5
28 70 2
28 71 4
28 72 2
28 73 4
28 74 4
28 75 4
28 76 5
28 77 4
28 78 2
28 79 4
28 80 2
28 81 1
28 82 3
28 83 3
28 84 2
28 85 5
28 86 3
28 87 3
28 88 4
28 89 4
28 90 4
28 91 5
28 92 5
28 93 3
28 94 1
28 95 2
28 96 4
28 97 5
28 98 1
28 99 3
28 100 4
29 30 4
29 31 3
29 32 5
29 33 2
29 34 5
29 35 1
29 36 1
29 37 4
29 38 2
29 39 5
29 40 3
29 41 5
29 42 2
29 43 5
29 44 1
29 45 2
29 46 5
29 47 5
29 48 5
29 49 5
29 50 1
29 51 3
29 52 2
29 53 5
29 54 5
29 55 4
29 56 2
29 57 2
29 58 2
29 59 5
29 60 2
29 61 1
29 62 2
29 63 3
29 64 2
29 65 5
29 66 4
29 67 1
29 68 5
29 69 4
29 70 2
29 71 4
29 72 5
29 73 2
29 74 3
29 75 1
29 76 4
29 77 2
29 78 2
29 79 2
29 80 5
29 81 3
29 82 2
29 83 3
29 84 3
29 85 3
29 86 2
29 87 2
29 88 2
29 89 5
29 90 4
29 91 3
29 92 4
29 93 3
29 94 3
29 95 1
29 96 1
29 97 2
29 98 2
29 99 4
29 100 5
30 31 5
30 32 1
30 33 1
30 34 5
30 35 3
30 36 1
30 37 1
30 38 4
30 39 2
30 40 4
30 41 3
30 42 1
30 43 1
30 44 1
30 45 4
30 46 5
30 47 2
30 48 4
30 49 3
30 50 1
30 51 3
30 52 2
30 53 3
30 54 2
30 55 1
30 56 1
30 57 2
30 58 4
30 59 5
30 60 4
30 61 5
30 62 4
30 63 5
30 64 4
30 65 3
30 66 2
30 67 1
30 68 3
30 69 3
30 70 4
30 71 1
30 72 4
30 73 1
30 74 1
30 75 1
30 76 5
30 77 1
30 78 4
30 79 2
30 80 2
30 81 4
30 82 1
30 83 2
30 84 4
30 85 2
30 86 3
30 87 5
30 88 5
30 89 5
30 90 3
30 91 3
30 92 2
30 93 3
30 94 3
30 95 1
30 96 2
30 97 5
30 98 4
30 99 4
30 100 4
31 32 4
31 33 5
31 34 5
31 35 5
31 36 2
31 37 1
31 38 5
31 39 3
31 40 2
31 41 2
31 42 1
31 43 1
31 44 4
31 45 4
31 46 3
31 47 2
31 48 4
31 49 1
31 50 3
31 51 1
31 52 1
31 53 3
31 54 3
31 55 2
31 56 4
31 57 3
31 58 5
31 59 1
31 60 1
31 61 1
31 62 5
31 63 1
31 64 1
31 65 5
31 66 5
31 67 3
31 68 1
31 69 2
31 70 3
31 71 1
31 72 2
31 73 1
31 74 3
31 75 4
31 76 5
31 77 5
31 78 5
31 79 3
31 80 5
31 81 1
31 82 1
31 83 2
31 84 1
31 85 4
31 86 1
31 87 3
31 88 2
31 89 5
31 90 3
31 91 5
31 92 3
31 93 4
31 94 3
31 95 3
31 96 3
31 97 4
31 98 1
31 99 2
31 100 3
32 33 5
32 34 2
32 35 4
32 36 5
32 37 5
32 38 3
32 39 1
32 40 2
32 41 3
32 42 3
32 43 3
32 44 3
32 45 2
32 46 5
32 47 3
32 48 4
32 49 5
32 50 1
32 51 1
32 52 2
32 53 2
32 54 3
32 55 3
32 56 2
32 57 2
32 58 4
32 59 5
32 60 5
32 61 3
32 62 4
32 63 3
32 64 5
32 65 4
32 66 4
32 67 1
32 68 4
32 69 5
32 70 4
32 71 4
32 72 1
32 73 4
32 74 5
32 75 1
32 76 5
32 77 4
32 78 4
32 79 4
32 80 4
32 81 4
32 82 1
32 83 4
32 84 4
32 85 3
32 86 3
32 87 4
32 88 2
32 89 1
32 90 3
32 91 4
32 92 4
32 93 1
32 94 4
32 95 3
32 96 4
32 97 4
32 98 3
32 99 5
32 100 3
33 34 4
33 35 1
33 36 5
33 37 2
33 38 5
33 39 3
33 40 1
33 41 3
33 42 1
33 43 2
33 44 1
33 45 5
33 46 2
33 47 2
33 48 5
33 49 3
33 50 5
33 51 4
33 52 5
33 53 2
33 54 4
33 55 2
33 56 5
33 57 5
33 58 5
33 59 2
33 60 2
33 61 2
33 62 4
33 63 2
33 64 4
33 65 4
33 66 2
33 67 2
33 68 1
33 69 1
33 70 3
33 71 4
33 72 2
33 73 2
33 74 2
33 75 5
33 76 3
33 77 2
33 78 2
33 79 4
33 80 2
33 81 5
33 82 5
33 83 1
33 84 1
33 85 4
33 86 5
33 87 1
33 88 4
33 89 3
33 90 3
33 91 4
33 92 3
33 93 5
33 94 4
33 95 2
33 96 5
33 97 4
33 98 3
33 99 3
33 100 2
34 35 4
34 36 5
34 37 2
34 38 4
34 39 3
34 40 1
34 41 5
34 42 4
34 43 1
34 44 1
34 45 3
34 46 3
34 47 1
34 48 3
34 49 3
34 50 3
34 51 3
34 52 3
34 53 2
34 54 3
34 55 2
34 56 4
34 57 2
34 58 3
34 59 5
34 60 5
34 61 2
34 62 5
34 63 4
34 64 4
34 65 2
34 66 4
34 67 4
34 68 3
34 69 3
34 70 4
34 71 5
34 72 3
34 73 5
34 74 3
34 75 3
34 76 4
34 77 2
34 78 4
34 79 1
34 80 2
34 81 2
34 82 3
34 83 3
34 84 1
34 85 3
34 86 4
34 87 1
34 88 5
34 89 5
34 90 1
34 91 1
34 92 1
34 93 3
34 94 4
34 95 4
34 96 5
34 97 3
34 98 4
34 99 3
34 100 1
35 36 4
35 37 4
35 38 3
35 39 5
35 40 1
35 41 5
35 42 1
35 43 1
35 44 3
35 45 5
35 46 4
35 47 3
35 48 3
35 49 2
35 50 1
35 51 1
35 52 1
35 53 4
35 54 5
35 55 4
35 56 4
35 57 5
35 58 1
35 59 2
35 60 3
35 61 5
35 62 2
35 63 1
35 64 1
35 65 4
35 66 1
35 67 2
35 68 1
35 69 4
35 70 3
35 71 1
35 72 2
35 73 1
35 74 2
35 75 4
35 76 4
35 77 3
35 78 3
35 79 4
35 80 1
35 81 3
35 82 1
35 83 4
35 84 2
35 85 4
35 86 3
35 87 3
35 88 3
35 89 5
35 90 4
35 91 5
35 92 2
35 93 4
35 94 4
35 95 5
35 96 3
35 97 3
35 98 1
35 99 3
35 100 5
36 37 5
36 38 4
36 39 3
36 40 4
36 41 4
36 42 1
36 43 5
36 44 4
36 45 1
36 46 1
36 47 5
36 48 2
36 49 5
36 50 1
36 51 1
36 52 1
36 53 3
36 54 1
36 55 3
36 56 4
36 57 3
36 58 3
36 59 5
36 60 4
36 61 2
36 62 3
36 63 2
36 64 4
36 65 5
36 66 5
36 67 1
36 68 3
36 69 1
36 70 1
36 71 2
36 72 1
36 73 5
36 74 4
36 75 1
36 76 1
36 77 1
36 78 1
36 79 5
36 80 5
36 81 1
36 82 3
36 83 5
36 84 4
36 85 4
36 86 2
36 87 2
36 88 1
36 89 2
36 90 5
36 91 3
36 92 1
36 93 5
36 94 4
36 95 1
36 96 4
36 97 2
36 98 4
36 99 5
36 100 3
37 38 2
37 39 5
37 40 5
37 41 4
37 42 3
37 43 2
37 44 3
37 45 1
37 46 5
37 47 4
37 48 5
37 49 3
37 50 1
37 51 1
37 52 2
37 53 3
37 54 5
37 55 3
37 56 4
37 57 1
37 58 5
37 59 5
37 60 3
37 61 5
37 62 2
37 63 3
37 64 2
37 65 5
37 66 1
37 67 3
37 68 3
37 69 5
37 70 2
37 71 2
37 72 2
37 73 3
37 74 4
37 75 5
37 76 4
37 77 5
37 78 2
37 79 1
37 80 3
37 81 3
37 82 5
37 83 1
37 84 2
37 85 2
37 86 4
37 87 4
37 88 4
37 89 3
37 90 2
37 91 5
37 92 4
37 93 2
37 94 5
37 95 5
37 96 4
37 97 2
37 98 4
37 99 3
37 100 1
38 39 4
38 40 1
38 41 1
38 42 1
38 43 2
38 44 5
38 45 3
38 46 3
38 47 5
38 48 4
38 49 1
38 50 4
38 51 2
38 52 3
38 53 4
38 54 3
38 55 4
38 56 3
38 57 2
38 58 5
38 59 2
38 60 5
38 61 3
38 62 2
38 63 1
38 64 2
38 65 3
38 66 2
38 67 3
38 68 4
38 69 5
38 70 5
38 71 5
38 72 3
38 73 4
38 74 5
38 75 4
38 76 2
38 77 3
38 78 1
38 79 2
38 80 3
38 81 3
38 82 1
38 83 2
38 84 4
38 85 4
38 86 5
38 87 2
38 88 4
38 89 1
38 90 2
38 91 4
38 92 3
38 93 3
38 94 1
38 95 5
38 96 2
38 97 1
38 98 5
38 99 2
38 100 1
39 40 5
39 41 5
39 42 4
39 43 5
39 44 3
39 45 4
39 46 1
39 47 1
39 48 5
39 49 2
39 50 4
39 51 3
39 52 3
39 53 3
39 54 4
39 55 3
39 56 3
39 57 5
39 58 2
39 59 5
39 60 4
39 61 5
39 62 2
39 63 3
39 64 4
39 65 2
39 66 3
39 67 2
39 68 4
39 69 3
39 70 5
39 71 2
39 72 2
39 73 5
39 74 5
39 75 3
39 76 4
39 77 3
39 78 5
39 79 2
39 80 3
39 81 1
39 82 2
39 83 2
39 84 5
39 85 2
39 86 2
39 87 2
39 88 4
39 89 5
39 90 5
39 91 3
39 92 4
39 93 4
39 94 1
39 95 3
39 96 5
39 97 4
39 98 5
39 99 4
39 100 1
40 41 2
40 42 3
40 43 5
40 44 5
40 45 3
40 46 4
40 47 3
40 48 2
40 49 2
40 50 4
40 51 1
40 52 5
40 53 3
40 54 4
40 55 2
40 56 3
40 57 4
40 58 3
40 59 2
40 60 3
40 61 3
40 62 5
40 63 4
40 64 2
40 65 2
40 66 2
40 67 2
40 68 4
40 69 4
40 70 5
40 71 4
40 72 2
40 73 4
40 74 5
40 75 2
40 76 3
40 77 3
40 78 2
40 79 2
40 80 4
40 81 4
40 82 3
40 83 1
40 84 1
40 85 2
40 86 4
40 87 2
40 88 4
40 89 5
40 90 1
40 91 1
40 92 5
40 93 2
40 94 4
40 95 4
40 96 2
40 97 1
40 98 5
40 99 1
40 100 2
41 42 3
41 43 5
41 44 1
41 45 2
41 46 1
41 47 3
41 48 5
41 49 3
41 50 5
41 51 3
41 52 2
41 53 5
41 54 4
41 55 2
41 56 4
41 57 3
41 58 2
41 59 4
41 60 2
41 61 1
41 62 5
41 63 2
41 64 4
41 65 4
41 66 5
41 67 2
41 68 3
41 69 2
41 70 3
41 71 3
41 72 1
41 73 3
41 74 2
41 75 5
41 76 2
41 77 3
41 78 2
41 79 2
41 80 1
41 81 2
41 82 4
41 83 1
41 84 1
41 85 3
41 86 3
41 87 5
41 88 5
41 89 4
41 90 2
41 91 2
41 92 3
41 93 4
41 94 1
41 95 1
41 96 2
41 97 1
41 98 1
41 99 5
41 100 5
42 43 1
42 44 5
42 45 5
42 46 5
42 47 1
42 48 5
42 49 1
42 50 5
42 51 2
42 52 5
42 53 2
42 54 3
42 55 1
42 56 1
42 57 1
42 58 2
42 59 1
42 60 5
42 61 4
42 62 2
42 63 4
42 64 2
42 65 2
42 66 5
42 67 4
42 68 1
42 69 3
42 70 3
42 71 4
42 72 2
42 73 5
42 74 1
42 75 1
42 76 5
42 77 1
42 78 1
42 79 5
42 80 1
42 81 1
42 82 1
42 83 2
42 84 2
42 85 5
42 86 5
42 87 2
42 88 2
42 89 2
42 90 2
42 91 5
42 92 2
42 93 3
42 94 2
42 95 1
42 96 1
42 97 5
42 98 3
42 99 5
42 100 4
43 44 1
43 45 2
43 46 3
43 47 4
43 48 2
43 49 5
43 50 1
43 51 3
43 52 5
43 53 1
43 54 3
43 55 4
43 56 5
43 57 2
43 58 3
43 59 4
43 60 4
43 61 3
43 62 1
43 63 1
43 64 4
43 65 5
43 66 4
43 67 5
43 68 2
43 69 5
43 70 4
43 71 4
43 72 4
43 73 3
43 74 5
43 75 4
43 76 3
43 77 3
43 78 3
43 79 5
43 80 3
43 81 1
43 82 4
43 83 1
43 84 1
43 85 2
43 86 4
43 87 5
43 88 3
43 89 4
43 90 4
43 91 1
43 92 2
43 93 5
43 94 5
43 95 1
43 96 3
43 97 3
43 98 4
43 99 4
43 100 2
44 45 2
44 46 1
44 47 3
44 48 3
44 49 5
44 50 4
44 51 1
44 52 1
44 53 5
44 54 4
44 55 4
44 56 2
44 57 4
44 58 3
44 59 1
44 60 1
44 61 3
44 62 5
44 63 5
44 64 4
44 65 3
44 66 4
44 67 5
44 68 1
44 69 3
44 70 3
44 71 2
44 72 1
44 73 4
44 74 3
44 75 5
44 76 2
44 77 4
44 78 1
44 79 3
44 80 5
44 81 2
44 82 3
44 83 2
44 84 3
44 85 4
44 86 5
44 87 1
44 88 3
44 89 2
44 90 5
44 91 3
44 92 4
44 93 3
44 94 3
44 95 3
44 96 1
44 97 2
44 98 1
44 99 4
44 100 2
45 46 5
45 47 4
45 48 5
45 49 2
45 50 3
45 51 2
45 52 1
45 53 3
45 54 3
45 55 2
45 56 1
45 57 5
45 58 1
45 59 4
45 60 5
45 61 1
45 62 1
45 63 1
45 64 1
45 65 1
45 66 4
45 67 2
45 68 1
45 69 2
45 70 2
45 71 4
45 72 3
45 73 4
45 74 1
45 75 1
45 76 3
45 77 5
45 78 2
45 79 5
45 80 1
45 81 4
45 82 1
45 83 4
45 84 2
45 85 5
45 86 2
45 87 4
45 88 4
45 89 4
45 90 3
45 91 2
45 92 1
45 93 3
45 94 3
45 95 5
45 96 1
45 97 3
45 98 5
45 99 5
45 100 3
46 47 1
46 48 4
46 49 5
46 50 1
46 51 5
46 52 4
46 53 3
46 54 1
46 55 2
46 56 4
46 57 2
46 58 2
46 59 1
46 60 5
46 61 2
46 62 3
46 63 2
46 64 5
46 65 5
46 66 1
46 67 4
46 68 5
46 69 1
46 70 1
46 71 5
46 72 5
46 73 2
46 74 2
46 75 1
46 76 3
46 77 1
46 78 3
46 79 1
46 80 5
46 81 3
46 82 2
46 83 1
46 84 5
46 85 4
46 86 4
46 87 3
46 88 2
46 89 1
46 90 1
46 91 5
46 92 4
46 93 5
46 94 2
46 95 4
46 96 5
46 97 2
46 98 5
46 99 1
46 100 3
47 48 4
47 49 3
47 50 1
47 51 5
47 52 1
47 53 2
47 54 2
47 55 5
47 56 2
47 57 4
47 58 2
47 59 5
47 60 1
47 61 4
47 62 1
47 63 1
47 64 2
47 65 2
47 66 5
47 67 1
47 68 5
47 69 3
47 70 5
47 71 3
47 72 2
47 73 2
47 74 5
47 75 4
47 76 4
47 77 1
47 78 5
47 79 5
47 80 5
47 81 5
47 82 3
47 83 2
47 84 1
47 85 3
47 86 4
47 87 4
47 88 2
47 89 1
47 90 4
47 91 2
47 92 5
47 93 2
47 94 5
47 95 4
47 96 3
47 97 3
47 98 1
47 99 3
47 100 2
48 49 4
48 50 3
48 51 1
48 52 1
48 53 3
48 54 2
48 55 4
48 56 2
48 57 3
48 58 1
48 59 3
48 60 1
48 61 3
48 62 3
48 63 4
48 64 1
48 65 3
48 66 2
48 67 4
48 68 1
48 69 2
48 70 5
48 71 5
48 72 1
48 73 5
48 74 1
48 75 5
48 76 1
48 77 2
48 78 1
48 79 5
48 80 5
48 81 2
48 82 5
48 83 5
48 84 3
48 85 2
48 86 2
48 87 2
48 88 1
48 89 3
48 90 4
48 91 2
48 92 4
48 93 4
48 94 1
48 95 5
48 96 4
48 97 4
48 98 1
48 99 2
48 100 2
49 50 3
49 51 4
49 52 1
49 53 3
49 54 2
49 55 5
49 56 4
49 57 5
49 58 1
49 59 4
49 60 4
49 61 2
49 62 2
49 63 4
49 64 1
49 65 4
49 66 1
49 67 5
49 68 2
49 69 4
49 70 4
49 71 4
49 72 2
49 73 3
49 74 2
49 75 3
49 76 4
49 77 2
49 78 4
49 79 3
49 80 4
49 81 4
49 82 2
49 83 2
49 84 3
49 85 4
49 86 4
49 87 5
49 88 1
49 89 4
49 90 5
49 91 5
49 92 1
49 93 4
49 94 4
49 95 3
49 96 2
49 97 4
49 98 1
49 99 2
49 100 2
50 51 5
50 52 2
50 53 1
50 54 2
50 55 5
50 56 5
50 57 5
50 58 3
50 59 4
50 60 2
50 61 4
50 62 5
50 63 2
50 64 5
50 65 1
50 66 4
50 67 5
50 68 1
50 69 5
50 70 3
50 71 5
50 72 5
50 73 5
50 74 1
50 75 2
50 76 2
50 77 2
50 78 2
50 79 1
50 80 2
50 81 5
50 82 5
50 83 2
50 84 5
50 85 1
50 86 3
50 87 4
50 88 4
50 89 3
50 90 4
50 91 3
50 92 3
50 93 5
50 94 3
50 95 3
50 96 4
50 97 5
50 98 2
50 99 1
50 100 4
51 52 5
51 53 5
51 54 3
51 55 5
51 56 4
51 57 2
51 58 2
51 59 3
51 60 5
51 61 3
51 62 1
51 63 5
51 64 3
51 65 4
51 66 2
51 67 3
51 68 5
51 69 5
51 70 1
51 71 4
51 72 1
51 73 5
51 74 2
51 75 3
51 76 1
51 77 5
51 78 5
51 79 2
51 80 5
51 81 2
51 82 3
51 83 2
51 84 3
51 85 2
51 86 3
51 87 1
51 88 3
51 89 2
51 90 5
51 91 5
51 92 4
51 93 1
51 94 1
51 95 3
51 96 3
51 97 4
51 98 4
51 99 4
51 100 3
52 53 1
52 54 5
52 55 2
52 56 5
52 57 5
52 58 2
52 59 1
52 60 1
52 61 2
52 62 3
52 63 4
52 64 4
52 65 5
52 66 2
52 67 3
52 68 1
52 69 2
52 70 1
52 71 2
52 72 2
52 73 5
52 74 3
52 75 2
52 76 2
52 77 3
52 78 1
52 79 2
52 80 3
52 81 5
52 82 1
52 83 3
52 84 1
52 85 4
52 86 1
52 87 1
52 88 4
52 89 3
52 90 2
52 91 1
52 92 2
52 93 3
52 94 3
52 95 5
52 96 2
52 97 1
52 98 2
52 99 5
52 100 5
53 54 5
53 55 1
53 56 1
53 57 3
53 58 5
53 59 4
53 60 2
53 61 4
53 62 4
53 63 1
53 64 3
53 65 1
53 66 4
53 67 2
53 68 3
53 69 3
53 70 3
53 71 4
53 72 4
53 73 4
53 74 2
53 75 3
53 76 1
53 77 2
53 78 4
53 79 1
53 80 1
53 81 5
53 82 4
53 83 2
53 84 5
53 85 3
53 86 3
53 87 2
53 88 3
53 89 3
53 90 4
53 91 5
53 92 4
53 93 4
53 94 5
53 95 3
53 96 3
53 97 3
53 98 1
53 99 5
53 100 3
54 55 5
54 56 3
54 57 3
54 58 5
54 59 2
54 60 2
54 61 1
54 62 4
54 63 5
54 64 4
54 65 5
54 66 2
54 67 2
54 68 3
54 69 3
54 70 3
54 71 1
54 72 1
54 73 1
54 74 4
54 75 2
54 76 1
54 77 2
54 78 4
54 79 1
54 80 5
54 81 4
54 82 1
54 83 4
54 84 3
54 85 2
54 86 3
54 87 5
54 88 5
54 89 5
54 90 3
54 91 2
54 92 3
54 93 4
54 94 5
54 95 3
54 96 1
54 97 4
54 98 3
54 99 3
54 100 1
55 56 1
55 57 3
55 58 2
55 59 5
55 60 1
55 61 2
55 62 3
55 63 2
55 64 4
55 65 2
55 66 3
55 67 2
55 68 4
55 69 5
55 70 2
55 71 2
55 72 2
55 73 5
55 74 2
55 75 5
55 76 4
55 77 4
55 78 2
55 79 3
55 80 3
55 81 5
55 82 4
55 83 4
55 84 2
55 85 1
55 86 2
55 87 3
55 88 4
55 89 1
55 90 3
55 91 5
55 92 4
55 93 3
55 94 5
55 95 1
55 96 3
55 97 2
55 98 3
55 99 1
55 100 4
56 57 4
56 58 4
56 59 5
56 60 3
56 61 2
56 62 5
56 63 5
56 64 2
56 65 2
56 66 4
56 67 3
56 68 1
56 69 3
56 70 1
56 71 1
56 72 4
56 73 1
56 74 2
56 75 1
56 76 4
56 77 1
56 78 5
56 79 3
56 80 1
56 81 3
56 82 1
56 83 2
56 84 5
56 85 2
56 86 4
56 87 2
56 88 2
56 89 4
56 90 4
56 91 3
56 92 4
56 93 5
56 94 2
56 95 2
56 96 2
56 97 2
56 98 1
56 99 2
56 100 5
57 58 4
57 59 1
57 60 5
57 61 1
57 62 4
57 63 3
57 64 5
57 65 3
57 66 1
57 67 3
57 68 2
57 69 5
57 70 5
57 71 2
57 72 3
57 73 1
57 74 1
57 75 5
57 76 4
57 77 1
57 78 4
57 79 3
57 80 1
57 81 3
57 82 2
57 83 4
57 84 3
57 85 3
57 86 5
57 87 1
57 88 1
57 89 2
57 90 2
57 91 4
57 92 5
57 93 4
57 94 2
57 95 3
57 96 1
57 97 4
57 98 4
57 99 1
57 100 5
58 59 3
58 60 3
58 61 4
58 62 5
58 63 5
58 64 1
58 65 1
58 66 4
58 67 4
58 68 2
58 69 2
58 70 4
58 71 4
58 72 4
58 73 2
58 74 5
58 75 4
58 76 4
58 77 3
58 78 2
58 79 2
58 80 3
58 81 1
58 82 2
58 83 2
58 84 3
58 85 5
58 86 5
58 87 3
58 88 2
58 89 4
58 90 1
58 91 2
58 92 2
58 93 4
58 94 1
58 95 5
58 96 2
58 97 1
58 98 2
58 99 3
58 100 5
59 60 1
59 61 4
59 62 1
59 63 5
59 64 5
59 65 1
59 66 4
59 67 4
59 68 1
59 69 2
59 70 1
59 71 3
59 72 3
59 73 4
59 74 2
59 75 5
59 76 1
59 77 2
59 78 3
59 79 5
59 80 3
59 81 3
59 82 2
59 83 1
59 84 2
59 85 3
59 86 5
59 87 1
59 88 5
59 89 1
59 90 5
59 91 4
59 92 3
59 93 5
59 94 2
59 95 3
59 96 5
59 97 3
59 98 2
59 99 4
59 100 1
60 61 4
60 62 1
60 63 4
60 64 1
60 65 1
60 66 5
60 67 4
60 68 5
60 69 2
60 70 2
60 71 2
60 72 5
60 73 4
60 74 1
60 75 5
60 76 4
60 77 1
60 78 1
60 79 2
60 80 5
60 81 1
60 82 5
60 83 4
60 84 1
60 85 4
60 86 5
60 87 2
60 88 4
60 89 1
60 90 4
60 91 4
60 92 4
60 93 4
60 94 5
60 95 4
60 96 4
60 97 3
60 98 3
60 99 3
60 100 2
61 62 2
61 63 1
61 64 4
61 65 3
61 66 1
61 67 1
61 68 3
61 69 4
61 70 3
61 71 3
61 72 3
61 73 5
61 74 5
61 75 4
61 76 1
61 77 3
61 78 5
61 79 5
61 80 2
61 81 5
61 82 1
61 83 3
61 84 2
61 85 1
61 86 4
61 87 5
61 88 3
61 89 3
61 90 3
61 91 5
61 92 1
61 93 3
61 94 1
61 95 2
61 96 4
61 97 2
61 98 5
61 99 2
61 100 4
62 63 1
62 64 1
62 65 1
62 66 5
62 67 2
62 68 1
62 69 2
62 70 3
62 71 3
62 72 5
62 73 1
62 74 4
62 75 1
62 76 1
62 77 4
62 78 3
62 79 2
62 80 5
62 81 2
62 82 5
62 83 5
62 84 3
62 85 4
62 86 4
62 87 3
62 88 1
62 89 5
62 90 3
62 91 1
62 92 2
62 93 4
62 94 2
62 95 2
62 96 4
62 97 4
62 98 1
62 99 4
62 100 2
63 64 5
63 65 5
63 66 2
63 67 2
63 68 1
63 69 1
63 70 5
63 71 5
63 72 2
63 73 4
63 74 4
63 75 4
63 76 3
63 77 3
63 78 2
63 79 4
63 80 5
63 81 2
63 82 5
63 83 4
63 84 4
63 85 3
63 86 5
63 87 1
63 88 1
63 89 3
63 90 5
63 91 1
63 92 4
63 93 3
63 94 5
63 95 2
63 96 4
63 97 5
63 98 4
63 99 2
63 100 3
64 65 5
64 66 2
64 67 5
64 68 2
64 69 5
64 70 3
64 71 5
64 72 2
64 73 4
64 74 5
64 75 3
64 76 4
64 77 3
64 78 2
64 79 3
64 80 4
64 81 1
64 82 5
64 83 4
64 84 5
64 85 1
64 86 2
64 87 1
64 88 5
64 89 5
64 90 1
64 91 2
64 92 3
64 93 3
64 94 3
64 95 5
64 96 4
64 97 3
64 98 2
64 99 3
64 100 2
65 66 5
65 67 3
65 68 1
65 69 2
65 70 3
65 71 5
65 72 4
65 73 2
65 74 1
65 75 3
65 76 3
65 77 5
65 78 5
65 79 1
65 80 2
65 81 4
65 82 2
65 83 3
65 84 4
65 85 5
65 86 5
65 87 5
65 88 4
65 89 3
65 90 5
65 91 2
65 92 2
65 93 5
65 94 2
65 95 3
65 96 1
65 97 2
65 98 1
65 99 5
65 100 5
66 67 3
66 68 1
66 69 3
66 70 5
66 71 2
66 72 4
66 73 1
66 74 5
66 75 3
66 76 4
66 77 4
66 78 2
66 79 1
66 80 5
66 81 4
66 82 2
66 83 3
66 84 2
66 85 4
66 86 2
66 87 2
66 88 5
66 89 5
66 90 1
66 91 1
66 92 1
66 93 3
66 94 4
66 95 5
66 96 1
66 97 4
66 98 4
66 99 2
66 100 3
67 68 3
67 69 2
67 70 1
67 71 2
67 72 1
67 73 2
67 74 1
67 75 5
67 76 5
67 77 2
67 78 5
67 79 5
67 80 4
67 81 3
67 82 2
67 83 2
67 84 4
67 85 1
67 86 1
67 87 3
67 88 1
67 89 2
67 90 2
67 91 5
67 92 3
67 93 1
67 94 5
67 95 3
67 96 3
67 97 5
67 98 1
67 99 1
67 100 2
68 69 2
68 70 2
68 71 4
68 72 1
68 73 4
68 74 1
68 75 3
68 76 5
68 77 1
68 78 3
68 79 1
68 80 4
68 81 4
68 82 5
68 83 2
68 84 4
68 85 3
68 86 1
68 87 3
68 88 4
68 89 1
68 90 2
68 91 1
68 92 4
68 93 5
68 94 1
68 95 3
68 96 1
68 97 3
68 98 2
68 99 3
68 100 5
69 70 2
69 71 5
69 72 3
69 73 2
69 74 5
69 75 1
69 76 3
69 77 1
69 78 5
69 79 1
69 80 2
69 81 5
69 82 1
69 83 2
69 84 3
69 85 1
69 86 3
69 87 1
69 88 1
69 89 5
69 90 4
69 91 5
69 92 3
69 93 5
69 94 3
69 95 2
69 96 3
69 97 2
69 98 1
69 99 3
69 100 2
70 71 4
70 72 3
70 73 2
70 74 4
70 75 2
70 76 5
70 77 2
70 78 2
70 79 2
70 80 1
70 81 2
70 82 1
70 83 4
70 84 1
70 85 1
70 86 1
70 87 4
70 88 4
70 89 4
70 90 1
70 91 1
70 92 2
70 93 5
70 94 5
70 95 5
70 96 3
70 97 2
70 98 4
70 99 2
70 100 3
71 72 2
71 73 5
71 74 5
71 75 5
71 76 5
71 77 2
71 78 5
71 79 4
71 80 5
71 81 5
71 82 4
71 83 1
71 84 4
71 85 3
71 86 3
71 87 4
71 88 4
71 89 1
71 90 5
71 91 4
71 92 1
71 93 2
71 94 2
71 95 5
71 96 5
71 97 1
71 98 3
71 99 3
71 100 2
72 73 1
72 74 4
72 75 2
72 76 3
72 77 4
72 78 3
72 79 4
72 80 2
72 81 3
72 82 3
72 83 3
72 84 3
72 85 3
72 86 1
72 87 4
72 88 3
72 89 1
72 90 2
72 91 2
72 92 5
72 93 3
72 94 3
72 95 5
72 96 3
72 97 2
72 98 1
72 99 4
72 100 5
73 74 2
73 75 1
73 76 4
73 77 4
73 78 4
73 79 2
73 80 4
73 81 5
73 82 2
73 83 5
73 84 1
73 85 3
73 86 4
73 87 2
73 88 1
73 89 3
73 90 3
73 91 5
73 92 2
73 93 3
73 94 4
73 95 3
73 96 5
73 97 3
73 98 1
73 99 3
73 100 1
74 75 5
74 76 3
74 77 1
74 78 5
74 79 2
74 80 1
74 81 1
74 82 4
74 83 2
74 84 5
74 85 3
74 86 5
74 87 3
74 88 2
74 89 3
74 90 5
74 91 2
74 92 1
74 93 5
74 94 3
74 95 2
74 96 3
74 97 4
74 98 1
74 99 1
74 100 3
75 76 4
75 77 3
75 78 5
75 79 3
75 80 1
75 81 1
75 82 5
75 83 4
75 84 5
75 85 1
75 86 3
75 87 1
75 88 4
75 89 5
75 90 3
75 91 1
75 92 5
75 93 3
75 94 3
75 95 2
75 96 4
75 97 1
75 98 2
75 99 1
75 100 4
76 77 5
76 78 3
76 79 2
76 80 3
76 81 2
76 82 2
76 83 3
76 84 4
76 85 4
76 86 4
76 87 2
76 88 3
76 89 1
76 90 2
76 91 2
76 92 1
76 93 2
76 94 1
76 95 1
76 96 3
76 97 5
76 98 2
76 99 4
76 100 1
77 78 3
77 79 4
77 80 2
77 81 3
77 82 5
77 83 3
77 84 1
77 85 4
77 86 1
77 87 1
77 88 5
77 89 3
77 90 3
77 91 5
77 92 5
77 93 5
77 94 1
77 95 5
77 96 3
77 97 2
77 98 2
77 99 2
77 100 2
78 79 1
78 80 1
78 81 4
78 82 4
78 83 5
78 84 1
78 85 4
78 86 2
78 87 5
78 88 4
78 89 5
78 90 3
78 91 1
78 92 5
78 93 2
78 94 1
78 95 1
78 96 2
78 97 4
78 98 2
78 99 5
78 100 3
79 80 1
79 81 5
79 82 3
79 83 2
79 84 4
79 85 3
79 86 2
79 87 2
79 88 3
79 89 1
79 90 3
79 91 1
79 92 5
79 93 3
79 94 5
79 95 2
79 96 4
79 97 3
79 98 1
79 99 2
79 100 3
80 81 2
80 82 5
80 83 1
80 84 4
80 85 2
80 86 4
80 87 2
80 88 4
80 89 5
80 90 2
80 91 1
80 92 3
80 93 1
80 94 3
80 95 3
80 96 5
80 97 5
80 98 1
80 99 5
80 100 5
81 82 3
81 83 3
81 84 1
81 85 2
81 86 4
81 87 5
81 88 5
81 89 4
81 90 5
81 91 3
81 92 5
81 93 1
81 94 3
81 95 4
81 96 2
81 97 4
81 98 4
81 99 5
81 100 2
82 83 4
82 84 5
82 85 3
82 86 5
82 87 3
82 88 5
82 89 3
82 90 4
82 91 2
82 92 1
82 93 2
82 94 5
82 95 1
82 96 3
82 97 5
82 98 4
82 99 4
82 100 3
83 84 2
83 85 2
83 86 4
83 87 3
83 88 1
83 89 4
83 90 4
83 91 1
83 92 1
83 93 5
83 94 3
83 95 1
83 96 1
83 97 4
83 98 2
83 99 4
83 100 5
84 85 2
84 86 3
84 87 3
84 88 3
84 89 1
84 90 4
84 91 3
84 92 2
84 93 3
84 94 4
84 95 1
84 96 3
84 97 1
84 98 2
84 99 4
84 100 1
85 86 4
85 87 5
85 88 3
85 89 3
85 90 2
85 91 1
85 92 5
85 93 5
85 94 3
85 95 1
85 96 5
85 97 5
85 98 1
85 99 2
85 100 1
86 87 1
86 88 5
86 89 1
86 90 3
86 91 5
86 92 4
86 93 4
86 94 3
86 95 5
86 96 2
86 97 4
86 98 4
86 99 4
86 100 4
87 88 3
87 89 4
87 90 3
87 91 1
87 92 3
87 93 3
87 94 3
87 95 2
87 96 2
87 97 3
87 98 4
87 99 4
87 100 5
88 89 4
88 90 3
88 91 5
88 92 3
88 93 2
88 94 5
88 95 4
88 96 5
88 97 4
88 98 4
88 99 4
88 100 2
89 90 3
89 91 1
89 92 4
89 93 1
89 94 4
89 95 4
89 96 3
89 97 3
89 98 4
89 99 1
89 100 5
90 91 5
90 92 5
90 93 3
90 94 1
90 95 1
90 96 5
90 97 5
90 98 4
90 99 4
90 100 2
91 92 1
91 93 1
91 94 2
91 95 4
91 96 2
91 97 5
91 98 3
91 99 1
91 100 4
92 93 5
92 94 3
92 95 1
92 96 3
92 97 4
92 98 4
92 99 5
92 100 4
93 94 3
93 95 1
93 96 5
93 97 2
93 98 1
93 99 1
93 100 4
94 95 2
94 96 3
94 97 1
94 98 4
94 99 4
94 100 3
95 96 1
95 97 3
95 98 5
95 99 5
95 100 3
96 97 1
96 98 5
96 99 4
96 100 2
97 98 3
97 99 2
97 100 4
98 99 5
98 100 1
99 100 1
