50 1225
1 2 4
1 3 4
1 4 2
1 5 1
1 6 3
1 7 1
1 8 4
1 9 4
1 10 4
1 11 2
1 12 2
1 13 2
1 14 3
1 15 2
1 16 3
1 17 2
1 18 1
1 19 2
1 20 1
1 21 5
1 22 3
1 23 2
1 24 5
1 25 5
1 26 5
1 27 5
1 28 2
1 29 3
1 30 5
1 31 5
1 32 5
1 33 5
1 34 3
1 35 1
1 36 3
1 37 5
1 38 5
1 39 2
1 40 2
1 41 5
1 42 4
1 43 2
1 44 4
1 45 2
1 46 5
1 47 2
1 48 1
1 49 5
1 50 2
2 3 5
2 4 3
2 5 2
2 6 1
2 7 3
2 8 1
2 9 4
2 10 5
2 11 2
2 12 5
2 13 5
2 14 2
2 15 5
2 16 5
2 17 3
2 18 3
2 19 5
2 20 4
2 21 4
2 22 3
2 23 5
2 24 5
2 25 1
2 26 3
2 27 5
2 28 1
2 29 4
2 30 2
2 31 5
2 32 1
2 33 5
2 34 1
2 35 3
2 36 5
2 37 4
2 38 1
2 39 5
2 40 2
2 41 5
2 42 4
2 43 5
2 44 4
2 45 3
2 46 2
2 47 3
2 48 2
2 49 4
2 50 3
3 4 3
3 5 1
3 6 4
3 7 5
3 8 3
3 9 5
3 10 4
3 11 3
3 12 2
3 13 2
3 14 1
3 15 4
3 16 5
3 17 2
3 18 5
3 19 3
3 20 5
3 21 5
3 22 5
3 23 5
3 24 1
3 25 4
3 26 5
3 27 4
3 28 1
3 29 2
3 30 1
3 31 1
3 32 4
3 33 5
3 34 4
3 35 5
3 36 4
3 37 2
3 38 5
3 39 5
3 40 5
3 41 3
3 42 3
3 43 3
3 44 1
3 45 4
3 46 1
3 47 1
3 48 5
3 49 4
3 50 1
4 5 2
4 6 4
4 7 2
4 8 1
4 9 4
4 10 4
4 11 3
4 12 1
4 13 1
4 14 4
4 15 4
4 16 1
4 17 5
4 18 2
4 19 5
4 20 2
4 21 5
4 22 4
4 23 3
4 24 5
4 25 2
4 26 5
4 27 3
4 28 1
4 29 3
4 30 3
4 31 5
4 32 4
4 33 3
4 34 1
4 35 2
4 36 3
4 37 1
4 38 3
4 39 3
4 40 2
4 41 4
4 42 3
4 43 3
4 44 2
4 45 3
4 46 5
4 47 3
4 48 4
4 49 5
4 50 3
5 6 4
5 7 4
5 8 3
5 9 3
5 10 2
5 11 4
5 12 2
5 13 5
5 14 1
5 15 2
5 16 5
5 17 1
5 18 4
5 19 4
5 20 4
5 21 2
5 22 3
5 23 5
5 24 5
5 25 5
5 26 1
5 27 3
5 28 2
5 29 2
5 30 1
5 31 3
5 32 5
5 33 2
5 34 4
5 35 3
5 36 3
5 37 2
5 38 3
5 39 5
5 40 3
5 41 5
5 42 4
5 43 5
5 44 4
5 45 5
5 46 5
5 47 3
5 48 3
5 49 3
5 50 1
6 7 4
6 8 2
6 9 5
6 10 3
6 11 1
6 12 1
6 13 3
6 14 3
6 15 2
6 16 3
6 17 1
6 18 3
6 19 2
6 20 4
6 21 3
6 22 2
6 23 2
6 24 3
6 25 3
6 26 4
6 27 4
6 28 4
6 29 3
6 30 3
6 31 3
6 32 5
6 33 3
6 34 1
6 35 1
6 36 1
6 37 5
6 38 3
6 39 1
6 40 2
6 41 2
6 42 4
6 43 2
6 44 4
6 45 2
6 46 4
6 47 1
6 48 2
6 49 1
6 50 5
7 8 5
7 9 2
7 10 5
7 11 2
7 12 4
7 13 1
7 14 1
7 15 3
7 16 3
7 17 5
7 18 2
7 19 4
7 20 3
7 21 3
7 22 5
7 23 3
7 24 1
7 25 2
7 26 1
7 27 5
7 28 3
7 29 2
7 30 3
7 31 3
7 32 3
7 33 1
7 34 3
7 35 4
7 36 1
7 37 3
7 38 1
7 39 3
7 40 4
7 41 1
7 42 4
7 43 5
7 44 5
7 45 2
7 46 1
7 47 1
7 48 2
7 49 3
7 50 2
8 9 5
8 10 3
8 11 5
8 12 2
8 13 3
8 14 3
8 15 1
8 16 1
8 17 3
8 18 2
8 19 3
8 20 1
8 21 2
8 22 2
8 23 3
8 24 3
8 25 4
8 26 4
8 27 1
8 28 3
8 29 4
8 30 4
8 31 5
8 32 5
8 33 1
8 34 1
8 35 3
8 36 4
8 37 2
8 38 5
8 39 4
8 40 1
8 41 1
8 42 3
8 43 1
8 44 2
8 45 2
8 46 1
8 47 3
8 48 4
8 49 2
8 50 4
9 10 4
9 11 3
9 12 2
9 13 1
9 14 4
9 15 3
9 16 3
9 17 1
9 18 3
9 19 4
9 20 1
9 21 4
9 22 1
9 23 5
9 24 2
9 25 5
9 26 2
9 27 2
9 28 3
9 29 1
9 30 1
9 31 5
9 32 4
9 33 2
9 34 1
9 35 3
9 36 3
9 37 3
9 38 3
9 39 2
9 40 1
9 41 3
9 42 2
9 43 2
9 44 2
9 45 2
9 46 3
9 47 1
9 48 1
9 49 4
9 50 4
10 11 2
10 12 4
10 13 5
10 14 3
10 15 4
10 16 3
10 17 4
10 18 5
10 19 4
10 20 2
10 21 5
10 22 3
10 23 5
10 24 4
10 25 5
10 26 5
10 27 4
10 28 2
10 29 5
10 30 2
10 31 3
10 32 3
10 33 5
10 34 1
10 35 4
10 36 2
10 37 4
10 38 3
10 39 5
10 40 1
10 41 3
10 42 2
10 43 5
10 44 3
10 45 5
10 46 4
10 47 5
10 48 2
10 49 5
10 50 3
11 12 5
11 13 1
11 14 1
11 15 1
11 16 4
11 17 3
11 18 3
11 19 2
11 20 5
11 21 4
11 22 3
11 23 3
11 24 1
11 25 5
11 26 4
11 27 1
11 28 4
11 29 5
11 30 1
11 31 5
11 32 5
11 33 2
11 34 2
11 35 5
11 36 4
11 37 4
11 38 4
11 39 5
11 40 1
11 41 3
11 42 3
11 43 3
11 44 1
11 45 3
11 46 3
11 47 1
11 48 2
11 49 1
11 50 2
12 13 2
12 14 4
12 15 4
12 16 2
12 17 1
12 18 2
12 19 3
12 20 5
12 21 3
12 22 4
12 23 4
12 24 3
12 25 4
12 26 4
12 27 2
12 28 4
12 29 1
12 30 1
12 31 5
12 32 4
12 33 1
12 34 2
12 35 5
12 36 3
12 37 5
12 38 2
12 39 5
12 40 4
12 41 4
12 42 2
12 43 1
12 44 4
12 45 1
12 46 5
12 47 5
12 48 3
12 49 4
12 50 4
13 14 5
13 15 3
13 16 4
13 17 1
13 18 5
13 19 3
13 20 4
13 21 2
13 22 1
13 23 3
13 24 4
13 25 3
13 26 3
13 27 5
13 28 4
13 29 2
13 30 4
13 31 4
13 32 1
13 33 3
13 34 2
13 35 4
13 36 5
13 37 2
13 38 3
13 39 4
13 40 4
13 41 5
13 42 1
13 43 4
13 44 3
13 45 2
13 46 5
13 47 1
13 48 5
13 49 2
13 50 1
14 15 3
14 16 5
14 17 4
14 18 4
14 19 3
14 20 4
14 21 2
14 22 2
14 23 2
14 24 2
14 25 2
14 26 3
14 27 1
14 28 3
14 29 4
14 30 4
14 31 1
14 32 5
14 33 2
14 34 3
14 35 1
14 36 4
14 37 2
14 38 3
14 39 5
14 40 2
14 41 4
14 42 3
14 43 4
14 44 2
14 45 5
14 46 2
14 47 3
14 48 4
14 49 1
14 50 4
15 16 1
15 17 4
15 18 3
15 19 2
15 20 5
15 21 5
15 22 2
15 23 4
15 24 1
15 25 5
15 26 1
15 27 2
15 28 1
15 29 2
15 30 2
15 31 4
15 32 5
15 33 2
15 34 3
15 35 4
15 36 4
15 37 1
15 38 5
15 39 1
15 40 4
15 41 5
15 42 5
15 43 3
15 44 1
15 45 4
15 46 2
15 47 4
15 48 1
15 49 1
15 50 5
16 17 4
16 18 3
16 19 4
16 20 2
16 21 3
16 22 4
16 23 3
16 24 3
16 25 3
16 26 2
16 27 1
16 28 5
16 29 2
16 30 4
16 31 2
16 32 1
16 33 2
16 34 3
16 35 5
16 36 5
16 37 1
16 38 5
16 39 1
16 40 4
16 41 2
16 42 5
16 43 2
16 44 2
16 45 2
16 46 5
16 47 5
16 48 3
16 49 5
16 50 5
17 18 4
17 19 5
17 20 2
17 21 5
17 22 4
17 23 3
17 24 1
17 25 5
17 26 1
17 27 1
17 28 5
17 29 3
17 30 1
17 31 2
17 32 5
17 33 1
17 34 5
17 35 1
17 36 1
17 37 5
17 38 2
17 39 4
17 40 5
17 41 5
17 42 2
17 43 1
17 44 3
17 45 2
17 46 2
17 47 5
17 48 4
17 49 4
17 50 3
18 19 4
18 20 4
18 21 4
18 22 2
18 23 5
18 24 3
18 25 3
18 26 3
18 27 1
18 28 2
18 29 3
18 30 5
18 31 1
18 32 1
18 33 2
18 34 3
18 35 2
18 36 1
18 37 2
18 38 4
18 39 1
18 40 3
18 41 3
18 42 1
18 43 1
18 44 5
18 45 5
18 46 3
18 47 1
18 48 2
18 49 5
18 50 1
19 20 5
19 21 5
19 22 2
19 23 4
19 24 4
19 25 3
19 26 5
19 27 2
19 28 3
19 29 2
19 30 3
19 31 5
19 32 1
19 33 3
19 34 2
19 35 4
19 36 1
19 37 4
19 38 1
19 39 2
19 40 1
19 41 4
19 42 4
19 43 1
19 44 3
19 45 1
19 46 4
19 47 2
19 48 4
19 49 4
19 50 3
20 21 4
20 22 4
20 23 2
20 24 2
20 25 3
20 26 1
20 27 3
20 28 3
20 29 2
20 30 5
20 31 1
20 32 4
20 33 4
20 34 2
20 35 1
20 36 4
20 37 5
20 38 3
20 39 5
20 40 5
20 41 2
20 42 1
20 43 3
20 44 3
20 45 3
20 46 2
20 47 4
20 48 2
20 49 4
20 50 3
21 22 5
21 23 5
21 24 1
21 25 1
21 26 2
21 27 2
21 28 4
21 29 2
21 30 3
21 31 2
21 32 2
21 33 2
21 34 5
21 35 4
21 36 1
21 37 5
21 38 3
21 39 4
21 40 3
21 41 3
21 42 5
21 43 2
21 44 4
21 45 5
21 46 1
21 47 5
21 48 2
21 49 4
21 50 4
22 23 3
22 24 2
22 25 2
22 26 3
22 27 4
22 28 5
22 29 2
22 30 3
22 31 5
22 32 2
22 33 1
22 34 5
22 35 5
22 36 1
22 37 5
22 38 3
22 39 4
22 40 1
22 41 2
22 42 1
22 43 4
22 44 3
22 45 1
22 46 5
22 47 1
22 48 5
22 49 5
22 50 2
23 24 5
23 25 4
23 26 5
23 27 2
23 28 4
23 29 4
23 30 1
23 31 3
23 32 3
23 33 3
23 34 4
23 35 5
23 36 2
23 37 5
23 38 4
23 39 2
23 40 3
23 41 3
23 42 1
23 43 3
23 44 1
23 45 1
23 46 1
23 47 1
23 48 4
23 49 1
23 50 4
24 25 2
24 26 3
24 27 5
24 28 3
24 29 3
24 30 4
24 31 1
24 32 2
24 33 4
24 34 5
24 35 1
24 36 2
24 37 3
24 38 3
24 39 5
24 40 3
24 41 5
24 42 5
24 43 2
24 44 5
24 45 3
24 46 2
24 47 1
24 48 3
24 49 4
24 50 4
25 26 3
25 27 4
25 28 5
25 29 3
25 30 2
25 31 2
25 32 5
25 33 4
25 34 4
25 35 5
25 36 3
25 37 1
25 38 4
25 39 5
25 40 5
25 41 2
25 42 1
25 43 4
25 44 2
25 45 3
25 46 4
25 47 2
25 48 5
25 49 1
25 50 2
26 27 5
26 28 5
26 29 5
26 30 1
26 31 1
26 32 3
26 33 1
26 34 1
26 35 3
26 36 3
26 37 1
26 38 5
26 39 3
26 40 2
26 41 3
26 42 1
26 43 5
26 44 1
26 45 2
26 46 5
26 47 1
26 48 1
26 49 2
26 50 5
27 28 1
27 29 1
27 30 1
27 31 3
27 32 5
27 33 2
27 34 5
27 35 2
27 36 1
27 37 4
27 38 2
27 39 4
27 40 1
27 41 3
27 42 1
27 43 1
27 44 2
27 45 2
27 46 1
27 47 3
27 48 3
27 49 4
27 50 5
28 29 2
28 30 1
28 31 1
28 32 3
28 33 4
28 34 1
28 35 3
28 36 5
28 37 5
28 38 2
28 39 2
28 40 1
28 41 1
28 42 5
28 43 1
28 44 2
28 45 1
28 46 2
28 47 4
28 48 5
28 49 1
28 50 2
29 30 1
29 31 4
29 32 3
29 33 5
29 34 4
29 35 1
29 36 1
29 37 2
29 38 4
29 39 5
29 40 2
29 41 3
29 42 2
29 43 2
29 44 3
29 45 3
29 46 1
29 47 2
29 48 2
29 49 3
29 50 3
30 31 3
30 32 1
30 33 1
30 34 3
30 35 5
30 36 2
30 37 1
30 38 2
30 39 4
30 40 4
30 41 3
30 42 1
30 43 4
30 44 1
30 45 2
30 46 2
30 47 5
30 48 4
30 49 3
30 50 2
31 32 2
31 33 3
31 34 4
31 35 5
31 36 2
31 37 3
31 38 3
31 39 4
31 40 4
31 41 4
31 42 5
31 43 4
31 44 5
31 45 5
31 46 3
31 47 4
31 48 2
31 49 3
31 50 1
32 33 3
32 34 3
32 35 2
32 36 1
32 37 1
32 38 3
32 39 5
32 40 5
32 41 3
32 42 2
32 43 2
32 44 3
32 45 3
32 46 1
32 47 1
32 48 2
32 49 5
32 50 5
33 34 1
33 35 1
33 36 2
33 37 5
33 38 1
33 39 5
33 40 4
33 41 3
33 42 2
33 43 5
33 44 3
33 45 3
33 46 5
33 47 5
33 48 4
33 49 4
33 50 3
34 35 3
34 36 5
34 37 1
34 38 1
34 39 1
34 40 4
34 41 2
34 42 4
34 43 4
34 44 5
34 45 2
34 46 2
34 47 4
34 48 4
34 49 2
34 50 1
35 36 1
35 37 3
35 38 2
35 39 1
35 40 1
35 41 1
35 42 4
35 43 4
35 44 5
35 45 2
35 46 3
35 47 3
35 48 3
35 49 4
35 50 3
36 37 5
36 38 5
36 39 4
36 40 2
36 41 3
36 42 3
36 43 2
36 44 4
36 45 2
36 46 2
36 47 2
36 48 4
36 49 2
36 50 1
37 38 4
37 39 5
37 40 4
37 41 5
37 42 3
37 43 3
37 44 4
37 45 2
37 46 4
37 47 5
37 48 4
37 49 1
37 50 1
38 39 5
38 40 5
38 41 1
38 42 3
38 43 4
38 44 5
38 45 3
38 46 2
38 47 5
38 48 4
38 49 2
38 50 2
39 40 2
39 41 3
39 42 3
39 43 2
39 44 5
39 45 3
39 46 5
39 47 4
39 48 3
39 49 1
39 50 5
40 41 2
40 42 1
40 43 3
40 44 2
40 45 5
40 46 2
40 47 1
40 48 5
40 49 1
40 50 3
41 42 2
41 43 2
41 44 5
41 45 3
41 46 1
41 47 1
41 48 2
41 49 2
41 50 2
42 43 2
42 44 4
42 45 4
42 46 4
42 47 3
42 48 4
42 49 5
42 50 4
43 44 5
43 45 5
43 46 1
43 47 3
43 48 4
43 49 2
43 50 4
44 45 4
44 46 4
44 47 5
44 48 2
44 49 2
44 50 2
45 46 4
45 47 5
45 48 3
45 49 4
45 50 1
46 47 3
46 48 5
46 49 3
46 50 3
47 48 5
47 49 1
47 50 4
48 49 2
48 50 4
49 50 2
