100 4950
1 2 1
1 3 5
1 4 2
1 5 3
1 6 2
1 7 3
1 8 3
1 9 2
1 10 5
1 11 3
1 12 4
1 13 1
1 14 1
1 15 4
1 16 1
1 17 2
1 18 4
1 19 5
1 20 4
1 21 3
1 22 5
1 23 5
1 24 4
1 25 4
1 26 3
1 27 2
1 28 2
1 29 5
1 30 5
1 31 1
1 32 2
1 33 3
1 34 3
1 35 2
1 36 4
1 37 1
1 38 1
1 39 2
1 40 3
1 41 4
1 42 1
1 43 3
1 44 4
1 45 5
1 46 1
1 47 3
1 48 5
1 49 4
1 50 3
1 51 5
1 52 3
1 53 2
1 54 1
1 55 1
1 56 2
1 57 3
1 58 5
1 59 1
1 60 3
1 61 2
1 62 1
1 63 5
1 64 3
1 65 2
1 66 1
1 67 1
1 68 2
1 69 1
1 70 5
1 71 1
1 72 2
1 73 4
1 74 4
1 75 5
1 76 1
1 77 4
1 78 4
1 79 2
1 80 2
1 81 5
1 82 5
1 83 5
1 84 5
1 85 2
1 86 3
1 87 5
1 88 5
1 89 3
1 90 3
1 91 4
1 92 1
1 93 4
1 94 3
1 95 3
1 96 3
1 97 4
1 98 3
1 99 2
1 100 4
2 3 3
2 4 1
2 5 3
2 6 4
2 7 2
2 8 5
2 9 3
2 10 3
2 11 5
2 12 4
2 13 5
2 14 4
2 15 4
2 16 5
2 17 1
2 18 5
2 19 2
2 20 4
2 21 2
2 22 5
2 23 2
2 24 1
2 25 5
2 26 3
2 27 2
2 28 1
2 29 2
2 30 1
2 31 1
2 32 2
2 33 3
2 34 3
2 35 2
2 36 2
2 37 3
2 38 5
2 39 5
2 40 1
2 41 3
2 42 5
2 43 3
2 44 4
2 45 3
2 46 2
2 47 5
2 48 4
2 49 1
2 50 4
2 51 4
2 52 5
2 53 5
2 54 4
2 55 3
2 56 4
2 57 3
2 58 5
2 59 4
2 60 3
2 61 3
2 62 4
2 63 4
2 64 2
2 65 2
2 66 3
2 67 2
2 68 4
2 69 1
2 70 2
2 71 4
2 72 3
2 73 1
2 74 5
2 75 4
2 76 3
2 77 2
2 78 5
2 79 1
2 80 1
2 81 4
2 82 5
2 83 3
2 84 4
2 85 1
2 86 2
2 87 5
2 88 3
2 89 4
2 90 2
2 91 3
2 92 2
2 93 1
2 94 2
2 95 1
2 96 2
2 97 2
2 98 4
2 99 4
2 100 2
3 4 4
3 5 5
3 6 3
3 7 3
3 8 4
3 9 3
3 10 5
3 11 4
3 12 4
3 13 3
3 14 3
3 15 5
3 16 3
3 17 2
3 18 3
3 19 2
3 20 4
3 21 3
3 22 4
3 23 1
3 24 3
3 25 1
3 26 5
3 27 3
3 28 5
3 29 4
3 30 2
3 31 4
3 32 1
3 33 1
3 34 5
3 35 2
3 36 2
3 37 3
3 38 1
3 39 1
3 40 2
3 41 5
3 42 4
3 43 3
3 44 1
3 45 2
3 46 5
3 47 4
3 48 5
3 49 4
3 50 2
3 51 1
3 52 5
3 53 4
3 54 4
3 55 1
3 56 4
3 57 4
3 58 4
3 59 1
3 60 1
3 61 3
3 62 1
3 63 2
3 64 3
3 65 5
3 66 3
3 67 4
3 68 1
3 69 2
3 70 3
3 71 2
3 72 1
3 73 2
3 74 4
3 75 4
3 76 1
3 77 2
3 78 1
3 79 1
3 80 2
3 81 3
3 82 5
3 83 2
3 84 4
3 85 2
3 86 5
3 87 4
3 88 1
3 89 2
3 90 1
3 91 1
3 92 2
3 93 3
3 94 4
3 95 2
3 96 2
3 97 3
3 98 1
3 99 5
3 100 5
4 5 5
4 6 4
4 7 3
4 8 4
4 9 5
4 10 2
4 11 1
4 12 2
4 13 5
4 14 4
4 15 4
4 16 5
4 17 4
4 18 3
4 19 2
4 20 3
4 21 1
4 22 2
4 23 5
4 24 3
4 25 5
4 26 3
4 27 3
4 28 4
4 29 3
4 30 5
4 31 2
4 32 5
4 33 4
4 34 1
4 35 1
4 36 3
4 37 4
4 38 4
4 39 5
4 40 4
4 41 5
4 42 3
4 43 3
4 44 5
4 45 1
4 46 2
4 47 1
4 48 1
4 49 3
4 50 5
4 51 4
4 52 3
4 53 4
4 54 3
4 55 5
4 56 2
4 57 3
4 58 4
4 59 1
4 60 5
4 61 2
4 62 3
4 63 4
4 64 5
4 65 2
4 66 4
4 67 2
4 68 1
4 69 5
4 70 4
4 71 2
4 72 1
4 73 4
4 74 4
4 75 3
4 76 2
4 77 3
4 78 1
4 79 2
4 80 3
4 81 4
4 82 4
4 83 4
4 84 1
4 85 3
4 86 5
4 87 5
4 88 1
4 89 4
4 90 2
4 91 3
4 92 4
4 93 1
4 94 3
4 95 5
4 96 5
4 97 5
4 98 3
4 99 2
4 100 5
5 6 4
5 7 3
5 8 4
5 9 2
5 10 5
5 11 5
5 12 4
5 13 1
5 14 2
5 15 3
5 16 4
5 17 2
5 18 1
5 19 3
5 20 4
5 21 5
5 22 3
5 23 4
5 24 2
5 25 1
5 26 1
5 27 2
5 28 3
5 29 1
5 30 2
5 31 1
5 32 5
5 33 3
5 34 1
5 35 5
5 36 5
5 37 5
5 38 2
5 39 4
5 40 4
5 41 5
5 42 3
5 43 5
5 44 5
5 45 2
5 46 2
5 47 3
5 48 3
5 49 5
5 50 1
5 51 3
5 52 1
5 53 3
5 54 1
5 55 2
5 56 5
5 57 4
5 58 4
5 59 5
5 60 4
5 61 4
5 62 4
5 63 1
5 64 2
5 65 2
5 66 4
5 67 3
5 68 3
5 69 4
5 70 2
5 71 5
5 72 4
5 73 5
5 74 2
5 75 5
5 76 1
5 77 1
5 78 3
5 79 5
5 80 2
5 81 3
5 82 5
5 83 5
5 84 5
5 85 5
5 86 2
5 87 4
5 88 3
5 89 1
5 90 2
5 91 2
5 92 3
5 93 4
5 94 3
5 95 4
5 96 5
5 97 4
5 98 4
5 99 5
5 100 4
6 7 3
6 8 2
6 9 5
6 10 3
6 11 1
6 12 5
6 13 3
6 14 2
6 15 3
6 16 1
6 17 3
6 18 2
6 19 3
6 20 5
6 21 3
6 22 5
6 23 5
6 24 5
6 25 4
6 26 5
6 27 5
6 28 1
6 29 4
6 30 4
6 31 1
6 32 1
6 33 1
6 34 4
6 35 4
6 36 1
6 37 4
6 38 3
6 39 1
6 40 3
6 41 3
6 42 4
6 43 2
6 44 5
6 45 2
6 46 4
6 47 2
6 48 5
6 49 3
6 50 1
6 51 1
6 52 3
6 53 3
6 54 1
6 55 4
6 56 2
6 57 5
6 58 5
6 59 2
6 60 3
6 61 3
6 62 4
6 63 5
6 64 4
6 65 5
6 66 3
6 67 2
6 68 1
6 69 2
6 70 2
6 71 3
6 72 4
6 73 5
6 74 3
6 75 4
6 76 2
6 77 3
6 78 3
6 79 1
6 80 5
6 81 5
6 82 3
6 83 3
6 84 1
6 85 4
6 86 1
6 87 4
6 88 5
6 89 1
6 90 5
6 91 3
6 92 2
6 93 1
6 94 4
6 95 1
6 96 4
6 97 1
6 98 5
6 99 4
6 100 4
7 8 5
7 9 3
7 10 3
7 11 4
7 12 5
7 13 2
7 14 1
7 15 3
7 16 2
7 17 4
7 18 3
7 19 3
7 20 4
7 21 3
7 22 5
7 23 4
7 24 3
7 25 5
7 26 4
7 27 5
7 28 3
7 29 2
7 30 2
7 31 4
7 32 5
7 33 2
7 34 1
7 35 5
7 36 5
7 37 3
7 38 1
7 39 1
7 40 4
7 41 4
7 42 5
7 43 3
7 44 5
7 45 1
7 46 3
7 47 1
7 48 4
7 49 5
7 50 5
7 51 2
7 52 4
7 53 4
7 54 4
7 55 5
7 56 4
7 57 5
7 58 1
7 59 5
7 60 4
7 61 5
7 62 5
7 63 5
7 64 4
7 65 3
7 66 4
7 67 1
7 68 2
7 69 4
7 70 5
7 71 2
7 72 4
7 73 4
7 74 4
7 75 3
7 76 3
7 77 2
7 78 4
7 79 1
7 80 5
7 81 2
7 82 4
7 83 5
7 84 3
7 85 4
7 86 4
7 87 3
7 88 3
7 89 2
7 90 3
7 91 5
7 92 5
7 93 1
7 94 1
7 95 4
7 96 3
7 97 3
7 98 1
7 99 3
7 100 5
8 9 1
8 10 3
8 11 3
8 12 3
8 13 4
8 14 5
8 15 4
8 16 3
8 17 1
8 18 3
8 19 5
8 20 1
8 21 4
8 22 4
8 23 5
8 24 5
8 25 2
8 26 2
8 27 3
8 28 3
8 29 3
8 30 3
8 31 1
8 32 4
8 33 2
8 34 5
8 35 5
8 36 2
8 37 4
8 38 5
8 39 5
8 40 2
8 41 4
8 42 5
8 43 5
8 44 5
8 45 1
8 46 2
8 47 3
8 48 5
8 49 5
8 50 3
8 51 1
8 52 3
8 53 2
8 54 2
8 55 1
8 56 1
8 57 2
8 58 2
8 59 4
8 60 4
8 61 4
8 62 1
8 63 1
8 64 5
8 65 4
8 66 2
8 67 2
8 68 4
8 69 3
8 70 5
8 71 1
8 72 1
8 73 1
8 74 4
8 75 1
8 76 5
8 77 2
8 78 3
8 79 4
8 80 4
8 81 5
8 82 3
8 83 5
8 84 4
8 85 4
8 86 4
8 87 4
8 88 1
8 89 2
8 90 4
8 91 4
8 92 3
8 93 5
8 94 4
8 95 5
8 96 1
8 97 2
8 98 1
8 99 4
8 100 2
9 10 5
9 11 5
9 12 4
9 13 3
9 14 3
9 15 2
9 16 4
9 17 4
9 18 5
9 19 1
9 20 1
9 21 5
9 22 1
9 23 5
9 24 2
9 25 4
9 26 4
9 27 2
9 28 3
9 29 4
9 30 5
9 31 1
9 32 1
9 33 1
9 34 4
9 35 1
9 36 5
9 37 1
9 38 3
9 39 5
9 40 4
9 41 1
9 42 4
9 43 4
9 44 4
9 45 3
9 46 3
9 47 5
9 48 2
9 49 4
9 50 1
9 51 2
9 52 4
9 53 2
9 54 2
9 55 4
9 56 3
9 57 3
9 58 2
9 59 3
9 60 1
9 61 5
9 62 1
9 63 2
9 64 1
9 65 3
9 66 2
9 67 5
9 68 4
9 69 4
9 70 2
9 71 2
9 72 5
9 73 5
9 74 2
9 75 4
9 76 5
9 77 1
9 78 5
9 79 5
9 80 1
9 81 2
9 82 5
9 83 4
9 84 5
9 85 1
9 86 5
9 87 4
9 88 1
9 89 5
9 90 5
9 91 2
9 92 4
9 93 3
9 94 5
9 95 2
9 96 2
9 97 2
9 98 2
9 99 4
9 100 2
10 11 1
10 12 1
10 13 5
10 14 3
10 15 2
10 16 5
10 17 3
10 18 2
10 19 1
10 20 1
10 21 2
10 22 1
10 23 1
10 24 4
10 25 1
10 26 2
10 27 5
10 28 4
10 29 1
10 30 3
10 31 3
10 32 4
10 33 4
10 34 2
10 35 2
10 36 2
10 37 3
10 38 1
10 39 3
10 40 4
10 41 4
10 42 2
10 43 2
10 44 5
10 45 4
10 46 5
10 47 5
10 48 5
10 49 4
10 50 2
10 51 1
10 52 4
10 53 5
10 54 1
10 55 3
10 56 2
10 57 1
10 58 3
10 59 2
10 60 2
10 61 3
10 62 3
10 63 4
10 64 2
10 65 2
10 66 4
10 67 2
10 68 1
10 69 5
10 70 4
10 71 5
10 72 3
10 73 5
10 74 4
10 75 4
10 76 2
10 77 1
10 78 1
10 79 3
10 80 1
10 81 3
10 82 3
10 83 1
10 84 1
10 85 3
10 86 3
10 87 5
10 88 4
10 89 5
10 90 3
10 91 2
10 92 4
10 93 3
10 94 5
10 95 4
10 96 3
10 97 1
10 98 1
10 99 5
10 100 1
11 12 3
11 13 1
11 14 1
11 15 1
11 16 5
11 17 4
11 18 3
11 19 4
11 20 4
11 21 5
11 22 5
11 23 1
11 24 3
11 25 5
11 26 1
11 27 4
11 28 3
11 29 1
11 30 1
11 31 1
11 32 2
11 33 1
11 34 1
11 35 5
11 36 2
11 37 1
11 38 1
11 39 1
11 40 2
11 41 5
11 42 5
11 43 2
11 44 4
11 45 1
11 46 3
11 47 1
11 48 4
11 49 5
11 50 2
11 51 5
11 52 2
11 53 2
11 54 3
11 55 3
11 56 2
11 57 2
11 58 4
11 59 4
11 60 5
11 61 1
11 62 5
11 63 2
11 64 4
11 65 5
11 66 2
11 67 2
11 68 2
11 69 2
11 70 5
11 71 3
11 72 3
11 73 1
11 74 4
11 75 3
11 76 2
11 77 2
11 78 4
11 79 2
11 80 4
11 81 2
11 82 4
11 83 4
11 84 3
11 85 4
11 86 3
11 87 2
11 88 3
11 89 4
11 90 3
11 91 4
11 92 2
11 93 5
11 94 1
11 95 1
11 96 2
11 97 1
11 98 1
11 99 1
11 100 1
12 13 1
12 14 2
12 15 3
12 16 5
12 17 5
12 18 3
12 19 5
12 20 3
12 21 2
12 22 2
12 23 5
12 24 4
12 25 5
12 26 4
12 27 1
12 28 3
12 29 1
12 30 1
12 31 5
12 32 1
12 33 4
12 34 4
12 35 5
12 36 2
12 37 4
12 38 3
12 39 2
12 40 5
12 41 3
12 42 3
12 43 2
12 44 5
12 45 2
12 46 1
12 47 3
12 48 1
12 49 5
12 50 1
12 51 2
12 52 3
12 53 4
12 54 3
12 55 1
12 56 5
12 57 5
12 58 4
12 59 1
12 60 1
12 61 2
12 62 4
12 63 2
12 64 5
12 65 1
12 66 3
12 67 2
12 68 3
12 69 5
12 70 4
12 71 4
12 72 4
12 73 2
12 74 3
12 75 4
12 76 1
12 77 3
12 78 3
12 79 4
12 80 5
12 81 4
12 82 2
12 83 1
12 84 2
12 85 2
12 86 2
12 87 2
12 88 1
12 89 1
12 90 3
12 91 4
12 92 2
12 93 2
12 94 5
12 95 4
12 96 2
12 97 5
12 98 2
12 99 2
12 100 3
13 14 2
13 15 5
13 16 3
13 17 4
13 18 4
13 19 5
13 20 4
13 21 2
13 22 5
13 23 3
13 24 2
13 25 4
13 26 5
13 27 3
13 28 3
13 29 1
13 30 3
13 31 3
13 32 3
13 33 1
13 34 4
13 35 1
13 36 2
13 37 4
13 38 5
13 39 3
13 40 3
13 41 5
13 42 4
13 43 3
13 44 5
13 45 5
13 46 3
13 47 3
13 48 4
13 49 3
13 50 3
13 51 4
13 52 3
13 53 5
13 54 1
13 55 2
13 56 1
13 57 5
13 58 5
13 59 3
13 60 3
13 61 1
13 62 1
13 63 3
13 64 3
13 65 4
13 66 5
13 67 2
13 68 4
13 69 2
13 70 2
13 71 1
13 72 2
13 73 2
13 74 5
13 75 2
13 76 2
13 77 5
13 78 1
13 79 5
13 80 4
13 81 1
13 82 1
13 83 1
13 84 3
13 85 2
13 86 1
13 87 4
13 88 4
13 89 2
13 90 5
13 91 2
13 92 3
13 93 5
13 94 2
13 95 3
13 96 3
13 97 3
13 98 5
13 99 3
13 100 3
14 15 5
14 16 2
14 17 5
14 18 3
14 19 1
14 20 1
14 21 1
14 22 1
14 23 1
14 24 5
14 25 1
14 26 4
14 27 3
14 28 3
14 29 2
14 30 3
14 31 4
14 32 2
14 33 2
14 34 5
14 35 4
14 36 3
14 37 2
14 38 2
14 39 1
14 40 4
14 41 1
14 42 1
14 43 2
14 44 1
14 45 2
14 46 3
14 47 2
14 48 4
14 49 5
14 50 5
14 51 1
14 52 4
14 53 4
14 54 1
14 55 2
14 56 4
14 57 3
14 58 5
14 59 4
14 60 1
14 61 4
14 62 5
14 63 5
14 64 4
14 65 4
14 66 4
14 67 1
14 68 5
14 69 1
14 70 1
14 71 2
14 72 1
14 73 4
14 74 3
14 75 2
14 76 3
14 77 3
14 78 1
14 79 2
14 80 1
14 81 5
14 82 1
14 83 4
14 84 4
14 85 5
14 86 1
14 87 1
14 88 4
14 89 2
14 90 1
14 91 3
14 92 3
14 93 5
14 94 3
14 95 4
14 96 2
14 97 3
14 98 3
14 99 3
14 100 4
15 16 1
15 17 5
15 18 3
15 19 3
15 20 1
15 21 2
15 22 5
15 23 2
15 24 1
15 25 3
15 26 5
15 27 2
15 28 5
15 29 3
15 30 3
15 31 3
15 32 2
15 33 4
15 34 2
15 35 5
15 36 2
15 37 1
15 38 4
15 39 5
15 40 5
15 41 1
15 42 1
15 43 5
15 44 3
15 45 2
15 46 3
15 47 4
15 48 1
15 49 5
15 50 1
15 51 4
15 52 5
15 53 1
15 54 5
15 55 1
15 56 4
15 57 3
15 58 2
15 59 1
15 60 4
15 61 2
15 62 1
15 63 4
15 64 5
15 65 4
15 66 4
15 67 2
15 68 1
15 69 3
15 70 5
15 71 4
15 72 2
15 73 3
15 74 2
15 75 4
15 76 3
15 77 3
15 78 4
15 79 3
15 80 5
15 81 1
15 82 2
15 83 1
15 84 4
15 85 5
15 86 4
15 87 5
15 88 2
15 89 1
15 90 3
15 91 1
15 92 1
15 93 4
15 94 2
15 95 4
15 96 2
15 97 5
15 98 5
15 99 3
15 100 1
16 17 5
16 18 1
16 19 4
16 20 4
16 21 5
16 22 4
16 23 5
16 24 3
16 25 1
16 26 1
16 27 1
16 28 4
16 29 4
16 30 5
16 31 4
16 32 5
16 33 3
16 34 5
16 35 5
16 36 1
16 37 4
16 38 3
16 39 3
16 40 4
16 41 4
16 42 4
16 43 2
16 44 5
16 45 3
16 46 4
16 47 2
16 48 4
16 49 2
16 50 3
16 51 1
16 52 1
16 53 2
16 54 3
16 55 4
16 56 5
16 57 2
16 58 3
16 59 4
16 60 3
16 61 5
16 62 4
16 63 2
16 64 5
16 65 1
16 66 3
16 67 4
16 68 5
16 69 4
16 70 1
16 71 3
16 72 4
16 73 5
16 74 4
16 75 4
16 76 1
16 77 5
16 78 2
16 79 4
16 80 3
16 81 5
16 82 3
16 83 1
16 84 5
16 85 4
16 86 2
16 87 5
16 88 4
16 89 2
16 90 4
16 91 2
16 92 1
16 93 2
16 94 5
16 95 4
16 96 1
16 97 4
16 98 5
16 99 5
16 100 2
17 18 3
17 19 3
17 20 2
17 21 2
17 22 3
17 23 3
17 24 2
17 25 5
17 26 3
17 27 4
17 28 3
17 29 4
17 30 3
17 31 4
17 32 5
17 33 1
17 34 1
17 35 1
17 36 4
17 37 1
17 38 2
17 39 4
17 40 1
17 41 5
17 42 1
17 43 3
17 44 3
17 45 4
17 46 5
17 47 1
17 48 2
17 49 5
17 50 2
17 51 4
17 52 3
17 53 1
17 54 5
17 55 2
17 56 3
17 57 1
17 58 4
17 59 3
17 60 2
17 61 5
17 62 1
17 63 3
17 64 1
17 65 5
17 66 1
17 67 4
17 68 1
17 69 2
17 70 2
17 71 4
17 72 1
17 73 5
17 74 1
17 75 1
17 76 3
17 77 5
17 78 3
17 79 5
17 80 4
17 81 2
17 82 2
17 83 2
17 84 2
17 85 4
17 86 2
17 87 3
17 88 1
17 89 5
17 90 2
17 91 3
17 92 3
17 93 2
17 94 5
17 95 2
17 96 3
17 97 4
17 98 2
17 99 4
17 100 4
18 19 4
18 20 2
18 21 4
18 22 2
18 23 1
18 24 2
18 25 2
18 26 4
18 27 3
18 28 4
18 29 3
18 30 5
18 31 3
18 32 3
18 33 4
18 34 5
18 35 3
18 36 1
18 37 3
18 38 5
18 39 2
18 40 4
18 41 5
18 42 2
18 43 1
18 44 5
18 45 5
18 46 5
18 47 5
18 48 1
18 49 5
18 50 3
18 51 2
18 52 3
18 53 4
18 54 3
18 55 1
18 56 1
18 57 1
18 58 2
18 59 3
18 60 3
18 61 4
18 62 4
18 63 5
18 64 1
18 65 2
18 66 1
18 67 1
18 68 2
18 69 5
18 70 3
18 71 1
18 72 5
18 73 1
18 74 4
18 75 2
18 76 2
18 77 3
18 78 2
18 79 4
18 80 2
18 81 1
18 82 5
18 83 4
18 84 4
18 85 1
18 86 2
18 87 3
18 88 5
18 89 2
18 90 1
18 91 3
18 92 5
18 93 4
18 94 2
18 95 4
18 96 3
18 97 3
18 98 2
18 99 1
18 100 3
19 20 3
19 21 3
19 22 2
19 23 2
19 24 4
19 25 1
19 26 5
19 27 4
19 28 4
19 29 4
19 30 5
19 31 5
19 32 3
19 33 5
19 34 5
19 35 3
19 36 3
19 37 4
19 38 1
19 39 1
19 40 1
19 41 1
19 42 3
19 43 2
19 44 1
19 45 1
19 46 3
19 47 1
19 48 5
19 49 4
19 50 5
19 51 5
19 52 4
19 53 4
19 54 2
19 55 1
19 56 5
19 57 3
19 58 4
19 59 1
19 60 2
19 61 4
19 62 1
19 63 4
19 64 3
19 65 1
19 66 4
19 67 1
19 68 1
19 69 2
19 70 4
19 71 2
19 72 1
19 73 5
19 74 4
19 75 3
19 76 2
19 77 2
19 78 1
19 79 5
19 80 2
19 81 2
19 82 4
19 83 5
19 84 4
19 85 4
19 86 4
19 87 5
19 88 4
19 89 4
19 90 5
19 91 5
19 92 1
19 93 2
19 94 2
19 95 4
19 96 1
19 97 3
19 98 1
19 99 1
19 100 3
20 21 5
20 22 1
20 23 2
20 24 3
20 25 4
20 26 2
20 27 1
20 28 4
20 29 5
20 30 4
20 31 4
20 32 2
20 33 3
20 34 4
20 35 3
20 36 4
20 37 2
20 38 3
20 39 3
20 40 2
20 41 1
20 42 4
20 43 5
20 44 5
20 45 1
20 46 3
20 47 1
20 48 3
20 49 4
20 50 1
20 51 1
20 52 1
20 53 1
20 54 4
20 55 2
20 56 5
20 57 2
20 58 5
20 59 2
20 60 1
20 61 5
20 62 4
20 63 5
20 64 1
20 65 5
20 66 3
20 67 5
20 68 4
20 69 3
20 70 2
20 71 1
20 72 1
20 73 1
20 74 2
20 75 4
20 76 4
20 77 5
20 78 3
20 79 1
20 80 1
20 81 3
20 82 4
20 83 1
20 84 3
20 85 1
20 86 5
20 87 2
20 88 3
20 89 3
20 90 5
20 91 4
20 92 1
20 93 5
20 94 1
20 95 5
20 96 3
20 97 3
20 98 2
20 99 1
20 100 2
21 22 2
21 23 4
21 24 3
21 25 5
21 26 4
21 27 2
21 28 5
21 29 1
21 30 5
21 31 2
21 32 1
21 33 4
21 34 5
21 35 4
21 36 3
21 37 2
21 38 5
21 39 3
21 40 3
21 41 4
21 42 1
21 43 3
21 44 1
21 45 1
21 46 5
21 47 1
21 48 1
21 49 1
21 50 5
21 51 1
21 52 2
21 53 5
21 54 2
21 55 3
21 56 1
21 57 5
21 58 3
21 59 5
21 60 4
21 61 2
21 62 1
21 63 2
21 64 2
21 65 1
21 66 2
21 67 2
21 68 4
21 69 1
21 70 2
21 71 5
21 72 1
21 73 5
21 74 4
21 75 1
21 76 2
21 77 5
21 78 4
21 79 1
21 80 2
21 81 1
21 82 1
21 83 3
21 84 1
21 85 4
21 86 2
21 87 3
21 88 1
21 89 5
21 90 3
21 91 3
21 92 2
21 93 3
21 94 1
21 95 4
21 96 2
21 97 1
21 98 4
21 99 3
21 100 1
22 23 3
22 24 3
22 25 2
22 26 4
22 27 3
22 28 4
22 29 5
22 30 5
22 31 3
22 32 3
22 33 4
22 34 1
22 35 4
22 36 5
22 37 2
22 38 1
22 39 4
22 40 3
22 41 5
22 42 3
22 43 3
22 44 2
22 45 4
22 46 1
22 47 1
22 48 3
22 49 3
22 50 1
22 51 1
22 52 2
22 53 2
22 54 1
22 55 1
22 56 3
22 57 5
22 58 1
22 59 5
22 60 1
22 61 5
22 62 4
22 63 2
22 64 2
22 65 1
22 66 1
22 67 1
22 68 1
22 69 5
22 70 1
22 71 2
22 72 4
22 73 4
22 74 3
22 75 1
22 76 3
22 77 1
22 78 2
22 79 5
22 80 3
22 81 4
22 82 5
22 83 4
22 84 2
22 85 2
22 86 5
22 87 2
22 88 2
22 89 1
22 90 3
22 91 2
22 92 4
22 93 3
22 94 1
22 95 2
22 96 3
22 97 3
22 98 4
22 99 5
22 100 4
23 24 2
23 25 3
23 26 1
23 27 5
23 28 5
23 29 4
23 30 1
23 31 2
23 32 3
23 33 1
23 34 4
23 35 3
23 36 4
23 37 1
23 38 3
23 39 2
23 40 3
23 41 2
23 42 5
23 43 3
23 44 1
23 45 2
23 46 3
23 47 4
23 48 2
23 49 2
23 50 5
23 51 5
23 52 1
23 53 4
23 54 4
23 55 4
23 56 4
23 57 1
23 58 5
23 59 3
23 60 4
23 61 4
23 62 3
23 63 1
23 64 4
23 65 1
23 66 4
23 67 3
23 68 3
23 69 5
23 70 1
23 71 2
23 72 1
23 73 5
23 74 4
23 75 4
23 76 1
23 77 5
23 78 3
23 79 5
23 80 4
23 81 2
23 82 5
23 83 5
23 84 4
23 85 3
23 86 3
23 87 5
23 88 5
23 89 5
23 90 5
23 91 5
23 92 5
23 93 3
23 94 3
23 95 2
23 96 1
23 97 3
23 98 4
23 99 3
23 100 3
24 25 5
24 26 5
24 27 3
24 28 4
24 29 5
24 30 4
24 31 3
24 32 5
24 33 2
24 34 5
24 35 1
24 36 2
24 37 2
24 38 3
24 39 5
24 40 1
24 41 1
24 42 2
24 43 2
24 44 1
24 45 1
24 46 5
24 47 4
24 48 2
24 49 1
24 50 3
24 51 5
24 52 5
24 53 4
24 54 5
24 55 3
24 56 1
24 57 3
24 58 2
24 59 5
24 60 2
24 61 4
24 62 5
24 63 5
24 64 2
24 65 1
24 66 4
24 67 3
24 68 4
24 69 3
24 70 5
24 71 2
24 72 1
24 73 1
24 74 1
24 75 3
24 76 3
24 77 3
24 78 5
24 79 1
24 80 3
24 81 1
24 82 5
24 83 4
24 84 3
24 85 3
24 86 1
24 87 4
24 88 4
24 89 5
24 90 4
24 91 5
24 92 3
24 93 2
24 94 4
24 95 1
24 96 2
24 97 4
24 98 2
24 99 1
24 100 5
25 26 5
25 27 2
25 28 1
25 29 5
25 30 5
25 31 5
25 32 3
25 33 1
25 34 1
25 35 4
25 36 4
25 37 4
25 38 3
25 39 5
25 40 3
25 41 1
25 42 4
25 43 5
25 44 3
25 45 4
25 46 3
25 47 5
25 48 4
25 49 3
25 50 3
25 51 4
25 52 2
25 53 3
25 54 1
25 55 2
25 56 3
25 57 1
25 58 4
25 59 5
25 60 2
25 61 5
25 62 2
25 63 4
25 64 2
25 65 2
25 66 5
25 67 1
25 68 3
25 69 2
25 70 5
25 71 2
25 72 1
25 73 3
25 74 4
25 75 3
25 76 3
25 77 3
25 78 3
25 79 1
25 80 5
25 81 4
25 82 5
25 83 2
25 84 5
25 85 5
25 86 1
25 87 1
25 88 5
25 89 1
25 90 3
25 91 5
25 92 1
25 93 3
25 94 5
25 95 2
25 96 4
25 97 5
25 98 1
25 99 4
25 100 2
26 27 2
26 28 5
26 29 1
26 30 2
26 31 1
26 32 2
26 33 3
26 34 1
26 35 2
26 36 2
26 37 5
26 38 1
26 39 2
26 40 4
26 41 4
26 42 4
26 43 5
26 44 2
26 45 4
26 46 4
26 47 1
26 48 2
26 49 4
26 50 1
26 51 5
26 52 2
26 53 5
26 54 3
26 55 4
26 56 4
26 57 2
26 58 4
26 59 3
26 60 5
26 61 5
26 62 4
26 63 3
26 64 3
26 65 5
26 66 2
26 67 3
26 68 2
26 69 1
26 70 1
26 71 3
26 72 1
26 73 3
26 74 5
26 75 5
26 76 3
26 77 4
26 78 5
26 79 3
26 80 3
26 81 4
26 82 2
26 83 5
26 84 4
26 85 4
26 86 1
26 87 4
26 88 1
26 89 2
26 90 4
26 91 2
26 92 4
26 93 1
26 94 2
26 95 2
26 96 2
26 97 3
26 98 5
26 99 4
26 100 2
27 28 1
27 29 4
27 30 2
27 31 5
27 32 2
27 33 2
27 34 1
27 35 5
27 36 3
27 37 5
27 38 3
27 39 5
27 40 5
27 41 5
27 42 4
27 43 2
27 44 1
27 45 1
27 46 1
27 47 3
27 48 4
27 49 1
27 50 2
27 51 5
27 52 1
27 53 5
27 54 1
27 55 5
27 56 4
27 57 5
27 58 4
27 59 1
27 60 2
27 61 1
27 62 2
27 63 3
27 64 1
27 65 5
27 66 5
27 67 3
27 68 5
27 69 5
27 70 1
27 71 2
27 72 4
27 73 3
27 74 4
27 75 1
27 76 3
27 77 3
27 78 1
27 79 5
27 80 5
27 81 3
27 82 4
27 83 5
27 84 2
27 85 2
27 86 1
27 87 1
27 88 1
27 89 5
27 90 2
27 91 5
27 92 4
27 93 2
27 94 3
27 95 1
27 96 5
27 97 3
27 98 4
27 99 4
27 100 4
28 29 2
28 30 1
28 31 3
28 32 4
28 33 2
28 34 5
28 35 3
28 36 1
28 37 2
28 38 3
28 39 2
28 40 2
28 41 2
28 42 4
28 43 1
28 44 3
28 45 5
28 46 3
28 47 5
28 48 1
28 49 2
28 50 2
28 51 3
28 52 4
28 53 2
28 54 5
28 55 3
28 56 5
28 57 4
28 58 4
28 59 3
28 60 1
28 61 4
28 62 2
28 63 5
28 64 2
28 65 3
28 66 4
28 67 4
28 68 4
28 69 5
28 70 4
28 71 4
28 72 2
28 73 1
28 74 2
28 75 2
28 76 4
28 77 5
28 78 1
28 79 4
28 80 4
28 81 5
28 82 5
28 83 1
28 84 5
28 85 3
28 86 4
28 87 2
28 88 3
28 89 3
28 90 1
28 91 1
28 92 2
28 93 3
28 94 3
28 95 1
28 96 1
28 97 3
28 98 5
28 99 1
28 100 3
29 30 3
29 31 4
29 32 1
29 33 5
29 34 3
29 35 3
29 36 2
29 37 1
29 38 5
29 39 2
29 40 3
29 41 1
29 42 4
29 43 4
29 44 2
29 45 2
29 46 5
29 47 4
29 48 3
29 49 5
29 50 3
29 51 2
29 52 5
29 53 4
29 54 4
29 55 4
29 56 4
29 57 1
29 58 3
29 59 2
29 60 1
29 61 2
29 62 5
29 63 4
29 64 1
29 65 5
29 66 3
29 67 4
29 68 4
29 69 5
29 70 2
29 71 1
29 72 5
29 73 1
29 74 5
29 75 2
29 76 5
29 77 5
29 78 2
29 79 3
29 80 3
29 81 1
29 82 3
29 83 4
29 84 3
29 85 5
29 86 3
29 87 3
29 88 4
29 89 1
29 90 2
29 91 3
29 92 2
29 93 3
29 94 1
29 95 2
29 96 4
29 97 1
29 98 2
29 99 3
29 100 5
30 31 2
30 32 4
30 33 1
30 34 4
30 35 4
30 36 4
30 37 3
30 38 4
30 39 2
30 40 1
30 41 3
30 42 5
30 43 3
30 44 1
30 45 2
30 46 1
30 47 2
30 48 2
30 49 2
30 50 3
30 51 5
30 52 2
30 53 1
30 54 5
30 55 1
30 56 5
30 57 2
30 58 5
30 59 3
30 60 2
30 61 5
30 62 4
30 63 2
30 64 1
30 65 5
30 66 1
30 67 2
30 68 3
30 69 5
30 70 2
30 71 3
30 72 3
30 73 1
30 74 2
30 75 2
30 76 1
30 77 5
30 78 3
30 79 4
30 80 3
30 81 4
30 82 1
30 83 3
30 84 5
30 85 1
30 86 3
30 87 5
30 88 3
30 89 2
30 90 1
30 91 2
30 92 2
30 93 2
30 94 5
30 95 5
30 96 5
30 97 1
30 98 2
30 99 2
30 100 4
31 32 5
31 33 4
31 34 1
31 35 5
31 36 2
31 37 2
31 38 4
31 39 5
31 40 4
31 41 3
31 42 1
31 43 2
31 44 3
31 45 4
31 46 4
31 47 5
31 48 1
31 49 1
31 50 3
31 51 4
31 52 4
31 53 1
31 54 5
31 55 4
31 56 2
31 57 3
31 58 5
31 59 3
31 60 3
31 61 2
31 62 2
31 63 1
31 64 2
31 65 5
31 66 1
31 67 4
31 68 4
31 69 3
31 70 4
31 71 3
31 72 2
31 73 4
31 74 4
31 75 5
31 76 2
31 77 1
31 78 5
31 79 4
31 80 2
31 81 1
31 82 5
31 83 4
31 84 1
31 85 3
31 86 1
31 87 1
31 88 5
31 89 5
31 90 2
31 91 3
31 92 3
31 93 2
31 94 4
31 95 3
31 96 3
31 97 1
31 98 4
31 99 5
31 100 5
32 33 1
32 34 2
32 35 3
32 36 1
32 37 2
32 38 3
32 39 2
32 40 4
32 41 4
32 42 3
32 43 3
32 44 5
32 45 2
32 46 4
32 47 3
32 48 1
32 49 5
32 50 5
32 51 5
32 52 5
32 53 1
32 54 5
32 55 3
32 56 5
32 57 4
32 58 4
32 59 2
32 60 5
32 61 3
32 62 5
32 63 4
32 64 4
32 65 3
32 66 2
32 67 4
32 68 1
32 69 1
32 70 2
32 71 3
32 72 1
32 73 3
32 74 3
32 75 2
32 76 3
32 77 4
32 78 5
32 79 3
32 80 4
32 81 2
32 82 3
32 83 2
32 84 5
32 85 2
32 86 5
32 87 2
32 88 2
32 89 3
32 90 3
32 91 3
32 92 2
32 93 4
32 94 2
32 95 3
32 96 4
32 97 3
32 98 5
32 99 3
32 100 5
33 34 5
33 35 5
33 36 2
33 37 2
33 38 2
33 39 2
33 40 1
33 41 1
33 42 5
33 43 3
33 44 3
33 45 2
33 46 4
33 47 3
33 48 2
33 49 4
33 50 5
33 51 5
33 52 3
33 53 3
33 54 5
33 55 4
33 56 5
33 57 4
33 58 4
33 59 5
33 60 1
33 61 1
33 62 2
33 63 1
33 64 4
33 65 3
33 66 2
33 67 4
33 68 5
33 69 2
33 70 4
33 71 5
33 72 4
33 73 2
33 74 5
33 75 2
33 76 3
33 77 1
33 78 2
33 79 2
33 80 3
33 81 2
33 82 3
33 83 2
33 84 2
33 85 1
33 86 4
33 87 3
33 88 2
33 89 3
33 90 2
33 91 2
33 92 4
33 93 5
33 94 3
33 95 1
33 96 1
33 97 4
33 98 3
33 99 5
33 100 4
34 35 1
34 36 4
34 37 3
34 38 4
34 39 5
34 40 2
34 41 5
34 42 3
34 43 3
34 44 3
34 45 2
34 46 1
34 47 1
34 48 2
34 49 1
34 50 2
34 51 3
34 52 1
34 53 2
34 54 4
34 55 3
34 56 4
34 57 3
34 58 2
34 59 4
34 60 5
34 61 3
34 62 3
34 63 5
34 64 1
34 65 3
34 66 1
34 67 2
34 68 1
34 69 2
34 70 5
34 71 3
34 72 5
34 73 4
34 74 2
34 75 2
34 76 1
34 77 2
34 78 4
34 79 1
34 80 1
34 81 3
34 82 4
34 83 3
34 84 1
34 85 4
34 86 5
34 87 2
34 88 3
34 89 4
34 90 4
34 91 4
34 92 2
34 93 2
34 94 1
34 95 4
34 96 4
34 97 3
34 98 2
34 99 3
34 100 5
35 36 1
35 37 1
35 38 1
35 39 5
35 40 5
35 41 1
35 42 3
35 43 1
35 44 2
35 45 3
35 46 3
35 47 5
35 48 3
35 49 3
35 50 1
35 51 3
35 52 4
35 53 1
35 54 5
35 55 4
35 56 3
35 57 4
35 58 2
35 59 5
35 60 5
35 61 1
35 62 5
35 63 1
35 64 3
35 65 5
35 66 4
35 67 4
35 68 3
35 69 3
35 70 5
35 71 5
35 72 4
35 73 3
35 74 2
35 75 3
35 76 4
35 77 2
35 78 4
35 79 3
35 80 3
35 81 1
35 82 4
35 83 5
35 84 2
35 85 1
35 86 3
35 87 4
35 88 5
35 89 2
35 90 1
35 91 1
35 92 2
35 93 5
35 94 4
35 95 1
35 96 1
35 97 2
35 98 3
35 99 2
35 100 5
36 37 5
36 38 2
36 39 1
36 40 4
36 41 5
36 42 4
36 43 5
36 44 2
36 45 3
36 46 4
36 47 2
36 48 2
36 49 5
36 50 1
36 51 3
36 52 2
36 53 2
36 54 4
36 55 5
36 56 4
36 57 4
36 58 1
36 59 5
36 60 4
36 61 2
36 62 1
36 63 3
36 64 1
36 65 5
36 66 2
36 67 2
36 68 2
36 69 1
36 70 1
36 71 2
36 72 4
36 73 4
36 74 5
36 75 2
36 76 1
36 77 3
36 78 4
36 79 5
36 80 4
36 81 4
36 82 3
36 83 4
36 84 2
36 85 4
36 86 5
36 87 5
36 88 2
36 89 4
36 90 2
36 91 4
36 92 1
36 93 3
36 94 2
36 95 3
36 96 5
36 97 2
36 98 5
36 99 3
36 100 5
37 38 1
37 39 3
37 40 1
37 41 3
37 42 4
37 43 5
37 44 5
37 45 3
37 46 1
37 47 2
37 48 4
37 49 3
37 50 3
37 51 2
37 52 3
37 53 4
37 54 5
37 55 1
37 56 5
37 57 4
37 58 3
37 59 1
37 60 5
37 61 3
37 62 4
37 63 3
37 64 4
37 65 2
37 66 1
37 67 5
37 68 1
37 69 2
37 70 2
37 71 1
37 72 5
37 73 4
37 74 5
37 75 5
37 76 1
37 77 1
37 78 2
37 79 2
37 80 4
37 81 4
37 82 1
37 83 5
37 84 2
37 85 5
37 86 5
37 87 4
37 88 1
37 89 2
37 90 3
37 91 1
37 92 2
37 93 4
37 94 2
37 95 2
37 96 3
37 97 1
37 98 3
37 99 2
37 100 2
38 39 4
38 40 5
38 41 3
38 42 3
38 43 4
38 44 1
38 45 3
38 46 2
38 47 2
38 48 2
38 49 1
38 50 5
38 51 4
38 52 2
38 53 1
38 54 3
38 55 4
38 56 1
38 57 3
38 58 4
38 59 1
38 60 5
38 61 1
38 62 5
38 63 5
38 64 4
38 65 4
38 66 1
38 67 2
38 68 1
38 69 1
38 70 2
38 71 4
38 72 2
38 73 5
38 74 1
38 75 2
38 76 2
38 77 4
38 78 5
38 79 5
38 80 5
38 81 3
38 82 1
38 83 2
38 84 2
38 85 5
38 86 5
38 87 5
38 88 2
38 89 3
38 90 4
38 91 4
38 92 2
38 93 3
38 94 2
38 95 1
38 96 4
38 97 4
38 98 1
38 99 3
38 100 2
39 40 3
39 41 3
39 42 2
39 43 5
39 44 1
39 45 2
39 46 5
39 47 4
39 48 3
39 49 3
39 50 2
39 51 1
39 52 3
39 53 5
39 54 5
39 55 1
39 56 1
39 57 2
39 58 3
39 59 3
39 60 1
39 61 4
39 62 4
39 63 3
39 64 1
39 65 5
39 66 3
39 67 5
39 68 4
39 69 1
39 70 1
39 71 5
39 72 3
39 73 4
39 74 3
39 75 4
39 76 1
39 77 5
39 78 3
39 79 2
39 80 3
39 81 5
39 82 4
39 83 5
39 84 3
39 85 5
39 86 1
39 87 2
39 88 2
39 89 3
39 90 5
39 91 4
39 92 3
39 93 3
39 94 2
39 95 4
39 96 3
39 97 3
39 98 1
39 99 4
39 100 4
40 41 4
40 42 3
40 43 3
40 44 2
40 45 3
40 46 1
40 47 4
40 48 4
40 49 5
40 50 3
40 51 3
40 52 5
40 53 5
40 54 5
40 55 2
40 56 3
40 57 5
40 58 2
40 59 2
40 60 1
40 61 5
40 62 2
40 63 5
40 64 2
40 65 1
40 66 5
40 67 5
40 68 2
40 69 1
40 70 1
40 71 5
40 72 1
40 73 4
40 74 5
40 75 3
40 76 3
40 77 3
40 78 5
40 79 2
40 80 4
40 81 2
40 82 1
40 83 2
40 84 2
40 85 2
40 86 4
40 87 2
40 88 5
40 89 3
40 90 2
40 91 5
40 92 4
40 93 5
40 94 1
40 95 4
40 96 4
40 97 1
40 98 5
40 99 3
40 100 4
41 42 3
41 43 1
41 44 5
41 45 5
41 46 5
41 47 4
41 48 2
41 49 5
41 50 1
41 51 5
41 52 5
41 53 2
41 54 1
41 55 1
41 56 2
41 57 2
41 58 1
41 59 2
41 60 2
41 61 5
41 62 2
41 63 2
41 64 1
41 65 1
41 66 5
41 67 3
41 68 2
41 69 4
41 70 3
41 71 4
41 72 2
41 73 5
41 74 1
41 75 4
41 76 4
41 77 3
41 78 1
41 79 1
41 80 4
41 81 2
41 82 3
41 83 3
41 84 5
41 85 3
41 86 4
41 87 3
41 88 4
41 89 1
41 90 5
41 91 3
41 92 1
41 93 2
41 94 5
41 95 3
41 96 3
41 97 3
41 98 3
41 99 1
41 100 5
42 43 2
42 44 1
42 45 1
42 46 3
42 47 1
42 48 1
42 49 1
42 50 3
42 51 3
42 52 1
42 53 1
42 54 5
42 55 5
42 56 5
42 57 4
42 58 1
42 59 1
42 60 1
42 61 4
42 62 1
42 63 1
42 64 3
42 65 4
42 66 3
42 67 1
42 68 3
42 69 4
42 70 4
42 71 5
42 72 2
42 73 4
42 74 4
42 75 2
42 76 1
42 77 3
42 78 2
42 79 5
42 80 3
42 81 4
42 82 5
42 83 3
42 84 5
42 85 1
42 86 4
42 87 5
42 88 2
42 89 2
42 90 1
42 91 4
42 92 3
42 93 3
42 94 2
42 95 3
42 96 4
42 97 1
42 98 5
42 99 1
42 100 5
43 44 2
43 45 3
43 46 5
43 47 1
43 48 3
43 49 1
43 50 3
43 51 2
43 52 2
43 53 4
43 54 5
43 55 3
43 56 4
43 57 5
43 58 5
43 59 4
43 60 3
43 61 4
43 62 1
43 63 2
43 64 3
43 65 5
43 66 4
43 67 5
43 68 2
43 69 1
43 70 1
43 71 3
43 72 3
43 73 4
43 74 4
43 75 2
43 76 3
43 77 4
43 78 5
43 79 5
43 80 1
43 81 5
43 82 4
43 83 4
43 84 4
43 85 2
43 86 1
43 87 4
43 88 1
43 89 3
43 90 4
43 91 1
43 92 5
43 93 2
43 94 2
43 95 1
43 96 3
43 97 5
43 98 3
43 99 2
43 100 4
44 45 5
44 46 1
44 47 1
44 48 3
44 49 4
44 50 4
44 51 2
44 52 1
44 53 2
44 54 2
44 55 1
44 56 3
44 57 1
44 58 5
44 59 2
44 60 3
44 61 2
44 62 2
44 63 3
44 64 1
44 65 1
44 66 2
44 67 3
44 68 1
44 69 3
44 70 1
44 71 5
44 72 5
44 73 4
44 74 3
44 75 1
44 76 5
44 77 4
44 78 4
44 79 2
44 80 4
44 81 4
44 82 4
44 83 5
44 84 4
44 85 2
44 86 5
44 87 1
44 88 3
44 89 5
44 90 4
44 91 3
44 92 1
44 93 5
44 94 4
44 95 2
44 96 3
44 97 3
44 98 5
44 99 5
44 100 5
45 46 1
45 47 1
45 48 4
45 49 3
45 50 5
45 51 1
45 52 4
45 53 1
45 54 2
45 55 2
45 56 4
45 57 5
45 58 3
45 59 3
45 60 5
45 61 5
45 62 5
45 63 4
45 64 1
45 65 5
45 66 3
45 67 3
45 68 2
45 69 3
45 70 4
45 71 1
45 72 1
45 73 1
45 74 2
45 75 2
45 76 3
45 77 1
45 78 3
45 79 1
45 80 5
45 81 3
45 82 2
45 83 3
45 84 4
45 85 5
45 86 4
45 87 2
45 88 2
45 89 5
45 90 1
45 91 1
45 92 3
45 93 4
45 94 2
45 95 4
45 96 5
45 97 1
45 98 1
45 99 1
45 100 4
46 47 3
46 48 1
46 49 2
46 50 2
46 51 5
46 52 4
46 53 1
46 54 4
46 55 4
46 56 3
46 57 1
46 58 1
46 59 1
46 60 4
46 61 1
46 62 3
46 63 5
46 64 2
46 65 1
46 66 5
46 67 5
46 68 4
46 69 5
46 70 4
46 71 2
46 72 4
46 73 2
46 74 4
46 75 2
46 76 4
46 77 1
46 78 3
46 79 5
46 80 1
46 81 2
46 82 3
46 83 4
46 84 2
46 85 2
46 86 3
46 87 5
46 88 4
46 89 2
46 90 4
46 91 4
46 92 2
46 93 2
46 94 3
46 95 4
46 96 2
46 97 2
46 98 1
46 99 3
46 100 1
47 48 5
47 49 4
47 50 1
47 51 1
47 52 5
47 53 5
47 54 1
47 55 2
47 56 5
47 57 3
47 58 5
47 59 2
47 60 2
47 61 4
47 62 4
47 63 1
47 64 4
47 65 4
47 66 5
47 67 2
47 68 2
47 69 1
47 70 5
47 71 5
47 72 2
47 73 1
47 74 5
47 75 4
47 76 5
47 77 2
47 78 3
47 79 5
47 80 2
47 81 1
47 82 2
47 83 4
47 84 4
47 85 2
47 86 1
47 87 3
47 88 1
47 89 3
47 90 5
47 91 4
47 92 3
47 93 5
47 94 4
47 95 2
47 96 4
47 97 2
47 98 1
47 99 1
47 100 5
48 49 5
48 50 1
48 51 1
48 52 3
48 53 5
48 54 2
48 55 2
48 56 2
48 57 5
48 58 1
48 59 4
48 60 2
48 61 1
48 62 2
48 63 3
48 64 3
48 65 3
48 66 2
48 67 1
48 68 4
48 69 5
48 70 1
48 71 5
48 72 1
48 73 5
48 74 4
48 75 2
48 76 1
48 77 4
48 78 2
48 79 3
48 80 5
48 81 3
48 82 1
48 83 1
48 84 2
48 85 3
48 86 2
48 87 3
48 88 2
48 89 5
48 90 3
48 91 3
48 92 2
48 93 2
48 94 2
48 95 2
48 96 1
48 97 2
48 98 2
48 99 2
48 100 3
49 50 3
49 51 2
49 52 1
49 53 1
49 54 5
49 55 4
49 56 3
49 57 3
49 58 3
49 59 1
49 60 1
49 61 1
49 62 3
49 63 5
49 64 4
49 65 5
49 66 3
49 67 1
49 68 5
49 69 5
49 70 5
49 71 2
49 72 1
49 73 3
49 74 5
49 75 2
49 76 5
49 77 3
49 78 1
49 79 3
49 80 1
49 81 4
49 82 2
49 83 3
49 84 5
49 85 3
49 86 1
49 87 5
49 88 3
49 89 2
49 90 1
49 91 4
49 92 2
49 93 3
49 94 5
49 95 3
49 96 3
49 97 3
49 98 1
49 99 1
49 100 2
50 51 3
50 52 4
50 53 1
50 54 3
50 55 3
50 56 5
50 57 1
50 58 5
50 59 5
50 60 3
50 61 3
50 62 2
50 63 5
50 64 5
50 65 5
50 66 3
50 67 2
50 68 2
50 69 1
50 70 2
50 71 2
50 72 5
50 73 3
50 74 4
50 75 4
50 76 2
50 77 5
50 78 4
50 79 4
50 80 2
50 81 5
50 82 2
50 83 1
50 84 4
50 85 1
50 86 2
50 87 3
50 88 2
50 89 1
50 90 2
50 91 1
50 92 3
50 93 5
50 94 3
50 95 2
50 96 4
50 97 4
50 98 2
50 99 5
50 100 4
51 52 2
51 53 3
51 54 5
51 55 5
51 56 5
51 57 4
51 58 5
51 59 5
51 60 3
51 61 4
51 62 3
51 63 1
51 64 3
51 65 5
51 66 1
51 67 4
51 68 2
51 69 3
51 70 1
51 71 1
51 72 2
51 73 1
51 74 3
51 75 1
51 76 2
51 77 3
51 78 5
51 79 5
51 80 2
51 81 2
51 82 3
51 83 2
51 84 1
51 85 3
51 86 4
51 87 3
51 88 2
51 89 2
51 90 1
51 91 3
51 92 3
51 93 1
51 94 5
51 95 5
51 96 1
51 97 3
51 98 1
51 99 5
51 100 4
52 53 3
52 54 4
52 55 4
52 56 2
52 57 3
52 58 3
52 59 5
52 60 3
52 61 2
52 62 4
52 63 2
52 64 1
52 65 2
52 66 4
52 67 5
52 68 2
52 69 5
52 70 4
52 71 1
52 72 2
52 73 4
52 74 2
52 75 5
52 76 5
52 77 2
52 78 4
52 79 5
52 80 2
52 81 3
52 82 2
52 83 3
52 84 2
52 85 4
52 86 5
52 87 5
52 88 2
52 89 4
52 90 4
52 91 2
52 92 5
52 93 1
52 94 5
52 95 1
52 96 2
52 97 3
52 98 1
52 99 5
52 100 4
53 54 3
53 55 3
53 56 3
53 57 3
53 58 2
53 59 5
53 60 4
53 61 3
53 62 2
53 63 5
53 64 3
53 65 1
53 66 1
53 67 1
53 68 4
53 69 1
53 70 2
53 71 1
53 72 4
53 73 2
53 74 4
53 75 4
53 76 5
53 77 3
53 78 4
53 79 4
53 80 2
53 81 3
53 82 4
53 83 1
53 84 5
53 85 4
53 86 2
53 87 4
53 88 2
53 89 3
53 90 3
53 91 5
53 92 1
53 93 3
53 94 2
53 95 5
53 96 2
53 97 5
53 98 1
53 99 5
53 100 3
54 55 1
54 56 5
54 57 5
54 58 2
54 59 2
54 60 5
54 61 1
54 62 1
54 63 5
54 64 1
54 65 2
54 66 5
54 67 5
54 68 5
54 69 4
54 70 4
54 71 4
54 72 2
54 73 1
54 74 4
54 75 5
54 76 3
54 77 3
54 78 4
54 79 2
54 80 1
54 81 4
54 82 3
54 83 1
54 84 3
54 85 5
54 86 4
54 87 3
54 88 3
54 89 3
54 90 2
54 91 2
54 92 4
54 93 2
54 94 5
54 95 2
54 96 5
54 97 2
54 98 4
54 99 3
54 100 2
55 56 3
55 57 2
55 58 2
55 59 3
55 60 3
55 61 4
55 62 4
55 63 4
55 64 2
55 65 1
55 66 3
55 67 4
55 68 1
55 69 1
55 70 5
55 71 5
55 72 5
55 73 3
55 74 4
55 75 4
55 76 4
55 77 3
55 78 2
55 79 3
55 80 2
55 81 3
55 82 5
55 83 2
55 84 2
55 85 5
55 86 5
55 87 2
55 88 2
55 89 3
55 90 5
55 91 1
55 92 5
55 93 2
55 94 4
55 95 1
55 96 3
55 97 2
55 98 2
55 99 3
55 100 5
56 57 5
56 58 2
56 59 4
56 60 1
56 61 2
56 62 5
56 63 5
56 64 1
56 65 4
56 66 4
56 67 1
56 68 5
56 69 3
56 70 5
56 71 2
56 72 2
56 73 2
56 74 1
56 75 3
56 76 3
56 77 2
56 78 1
56 79 3
56 80 2
56 81 1
56 82 3
56 83 1
56 84 4
56 85 3
56 86 4
56 87 1
56 88 2
56 89 4
56 90 4
56 91 4
56 92 4
56 93 4
56 94 5
56 95 4
56 96 2
56 97 2
56 98 5
56 99 1
56 100 4
57 58 4
57 59 2
57 60 3
57 61 4
57 62 4
57 63 5
57 64 5
57 65 1
57 66 1
57 67 1
57 68 2
57 69 3
57 70 5
57 71 2
57 72 5
57 73 3
57 74 1
57 75 5
57 76 3
57 77 5
57 78 2
57 79 3
57 80 1
57 81 5
57 82 5
57 83 4
57 84 5
57 85 2
57 86 2
57 87 5
57 88 5
57 89 5
57 90 1
57 91 1
57 92 3
57 93 4
57 94 2
57 95 5
57 96 1
57 97 5
57 98 1
57 99 3
57 100 3
58 59 3
58 60 4
58 61 2
58 62 2
58 63 3
58 64 4
58 65 5
58 66 5
58 67 1
58 68 1
58 69 4
58 70 5
58 71 5
58 72 5
58 73 1
58 74 2
58 75 1
58 76 5
58 77 2
58 78 3
58 79 2
58 80 3
58 81 4
58 82 5
58 83 3
58 84 1
58 85 5
58 86 1
58 87 4
58 88 1
58 89 3
58 90 4
58 91 3
58 92 3
58 93 1
58 94 4
58 95 4
58 96 3
58 97 5
58 98 3
58 99 4
58 100 3
59 60 1
59 61 4
59 62 3
59 63 2
59 64 2
59 65 3
59 66 1
59 67 3
59 68 2
59 69 3
59 70 3
59 71 2
59 72 5
59 73 1
59 74 3
59 75 3
59 76 3
59 77 3
59 78 3
59 79 5
59 80 3
59 81 5
59 82 4
59 83 4
59 84 1
59 85 1
59 86 1
59 87 3
59 88 1
59 89 1
59 90 2
59 91 4
59 92 5
59 93 1
59 94 1
59 95 2
59 96 1
59 97 2
59 98 4
59 99 5
59 100 1
60 61 2
60 62 4
60 63 4
60 64 4
60 65 4
60 66 3
60 67 5
60 68 3
60 69 4
60 70 5
60 71 1
60 72 1
60 73 2
60 74 3
60 75 2
60 76 2
60 77 3
60 78 1
60 79 1
60 80 2
60 81 4
60 82 3
60 83 4
60 84 2
60 85 5
60 86 5
60 87 5
60 88 3
60 89 4
60 90 4
60 91 1
60 92 2
60 93 3
60 94 2
60 95 1
60 96 4
60 97 2
60 98 1
60 99 3
60 100 2
61 62 5
61 63 4
61 64 2
61 65 3
61 66 5
61 67 2
61 68 2
61 69 3
61 70 5
61 71 3
61 72 3
61 73 4
61 74 4
61 75 5
61 76 5
61 77 3
61 78 4
61 79 5
61 80 2
61 81 4
61 82 3
61 83 2
61 84 4
61 85 3
61 86 1
61 87 3
61 88 5
61 89 2
61 90 3
61 91 2
61 92 5
61 93 3
61 94 5
61 95 3
61 96 2
61 97 3
61 98 3
61 99 4
61 100 2
62 63 2
62 64 5
62 65 4
62 66 5
62 67 4
62 68 2
62 69 1
62 70 4
62 71 4
62 72 3
62 73 3
62 74 3
62 75 1
62 76 4
62 77 3
62 78 1
62 79 1
62 80 3
62 81 2
62 82 3
62 83 4
62 84 4
62 85 2
62 86 1
62 87 5
62 88 3
62 89 4
62 90 2
62 91 5
62 92 3
62 93 1
62 94 1
62 95 3
62 96 2
62 97 1
62 98 3
62 99 4
62 100 1
63 64 1
63 65 2
63 66 5
63 67 1
63 68 4
63 69 3
63 70 3
63 71 4
63 72 5
63 73 5
63 74 5
63 75 4
63 76 1
63 77 2
63 78 2
63 79 1
63 80 4
63 81 4
63 82 3
63 83 3
63 84 1
63 85 1
63 86 2
63 87 3
63 88 3
63 89 2
63 90 3
63 91 2
63 92 1
63 93 5
63 94 2
63 95 1
63 96 3
63 97 2
63 98 5
63 99 3
63 100 3
64 65 1
64 66 4
64 67 1
64 68 3
64 69 3
64 70 2
64 71 3
64 72 1
64 73 3
64 74 1
64 75 2
64 76 2
64 77 1
64 78 1
64 79 3
64 80 1
64 81 1
64 82 2
64 83 2
64 84 3
64 85 2
64 86 4
64 87 3
64 88 4
64 89 1
64 90 2
64 91 5
64 92 5
64 93 2
64 94 3
64 95 4
64 96 5
64 97 5
64 98 1
64 99 1
64 100 5
65 66 3
65 67 4
65 68 1
65 69 2
65 70 4
65 71 2
65 72 1
65 73 1
65 74 5
65 75 5
65 76 5
65 77 2
65 78 2
65 79 5
65 80 3
65 81 3
65 82 5
65 83 2
65 84 5
65 85 1
65 86 5
65 87 4
65 88 3
65 89 5
65 90 5
65 91 5
65 92 1
65 93 1
65 94 4
65 95 5
65 96 1
65 97 1
65 98 4
65 99 2
65 100 1
66 67 5
66 68 5
66 69 4
66 70 2
66 71 4
66 72 1
66 73 1
66 74 3
66 75 1
66 76 5
66 77 3
66 78 4
66 79 3
66 80 2
66 81 1
66 82 4
66 83 2
66 84 2
66 85 2
66 86 5
66 87 2
66 88 2
66 89 2
66 90 4
66 91 2
66 92 3
66 93 2
66 94 1
66 95 1
66 96 5
66 97 4
66 98 1
66 99 1
66 100 1
67 68 1
67 69 4
67 70 5
67 71 3
67 72 4
67 73 4
67 74 1
67 75 4
67 76 1
67 77 4
67 78 3
67 79 4
67 80 4
67 81 4
67 82 2
67 83 1
67 84 4
67 85 3
67 86 5
67 87 4
67 88 1
67 89 1
67 90 3
67 91 5
67 92 3
67 93 5
67 94 4
67 95 5
67 96 3
67 97 1
67 98 2
67 99 2
67 100 2
68 69 4
68 70 2
68 71 1
68 72 1
68 73 4
68 74 3
68 75 3
68 76 2
68 77 3
68 78 1
68 79 5
68 80 2
68 81 1
68 82 2
68 83 1
68 84 5
68 85 3
68 86 2
68 87 2
68 88 1
68 89 3
68 90 2
68 91 3
68 92 3
68 93 1
68 94 4
68 95 3
68 96 5
68 97 3
68 98 2
68 99 1
68 100 4
69 70 2
69 71 2
69 72 2
69 73 4
69 74 5
69 75 1
69 76 5
69 77 1
69 78 2
69 79 1
69 80 5
69 81 5
69 82 1
69 83 4
69 84 2
69 85 4
69 86 4
69 87 4
69 88 3
69 89 4
69 90 5
69 91 5
69 92 3
69 93 3
69 94 2
69 95 4
69 96 5
69 97 1
69 98 1
69 99 2
69 100 3
70 71 3
70 72 5
70 73 4
70 74 4
70 75 2
70 76 5
70 77 4
70 78 2
70 79 4
70 80 3
70 81 1
70 82 4
70 83 1
70 84 2
70 85 2
70 86 5
70 87 3
70 88 3
70 89 2
70 90 1
70 91 4
70 92 4
70 93 2
70 94 4
70 95 4
70 96 2
70 97 5
70 98 2
70 99 1
70 100 4
71 72 3
71 73 3
71 74 3
71 75 1
71 76 1
71 77 4
71 78 1
71 79 5
71 80 5
71 81 1
71 82 2
71 83 5
71 84 5
71 85 4
71 86 2
71 87 4
71 88 3
71 89 5
71 90 3
71 91 5
71 92 5
71 93 3
71 94 4
71 95 3
71 96 2
71 97 4
71 98 3
71 99 2
71 100 1
72 73 3
72 74 3
72 75 3
72 76 1
72 77 1
72 78 3
72 79 2
72 80 5
72 81 3
72 82 1
72 83 2
72 84 1
72 85 5
72 86 5
72 87 1
72 88 5
72 89 3
72 90 4
72 91 3
72 92 5
72 93 1
72 94 1
72 95 2
72 96 5
72 97 3
72 98 4
72 99 4
72 100 4
73 74 4
73 75 2
73 76 2
73 77 2
73 78 3
73 79 5
73 80 3
73 81 2
73 82 5
73 83 1
73 84 1
73 85 4
73 86 3
73 87 2
73 88 1
73 89 5
73 90 5
73 91 1
73 92 1
73 93 2
73 94 5
73 95 1
73 96 2
73 97 2
73 98 1
73 99 4
73 100 5
74 75 5
74 76 2
74 77 4
74 78 4
74 79 5
74 80 4
74 81 2
74 82 4
74 83 3
74 84 4
74 85 5
74 86 3
74 87 1
74 88 2
74 89 5
74 90 1
74 91 1
74 92 5
74 93 2
74 94 3
74 95 5
74 96 2
74 97 2
74 98 1
74 99 5
74 100 5
75 76 1
75 77 4
75 78 4
75 79 2
75 80 3
75 81 3
75 82 3
75 83 5
75 84 3
75 85 4
75 86 5
75 87 1
75 88 2
75 89 1
75 90 3
75 91 3
75 92 4
75 93 1
75 94 1
75 95 1
75 96 2
75 97 4
75 98 1
75 99 3
75 100 2
76 77 2
76 78 5
76 79 4
76 80 4
76 81 4
76 82 4
76 83 1
76 84 4
76 85 1
76 86 5
76 87 4
76 88 3
76 89 2
76 90 5
76 91 4
76 92 3
76 93 1
76 94 1
76 95 2
76 96 1
76 97 2
76 98 4
76 99 3
76 100 5
77 78 1
77 79 2
77 80 2
77 81 2
77 82 5
77 83 4
77 84 3
77 85 5
77 86 2
77 87 5
77 88 3
77 89 1
77 90 4
77 91 3
77 92 1
77 93 2
77 94 4
77 95 2
77 96 5
77 97 5
77 98 5
77 99 1
77 100 3
78 79 5
78 80 1
78 81 2
78 82 2
78 83 1
78 84 5
78 85 2
78 86 3
78 87 1
78 88 2
78 89 2
78 90 1
78 91 3
78 92 2
78 93 4
78 94 3
78 95 5
78 96 4
78 97 1
78 98 1
78 99 4
78 100 1
79 80 1
79 81 1
79 82 5
79 83 5
79 84 4
79 85 4
79 86 1
79 87 1
79 88 3
79 89 5
79 90 4
79 91 2
79 92 2
79 93 4
79 94 3
79 95 2
79 96 1
79 97 5
79 98 5
79 99 2
79 100 5
80 81 2
80 82 3
80 83 2
80 84 3
80 85 5
80 86 4
80 87 5
80 88 1
80 89 2
80 90 3
80 91 4
80 92 2
80 93 2
80 94 1
80 95 1
80 96 2
80 97 2
80 98 3
80 99 2
80 100 2
81 82 4
81 83 1
81 84 4
81 85 1
81 86 4
81 87 3
81 88 4
81 89 4
81 90 2
81 91 3
81 92 2
81 93 3
81 94 1
81 95 2
81 96 4
81 97 1
81 98 5
81 99 3
81 100 1
82 83 1
82 84 4
82 85 3
82 86 5
82 87 1
82 88 4
82 89 3
82 90 2
82 91 1
82 92 2
82 93 2
82 94 2
82 95 2
82 96 2
82 97 1
82 98 4
82 99 5
82 100 2
83 84 4
83 85 2
83 86 2
83 87 5
83 88 2
83 89 4
83 90 4
83 91 4
83 92 2
83 93 5
83 94 2
83 95 1
83 96 3
83 97 1
83 98 1
83 99 2
83 100 3
84 85 4
84 86 2
84 87 2
84 88 4
84 89 1
84 90 1
84 91 1
84 92 3
84 93 2
84 94 1
84 95 2
84 96 1
84 97 2
84 98 2
84 99 5
84 100 4
85 86 2
85 87 4
85 88 5
85 89 4
85 90 3
85 91 3
85 92 5
85 93 5
85 94 1
85 95 3
85 96 4
85 97 4
85 98 2
85 99 4
85 100 4
86 87 4
86 88 5
86 89 5
86 90 1
86 91 3
86 92 1
86 93 2
86 94 5
86 95 1
86 96 3
86 97 3
86 98 3
86 99 1
86 100 4
87 88 3
87 89 3
87 90 2
87 91 3
87 92 2
87 93 5
87 94 2
87 95 2
87 96 5
87 97 1
87 98 4
87 99 4
87 100 3
88 89 3
88 90 3
88 91 4
88 92 2
88 93 4
88 94 1
88 95 4
88 96 2
88 97 5
88 98 4
88 99 1
88 100 5
89 90 5
89 91 4
89 92 5
89 93 1
89 94 2
89 95 3
89 96 5
89 97 2
89 98 1
89 99 1
89 100 1
90 91 5
90 92 4
90 93 3
90 94 5
90 95 1
90 96 5
90 97 2
90 98 3
90 99 1
90 100 4
91 92 4
91 93 1
91 94 2
91 95 2
91 96 5
91 97 3
91 98 5
91 99 5
91 100 3
92 93 5
92 94 3
92 95 4
92 96 4
92 97 1
92 98 5
92 99 4
92 100 1
93 94 5
93 95 1
93 96 3
93 97 3
93 98 3
93 99 5
93 100 2
94 95 1
94 96 4
94 97 3
94 98 5
94 99 1
94 100 1
95 96 1
95 97 5
95 98 5
95 99 1
95 100 4
96 97 4
96 98 5
96 99 4
96 100 5
97 98 4
97 99 4
97 100 3
98 99 5
98 100 2
99 100 3
