50 1225
1 2 4
1 3 4
1 4 4
1 5 4
1 6 2
1 7 1
1 8 1
1 9 1
1 10 3
1 11 1
1 12 5
1 13 5
1 14 3
1 15 5
1 16 2
1 17 2
1 18 1
1 19 3
1 20 5
1 21 4
1 22 5
1 23 4
1 24 4
1 25 3
1 26 4
1 27 3
1 28 1
1 29 4
1 30 1
1 31 3
1 32 2
1 33 2
1 34 5
1 35 1
1 36 5
1 37 5
1 38 4
1 39 2
1 40 2
1 41 4
1 42 3
1 43 1
1 44 2
1 45 2
1 46 5
1 47 1
1 48 1
1 49 5
1 50 3
2 3 3
2 4 3
2 5 4
2 6 5
2 7 1
2 8 4
2 9 5
2 10 5
2 11 1
2 12 2
2 13 3
2 14 5
2 15 2
2 16 4
2 17 3
2 18 2
2 19 4
2 20 3
2 21 2
2 22 4
2 23 5
2 24 2
2 25 5
2 26 4
2 27 4
2 28 4
2 29 3
2 30 2
2 31 5
2 32 1
2 33 5
2 34 5
2 35 3
2 36 2
2 37 5
2 38 5
2 39 3
2 40 2
2 41 5
2 42 3
2 43 4
2 44 3
2 45 2
2 46 3
2 47 2
2 48 2
2 49 5
2 50 4
3 4 3
3 5 1
3 6 1
3 7 1
3 8 4
3 9 3
3 10 1
3 11 4
3 12 3
3 13 1
3 14 3
3 15 4
3 16 5
3 17 1
3 18 2
3 19 3
3 20 2
3 21 4
3 22 5
3 23 3
3 24 1
3 25 1
3 26 2
3 27 3
3 28 1
3 29 3
3 30 1
3 31 2
3 32 1
3 33 1
3 34 4
3 35 2
3 36 2
3 37 5
3 38 4
3 39 1
3 40 4
3 41 4
3 42 1
3 43 1
3 44 4
3 45 4
3 46 5
3 47 5
3 48 5
3 49 5
3 50 3
4 5 4
4 6 3
4 7 4
4 8 3
4 9 5
4 10 3
4 11 5
4 12 3
4 13 1
4 14 5
4 15 5
4 16 3
4 17 2
4 18 2
4 19 5
4 20 5
4 21 2
4 22 1
4 23 4
4 24 4
4 25 3
4 26 4
4 27 2
4 28 3
4 29 3
4 30 3
4 31 1
4 32 5
4 33 1
4 34 3
4 35 5
4 36 3
4 37 4
4 38 3
4 39 4
4 40 4
4 41 4
4 42 4
4 43 2
4 44 2
4 45 5
4 46 3
4 47 1
4 48 2
4 49 5
4 50 4
5 6 2
5 7 2
5 8 4
5 9 1
5 10 2
5 11 4
5 12 5
5 13 2
5 14 5
5 15 4
5 16 1
5 17 2
5 18 5
5 19 3
5 20 4
5 21 5
5 22 4
5 23 5
5 24 1
5 25 5
5 26 2
5 27 4
5 28 3
5 29 4
5 30 5
5 31 4
5 32 3
5 33 2
5 34 4
5 35 1
5 36 1
5 37 5
5 38 1
5 39 3
5 40 3
5 41 5
5 42 5
5 43 3
5 44 2
5 45 4
5 46 5
5 47 5
5 48 4
5 49 4
5 50 1
6 7 5
6 8 4
6 9 1
6 10 4
6 11 1
6 12 2
6 13 4
6 14 5
6 15 5
6 16 3
6 17 5
6 18 4
6 19 2
6 20 3
6 21 4
6 22 4
6 23 4
6 24 1
6 25 5
6 26 2
6 27 1
6 28 5
6 29 4
6 30 1
6 31 4
6 32 3
6 33 2
6 34 1
6 35 3
6 36 5
6 37 1
6 38 3
6 39 4
6 40 1
6 41 1
6 42 4
6 43 3
6 44 1
6 45 3
6 46 3
6 47 1
6 48 5
6 49 3
6 50 2
7 8 1
7 9 3
7 10 3
7 11 1
7 12 5
7 13 2
7 14 4
7 15 4
7 16 4
7 17 1
7 18 5
7 19 5
7 20 4
7 21 5
7 22 2
7 23 3
7 24 4
7 25 2
7 26 2
7 27 3
7 28 2
7 29 3
7 30 1
7 31 5
7 32 4
7 33 5
7 34 4
7 35 3
7 36 2
7 37 4
7 38 4
7 39 1
7 40 4
7 41 4
7 42 5
7 43 4
7 44 1
7 45 5
7 46 1
7 47 1
7 48 5
7 49 2
7 50 5
8 9 2
8 10 1
8 11 4
8 12 1
8 13 5
8 14 1
8 15 2
8 16 3
8 17 1
8 18 2
8 19 2
8 20 5
8 21 4
8 22 2
8 23 2
8 24 5
8 25 4
8 26 5
8 27 4
8 28 2
8 29 3
8 30 3
8 31 1
8 32 5
8 33 5
8 34 2
8 35 3
8 36 4
8 37 4
8 38 5
8 39 3
8 40 2
8 41 2
8 42 3
8 43 4
8 44 1
8 45 3
8 46 5
8 47 5
8 48 4
8 49 2
8 50 2
9 10 4
9 11 5
9 12 2
9 13 2
9 14 1
9 15 5
9 16 1
9 17 2
9 18 4
9 19 2
9 20 3
9 21 3
9 22 3
9 23 4
9 24 4
9 25 4
9 26 5
9 27 1
9 28 2
9 29 3
9 30 2
9 31 4
9 32 2
9 33 1
9 34 4
9 35 3
9 36 5
9 37 4
9 38 2
9 39 5
9 40 3
9 41 5
9 42 1
9 43 1
9 44 3
9 45 3
9 46 5
9 47 2
9 48 2
9 49 2
9 50 2
10 11 1
10 12 3
10 13 5
10 14 1
10 15 5
10 16 3
10 17 5
10 18 4
10 19 1
10 20 1
10 21 4
10 22 5
10 23 3
10 24 3
10 25 4
10 26 4
10 27 4
10 28 4
10 29 1
10 30 5
10 31 5
10 32 2
10 33 4
10 34 1
10 35 1
10 36 3
10 37 2
10 38 2
10 39 1
10 40 4
10 41 2
10 42 3
10 43 2
10 44 2
10 45 4
10 46 5
10 47 5
10 48 2
10 49 5
10 50 1
11 12 3
11 13 4
11 14 4
11 15 4
11 16 3
11 17 5
11 18 4
11 19 4
11 20 2
11 21 1
11 22 2
11 23 3
11 24 3
11 25 5
11 26 4
11 27 2
11 28 5
11 29 3
11 30 4
11 31 5
11 32 2
11 33 5
11 34 4
11 35 4
11 36 1
11 37 5
11 38 4
11 39 2
11 40 5
11 41 3
11 42 4
11 43 3
11 44 2
11 45 5
11 46 5
11 47 2
11 48 5
11 49 2
11 50 5
12 13 2
12 14 4
12 15 2
12 16 4
12 17 4
12 18 2
12 19 3
12 20 4
12 21 4
12 22 3
12 23 3
12 24 1
12 25 4
12 26 3
12 27 2
12 28 4
12 29 1
12 30 4
12 31 2
12 32 2
12 33 1
12 34 4
12 35 5
12 36 1
12 37 1
12 38 2
12 39 3
12 40 3
12 41 1
12 42 5
12 43 2
12 44 4
12 45 3
12 46 5
12 47 5
12 48 5
12 49 5
12 50 5
13 14 2
13 15 4
13 16 4
13 17 2
13 18 3
13 19 1
13 20 1
13 21 5
13 22 1
13 23 4
13 24 5
13 25 2
13 26 5
13 27 4
13 28 2
13 29 5
13 30 1
13 31 5
13 32 4
13 33 2
13 34 4
13 35 1
13 36 1
13 37 3
13 38 5
13 39 2
13 40 3
13 41 1
13 42 3
13 43 5
13 44 2
13 45 5
13 46 4
13 47 5
13 48 2
13 49 5
13 50 1
14 15 3
14 16 5
14 17 5
14 18 2
14 19 2
14 20 4
14 21 1
14 22 3
14 23 5
14 24 4
14 25 4
14 26 5
14 27 5
14 28 2
14 29 1
14 30 2
14 31 3
14 32 3
14 33 3
14 34 3
14 35 3
14 36 4
14 37 5
14 38 1
14 39 2
14 40 2
14 41 4
14 42 2
14 43 5
14 44 3
14 45 4
14 46 5
14 47 3
14 48 4
14 49 2
14 50 1
15 16 1
15 17 5
15 18 1
15 19 3
15 20 3
15 21 3
15 22 2
15 23 1
15 24 5
15 25 4
15 26 3
15 27 2
15 28 1
15 29 1
15 30 3
15 31 2
15 32 4
15 33 4
15 34 2
15 35 1
15 36 5
15 37 3
15 38 2
15 39 1
15 40 2
15 41 2
15 42 4
15 43 5
15 44 2
15 45 3
15 46 3
15 47 1
15 48 4
15 49 3
15 50 2
16 17 2
16 18 1
16 19 2
16 20 1
16 21 3
16 22 1
16 23 4
16 24 3
16 25 1
16 26 3
16 27 4
16 28 4
16 29 2
16 30 5
16 31 4
16 32 1
16 33 2
16 34 2
16 35 1
16 36 4
16 37 2
16 38 5
16 39 2
16 40 1
16 41 2
16 42 2
16 43 4
16 44 3
16 45 5
16 46 5
16 47 2
16 48 2
16 49 1
16 50 3
17 18 4
17 19 4
17 20 2
17 21 4
17 22 3
17 23 2
17 24 1
17 25 5
17 26 4
17 27 4
17 28 5
17 29 4
17 30 3
17 31 2
17 32 3
17 33 5
17 34 1
17 35 1
17 36 5
17 37 5
17 38 1
17 39 3
17 40 2
17 41 3
17 42 2
17 43 1
17 44 5
17 45 3
17 46 4
17 47 4
17 48 3
17 49 3
17 50 2
18 19 1
18 20 5
18 21 3
18 22 3
18 23 4
18 24 3
18 25 1
18 26 4
18 27 1
18 28 2
18 29 1
18 30 1
18 31 3
18 32 2
18 33 2
18 34 4
18 35 2
18 36 4
18 37 1
18 38 5
18 39 5
18 40 4
18 41 3
18 42 5
18 43 4
18 44 4
18 45 5
18 46 3
18 47 2
18 48 1
18 49 2
18 50 4
19 20 4
19 21 5
19 22 1
19 23 3
19 24 1
19 25 1
19 26 5
19 27 1
19 28 2
19 29 1
19 30 1
19 31 1
19 32 5
19 33 1
19 34 4
19 35 1
19 36 1
19 37 4
19 38 4
19 39 5
19 40 2
19 41 1
19 42 4
19 43 2
19 44 5
19 45 1
19 46 4
19 47 1
19 48 2
19 49 4
19 50 4
20 21 3
20 22 4
20 23 5
20 24 5
20 25 5
20 26 3
20 27 4
20 28 4
20 29 4
20 30 2
20 31 4
20 32 1
20 33 4
20 34 4
20 35 3
20 36 5
20 37 1
20 38 1
20 39 2
20 40 3
20 41 3
20 42 5
20 43 3
20 44 4
20 45 3
20 46 1
20 47 2
20 48 2
20 49 3
20 50 5
21 22 4
21 23 2
21 24 5
21 25 1
21 26 2
21 27 4
21 28 1
21 29 1
21 30 2
21 31 3
21 32 4
21 33 5
21 34 4
21 35 4
21 36 1
21 37 5
21 38 5
21 39 2
21 40 3
21 41 3
21 42 2
21 43 2
21 44 2
21 45 2
21 46 3
21 47 2
21 48 4
21 49 2
21 50 2
22 23 1
22 24 4
22 25 2
22 26 4
22 27 5
22 28 5
22 29 3
22 30 4
22 31 1
22 32 4
22 33 2
22 34 4
22 35 3
22 36 3
22 37 3
22 38 2
22 39 1
22 40 2
22 41 5
22 42 5
22 43 4
22 44 5
22 45 2
22 46 1
22 47 5
22 48 2
22 49 5
22 50 4
23 24 5
23 25 2
23 26 1
23 27 3
23 28 5
23 29 1
23 30 4
23 31 5
23 32 1
23 33 3
23 34 4
23 35 4
23 36 4
23 37 2
23 38 2
23 39 1
23 40 5
23 41 4
23 42 4
23 43 2
23 44 5
23 45 3
23 46 1
23 47 1
23 48 3
23 49 1
23 50 1
24 25 4
24 26 2
24 27 3
24 28 2
24 29 3
24 30 1
24 31 5
24 32 2
24 33 1
24 34 5
24 35 4
24 36 4
24 37 3
24 38 2
24 39 4
24 40 2
24 41 4
24 42 4
24 43 4
24 44 5
24 45 1
24 46 3
24 47 4
24 48 4
24 49 1
24 50 3
25 26 3
25 27 2
25 28 4
25 29 2
25 30 5
25 31 3
25 32 3
25 33 5
25 34 5
25 35 2
25 36 3
25 37 5
25 38 4
25 39 5
25 40 5
25 41 3
25 42 5
25 43 1
25 44 5
25 45 1
25 46 4
25 47 1
25 48 2
25 49 3
25 50 2
26 27 2
26 28 5
26 29 1
26 30 2
26 31 3
26 32 2
26 33 5
26 34 2
26 35 2
26 36 4
26 37 1
26 38 3
26 39 5
26 40 1
26 41 1
26 42 4
26 43 4
26 44 5
26 45 2
26 46 3
26 47 3
26 48 5
26 49 1
26 50 1
27 28 3
27 29 2
27 30 2
27 31 1
27 32 3
27 33 5
27 34 3
27 35 5
27 36 1
27 37 4
27 38 3
27 39 1
27 40 4
27 41 5
27 42 5
27 43 4
27 44 2
27 45 4
27 46 3
27 47 5
27 48 4
27 49 5
27 50 4
28 29 1
28 30 5
28 31 4
28 32 3
28 33 2
28 34 5
28 35 4
28 36 5
28 37 3
28 38 4
28 39 5
28 40 4
28 41 3
28 42 1
28 43 1
28 44 4
28 45 4
28 46 2
28 47 1
28 48 3
28 49 2
28 50 2
29 30 3
29 31 4
29 32 5
29 33 3
29 34 3
29 35 4
29 36 1
29 37 1
29 38 3
29 39 5
29 40 3
29 41 5
29 42 1
29 43 3
29 44 3
29 45 4
29 46 5
29 47 5
29 48 1
29 49 1
29 50 1
30 31 5
30 32 3
30 33 2
30 34 2
30 35 3
30 36 4
30 37 4
30 38 5
30 39 3
30 40 3
30 41 3
30 42 1
30 43 5
30 44 1
30 45 3
30 46 2
30 47 2
30 48 2
30 49 5
30 50 5
31 32 4
31 33 4
31 34 4
31 35 2
31 36 2
31 37 5
31 38 2
31 39 4
31 40 5
31 41 4
31 42 3
31 43 1
31 44 4
31 45 2
31 46 3
31 47 4
31 48 1
31 49 1
31 50 4
32 33 1
32 34 5
32 35 5
32 36 3
32 37 5
32 38 5
32 39 3
32 40 5
32 41 5
32 42 1
32 43 3
32 44 3
32 45 3
32 46 4
32 47 1
32 48 1
32 49 5
32 50 1
33 34 4
33 35 3
33 36 5
33 37 2
33 38 2
33 39 5
33 40 3
33 41 4
33 42 4
33 43 4
33 44 3
33 45 5
33 46 3
33 47 5
33 48 2
33 49 3
33 50 4
34 35 5
34 36 4
34 37 1
34 38 2
34 39 4
34 40 2
34 41 1
34 42 2
34 43 5
34 44 5
34 45 2
34 46 2
34 47 3
34 48 5
34 49 3
34 50 1
35 36 3
35 37 2
35 38 4
35 39 5
35 40 1
35 41 2
35 42 1
35 43 1
35 44 1
35 45 3
35 46 1
35 47 2
35 48 4
35 49 1
35 50 4
36 37 4
36 38 2
36 39 1
36 40 5
36 41 2
36 42 4
36 43 5
36 44 1
36 45 4
36 46 1
36 47 3
36 48 5
36 49 5
36 50 1
37 38 4
37 39 2
37 40 2
37 41 5
37 42 4
37 43 5
37 44 1
37 45 1
37 46 5
37 47 3
37 48 5
37 49 4
37 50 1
38 39 2
38 40 2
38 41 3
38 42 4
38 43 3
38 44 5
38 45 4
38 46 2
38 47 1
38 48 1
38 49 1
38 50 4
39 40 2
39 41 4
39 42 4
39 43 1
39 44 4
39 45 3
39 46 4
39 47 3
39 48 4
39 49 5
39 50 1
40 41 3
40 42 5
40 43 3
40 44 2
40 45 2
40 46 2
40 47 2
40 48 1
40 49 4
40 50 4
41 42 5
41 43 5
41 44 3
41 45 1
41 46 3
41 47 3
41 48 2
41 49 1
41 50 1
42 43 2
42 44 4
42 45 3
42 46 5
42 47 1
42 48 3
42 49 3
42 50 1
43 44 5
43 45 4
43 46 5
43 47 4
43 48 3
43 49 5
43 50 2
44 45 5
44 46 1
44 47 4
44 48 2
44 49 4
44 50 5
45 46 5
45 47 5
45 48 1
45 49 1
45 50 3
46 47 1
46 48 1
46 49 1
46 50 3
47 48 4
47 49 4
47 50 2
48 49 4
48 50 2
49 50 4
