784 1512
1 2 4
1 29 1
2 3 4
2 30 1
3 4 2
3 31 4
4 5 5
4 32 1
5 6 1
5 33 4
6 7 3
6 34 5
7 8 2
7 35 4
8 9 5
8 36 1
9 10 2
9 37 4
10 11 3
10 38 4
11 12 1
11 39 1
12 13 5
12 40 3
13 14 1
13 41 3
14 15 4
14 42 3
15 16 3
15 43 4
16 17 5
16 44 2
17 18 2
17 45 2
18 19 4
18 46 2
19 20 4
19 47 5
20 21 2
20 48 2
21 22 2
21 49 5
22 23 3
22 50 2
23 24 4
23 51 3
24 25 5
24 52 3
25 26 5
25 53 5
26 27 2
26 54 4
27 28 5
27 55 2
28 56 2
29 30 2
29 57 4
30 31 1
30 58 1
31 32 5
31 59 2
32 33 5
32 60 3
33 34 3
33 61 3
34 35 3
34 62 5
35 36 2
35 63 3
36 37 3
36 64 3
37 38 2
37 65 3
38 39 5
38 66 2
39 40 1
39 67 3
40 41 5
40 68 5
41 42 3
41 69 4
42 43 5
42 70 2
43 44 3
43 71 4
44 45 1
44 72 1
45 46 2
45 73 3
46 47 3
46 74 1
47 48 2
47 75 1
48 49 1
48 76 3
49 50 3
49 77 4
50 51 2
50 78 5
51 52 4
51 79 2
52 53 4
52 80 5
53 54 1
53 81 1
54 55 3
54 82 4
55 56 3
55 83 5
56 84 1
57 58 3
57 85 5
58 59 3
58 86 4
59 60 4
59 87 3
60 61 4
60 88 3
61 62 3
61 89 4
62 63 2
62 90 5
63 64 3
63 91 2
64 65 3
64 92 1
65 66 2
65 93 1
66 67 1
66 94 5
67 68 4
67 95 2
68 69 5
68 96 1
69 70 3
69 97 4
70 71 1
70 98 3
71 72 4
71 99 1
72 73 1
72 100 2
73 74 3
73 101 3
74 75 2
74 102 1
75 76 4
75 103 3
76 77 4
76 104 5
77 78 2
77 105 4
78 79 1
78 106 5
79 80 3
79 107 1
80 81 2
80 108 2
81 82 5
81 109 2
82 83 5
82 110 1
83 84 1
83 111 2
84 112 4
85 86 4
85 113 3
86 87 3
86 114 1
87 88 2
87 115 1
88 89 3
88 116 3
89 90 4
89 117 3
90 91 1
90 118 1
91 92 3
91 119 4
92 93 1
92 120 4
93 94 5
93 121 3
94 95 1
94 122 5
95 96 5
95 123 4
96 97 5
96 124 5
97 98 4
97 125 4
98 99 4
98 126 3
99 100 2
99 127 1
100 101 4
100 128 4
101 102 4
101 129 1
102 103 2
102 130 1
103 104 3
103 131 5
104 105 3
104 132 3
105 106 1
105 133 2
106 107 4
106 134 4
107 108 2
107 135 1
108 109 4
108 136 4
109 110 3
109 137 5
110 111 5
110 138 1
111 112 2
111 139 2
112 140 3
113 114 4
113 141 4
114 115 2
114 142 2
115 116 2
115 143 1
116 117 2
116 144 4
117 118 5
117 145 4
118 119 4
118 146 5
119 120 2
119 147 5
120 121 1
120 148 3
121 122 1
121 149 1
122 123 3
122 150 4
123 124 1
123 151 2
124 125 3
124 152 1
125 126 5
125 153 5
126 127 1
126 154 5
127 128 5
127 155 2
128 129 3
128 156 2
129 130 5
129 157 3
130 131 4
130 158 4
131 132 5
131 159 4
132 133 3
132 160 5
133 134 4
133 161 4
134 135 1
134 162 2
135 136 1
135 163 4
136 137 5
136 164 4
137 138 5
137 165 5
138 139 5
138 166 2
139 140 2
139 167 2
140 168 2
141 142 5
141 169 4
142 143 5
142 170 4
143 144 3
143 171 2
144 145 1
144 172 5
145 146 4
145 173 3
146 147 3
146 174 5
147 148 3
147 175 1
148 149 4
148 176 5
149 150 5
149 177 4
150 151 3
150 178 5
151 152 1
151 179 1
152 153 2
152 180 2
153 154 1
153 181 5
154 155 4
154 182 1
155 156 3
155 183 3
156 157 1
156 184 1
157 158 4
157 185 4
158 159 5
158 186 3
159 160 2
159 187 4
160 161 2
160 188 4
161 162 4
161 189 3
162 163 2
162 190 5
163 164 1
163 191 3
164 165 5
164 192 1
165 166 3
165 193 3
166 167 1
166 194 3
167 168 5
167 195 3
168 196 2
169 170 4
169 197 2
170 171 5
170 198 1
171 172 1
171 199 1
172 173 5
172 200 4
173 174 1
173 201 5
174 175 5
174 202 2
175 176 2
175 203 4
176 177 2
176 204 2
177 178 4
177 205 4
178 179 4
178 206 3
179 180 2
179 207 5
180 181 2
180 208 1
181 182 4
181 209 3
182 183 5
182 210 3
183 184 3
183 211 5
184 185 5
184 212 5
185 186 5
185 213 3
186 187 2
186 214 4
187 188 3
187 215 2
188 189 1
188 216 1
189 190 3
189 217 4
190 191 2
190 218 2
191 192 4
191 219 5
192 193 5
192 220 2
193 194 2
193 221 4
194 195 1
194 222 5
195 196 1
195 223 4
196 224 2
197 198 2
197 225 3
198 199 5
198 226 5
199 200 3
199 227 4
200 201 1
200 228 2
201 202 3
201 229 5
202 203 5
202 230 1
203 204 3
203 231 5
204 205 2
204 232 4
205 206 4
205 233 2
206 207 3
206 234 3
207 208 1
207 235 3
208 209 1
208 236 1
209 210 2
209 237 3
210 211 2
210 238 2
211 212 1
211 239 1
212 213 4
212 240 3
213 214 4
213 241 4
214 215 4
214 242 4
215 216 5
215 243 2
216 217 5
216 244 1
217 218 3
217 245 3
218 219 1
218 246 1
219 220 3
219 247 1
220 221 3
220 248 1
221 222 4
221 249 1
222 223 2
222 250 3
223 224 5
223 251 1
224 252 2
225 226 5
225 253 1
226 227 2
226 254 5
227 228 4
227 255 1
228 229 3
228 256 5
229 230 2
229 257 5
230 231 2
230 258 3
231 232 4
231 259 5
232 233 2
232 260 3
233 234 1
233 261 2
234 235 5
234 262 2
235 236 4
235 263 4
236 237 1
236 264 4
237 238 3
237 265 5
238 239 2
238 266 5
239 240 5
239 267 1
240 241 4
240 268 3
241 242 5
241 269 5
242 243 1
242 270 3
243 244 1
243 271 2
244 245 3
244 272 1
245 246 2
245 273 5
246 247 1
246 274 1
247 248 2
247 275 5
248 249 3
248 276 3
249 250 4
249 277 4
250 251 5
250 278 1
251 252 5
251 279 1
252 280 1
253 254 5
253 281 4
254 255 1
254 282 1
255 256 1
255 283 4
256 257 5
256 284 5
257 258 2
257 285 3
258 259 3
258 286 1
259 260 3
259 287 5
260 261 4
260 288 1
261 262 4
261 289 2
262 263 5
262 290 5
263 264 5
263 291 1
264 265 1
264 292 3
265 266 5
265 293 3
266 267 4
266 294 4
267 268 2
267 295 2
268 269 4
268 296 2
269 270 2
269 297 3
270 271 1
270 298 1
271 272 4
271 299 5
272 273 5
272 300 1
273 274 5
273 301 1
274 275 2
274 302 3
275 276 3
275 303 1
276 277 1
276 304 2
277 278 4
277 305 4
278 279 2
278 306 2
279 280 1
279 307 2
280 308 2
281 282 3
281 309 2
282 283 1
282 310 1
283 284 3
283 311 1
284 285 2
284 312 4
285 286 5
285 313 3
286 287 4
286 314 5
287 288 3
287 315 3
288 289 1
288 316 3
289 290 1
289 317 1
290 291 3
290 318 5
291 292 2
291 319 4
292 293 5
292 320 4
293 294 2
293 321 3
294 295 3
294 322 2
295 296 5
295 323 2
296 297 4
296 324 2
297 298 3
297 325 3
298 299 2
298 326 5
299 300 1
299 327 5
300 301 3
300 328 3
301 302 5
301 329 2
302 303 4
302 330 5
303 304 3
303 331 3
304 305 1
304 332 1
305 306 2
305 333 4
306 307 1
306 334 4
307 308 2
307 335 3
308 336 1
309 310 4
309 337 5
310 311 3
310 338 2
311 312 3
311 339 5
312 313 1
312 340 1
313 314 4
313 341 3
314 315 5
314 342 1
315 316 1
315 343 3
316 317 2
316 344 4
317 318 2
317 345 3
318 319 1
318 346 4
319 320 1
319 347 4
320 321 2
320 348 4
321 322 4
321 349 4
322 323 5
322 350 1
323 324 5
323 351 1
324 325 2
324 352 2
325 326 4
325 353 3
326 327 1
326 354 5
327 328 3
327 355 3
328 329 5
328 356 2
329 330 3
329 357 3
330 331 4
330 358 5
331 332 2
331 359 3
332 333 5
332 360 4
333 334 4
333 361 5
334 335 4
334 362 3
335 336 1
335 363 3
336 364 2
337 338 4
337 365 2
338 339 3
338 366 1
339 340 5
339 367 2
340 341 2
340 368 2
341 342 1
341 369 3
342 343 2
342 370 1
343 344 2
343 371 2
344 345 2
344 372 4
345 346 5
345 373 4
346 347 2
346 374 4
347 348 4
347 375 1
348 349 4
348 376 1
349 350 4
349 377 3
350 351 5
350 378 2
351 352 2
351 379 2
352 353 3
352 380 2
353 354 2
353 381 4
354 355 3
354 382 3
355 356 1
355 383 1
356 357 2
356 384 2
357 358 2
357 385 1
358 359 4
358 386 4
359 360 4
359 387 2
360 361 3
360 388 1
361 362 1
361 389 3
362 363 5
362 390 4
363 364 5
363 391 4
364 392 1
365 366 5
365 393 1
366 367 1
366 394 3
367 368 2
367 395 5
368 369 5
368 396 2
369 370 3
369 397 5
370 371 4
370 398 4
371 372 3
371 399 4
372 373 4
372 400 1
373 374 2
373 401 2
374 375 5
374 402 4
375 376 2
375 403 3
376 377 1
376 404 3
377 378 4
377 405 4
378 379 4
378 406 5
379 380 1
379 407 2
380 381 3
380 408 1
381 382 3
381 409 3
382 383 4
382 410 2
383 384 2
383 411 2
384 385 3
384 412 4
385 386 2
385 413 1
386 387 5
386 414 5
387 388 3
387 415 3
388 389 4
388 416 5
389 390 1
389 417 1
390 391 2
390 418 5
391 392 4
391 419 4
392 420 3
393 394 5
393 421 4
394 395 2
394 422 1
395 396 1
395 423 4
396 397 1
396 424 2
397 398 4
397 425 3
398 399 5
398 426 4
399 400 3
399 427 4
400 401 3
400 428 1
401 402 1
401 429 3
402 403 4
402 430 5
403 404 1
403 431 5
404 405 1
404 432 4
405 406 5
405 433 1
406 407 1
406 434 1
407 408 5
407 435 1
408 409 1
408 436 2
409 410 1
409 437 4
410 411 1
410 438 5
411 412 3
411 439 3
412 413 2
412 440 2
413 414 4
413 441 5
414 415 3
414 442 3
415 416 2
415 443 3
416 417 5
416 444 4
417 418 3
417 445 5
418 419 5
418 446 1
419 420 3
419 447 2
420 448 2
421 422 5
421 449 2
422 423 5
422 450 1
423 424 4
423 451 4
424 425 3
424 452 3
425 426 1
425 453 3
426 427 2
426 454 5
427 428 3
427 455 3
428 429 5
428 456 1
429 430 3
429 457 1
430 431 2
430 458 3
431 432 4
431 459 5
432 433 5
432 460 4
433 434 2
433 461 2
434 435 4
434 462 5
435 436 1
435 463 4
436 437 5
436 464 2
437 438 5
437 465 2
438 439 1
438 466 2
439 440 4
439 467 3
440 441 2
440 468 5
441 442 3
441 469 1
442 443 1
442 470 1
443 444 4
443 471 4
444 445 5
444 472 2
445 446 4
445 473 1
446 447 5
446 474 1
447 448 4
447 475 2
448 476 4
449 450 3
449 477 1
450 451 1
450 478 4
451 452 5
451 479 2
452 453 1
452 480 2
453 454 3
453 481 1
454 455 5
454 482 2
455 456 5
455 483 1
456 457 5
456 484 3
457 458 4
457 485 5
458 459 2
458 486 1
459 460 2
459 487 3
460 461 3
460 488 2
461 462 1
461 489 5
462 463 1
462 490 3
463 464 5
463 491 5
464 465 2
464 492 1
465 466 5
465 493 1
466 467 3
466 494 1
467 468 4
467 495 1
468 469 4
468 496 5
469 470 1
469 497 2
470 471 3
470 498 2
471 472 3
471 499 2
472 473 2
472 500 3
473 474 5
473 501 3
474 475 4
474 502 1
475 476 2
475 503 2
476 504 4
477 478 2
477 505 3
478 479 1
478 506 1
479 480 1
479 507 4
480 481 4
480 508 4
481 482 2
481 509 4
482 483 5
482 510 4
483 484 1
483 511 4
484 485 3
484 512 2
485 486 4
485 513 4
486 487 4
486 514 1
487 488 1
487 515 5
488 489 1
488 516 5
489 490 5
489 517 4
490 491 5
490 518 3
491 492 4
491 519 3
492 493 2
492 520 2
493 494 4
493 521 1
494 495 5
494 522 4
495 496 4
495 523 2
496 497 3
496 524 1
497 498 1
497 525 1
498 499 1
498 526 5
499 500 3
499 527 5
500 501 5
500 528 2
501 502 4
501 529 2
502 503 2
502 530 4
503 504 3
503 531 1
504 532 3
505 506 5
505 533 5
506 507 5
506 534 5
507 508 4
507 535 3
508 509 5
508 536 3
509 510 4
509 537 3
510 511 5
510 538 1
511 512 4
511 539 3
512 513 4
512 540 2
513 514 5
513 541 4
514 515 5
514 542 2
515 516 1
515 543 3
516 517 4
516 544 1
517 518 5
517 545 2
518 519 4
518 546 1
519 520 4
519 547 2
520 521 2
520 548 5
521 522 5
521 549 2
522 523 4
522 550 3
523 524 1
523 551 1
524 525 2
524 552 1
525 526 5
525 553 4
526 527 2
526 554 1
527 528 2
527 555 1
528 529 3
528 556 3
529 530 5
529 557 1
530 531 2
530 558 3
531 532 5
531 559 2
532 560 5
533 534 1
533 561 2
534 535 3
534 562 2
535 536 3
535 563 1
536 537 3
536 564 2
537 538 3
537 565 3
538 539 1
538 566 5
539 540 2
539 567 5
540 541 1
540 568 4
541 542 5
541 569 1
542 543 5
542 570 2
543 544 2
543 571 5
544 545 1
544 572 5
545 546 5
545 573 2
546 547 5
546 574 5
547 548 3
547 575 3
548 549 2
548 576 2
549 550 1
549 577 3
550 551 5
550 578 2
551 552 3
551 579 3
552 553 4
552 580 3
553 554 2
553 581 3
554 555 5
554 582 1
555 556 2
555 583 2
556 557 2
556 584 4
557 558 5
557 585 4
558 559 1
558 586 2
559 560 5
559 587 5
560 588 5
561 562 2
561 589 5
562 563 4
562 590 3
563 564 1
563 591 3
564 565 3
564 592 3
565 566 4
565 593 3
566 567 4
566 594 1
567 568 1
567 595 5
568 569 5
568 596 1
569 570 5
569 597 4
570 571 4
570 598 4
571 572 4
571 599 4
572 573 4
572 600 5
573 574 3
573 601 3
574 575 1
574 602 2
575 576 3
575 603 2
576 577 3
576 604 5
577 578 1
577 605 2
578 579 3
578 606 5
579 580 2
579 607 2
580 581 5
580 608 5
581 582 4
581 609 1
582 583 4
582 610 2
583 584 1
583 611 1
584 585 5
584 612 2
585 586 1
585 613 1
586 587 1
586 614 1
587 588 3
587 615 2
588 616 1
589 590 5
589 617 1
590 591 3
590 618 1
591 592 5
591 619 5
592 593 3
592 620 2
593 594 3
593 621 3
594 595 3
594 622 3
595 596 3
595 623 3
596 597 4
596 624 2
597 598 5
597 625 4
598 599 4
598 626 5
599 600 3
599 627 1
600 601 3
600 628 1
601 602 2
601 629 1
602 603 5
602 630 1
603 604 4
603 631 5
604 605 3
604 632 2
605 606 3
605 633 3
606 607 3
606 634 2
607 608 1
607 635 1
608 609 4
608 636 5
609 610 1
609 637 3
610 611 4
610 638 3
611 612 1
611 639 1
612 613 3
612 640 4
613 614 2
613 641 1
614 615 4
614 642 1
615 616 1
615 643 3
616 644 1
617 618 2
617 645 3
618 619 2
618 646 4
619 620 2
619 647 3
620 621 1
620 648 4
621 622 3
621 649 3
622 623 2
622 650 5
623 624 2
623 651 2
624 625 1
624 652 2
625 626 2
625 653 5
626 627 4
626 654 2
627 628 3
627 655 2
628 629 1
628 656 3
629 630 1
629 657 1
630 631 4
630 658 2
631 632 4
631 659 3
632 633 2
632 660 2
633 634 3
633 661 4
634 635 3
634 662 3
635 636 1
635 663 5
636 637 5
636 664 1
637 638 4
637 665 2
638 639 1
638 666 5
639 640 3
639 667 4
640 641 1
640 668 3
641 642 5
641 669 1
642 643 1
642 670 2
643 644 4
643 671 1
644 672 5
645 646 1
645 673 3
646 647 3
646 674 5
647 648 2
647 675 4
648 649 2
648 676 5
649 650 3
649 677 4
650 651 4
650 678 4
651 652 4
651 679 2
652 653 4
652 680 1
653 654 4
653 681 1
654 655 2
654 682 2
655 656 3
655 683 5
656 657 1
656 684 1
657 658 1
657 685 4
658 659 4
658 686 2
659 660 3
659 687 3
660 661 2
660 688 1
661 662 3
661 689 3
662 663 5
662 690 3
663 664 5
663 691 2
664 665 4
664 692 4
665 666 5
665 693 3
666 667 4
666 694 5
667 668 1
667 695 3
668 669 3
668 696 1
669 670 1
669 697 3
670 671 2
670 698 5
671 672 4
671 699 1
672 700 2
673 674 1
673 701 3
674 675 3
674 702 3
675 676 4
675 703 2
676 677 2
676 704 2
677 678 2
677 705 1
678 679 4
678 706 2
679 680 5
679 707 3
680 681 2
680 708 4
681 682 5
681 709 1
682 683 3
682 710 2
683 684 1
683 711 4
684 685 4
684 712 5
685 686 1
685 713 2
686 687 5
686 714 4
687 688 3
687 715 2
688 689 2
688 716 2
689 690 2
689 717 5
690 691 5
690 718 2
691 692 1
691 719 5
692 693 5
692 720 1
693 694 2
693 721 4
694 695 1
694 722 3
695 696 4
695 723 1
696 697 2
696 724 1
697 698 5
697 725 4
698 699 3
698 726 4
699 700 4
699 727 5
700 728 1
701 702 2
701 729 2
702 703 4
702 730 2
703 704 3
703 731 1
704 705 1
704 732 3
705 706 1
705 733 5
706 707 3
706 734 4
707 708 2
707 735 4
708 709 4
708 736 3
709 710 5
709 737 5
710 711 2
710 738 3
711 712 2
711 739 3
712 713 3
712 740 4
713 714 1
713 741 4
714 715 2
714 742 4
715 716 5
715 743 3
716 717 3
716 744 5
717 718 2
717 745 1
718 719 4
718 746 4
719 720 5
719 747 2
720 721 2
720 748 5
721 722 1
721 749 5
722 723 2
722 750 3
723 724 1
723 751 4
724 725 1
724 752 3
725 726 3
725 753 3
726 727 2
726 754 3
727 728 2
727 755 1
728 756 5
729 730 3
729 757 3
730 731 1
730 758 2
731 732 1
731 759 3
732 733 3
732 760 2
733 734 2
733 761 2
734 735 5
734 762 3
735 736 5
735 763 4
736 737 3
736 764 3
737 738 2
737 765 3
738 739 4
738 766 5
739 740 4
739 767 5
740 741 5
740 768 2
741 742 2
741 769 3
742 743 1
742 770 5
743 744 4
743 771 1
744 745 4
744 772 2
745 746 5
745 773 3
746 747 4
746 774 2
747 748 1
747 775 5
748 749 5
748 776 3
749 750 1
749 777 1
750 751 2
750 778 4
751 752 5
751 779 1
752 753 1
752 780 4
753 754 4
753 781 5
754 755 4
754 782 5
755 756 1
755 783 1
756 784 1
757 758 5
758 759 2
759 760 5
760 761 1
761 762 1
762 763 5
763 764 2
764 765 1
765 766 5
766 767 4
767 768 5
768 769 3
769 770 1
770 771 2
771 772 1
772 773 5
773 774 4
774 775 2
775 776 2
776 777 1
777 778 3
778 779 3
779 780 3
780 781 4
781 782 5
782 783 5
783 784 4
