100 4950
1 2 540
1 3 501
1 4 372
1 5 399
1 6 398
1 7 222
1 8 423
1 9 94
1 10 328
1 11 457
1 12 425
1 13 277
1 14 451
1 15 567
1 16 791
1 17 383
1 18 597
1 19 570
1 20 288
1 21 577
1 22 602
1 23 287
1 24 61
1 25 459
1 26 495
1 27 435
1 28 291
1 29 286
1 30 476
1 31 419
1 32 660
1 33 307
1 34 465
1 35 463
1 36 446
1 37 401
1 38 351
1 39 286
1 40 500
1 41 253
1 42 110
1 43 535
1 44 513
1 45 311
1 46 262
1 47 336
1 48 156
1 49 542
1 50 233
1 51 412
1 52 401
1 53 430
1 54 517
1 55 405
1 56 372
1 57 429
1 58 241
1 59 464
1 60 547
1 61 365
1 62 452
1 63 532
1 64 404
1 65 532
1 66 587
1 67 605
1 68 225
1 69 593
1 70 429
1 71 535
1 72 342
1 73 191
1 74 617
1 75 355
1 76 487
1 77 334
1 78 547
1 79 266
1 80 655
1 81 221
1 82 482
1 83 401
1 84 161
1 85 786
1 86 498
1 87 130
1 88 290
1 89 419
1 90 264
1 91 319
1 92 565
1 93 590
1 94 535
1 95 356
1 96 310
1 97 235
1 98 311
1 99 248
1 100 476
2 3 337
2 4 203
2 5 911
2 6 903
2 7 498
2 8 190
2 9 616
2 10 860
2 11 378
2 12 224
2 13 812
2 14 902
2 15 284
2 16 415
2 17 917
2 18 879
2 19 1064
2 20 602
2 21 517
2 22 903
2 23 643
2 24 601
2 25 938
2 26 512
2 27 299
2 28 374
2 29 815
2 30 921
2 31 335
2 32 1016
2 33 660
2 34 324
2 35 917
2 36 886
2 37 523
2 38 190
2 39 737
2 40 84
2 41 661
2 42 612
2 43 81
2 44 1023
2 45 792
2 46 428
2 47 761
2 48 696
2 49 184
2 50 589
2 51 318
2 52 749
2 53 656
2 54 517
2 55 702
2 56 214
2 57 879
2 58 621
2 59 571
2 60 922
2 61 902
2 62 874
2 63 635
2 64 944
2 65 160
2 66 975
2 67 514
2 68 585
2 69 226
2 70 856
2 71 490
2 72 882
2 73 349
2 74 923
2 75 296
2 76 906
2 77 613
2 78 244
2 79 627
2 80 456
2 81 321
2 82 487
2 83 581
2 84 512
2 85 431
2 86 50
2 87 517
2 88 749
2 89 224
2 90 364
2 91 808
2 92 357
2 93 548
2 94 250
2 95 471
2 96 785
2 97 305
2 98 494
2 99 329
2 100 1001
3 4 401
3 5 755
3 6 898
3 7 327
3 8 437
3 9 530
3 10 816
3 11 624
3 12 138
3 13 707
3 14 693
3 15 99
3 16 752
3 17 866
3 18 1028
3 19 875
3 20 385
3 21 781
3 22 1043
3 23 433
3 24 548
3 25 746
3 26 186
3 27 72
3 28 211
3 29 698
3 30 971
3 31 569
3 32 1129
3 33 443
3 34 584
3 35 708
3 36 939
3 37 239
3 38 327
3 39 777
3 40 253
3 41 723
3 42 608
3 43 260
3 44 854
3 45 811
3 46 561
3 47 559
3 48 628
3 49 168
3 50 404
3 51 89
3 52 504
3 53 814
3 54 757
3 55 830
3 56 417
3 57 924
3 58 435
3 59 773
3 60 1020
3 61 840
3 62 940
3 63 848
3 64 864
3 65 476
3 66 1066
3 67 789
3 68 663
3 69 553
3 70 917
3 71 744
3 72 803
3 73 374
3 74 1062
3 75 153
3 76 975
3 77 739
3 78 553
3 79 711
3 80 761
3 81 374
3 82 720
3 83 751
3 84 573
3 85 766
3 86 346
3 87 560
3 88 784
3 89 142
3 90 236
3 91 644
3 92 652
3 93 809
3 94 553
3 95 648
3 96 614
3 97 334
3 98 264
3 99 265
3 100 857
4 5 766
4 6 708
4 7 406
4 8 56
4 9 460
4 10 674
4 11 223
4 12 263
4 13 649
4 14 787
4 15 397
4 16 441
4 17 733
4 18 684
4 19 931
4 20 517
4 21 380
4 22 706
4 23 548
4 24 432
4 25 811
4 26 530
4 27 335
4 28 319
4 29 658
4 30 718
4 31 168
4 32 816
4 33 569
4 34 184
4 35 801
4 36 683
4 37 499
4 38 75
4 39 538
4 40 213
4 41 460
4 42 425
4 43 243
4 44 880
4 45 594
4 46 225
4 47 651
4 48 526
4 49 314
4 50 487
4 51 337
4 52 667
4 53 460
4 54 358
4 55 501
4 56 16
4 57 678
4 58 516
4 59 389
4 60 719
4 61 721
4 62 671
4 63 460
4 64 768
4 65 161
4 66 772
4 67 389
4 68 383
4 69 229
4 70 653
4 71 343
4 72 707
4 73 190
4 74 726
4 75 280
4 76 703
4 77 411
4 78 195
4 79 425
4 80 375
4 81 156
4 82 322
4 83 387
4 84 314
4 85 443
4 86 152
4 87 323
4 88 550
4 89 259
4 90 292
4 91 673
4 92 266
4 93 408
4 94 188
4 95 277
4 96 656
4 97 165
4 98 438
4 99 237
4 100 848
5 6 401
5 7 435
5 8 819
5 9 306
5 10 290
5 11 849
5 12 741
5 13 148
5 14 158
5 15 848
5 16 1191
5 17 284
5 18 813
5 19 174
5 20 374
5 21 951
5 22 801
5 23 327
5 24 344
5 25 106
5 26 648
5 27 714
5 28 568
5 29 124
5 30 560
5 31 815
5 32 792
5 33 323
5 34 862
5 35 158
5 36 551
5 37 544
5 38 731
5 39 472
5 40 853
5 41 513
5 42 400
5 43 886
5 44 114
5 45 432
5 46 649
5 47 214
5 48 268
5 49 861
5 50 351
5 51 685
5 52 317
5 53 734
5 54 886
5 55 674
5 56 767
5 57 526
5 58 319
5 59 812
5 60 694
5 61 251
5 62 579
5 63 865
5 64 219
5 65 927
5 66 704
5 67 983
5 68 545
5 69 990
5 70 560
5 71 911
5 72 202
5 73 576
5 74 808
5 75 656
5 76 603
5 77 645
5 78 946
5 79 558
5 80 1046
5 81 610
5 82 856
5 83 737
5 84 529
5 85 1185
5 86 875
5 87 501
5 88 462
5 89 736
5 90 563
5 91 111
5 92 962
5 93 958
5 94 934
5 95 729
5 96 142
5 97 611
5 98 492
5 99 584
5 100 102
6 7 593
6 8 745
6 9 378
6 10 116
6 11 678
6 12 821
6 13 286
6 14 552
6 15 965
6 16 1044
6 17 122
6 18 438
6 19 538
6 20 609
6 21 719
6 22 419
6 23 579
6 24 350
6 25 508
6 26 869
6 27 834
6 28 687
6 29 314
6 30 160
6 31 669
6 32 391
6 33 591
6 34 715
6 35 555
6 36 159
6 37 765
6 38 715
6 39 183
6 40 880
6 41 265
6 42 298
6 43 915
6 44 463
6 45 118
6 46 502
6 47 534
6 48 283
6 49 936
6 50 556
6 51 810
6 52 644
6 53 440
6 54 651
6 55 361
6 56 701
6 57 134
6 58 542
6 59 554
6 60 300
6 61 151
6 62 191
6 63 580
6 64 200
6 65 849
6 66 304
6 67 754
6 68 339
6 69 887
6 70 178
6 71 689
6 72 199
6 73 567
6 74 422
6 75 754
6 76 207
6 77 384
6 78 831
6 79 314
6 80 849
6 81 588
6 82 634
6 83 479
6 84 394
6 85 1029
6 86 856
6 87 386
6 88 169
6 89 815
6 90 662
6 91 431
6 92 798
6 93 714
6 94 816
6 95 529
6 96 454
6 97 615
6 98 681
6 99 645
6 100 386
7 8 462
7 9 215
7 10 500
7 11 575
7 12 307
7 13 380
7 14 404
7 15 414
7 16 846
7 17 546
7 18 816
7 19 573
7 20 111
7 21 721
7 22 823
7 23 145
7 24 249
7 25 444
7 26 277
7 27 279
7 28 133
7 29 371
7 30 692
7 31 525
7 32 882
7 33 164
7 34 562
7 35 419
7 36 664
7 37 179
7 38 347
7 39 507
7 40 430
7 41 475
7 42 331
7 43 460
7 44 541
7 45 524
7 46 417
7 47 263
7 48 312
7 49 426
7 50 91
7 51 250
7 52 261
7 53 635
7 54 672
7 55 620
7 56 415
7 57 644
7 58 124
7 59 643
7 60 769
7 61 518
7 62 672
7 63 717
7 64 539
7 65 557
7 66 808
7 67 742
7 68 439
7 69 632
7 70 648
7 71 678
7 72 478
7 73 237
7 74 838
7 75 222
7 76 707
7 77 541
7 78 602
7 79 483
7 80 763
7 81 266
7 82 634
7 83 592
7 84 359
7 85 849
7 86 472
7 87 333
7 88 509
7 89 303
7 90 135
7 91 325
7 92 659
7 93 740
7 94 594
7 95 520
7 96 298
7 97 243
7 98 90
7 99 175
7 100 535
8 9 513
8 10 718
8 11 197
8 12 299
8 13 700
8 14 843
8 15 421
8 16 384
8 17 776
8 18 688
8 19 985
8 20 574
8 21 349
8 22 713
8 23 605
8 24 483
8 25 866
8 26 576
8 27 375
8 28 372
8 29 710
8 30 745
8 31 148
8 32 828
8 33 625
8 34 149
8 35 857
8 36 710
8 37 551
8 38 124
8 39 570
8 40 223
8 41 490
8 42 469
8 43 247
8 44 934
8 45 629
8 46 250
8 47 707
8 48 575
8 49 332
8 50 544
8 51 380
8 52 724
8 53 466
8 54 336
8 55 514
8 56 51
8 57 706
8 58 572
8 59 382
8 60 736
8 61 766
8 62 696
8 63 448
8 64 814
8 65 109
8 66 789
8 67 353
8 68 413
8 69 173
8 70 679
8 71 315
8 72 754
8 73 245
8 74 733
8 75 327
8 76 726
8 77 428
8 78 139
8 79 451
8 80 328
8 81 211
8 82 303
8 83 391
8 84 351
8 85 386
8 86 141
8 87 364
8 88 583
8 89 296
8 90 346
8 91 728
8 92 218
8 93 378
8 94 133
8 95 281
8 96 711
8 97 221
8 98 492
8 99 292
8 100 900
9 10 286
9 11 552
9 12 476
9 13 195
9 14 357
9 15 608
9 16 885
9 17 335
9 18 648
9 19 475
9 20 244
9 21 669
9 22 648
9 23 228
9 24 57
9 25 364
9 26 491
9 27 472
9 28 320
9 29 199
9 30 485
9 31 514
9 32 689
9 33 245
9 34 560
9 35 369
9 36 459
9 37 388
9 38 431
9 39 311
9 40 568
9 41 302
9 42 150
9 43 603
9 44 420
9 45 316
9 46 355
9 47 250
9 48 98
9 49 597
9 50 187
9 51 445
9 52 329
9 53 502
9 54 607
9 55 465
9 56 461
9 57 438
9 58 183
9 59 549
9 60 577
9 61 310
9 62 471
9 63 614
9 64 340
9 65 621
9 66 610
9 67 697
9 68 295
9 69 684
9 70 448
9 71 627
9 72 277
9 73 273
9 74 661
9 75 398
9 76 505
9 77 405
9 78 640
9 79 327
9 80 750
9 81 305
9 82 573
9 83 482
9 84 246
9 85 880
9 86 577
9 87 216
9 88 310
9 89 471
9 90 302
9 91 224
9 92 660
9 93 680
9 94 628
9 95 446
9 96 216
9 97 312
9 98 303
9 99 303
9 100 388
10 11 681
10 12 752
10 13 169
10 14 437
10 15 891
10 16 1046
10 17 58
10 18 530
10 19 437
10 20 504
10 21 747
10 22 515
10 23 471
10 24 272
10 25 396
10 26 771
10 27 756
10 28 605
10 29 197
10 30 270
10 31 664
10 32 502
10 33 481
10 34 711
10 35 440
10 36 262
10 37 666
10 38 669
10 39 212
10 40 826
10 41 279
10 42 249
10 43 861
10 44 362
10 45 155
10 46 490
10 47 419
10 48 188
10 49 871
10 50 454
10 51 730
10 52 529
10 53 488
10 54 678
10 55 416
10 56 670
10 57 236
10 58 436
10 59 588
10 60 404
10 61 58
10 62 290
10 63 627
10 64 117
10 65 825
10 66 414
10 67 781
10 68 340
10 69 872
10 70 272
10 71 712
10 72 90
10 73 513
10 74 521
10 75 679
10 76 313
10 77 414
10 78 819
10 79 331
10 80 866
10 81 539
10 82 656
10 83 512
10 84 370
10 85 1034
10 86 814
10 87 354
10 88 199
10 89 747
10 90 584
10 91 315
10 92 802
10 93 746
10 94 805
10 95 539
10 96 338
10 97 560
10 98 585
10 99 576
10 100 289
11 12 486
11 13 711
11 14 907
11 15 617
11 16 366
11 17 738
11 18 521
11 19 1023
11 20 683
11 21 157
11 22 550
11 23 703
11 24 505
11 25 916
11 26 744
11 27 557
11 28 519
11 29 728
11 30 637
11 31 55
11 32 675
11 33 725
11 34 55
11 35 920
11 36 604
11 37 701
11 38 296
11 39 494
11 40 420
11 41 413
11 42 456
11 43 442
11 44 961
11 45 559
11 46 200
11 47 784
11 48 584
11 49 529
11 50 641
11 51 557
11 52 825
11 53 309
11 54 139
11 55 375
11 56 206
11 57 607
11 58 663
11 59 201
11 60 597
11 61 737
11 62 582
11 63 258
11 64 792
11 65 237
11 66 651
11 67 171
11 68 343
11 69 234
11 70 570
11 71 120
11 72 739
11 73 338
11 74 570
11 75 497
11 76 608
11 77 306
11 78 177
11 79 363
11 80 198
11 81 311
11 82 109
11 83 235
11 84 323
11 85 352
11 86 333
11 87 349
11 88 509
11 89 482
11 90 487
11 91 776
11 92 120
11 93 185
11 94 163
11 95 149
11 96 767
11 97 342
11 98 628
11 99 430
11 100 913
12 13 667
12 14 708
12 15 152
12 16 630
12 17 806
12 18 907
12 19 880
12 20 397
12 21 643
12 22 925
12 23 443
12 24 480
12 25 751
12 26 291
12 27 79
12 28 173
12 29 664
12 30 876
12 31 431
12 32 1018
12 33 458
12 34 446
12 35 722
12 36 843
12 37 299
12 38 190
12 39 682
12 40 141
12 41 620
12 42 523
12 43 163
12 44 848
12 45 724
12 46 436
12 47 567
12 48 570
12 49 121
12 50 397
12 51 94
12 52 538
12 53 689
12 54 620
12 55 711
12 56 279
12 57 830
12 58 430
12 59 640
12 60 912
12 61 784
12 62 840
12 63 714
12 64 816
12 65 345
12 66 960
12 67 651
12 68 554
12 69 424
12 70 818
12 71 606
12 72 753
12 73 265
12 74 943
12 75 85
12 76 874
12 77 619
12 78 419
12 79 602
12 80 624
12 81 256
12 82 583
12 83 623
12 84 466
12 85 642
12 86 221
12 87 457
12 88 691
12 89 5
12 90 178
12 91 632
12 92 516
12 93 671
12 94 418
12 95 517
12 96 605
12 97 219
12 98 280
12 99 176
12 100 839
13 14 274
13 15 791
13 16 1061
13 17 190
13 18 672
13 19 320
13 20 357
13 21 807
13 22 662
13 23 318
13 24 217
13 25 244
13 26 634
13 27 654
13 28 503
13 29 29
13 30 435
13 31 681
13 32 665
13 33 324
13 34 729
13 35 280
13 36 422
13 37 527
13 38 625
13 39 326
13 40 763
13 41 364
13 42 257
13 43 798
13 44 252
13 45 292
13 46 511
13 47 251
13 48 128
13 49 788
13 50 314
13 51 627
13 52 362
13 53 585
13 54 741
13 55 526
13 56 649
13 57 396
13 58 291
13 59 664
13 60 561
13 61 156
13 62 446
13 63 717
13 64 161
13 65 809
13 66 578
13 67 839
13 68 397
13 69 868
13 70 425
13 71 768
13 72 106
13 73 465
13 74 670
13 75 586
13 76 473
13 77 497
13 78 820
13 79 409
13 80 907
13 81 497
13 82 712
13 83 590
13 84 388
13 85 1054
13 86 771
13 87 362
13 88 317
13 89 662
13 90 489
13 91 145
13 92 827
13 93 813
13 94 808
13 95 585
13 96 169
13 97 506
13 98 456
13 99 497
13 100 202
14 15 791
14 16 1225
14 17 439
14 18 945
14 19 185
14 20 312
14 21 1027
14 22 936
14 23 265
14 24 410
14 25 67
14 26 556
14 27 665
14 28 535
14 29 245
14 30 707
14 31 866
14 32 938
14 33 252
14 34 911
14 35 14
14 36 695
14 37 462
14 38 739
14 39 596
14 40 835
14 41 622
14 42 488
14 43 864
14 44 188
14 45 566
14 46 713
14 47 141
14 48 362
14 49 822
14 50 313
14 51 636
14 52 201
14 53 840
14 54 965
14 55 789
14 56 792
14 57 669
14 58 281
14 59 902
14 60 835
14 61 405
14 62 720
14 63 963
14 64 377
14 65 946
14 66 850
14 67 1055
14 68 639
14 69 1016
14 70 700
14 71 985
14 72 353
14 73 598
14 74 945
14 75 622
14 76 747
14 77 746
14 78 978
14 79 661
14 80 1105
14 81 632
14 82 931
14 83 832
14 84 603
14 85 1224
14 86 873
14 87 573
14 88 588
14 89 704
14 90 539
14 91 141
14 92 1012
14 93 1038
14 94 968
14 95 804
14 96 141
14 97 623
14 98 433
14 99 574
14 100 235
15 16 695
15 17 942
15 18 1058
15 19 972
15 20 481
15 21 770
15 22 1076
15 23 529
15 24 620
15 25 842
15 26 279
15 27 136
15 28 288
15 29 784
15 30 1027
15 31 564
15 32 1171
15 33 540
15 34 571
15 35 806
15 36 994
15 37 338
15 38 331
15 39 833
15 40 208
15 41 772
15 42 670
15 43 202
15 44 949
15 45 872
15 46 586
15 47 655
15 48 704
15 49 99
15 50 497
15 51 164
15 52 604
15 53 839
15 54 755
15 55 863
15 56 413
15 57 981
15 58 528
15 59 784
15 60 1065
15 61 919
15 62 991
15 63 856
15 64 946
15 65 438
15 66 1113
15 67 774
15 68 706
15 69 509
15 70 970
15 71 736
15 72 884
15 73 417
15 74 1095
15 75 211
15 76 1026
15 77 771
15 78 519
15 79 755
15 80 732
15 81 409
15 82 719
15 83 771
15 84 618
15 85 713
15 86 306
15 87 609
15 88 841
15 89 158
15 90 306
15 91 736
15 92 627
15 93 800
15 94 522
15 95 664
15 96 707
15 97 372
15 98 359
15 99 320
15 100 949
16 17 1103
16 18 829
16 19 1361
16 20 957
16 21 370
16 22 862
16 23 990
16 24 847
16 25 1245
16 26 922
16 27 709
16 28 747
16 29 1075
16 30 995
16 31 383
16 32 995
16 33 1010
16 34 335
16 35 1239
16 36 963
16 37 917
16 38 501
16 39 860
16 40 498
16 41 779
16 42 812
16 43 495
16 44 1305
16 45 926
16 46 557
16 47 1091
16 48 933
16 49 597
16 50 929
16 51 723
16 52 1108
16 53 648
16 54 424
16 55 724
16 56 434
16 57 968
16 58 957
16 59 524
16 60 935
16 61 1100
16 62 938
16 63 545
16 64 1154
16 65 292
16 66 988
16 67 340
16 68 709
16 69 214
16 70 929
16 71 380
16 72 1099
16 73 627
16 74 880
16 75 686
16 76 960
16 77 667
16 78 247
16 79 729
16 80 224
16 81 594
16 82 424
16 83 583
16 84 680
16 85 31
16 86 409
16 87 702
16 88 875
16 89 629
16 90 725
16 91 1105
16 92 246
16 93 393
16 94 257
16 95 514
16 96 1091
16 97 606
16 98 869
16 99 673
16 100 1264
17 18 558
17 19 415
17 20 540
17 21 800
17 22 540
17 23 505
17 24 325
17 25 391
17 26 813
17 27 807
17 28 656
17 29 215
17 30 283
17 31 721
17 32 513
17 33 513
17 34 768
17 35 440
17 36 281
17 37 706
17 38 727
17 39 261
17 40 883
17 41 333
17 42 307
17 43 918
17 44 340
17 45 199
17 46 548
17 47 440
17 48 237
17 49 925
17 50 493
17 51 781
17 52 552
17 53 535
17 54 731
17 55 460
17 56 728
17 57 256
17 58 473
17 59 639
17 60 423
17 61 34
17 62 312
17 63 675
17 64 77
17 65 883
17 66 426
17 67 834
17 68 396
17 69 930
17 70 297
17 71 766
17 72 87
17 73 569
17 74 544
17 75 731
17 76 330
17 77 465
17 78 877
17 79 384
17 80 921
17 81 596
17 82 710
17 83 563
17 84 428
17 85 1091
17 86 872
17 87 412
17 88 246
17 89 800
17 90 635
17 91 330
17 92 859
17 93 798
17 94 863
17 95 594
17 96 356
17 97 616
17 98 629
17 99 630
17 100 263
18 19 968
18 20 884
18 21 459
18 22 35
18 23 875
18 24 592
18 25 916
18 26 1077
18 27 955
18 28 847
18 29 701
18 30 291
18 31 550
18 32 168
18 33 893
18 34 576
18 35 951
18 36 280
18 37 993
18 38 733
18 39 349
18 40 896
18 41 347
18 42 499
18 43 927
18 44 892
18 45 381
18 46 472
18 47 883
18 48 595
18 49 991
18 50 827
18 51 942
18 52 975
18 53 223
18 54 410
18 55 199
18 56 669
18 57 304
18 58 829
18 59 321
18 60 156
18 61 581
18 62 247
18 63 283
18 64 636
18 65 756
18 66 192
18 67 489
18 68 378
18 69 753
18 70 261
18 71 453
18 72 620
18 73 654
18 74 52
18 75 875
18 76 238
18 77 289
18 78 698
18 79 333
18 80 604
18 81 654
18 82 422
18 83 297
18 84 464
18 85 804
18 86 829
18 87 486
18 88 356
18 89 902
18 90 813
18 91 807
18 92 611
18 93 436
18 94 684
18 95 408
18 96 819
18 97 693
18 98 902
18 99 768
18 100 819
19 20 490
19 21 1126
19 22 952
19 23 442
19 24 517
19 25 129
19 26 742
19 27 843
19 28 706
19 29 298
19 30 698
19 31 988
19 32 928
19 33 432
19 34 1035
19 35 172
19 36 695
19 37 646
19 38 891
19 39 636
19 40 1002
19 41 683
19 42 575
19 43 1033
19 44 75
19 45 589
19 46 823
19 47 316
19 48 442
19 49 997
19 50 483
19 51 814
19 52 385
19 53 904
19 54 1060
19 55 840
19 56 934
19 57 670
19 58 450
19 59 985
19 60 838
19 61 388
19 62 726
19 63 1037
19 64 338
19 65 1092
19 66 841
19 67 1157
19 68 718
19 69 1158
19 70 709
19 71 1086
19 72 348
19 73 740
19 74 957
19 75 795
19 76 745
19 77 816
19 78 1115
19 79 729
19 80 1220
19 81 774
19 82 1030
19 83 910
19 84 703
19 85 1356
19 86 1032
19 87 675
19 88 625
19 89 876
19 90 707
19 91 258
19 92 1134
19 93 1132
19 94 1103
19 95 903
19 96 279
19 97 772
19 98 613
19 99 735
19 100 152
20 21 825
20 22 887
20 23 48
20 24 294
20 25 360
20 26 278
20 27 353
20 28 228
20 29 340
20 30 727
20 31 633
20 32 933
20 33 60
20 34 672
20 35 326
20 36 702
20 37 172
20 38 457
20 39 554
20 40 529
20 41 537
20 42 386
20 43 557
20 44 469
20 45 559
20 46 516
20 47 174
20 48 328
20 49 510
20 50 57
20 51 324
20 52 150
20 53 717
20 54 774
20 55 693
20 56 526
20 57 681
20 58 67
20 59 738
20 60 820
20 61 509
20 62 715
20 63 810
20 64 518
20 65 667
20 66 854
20 67 848
20 68 514
20 69 743
20 70 692
20 71 782
20 72 463
20 73 346
20 74 901
20 75 313
20 76 749
20 77 621
20 78 713
20 79 554
20 80 873
20 81 376
20 82 736
20 83 682
20 84 443
20 85 960
20 86 578
20 87 414
20 88 554
20 89 394
20 90 239
20 91 263
20 92 769
20 93 844
20 94 705
20 95 618
20 96 232
20 97 354
20 98 122
20 99 284
20 100 477
21 22 492
21 23 842
21 24 617
21 25 1028
21 26 901
21 27 715
21 28 674
21 29 827
21 30 644
21 31 213
21 32 625
21 33 864
21 34 199
21 35 1038
21 36 614
21 37 855
21 38 454
21 39 541
21 40 569
21 41 467
21 42 551
21 43 588
21 44 1059
21 45 606
21 46 315
21 47 912
21 48 683
21 49 679
21 50 780
21 51 715
21 52 963
21 53 291
21 54 68
21 55 371
21 56 364
21 57 623
21 58 800
21 59 167
21 60 569
21 61 805
21 62 586
21 63 175
21 64 862
21 65 362
21 66 622
21 67 35
21 68 413
21 69 328
21 70 580
21 71 43
21 72 816
21 73 486
21 74 510
21 75 654
21 76 604
21 77 336
21 78 284
21 79 415
21 80 146
21 81 462
21 82 95
21 83 239
21 84 425
21 85 345
21 86 477
21 87 454
21 88 556
21 89 639
21 90 642
21 91 890
21 92 173
21 93 31
21 94 273
21 95 223
21 96 885
21 97 495
21 98 779
21 99 584
21 100 1004
22 23 876
22 24 593
22 25 905
22 26 1086
22 27 971
22 28 858
22 29 691
22 30 267
22 31 577
22 32 133
22 33 893
22 34 604
22 35 942
22 36 260
22 37 1000
22 38 754
22 39 344
22 40 918
22 41 349
22 42 501
22 43 949
22 44 877
22 45 370
22 46 491
22 47 878
22 48 590
22 49 1011
22 50 830
22 51 956
22 52 973
22 53 247
22 54 442
22 55 213
22 56 692
22 57 284
22 58 830
22 59 351
22 60 127
22 61 565
22 62 227
22 63 316
22 64 618
22 65 783
22 66 159
22 67 523
22 68 388
22 69 783
22 70 243
22 71 485
22 72 605
22 73 669
22 74 19
22 75 890
22 76 215
22 77 305
22 78 727
22 79 340
22 80 638
22 81 670
22 82 452
22 83 322
22 84 475
22 85 837
22 86 853
22 87 495
22 88 349
22 89 919
22 90 825
22 91 799
22 92 643
22 93 470
22 94 713
22 95 432
22 96 813
22 97 709
22 98 910
22 99 782
22 100 802
23 24 282
23 25 312
23 26 323
23 27 401
23 28 271
23 29 299
23 30 704
23 31 656
23 32 915
23 33 21
23 34 696
23 35 279
23 36 681
23 37 217
23 38 492
23 39 538
23 40 572
23 41 528
23 42 375
23 43 601
23 44 420
23 45 538
23 46 529
23 47 126
23 48 303
23 49 557
23 50 62
23 51 372
23 52 121
23 53 717
23 54 788
23 55 688
23 56 556
23 57 658
23 58 46
23 59 746
23 60 804
23 61 472
23 62 696
23 63 817
23 64 478
23 65 702
23 66 834
23 67 866
23 68 511
23 69 776
23 70 672
23 71 799
23 72 424
23 73 370
23 74 889
23 75 358
23 76 729
23 77 621
23 78 744
23 79 549
23 80 896
23 81 402
23 82 751
23 83 687
23 84 446
23 85 992
23 86 617
23 87 416
23 88 536
23 89 439
23 90 279
23 91 216
23 92 795
23 93 859
23 94 736
23 95 630
23 96 185
23 97 384
23 98 170
23 99 320
23 100 430
24 25 412
24 26 526
24 27 486
24 28 337
24 29 228
24 30 443
24 31 471
24 32 640
24 33 300
24 34 517
24 35 422
24 36 415
24 37 427
24 38 412
24 39 261
24 40 560
24 41 245
24 42 93
24 43 595
24 44 458
24 45 274
24 46 306
24 47 308
24 48 94
24 49 599
24 50 237
24 51 461
24 52 387
24 53 444
24 54 554
24 55 408
24 56 432
24 57 395
24 58 237
24 59 493
24 60 527
24 61 305
24 62 425
24 63 557
24 64 343
24 65 592
24 66 562
24 67 646
24 68 237
24 69 651
24 70 401
24 71 575
24 72 281
24 73 252
24 74 607
24 75 408
24 76 459
24 77 347
24 78 604
24 79 270
24 80 703
24 81 282
24 82 521
24 83 425
24 84 192
24 85 841
24 86 559
24 87 162
24 88 262
24 89 475
24 90 313
24 91 273
24 92 617
24 93 627
24 94 592
24 95 393
24 96 269
24 97 296
24 98 339
24 99 304
24 100 417
25 26 616
25 27 713
25 28 577
25 29 216
25 30 667
25 31 878
25 32 898
25 33 302
25 34 924
25 35 60
25 36 657
25 37 519
25 38 768
25 39 571
25 40 874
25 41 606
25 42 481
25 43 904
25 44 121
25 45 535
25 46 718
25 47 186
25 48 350
25 49 868
25 50 353
25 51 684
25 52 264
25 53 826
25 54 964
25 55 769
25 56 814
25 57 631
25 58 320
25 59 896
25 60 799
25 61 358
25 62 684
25 63 953
25 64 324
25 65 971
25 66 811
25 67 1058
25 68 630
25 69 1039
25 70 665
25 71 987
25 72 309
25 73 620
25 74 912
25 75 665
25 76 709
25 77 734
25 78 998
25 79 648
25 80 1114
25 81 654
25 82 932
25 83 823
25 84 603
25 85 1242
25 86 906
25 87 574
25 88 562
25 89 747
25 90 578
25 91 140
25 92 1024
25 93 1037
25 94 987
25 95 805
25 96 154
25 97 650
25 98 483
25 99 608
25 100 169
26 27 213
26 28 235
26 29 618
26 30 969
26 31 689
26 32 1154
26 33 324
26 34 713
26 35 570
26 36 940
26 37 106
26 38 454
26 39 782
26 40 427
26 41 744
26 42 606
26 43 440
26 44 733
26 45 801
26 46 636
26 47 436
26 48 586
26 49 353
26 50 320
26 51 199
26 52 357
26 53 879
26 54 866
26 55 877
26 56 544
26 57 921
26 58 343
26 59 862
26 60 1042
26 61 783
26 62 947
26 63 938
26 64 795
26 65 635
26 66 1082
26 67 915
26 68 698
26 69 714
26 70 924
26 71 861
26 72 738
26 73 437
26 74 1103
26 75 249
26 76 983
26 77 792
26 78 705
26 79 746
26 80 904
26 81 451
26 82 828
26 83 826
26 84 612
26 85 934
26 86 512
26 87 591
26 88 785
26 89 292
26 90 270
26 91 539
26 92 794
26 93 926
26 94 703
26 95 735
26 96 507
26 97 412
26 98 187
26 99 324
26 100 750
27 28 152
27 29 648
27 30 902
27 31 502
27 32 1057
27 33 413
27 34 520
27 35 680
27 36 870
27 37 232
27 38 260
27 39 708
27 40 215
27 41 652
27 42 540
27 43 231
27 44 817
27 45 743
27 46 488
27 47 527
27 48 569
27 49 160
27 50 363
27 51 29
27 52 485
27 53 742
27 54 688
27 55 757
27 56 351
27 57 855
27 58 396
27 59 702
27 60 949
27 61 783
27 62 870
27 63 777
27 64 810
27 65 425
27 66 995
27 67 724
27 68 591
27 69 503
27 70 847
27 71 677
27 72 748
27 73 302
27 74 989
27 75 82
27 76 905
27 77 666
27 78 498
27 79 640
27 80 702
27 81 301
27 82 651
27 83 678
27 84 502
27 85 721
27 86 299
27 87 489
27 88 715
27 89 81
27 90 172
27 91 603
27 92 593
27 93 742
27 94 496
27 95 576
27 96 574
27 97 261
27 98 231
27 99 194
27 100 814
28 29 497
28 30 765
28 31 465
28 32 934
28 33 287
28 34 495
28 35 550
28 36 734
28 37 181
28 38 249
28 39 572
28 40 301
28 41 524
28 42 399
28 43 329
28 44 674
28 45 602
28 46 400
28 47 394
28 48 418
28 49 292
28 50 223
28 51 125
28 52 374
28 53 645
28 54 635
28 55 647
28 56 331
28 57 718
28 58 256
28 59 627
28 60 823
28 61 631
28 62 737
28 63 703
28 64 657
28 65 454
28 66 867
28 67 691
28 68 471
28 69 532
28 70 714
28 71 633
28 72 595
28 73 201
28 74 876
28 75 88
28 76 772
28 77 559
28 78 510
28 79 519
28 80 693
28 81 216
28 82 596
28 83 590
28 84 383
28 85 753
28 86 354
28 87 364
28 88 578
28 89 169
28 90 34
28 91 458
28 92 584
28 93 698
28 94 505
28 95 499
28 96 432
28 97 180
28 98 122
28 99 90
28 100 667
29 30 464
29 31 697
29 32 694
29 33 304
29 34 744
29 35 251
29 36 451
29 37 511
29 38 630
29 39 354
29 40 765
29 41 390
29 42 276
29 43 798
29 44 233
29 45 321
29 46 528
29 47 225
29 48 145
29 49 785
29 50 300
29 51 620
29 52 337
29 53 611
29 54 761
29 55 553
29 56 658
29 57 425
29 58 275
29 59 687
29 60 590
29 61 180
29 62 475
29 63 741
29 64 178
29 65 818
29 66 607
29 67 859
29 68 420
29 69 879
29 70 455
29 71 788
29 72 129
29 73 472
29 74 700
29 75 582
29 76 502
29 77 521
29 78 832
29 79 434
29 80 925
29 81 504
29 82 732
29 83 613
29 84 406
29 85 1068
29 86 776
29 87 379
29 88 345
29 89 659
29 90 485
29 91 117
29 92 843
29 93 834
29 94 820
29 95 605
29 96 142
29 97 511
29 98 443
29 99 496
29 100 189
30 31 642
30 32 231
30 33 718
30 34 683
30 35 711
30 36 34
30 37 870
30 38 741
30 39 194
30 40 911
30 41 260
30 42 366
30 43 946
30 44 623
30 45 168
30 46 495
30 47 676
30 48 401
30 49 983
30 50 672
30 51 881
30 52 782
30 53 353
30 54 579
30 55 273
30 56 708
30 57 47
30 58 663
30 59 477
30 60 142
30 61 312
30 62 57
30 63 484
30 64 360
30 65 839
30 66 144
30 67 679
30 68 335
30 69 864
30 70 67
30 71 621
30 72 358
30 73 612
30 74 267
30 75 820
30 76 52
30 77 331
30 78 806
30 79 293
30 80 784
30 81 626
30 82 571
30 83 411
30 84 415
30 85 976
30 86 871
30 87 419
30 88 187
30 89 871
30 90 736
30 91 580
30 92 753
30 93 632
30 94 792
30 95 490
30 96 600
30 97 659
30 98 782
30 99 708
30 100 546
31 32 698
31 33 677
31 34 47
31 35 879
31 36 608
31 37 646
31 38 242
31 39 487
31 40 370
31 41 405
31 42 429
31 43 395
31 44 928
31 45 551
31 46 174
31 47 741
31 48 553
31 49 478
31 50 593
31 51 502
31 52 778
31 53 331
31 54 190
31 55 390
31 56 152
31 57 608
31 58 617
31 59 236
31 60 613
31 61 717
31 62 589
31 63 301
31 64 771
31 65 206
31 66 668
31 67 226
31 68 330
31 69 221
31 70 575
31 71 174
31 72 716
31 73 287
31 74 597
31 75 441
31 76 616
31 77 312
31 78 164
31 79 358
31 80 240
31 81 259
31 82 155
31 83 256
31 84 297
31 85 373
31 86 288
31 87 320
31 88 501
31 89 427
31 90 434
31 91 738
31 92 146
31 93 240
31 94 149
31 95 154
31 96 728
31 97 288
31 98 575
31 99 376
31 100 884
32 33 931
32 34 728
32 35 942
32 36 243
32 37 1062
32 38 857
32 39 378
32 40 1025
32 41 411
32 42 552
32 43 1057
32 44 853
32 45 381
32 46 593
32 47 900
32 48 617
32 49 1112
32 50 876
32 51 1040
32 52 1002
32 53 366
32 54 573
32 55 314
32 56 802
32 57 268
32 58 872
32 59 479
32 60 112
32 61 543
32 62 221
32 63 449
32 64 589
32 65 904
32 66 87
32 67 656
32 68 466
32 69 909
32 70 244
32 71 616
32 72 590
32 73 756
32 74 116
32 75 975
32 76 191
32 77 405
32 78 852
32 79 417
32 80 771
32 81 761
32 82 581
32 83 441
32 84 555
32 85 970
32 86 966
32 87 571
32 88 379
32 89 1012
32 90 902
32 91 809
32 92 772
32 93 603
32 94 838
32 95 547
32 96 827
32 97 799
32 98 972
32 99 864
32 100 776
33 34 718
33 35 266
33 36 696
33 37 221
33 38 511
33 39 555
33 40 589
33 41 546
33 42 394
33 43 617
33 44 413
33 45 552
33 46 550
33 47 116
33 48 317
33 49 570
33 50 84
33 51 384
33 52 100
33 53 738
33 54 809
33 55 707
33 56 577
33 57 673
33 58 66
33 59 767
33 60 820
33 61 480
33 62 711
33 63 838
33 64 483
33 65 722
33 66 850
33 67 888
33 68 531
33 69 796
33 70 688
33 71 820
33 72 431
33 73 391
33 74 907
33 75 373
33 76 744
33 77 641
33 78 765
33 79 569
33 80 918
33 81 423
33 82 772
33 83 708
33 84 467
33 85 1012
33 86 636
33 87 437
33 88 553
33 89 454
33 90 296
33 91 214
33 92 816
33 93 880
33 94 756
33 95 651
33 96 182
33 97 404
33 98 181
33 99 339
33 100 426
34 35 924
34 36 649
34 37 676
34 38 260
34 39 532
34 40 370
34 41 450
34 42 477
34 43 391
34 44 976
34 45 596
34 46 221
34 47 784
34 48 601
34 49 481
34 50 634
34 51 522
34 52 818
34 53 362
34 54 192
34 55 426
34 56 169
34 57 650
34 58 658
34 59 256
34 60 648
34 61 765
34 62 629
34 63 314
34 64 818
34 65 181
34 66 702
34 67 205
34 68 376
34 69 182
34 70 616
34 71 166
34 72 763
34 73 326
34 74 624
34 75 464
34 76 655
34 77 352
34 78 125
34 79 402
34 80 200
34 81 296
34 82 163
34 83 287
34 84 345
34 85 325
34 86 281
34 87 368
34 88 546
34 89 442
34 90 465
34 91 784
34 92 100
34 93 228
34 94 110
34 95 192
34 96 773
34 97 322
34 98 608
34 99 407
34 100 931
35 36 700
35 37 476
35 38 753
35 39 604
35 40 849
35 41 631
35 42 498
35 43 879
35 44 179
35 45 572
35 46 725
35 47 155
35 48 371
35 49 837
35 50 328
35 51 651
35 52 213
35 53 849
35 54 976
35 55 797
35 56 806
35 57 674
35 58 295
35 59 913
35 60 840
35 61 407
35 62 725
35 63 973
35 64 377
35 65 960
35 66 855
35 67 1067
35 68 649
35 69 1030
35 70 705
35 71 997
35 72 356
35 73 612
35 74 951
35 75 637
35 76 751
35 77 756
35 78 992
35 79 671
35 80 1118
35 81 645
35 82 943
35 83 842
35 84 614
35 85 1237
35 86 888
35 87 584
35 88 595
35 89 719
35 90 554
35 91 151
35 92 1025
35 93 1049
35 94 981
35 95 815
35 96 153
35 97 637
35 98 448
35 99 589
35 100 230
36 37 842
36 38 707
36 39 161
36 40 877
36 41 226
36 42 335
36 43 911
36 44 620
36 45 143
36 46 460
36 47 658
36 48 379
36 49 949
36 50 646
36 51 849
36 52 762
36 53 323
36 54 548
36 55 242
36 56 673
36 57 25
36 58 639
36 59 447
36 60 142
36 61 307
36 62 33
36 63 457
36 64 359
36 65 805
36 66 156
36 67 649
36 68 300
36 69 829
36 70 34
36 71 590
36 72 351
36 73 578
36 74 263
36 75 788
36 76 51
36 77 297
36 78 772
36 79 258
36 80 753
36 81 592
36 82 539
36 83 380
36 84 381
36 85 944
36 86 836
36 87 386
36 88 156
36 89 837
36 90 704
36 91 565
36 92 720
36 93 603
36 94 757
36 95 456
36 96 584
36 97 625
36 98 754
36 99 676
36 100 544
37 38 426
37 39 686
37 40 441
37 41 654
37 42 510
37 43 461
37 44 633
37 45 702
37 46 570
37 47 335
37 48 482
37 49 391
37 50 213
37 51 208
37 52 267
37 53 803
37 54 813
37 55 795
37 56 512
37 57 823
37 58 236
37 59 799
37 60 949
37 61 676
37 62 851
37 63 874
37 64 688
37 65 625
37 66 987
37 67 872
37 68 614
37 69 704
37 70 828
37 71 813
37 72 631
37 73 374
37 74 1016
37 75 231
37 76 886
37 77 713
37 78 687
37 79 660
37 80 874
37 81 394
37 82 775
37 83 755
37 84 531
37 85 926
37 86 513
37 87 507
37 88 688
37 89 298
37 90 213
37 91 434
37 92 765
37 93 878
37 94 683
37 95 672
37 96 402
37 97 359
37 98 90
37 99 270
37 100 647
38 39 554
38 40 170
38 41 481
38 42 421
38 43 204
38 44 845
38 45 605
38 46 263
38 47 601
38 48 507
38 49 257
38 50 432
38 51 261
38 52 608
38 53 512
38 54 429
38 55 544
38 56 91
38 57 698
38 58 462
38 59 452
38 60 756
38 61 712
38 62 698
38 63 525
38 64 754
38 65 210
38 66 807
38 67 464
38 68 406
38 69 286
38 70 678
38 71 416
38 72 692
38 73 160
38 74 773
38 75 205
38 76 731
38 77 452
38 78 261
38 79 452
38 80 450
38 81 130
38 82 392
38 83 441
38 84 327
38 85 506
38 86 146
38 87 329
38 88 565
38 89 186
38 90 224
38 91 633
38 92 340
38 93 482
38 94 256
38 95 333
38 96 614
38 97 120
38 98 370
38 99 172
38 100 818
39 40 722
39 41 81
39 42 176
39 43 757
39 44 563
39 45 65
39 46 323
39 47 534
39 48 246
39 49 790
39 50 498
39 51 687
39 52 631
39 53 275
39 54 472
39 55 205
39 56 529
39 57 147
39 58 494
39 59 378
39 60 266
39 61 271
39 62 165
39 63 414
39 64 329
39 65 671
39 66 301
39 67 575
39 68 158
39 69 705
39 70 142
39 71 508
39 72 294
39 73 418
39 74 355
39 75 626
39 76 200
39 77 205
39 78 649
39 79 130
39 80 667
39 81 434
39 82 453
39 83 302
39 84 226
39 85 845
39 86 688
39 87 227
39 88 15
39 89 677
39 90 542
39 91 457
39 92 614
39 93 538
39 94 635
39 95 346
39 96 469
39 97 466
39 98 597
39 99 514
39 100 495
40 41 651
40 42 582
40 43 35
40 44 964
40 45 772
40 46 431
40 47 693
40 48 654
40 49 111
40 50 521
40 51 235
40 52 674
40 53 674
40 54 559
40 55 711
40 56 228
40 57 868
40 58 554
40 59 601
40 60 926
40 61 865
40 62 868
40 63 670
40 64 903
40 65 229
40 66 977
40 67 570
40 68 577
40 69 302
40 70 849
40 71 537
40 72 840
40 73 314
40 74 938
40 75 218
40 76 901
40 77 620
40 78 310
40 79 622
40 80 523
40 81 291
40 82 526
40 83 601
40 84 496
40 85 513
40 86 97
40 87 496
40 88 733
40 89 142
40 90 295
40 91 747
40 92 419
40 93 599
40 94 314
40 95 490
40 96 723
40 97 266
40 98 417
40 99 269
40 100 947
41 42 152
41 43 685
41 44 612
41 45 146
41 46 242
41 47 543
41 48 261
41 49 724
41 50 480
41 51 633
41 52 631
41 53 221
41 54 398
41 55 166
41 56 451
41 57 218
41 58 482
41 59 309
41 60 299
41 61 338
41 62 219
41 63 354
41 64 396
41 65 590
41 66 343
41 67 501
41 68 77
41 69 623
41 70 199
41 71 433
41 72 353
41 73 354
41 74 364
41 75 570
41 76 254
41 77 135
41 78 567
41 79 51
41 80 589
41 81 367
41 82 377
41 83 233
41 84 155
41 85 765
41 86 612
41 87 163
41 88 96
41 89 614
41 90 492
41 91 481
41 92 533
41 93 466
41 94 553
41 95 265
41 96 488
41 97 401
41 98 563
41 99 457
41 100 548
42 43 618
42 44 509
42 45 203
42 46 256
42 47 396
42 48 132
42 49 637
42 50 329
42 51 518
42 52 479
42 53 355
42 54 485
42 55 315
42 56 421
42 57 318
42 58 330
42 59 415
42 60 439
42 61 296
42 62 341
42 63 474
42 64 345
42 65 577
42 66 477
42 67 582
42 68 150
42 69 628
42 70 318
42 71 511
42 72 288
42 73 268
42 74 515
42 75 459
42 76 376
42 77 259
42 78 576
42 79 178
42 80 650
42 81 292
42 82 455
42 83 343
42 84 132
42 85 802
42 86 565
42 87 109
42 88 179
42 89 517
42 90 371
42 91 347
42 92 573
42 93 558
42 94 563
42 95 328
42 96 349
42 97 317
42 98 420
42 99 349
42 100 457
43 44 996
43 45 808
43 46 463
43 47 723
43 48 689
43 49 102
43 50 551
43 51 253
43 52 701
43 53 704
43 54 582
43 55 743
43 56 257
43 57 903
43 58 584
43 59 628
43 60 958
43 61 900
43 62 902
43 63 696
43 64 938
43 65 239
43 66 1010
43 67 587
43 68 611
43 69 307
43 70 883
43 71 558
43 72 875
43 73 349
43 74 969
43 75 244
43 76 935
43 77 652
43 78 322
43 79 656
43 80 535
43 81 326
43 82 550
43 83 630
43 84 531
43 85 511
43 86 111
43 87 531
43 88 768
43 89 165
43 90 326
43 91 779
43 92 433
43 93 619
43 94 326
43 95 519
43 96 755
43 97 302
43 98 443
43 99 303
43 100 980
44 45 515
44 46 761
44 47 297
44 48 378
44 49 967
44 50 453
44 51 787
44 52 384
44 53 832
44 54 993
44 55 767
44 56 882
44 57 594
44 58 420
44 59 916
44 60 762
44 61 312
44 62 650
44 63 966
44 64 264
44 65 1041
44 66 766
44 67 1091
44 68 649
44 69 1105
44 70 633
44 71 1020
44 72 273
44 73 690
44 74 882
44 75 763
44 76 670
44 77 746
44 78 1060
44 79 659
44 80 1158
44 81 724
44 82 964
44 83 840
44 84 639
44 85 1299
44 86 988
44 87 612
44 88 551
44 89 844
44 90 671
44 91 216
44 92 1075
44 93 1065
44 94 1048
44 95 838
44 96 242
44 97 725
44 98 590
44 99 695
44 100 77
45 46 384
45 47 518
45 48 236
45 49 835
45 50 503
45 51 721
45 52 620
45 53 335
45 54 537
45 55 261
45 56 586
45 57 121
45 58 496
45 59 443
45 60 273
45 61 213
45 62 160
45 63 476
45 64 271
45 65 731
45 66 297
45 67 641
45 68 220
45 69 768
45 70 137
45 71 574
45 72 242
45 73 463
45 74 378
45 75 662
45 76 191
45 77 270
45 78 712
45 79 196
45 80 733
45 81 482
45 82 519
45 83 367
45 84 280
45 85 911
45 86 743
45 87 276
45 88 50
45 89 718
45 90 574
45 91 431
45 92 680
45 93 602
45 94 698
45 95 411
45 96 447
45 97 511
45 98 614
45 99 551
45 100 444
46 47 596
46 48 383
46 49 520
46 50 468
46 51 478
46 52 649
46 53 254
46 54 258
46 55 280
46 56 214
46 57 456
46 58 485
46 59 228
46 60 495
46 61 543
46 62 446
46 63 303
46 64 597
46 65 348
46 66 547
46 67 343
46 68 165
46 69 384
46 70 429
46 71 273
46 72 542
46 73 199
46 74 510
46 75 411
46 76 478
46 77 188
46 78 330
46 79 201
46 80 397
46 81 189
46 82 222
46 83 191
46 84 123
46 85 547
46 86 378
46 87 148
46 88 336
46 89 430
46 90 366
46 91 579
46 92 317
46 93 330
46 94 315
46 95 102
46 96 572
46 97 229
46 98 487
46 99 313
46 100 713
47 48 288
47 49 682
47 50 172
47 51 498
47 52 112
47 53 751
47 54 853
47 55 710
47 56 657
47 57 633
47 58 139
47 59 799
47 60 791
47 61 406
47 62 678
47 63 864
47 64 397
47 65 809
47 66 815
47 67 939
47 68 545
47 69 880
47 70 656
47 71 869
47 72 354
47 73 464
47 74 890
47 75 481
47 76 709
47 77 655
47 78 844
47 79 575
47 80 981
47 81 498
47 82 818
47 83 733
47 84 495
47 85 1091
47 86 733
47 87 465
47 88 529
47 89 563
47 90 398
47 91 114
47 92 884
47 93 926
47 94 835
47 95 692
47 96 84
47 97 486
47 98 296
47 99 434
47 100 315
48 49 690
48 50 274
48 51 543
48 52 386
48 53 478
48 54 618
48 55 428
48 56 525
48 57 356
48 58 262
48 59 546
48 60 506
48 61 214
48 62 395
48 63 603
48 64 249
48 65 684
48 66 533
48 67 714
48 68 279
48 69 741
48 70 372
48 71 643
48 72 186
48 73 347
48 74 602
48 75 494
48 76 428
48 77 385
48 78 693
48 79 299
48 80 780
48 81 377
48 82 587
48 83 473
48 84 261
48 85 926
48 86 654
48 87 235
48 88 241
48 89 564
48 90 398
48 91 220
48 92 699
48 93 690
48 94 680
48 95 460
48 96 227
48 97 391
48 98 399
48 99 394
48 100 330
49 50 515
49 51 187
49 52 645
49 53 769
49 54 668
49 55 800
49 56 330
49 57 938
49 58 547
49 59 704
49 60 1009
49 61 904
49 62 943
49 63 775
49 64 937
49 65 339
49 66 1059
49 67 681
49 68 654
49 69 410
49 70 923
49 71 647
49 72 874
49 73 372
49 74 1030
49 75 204
49 76 978
49 77 708
49 78 422
49 79 701
49 80 634
49 81 357
49 82 634
49 83 698
49 84 568
49 85 614
49 86 208
49 87 563
49 88 800
49 89 126
49 90 300
49 91 751
49 92 531
49 93 710
49 94 425
49 95 589
49 96 724
49 97 324
49 98 390
49 99 295
49 100 959
50 51 334
50 52 184
50 53 663
50 54 726
50 55 637
50 56 495
50 57 625
50 58 32
50 59 687
50 60 764
50 61 463
50 62 659
50 63 758
50 64 475
50 65 642
50 66 797
50 67 804
50 68 458
50 69 716
50 70 635
50 71 737
50 72 418
50 73 308
50 74 844
50 75 311
50 76 693
50 77 566
50 78 683
50 79 498
50 80 834
50 81 339
50 82 689
50 83 629
50 84 389
50 85 930
50 86 561
50 87 360
50 88 497
50 89 393
50 90 226
50 91 239
50 92 732
50 93 797
50 94 674
50 95 569
50 96 210
50 97 322
50 98 143
50 99 263
50 100 452
51 52 457
51 53 730
51 54 686
51 55 743
51 56 352
51 57 834
51 58 367
51 59 695
51 60 931
51 61 756
51 62 850
51 63 770
51 64 782
51 65 436
51 66 977
51 67 726
51 68 574
51 69 515
51 70 827
51 71 676
51 72 720
51 73 287
51 74 974
51 75 66
51 76 885
51 77 652
51 78 507
51 79 623
51 80 708
51 81 289
51 82 648
51 83 669
51 84 485
51 85 735
51 86 314
51 87 470
51 88 694
51 89 94
51 90 147
51 91 574
51 92 598
51 93 742
51 94 505
51 95 568
51 96 545
51 97 249
51 98 203
51 99 176
51 100 785
52 53 829
52 54 908
52 55 795
52 56 676
52 57 738
52 58 164
52 59 864
52 60 892
52 61 518
52 62 781
52 63 933
52 64 509
52 65 818
52 66 918
52 67 988
52 68 622
52 69 893
52 70 758
52 71 920
52 72 466
52 73 491
52 74 986
52 75 456
52 76 812
52 77 732
52 78 863
52 79 657
52 80 1018
52 81 523
52 82 872
52 83 803
52 84 562
52 85 1110
52 86 727
52 87 532
52 88 627
52 89 536
52 90 388
52 91 226
52 92 916
52 93 980
52 94 855
52 95 750
52 96 196
52 97 503
52 98 258
52 99 435
52 100 415
53 54 227
53 55 81
53 56 446
53 57 333
53 58 671
53 59 125
53 60 289
53 61 546
53 62 295
53 63 140
53 64 605
53 65 538
53 66 343
53 67 325
53 68 207
53 69 543
53 70 289
53 71 269
53 72 568
53 73 446
53 74 266
53 75 664
53 76 313
53 77 96
53 78 487
53 79 178
53 80 433
53 81 441
53 82 224
53 83 75
53 84 275
53 85 627
53 86 606
53 87 303
53 88 289
53 89 684
53 90 610
53 91 698
53 92 413
53 93 279
53 94 472
53 95 185
53 96 703
53 97 481
53 98 715
53 99 561
53 100 767
54 55 306
54 56 342
54 57 557
54 58 744
54 59 102
54 60 511
54 61 736
54 62 521
54 63 130
54 64 794
54 65 370
54 66 564
54 67 103
54 68 345
54 69 351
54 70 514
54 71 43
54 72 748
54 73 440
54 74 461
54 75 623
54 76 541
54 77 267
54 78 300
54 79 347
54 80 205
54 81 419
54 82 38
54 83 171
54 84 361
54 85 401
54 86 473
54 87 391
54 88 487
54 89 616
54 90 601
54 91 827
54 92 202
54 93 73
54 94 287
54 95 160
54 96 823
54 97 455
54 98 734
54 99 544
54 100 937
55 56 488
55 57 252
55 58 642
55 59 204
55 60 223
55 61 474
55 62 215
55 63 219
55 64 532
55 65 595
55 66 277
55 67 406
55 68 181
55 69 608
55 70 209
55 71 348
55 72 499
55 73 455
55 74 232
55 75 676
55 76 235
55 77 92
55 78 551
55 79 138
55 80 511
55 81 456
55 82 300
55 83 141
55 84 265
55 85 704
55 86 651
55 87 288
55 88 217
55 89 706
55 90 613
55 91 647
55 92 485
55 93 360
55 94 536
55 95 237
55 96 655
55 97 495
55 98 705
55 99 568
55 100 700
56 57 668
56 58 522
56 59 373
56 60 707
56 61 717
56 62 660
56 63 444
56 64 765
56 65 160
56 66 760
56 67 373
56 68 374
56 69 224
56 70 643
56 71 326
56 72 704
56 73 194
56 74 712
56 75 295
56 76 692
56 77 398
56 78 187
56 79 414
56 80 361
56 81 160
56 82 306
56 83 372
56 84 307
56 85 435
56 86 164
56 87 317
56 88 542
56 89 275
56 90 303
56 91 676
56 92 252
56 93 392
56 94 179
56 95 262
56 96 660
56 97 172
56 98 449
56 99 247
56 100 848
57 58 617
57 59 456
57 60 168
57 61 282
57 62 56
57 63 470
57 64 333
57 65 802
57 66 181
57 67 658
57 68 294
57 69 830
57 70 47
57 71 597
57 72 325
57 73 566
57 74 288
57 75 773
57 76 77
57 77 300
57 78 773
57 79 254
57 80 761
57 81 581
57 82 546
57 83 386
57 84 371
57 85 949
57 86 830
57 87 374
57 88 140
57 89 825
57 90 689
57 91 540
57 92 723
57 93 613
57 94 758
57 95 458
57 96 559
57 97 614
57 98 734
57 99 661
57 100 519
58 59 701
58 60 760
58 61 442
58 62 653
58 63 771
58 64 452
58 65 671
58 66 791
58 67 824
58 68 465
58 69 745
58 70 630
58 71 757
58 72 396
58 73 333
58 74 844
58 75 344
58 76 686
58 77 575
58 78 710
58 79 503
58 80 857
58 81 365
58 82 708
58 83 641
58 84 400
58 85 958
58 86 593
58 87 370
58 88 493
58 89 426
58 90 258
58 91 208
58 92 757
58 93 816
58 94 701
58 95 586
58 96 178
58 97 351
58 98 172
58 99 294
58 100 421
59 60 411
59 61 647
59 62 419
59 63 75
59 64 705
59 65 437
59 66 465
59 67 202
59 68 267
59 69 432
59 70 413
59 71 144
59 72 662
59 73 426
59 74 370
59 75 629
59 76 439
59 77 174
59 78 377
59 79 259
59 80 307
59 81 411
59 82 102
59 83 76
59 84 303
59 85 502
59 86 523
59 87 334
59 88 393
59 89 635
59 90 592
59 91 762
59 92 293
59 93 160
59 94 363
59 95 127
59 96 761
59 97 451
59 98 715
59 99 538
59 100 856
60 61 450
60 62 115
60 63 397
60 64 500
60 65 819
60 66 54
60 67 603
60 68 358
60 69 830
60 70 136
60 71 554
60 72 493
60 73 648
60 74 125
60 75 867
60 76 92
60 77 308
60 78 773
60 79 310
60 80 715
60 81 655
60 82 512
60 83 361
60 84 447
60 85 913
60 86 871
60 87 461
60 88 267
60 89 906
60 90 791
60 91 703
60 92 702
60 93 552
60 94 759
60 95 460
60 96 720
60 97 693
60 98 859
60 99 755
60 100 686
61 62 338
61 63 686
61 64 58
61 65 874
61 66 455
61 67 839
61 68 396
61 69 923
61 70 321
61 71 770
61 72 52
61 73 553
61 74 570
61 75 708
61 76 357
61 77 472
61 78 871
61 79 389
61 80 923
61 81 581
61 82 714
61 83 570
61 84 422
61 85 1089
61 86 858
61 87 404
61 88 257
61 89 779
61 90 612
61 91 295
61 92 857
61 93 805
61 94 857
61 95 595
61 96 322
61 97 599
61 98 600
61 99 608
61 100 237
62 63 426
62 64 390
62 65 788
62 66 138
62 67 621
62 68 291
62 69 810
62 70 23
62 71 563
62 72 380
62 73 574
62 74 232
62 75 787
62 76 35
62 77 276
62 78 753
62 79 246
62 80 727
62 81 586
62 82 514
62 83 354
62 84 375
62 85 919
62 86 824
62 87 382
62 88 162
62 89 834
62 90 706
62 91 589
62 92 696
62 93 574
62 94 738
62 95 436
62 96 606
62 97 621
62 98 762
62 99 675
62 100 575
63 64 744
63 65 495
63 66 449
63 67 207
63 68 324
63 69 480
63 70 424
63 71 171
63 72 706
63 73 501
63 74 335
63 75 705
63 76 440
63 77 220
63 78 428
63 79 307
63 80 321
63 81 487
63 82 150
63 83 131
63 84 371
63 85 521
63 86 589
63 87 401
63 88 429
63 89 709
63 90 668
63 91 822
63 92 332
63 93 155
63 94 415
63 95 203
63 96 823
63 97 526
63 98 790
63 99 614
63 100 903
64 65 922
64 66 502
64 67 896
64 68 453
64 69 973
64 70 375
64 71 827
64 72 62
64 73 595
64 74 622
64 75 738
64 76 408
64 77 530
64 78 922
64 79 447
64 80 979
64 81 624
64 82 771
64 83 628
64 84 474
64 85 1143
64 86 901
64 87 454
64 88 315
64 89 811
64 90 641
64 91 283
64 92 911
64 93 863
64 94 908
64 95 652
64 96 313
64 97 639
64 98 616
64 99 642
64 100 186
65 66 873
65 67 356
65 68 513
65 69 79
65 70 772
65 71 338
65 72 863
65 73 351
65 74 803
65 75 394
65 76 817
65 77 514
65 78 83
65 79 548
65 80 295
65 81 317
65 82 344
65 83 463
65 84 457
65 85 300
65 86 131
65 87 471
65 88 684
65 89 344
65 90 433
65 91 834
65 92 197
65 93 393
65 94 89
65 95 358
65 96 816
65 97 322
65 98 577
65 99 383
65 100 1008
66 67 655
66 68 406
66 69 885
66 70 161
66 71 608
66 72 502
66 73 695
66 74 151
66 75 913
66 76 106
66 77 361
66 78 828
66 79 358
66 80 768
66 81 704
66 82 566
66 83 415
66 84 494
66 85 966
66 86 924
66 87 506
66 88 300
66 89 955
66 90 835
66 91 722
66 92 756
66 93 604
66 94 813
66 95 514
66 96 741
66 97 741
66 98 898
66 99 801
66 100 689
67 68 446
67 69 315
67 70 615
67 71 71
67 72 850
67 73 506
67 74 541
67 75 667
67 76 639
67 77 370
67 78 275
67 79 449
67 80 115
67 81 481
67 82 127
67 83 274
67 84 455
67 85 314
67 86 476
67 87 484
67 88 590
67 89 647
67 90 659
67 91 920
67 92 161
67 93 53
67 94 266
67 95 254
67 96 914
67 97 512
67 98 798
67 99 601
67 100 1037
68 69 547
68 70 271
68 71 375
68 72 404
68 73 289
68 74 404
68 75 509
68 76 324
68 77 110
68 78 492
68 79 48
68 80 526
68 81 298
68 82 319
68 83 193
68 84 89
68 85 695
68 86 535
68 87 107
68 88 171
68 89 548
68 90 438
68 91 497
68 92 463
68 93 416
68 94 477
68 95 199
68 96 499
68 97 334
68 98 524
68 99 398
68 100 592
69 70 796
69 71 313
69 72 915
69 73 418
69 74 803
69 75 474
69 76 837
69 77 533
69 78 57
69 79 578
69 80 236
69 81 385
69 82 332
69 83 469
69 84 501
69 85 221
69 86 206
69 87 519
69 88 719
69 89 422
69 90 510
69 91 900
69 92 155
69 93 359
69 94 72
69 95 374
69 96 884
69 97 394
69 98 655
69 99 459
69 100 1069
70 71 556
70 72 362
70 73 553
70 74 249
70 75 765
70 76 58
70 77 264
70 78 739
70 79 228
70 80 719
70 81 566
70 82 505
70 83 346
70 84 354
70 85 910
70 86 806
70 87 361
70 88 139
70 89 812
70 90 683
70 91 567
70 92 686
70 93 569
70 94 724
70 95 423
70 96 584
70 97 600
70 98 738
70 99 653
70 100 559
71 72 780
71 73 443
71 74 504
71 75 615
71 76 583
71 77 304
71 78 264
71 79 381
71 80 163
71 81 419
71 82 56
71 83 211
71 84 383
71 85 358
71 86 447
71 87 413
71 88 523
71 89 602
71 90 600
71 91 849
71 92 161
71 93 65
71 94 252
71 95 182
71 96 844
71 97 453
71 98 737
71 99 542
71 100 966
72 73 532
72 74 611
72 75 675
72 76 402
72 77 489
72 78 865
72 79 403
72 80 929
72 81 562
72 82 723
72 83 586
72 84 418
72 85 1089
72 86 839
72 87 397
72 88 281
72 89 748
72 90 578
72 91 243
72 92 858
72 93 818
72 94 851
72 95 601
72 96 270
72 97 577
72 98 558
72 99 579
72 100 201
73 74 687
73 75 221
73 76 609
73 77 365
73 78 380
73 79 338
73 80 527
73 81 33
73 82 402
73 83 389
73 84 201
73 85 626
73 86 306
73 87 192
73 88 427
73 89 259
73 90 166
73 91 482
73 92 424
73 93 507
73 94 370
73 95 298
73 96 466
73 97 48
73 98 294
73 99 115
73 100 661
74 75 908
74 76 216
74 77 324
74 78 747
74 79 357
74 80 656
74 81 688
74 82 472
74 83 342
74 84 492
74 85 856
74 86 873
74 87 512
74 88 360
74 89 938
74 90 842
74 91 809
74 92 662
74 93 488
74 94 733
74 95 452
74 96 823
74 97 728
74 98 926
74 99 799
74 100 807
75 76 822
75 77 586
75 78 459
75 79 558
75 80 655
75 81 223
75 82 585
75 83 602
75 84 419
75 85 695
75 86 281
75 87 406
75 88 633
75 89 81
75 90 97
75 91 546
75 92 545
75 93 681
75 94 456
75 95 503
75 96 520
75 97 182
75 98 199
75 99 112
75 100 754
76 77 304
76 78 780
76 79 279
76 80 746
76 81 621
76 82 536
76 83 377
76 84 409
76 85 940
76 86 856
76 87 417
76 88 197
76 89 869
76 90 741
76 91 617
76 92 720
76 93 591
76 94 765
76 95 463
76 96 635
76 97 656
76 98 797
76 99 710
76 100 594
77 78 476
77 79 87
77 80 465
77 81 365
77 82 250
77 83 97
77 84 182
77 85 650
77 86 563
77 87 208
77 88 220
77 89 614
77 90 525
77 91 604
77 92 423
77 93 333
77 94 461
77 95 159
77 96 608
77 97 404
77 98 623
77 99 479
77 100 684
78 79 521
78 80 212
78 81 346
78 82 278
78 83 412
78 84 448
78 85 247
78 86 213
78 87 467
78 88 663
78 89 416
78 90 486
78 91 859
78 92 114
78 93 315
78 94 14
78 95 317
78 96 844
78 97 360
78 98 631
78 99 432
78 100 1022
79 80 537
79 81 346
79 82 325
79 83 182
79 84 138
79 85 714
79 86 577
79 87 155
79 88 145
79 89 596
79 90 486
79 91 519
79 92 483
79 93 415
79 94 506
79 95 215
79 96 524
79 97 383
79 98 569
79 99 447
79 100 597
80 81 497
80 82 215
80 83 374
80 84 518
80 85 199
80 86 425
80 87 545
80 88 682
80 89 621
80 90 663
80 91 974
80 92 109
80 93 168
80 94 209
80 95 327
80 96 965
80 97 523
80 98 808
80 99 606
80 100 1108
81 82 380
81 83 380
81 84 211
81 85 593
81 86 277
81 87 207
81 88 444
81 89 251
81 90 182
81 91 516
81 92 393
81 93 484
81 94 336
81 95 284
81 96 499
81 97 40
81 98 317
81 99 126
81 100 693
82 83 159
82 84 329
82 85 404
82 86 441
82 87 358
82 88 468
82 89 579
82 90 563
82 91 794
82 92 190
82 93 108
82 94 265
82 95 127
82 96 790
82 97 416
82 98 696
82 99 506
82 100 909
83 84 241
83 85 564
83 86 532
83 87 271
83 88 317
83 89 618
83 90 555
83 91 691
83 92 343
83 93 235
83 94 398
83 95 110
83 96 692
83 97 420
83 98 669
83 99 503
83 100 780
84 85 670
84 86 463
84 87 30
84 88 237
84 89 460
84 90 349
84 91 465
84 92 440
84 93 434
84 94 435
84 95 201
84 96 462
84 97 246
84 98 441
84 99 309
84 100 590
85 86 422
85 87 693
85 88 860
85 89 641
85 90 730
85 91 1102
85 92 231
85 93 367
85 94 256
85 95 499
85 96 1088
85 97 607
85 98 875
85 99 678
85 100 1256
86 87 469
86 88 700
86 89 220
86 90 339
86 91 774
86 92 323
86 93 507
86 94 216
86 95 421
86 96 753
86 97 265
86 98 475
86 99 299
86 100 963
87 88 237
87 89 451
87 90 331
87 91 435
87 92 465
87 93 464
87 94 454
87 95 231
87 96 431
87 97 239
87 98 417
87 99 294
87 100 564
88 89 685
88 90 548
88 91 450
88 92 629
88 93 553
88 94 649
88 95 360
88 96 463
88 97 475
88 98 599
88 99 521
88 100 482
89 90 174
89 91 627
89 92 513
89 93 667
89 94 416
89 95 512
89 96 601
89 97 213
89 98 278
89 99 170
89 100 834
90 91 455
90 92 555
90 93 665
90 94 479
90 95 465
90 96 429
90 97 146
90 98 145
90 99 57
90 100 660
91 92 884
91 93 900
91 94 848
91 95 667
91 96 32
91 97 514
91 98 380
91 99 479
91 100 214
92 93 204
92 94 107
92 95 268
92 96 873
92 97 416
92 98 700
92 99 499
92 100 1029
93 94 305
93 95 234
93 96 896
93 97 518
93 98 801
93 99 607
93 100 1008
94 95 302
94 96 833
94 97 351
94 98 625
94 99 425
94 100 1009
95 96 663
95 97 323
95 98 589
95 99 410
95 100 784
96 97 495
96 98 350
96 99 456
96 100 245
97 98 286
97 99 89
97 100 699
98 99 201
98 100 594
99 100 677
