100 4950
1 2 352
1 3 298
1 4 649
1 5 373
1 6 460
1 7 412
1 8 286
1 9 554
1 10 532
1 11 594
1 12 284
1 13 178
1 14 762
1 15 703
1 16 497
1 17 358
1 18 531
1 19 317
1 20 877
1 21 247
1 22 563
1 23 605
1 24 321
1 25 291
1 26 661
1 27 26
1 28 257
1 29 712
1 30 437
1 31 613
1 32 215
1 33 316
1 34 675
1 35 675
1 36 634
1 37 284
1 38 338
1 39 284
1 40 640
1 41 451
1 42 229
1 43 667
1 44 403
1 45 223
1 46 493
1 47 515
1 48 331
1 49 395
1 50 284
1 51 597
1 52 395
1 53 474
1 54 296
1 55 226
1 56 620
1 57 619
1 58 159
1 59 791
1 60 383
1 61 551
1 62 439
1 63 506
1 64 422
1 65 668
1 66 701
1 67 340
1 68 105
1 69 459
1 70 656
1 71 681
1 72 316
1 73 784
1 74 559
1 75 300
1 76 228
1 77 710
1 78 358
1 79 643
1 80 460
1 81 652
1 82 486
1 83 633
1 84 200
1 85 162
1 86 706
1 87 432
1 88 584
1 89 381
1 90 628
1 91 395
1 92 339
1 93 576
1 94 560
1 95 698
1 96 880
1 97 460
1 98 411
1 99 364
1 100 674
2 3 336
2 4 903
2 5 526
2 6 788
2 7 633
2 8 624
2 9 873
2 10 881
2 11 915
2 12 199
2 13 244
2 14 1100
2 15 984
2 16 821
2 17 526
2 18 849
2 19 513
2 20 1227
2 21 137
2 22 731
2 23 914
2 24 671
2 25 257
2 26 1013
2 27 363
2 28 444
2 29 1062
2 30 579
2 31 878
2 32 566
2 33 84
2 34 809
2 35 1016
2 36 969
2 37 603
2 38 393
2 39 219
2 40 961
2 41 687
2 42 177
2 43 1017
2 44 744
2 45 527
2 46 738
2 47 866
2 48 411
2 49 554
2 50 149
2 51 873
2 52 502
2 53 715
2 54 347
2 55 139
2 56 972
2 57 959
2 58 486
2 59 1143
2 60 601
2 61 790
2 62 704
2 63 855
2 64 76
2 65 881
2 66 980
2 67 675
2 68 457
2 69 763
2 70 1000
2 71 968
2 72 648
2 73 1131
2 74 675
2 75 612
2 76 541
2 77 1049
2 78 243
2 79 925
2 80 760
2 81 958
2 82 828
2 83 850
2 84 426
2 85 196
2 86 1056
2 87 540
2 88 912
2 89 158
2 90 950
2 91 711
2 92 220
2 93 802
2 94 704
2 95 1048
2 96 1228
2 97 645
2 98 517
2 99 715
2 100 956
3 4 587
3 5 195
3 6 729
3 7 318
3 8 426
3 9 613
3 10 753
3 11 864
3 12 433
3 13 147
3 14 859
3 15 681
3 16 572
3 17 644
3 18 805
3 19 608
3 20 1024
3 21 211
3 22 395
3 23 883
3 24 557
3 25 80
3 26 855
3 27 324
3 28 151
3 29 918
3 30 243
3 31 568
3 32 425
3 33 373
3 34 474
3 35 915
3 36 726
3 37 377
3 38 59
3 39 447
3 40 908
3 41 750
3 42 174
3 43 880
3 44 657
3 45 519
3 46 792
3 47 692
3 48 75
3 49 222
3 50 186
3 51 891
3 52 165
3 53 773
3 54 529
3 55 229
3 56 824
3 57 729
3 58 310
3 59 963
3 60 680
3 61 850
3 62 736
3 63 658
3 64 360
3 65 550
3 66 675
3 67 609
3 68 358
3 69 745
3 70 779
3 71 671
3 72 436
3 73 917
3 74 341
3 75 376
3 76 325
3 77 813
3 78 136
3 79 625
3 80 488
3 81 677
3 82 612
3 83 932
3 84 179
3 85 229
3 86 857
3 87 204
3 88 663
3 89 230
3 90 688
3 91 677
3 92 140
3 93 478
3 94 368
3 95 905
3 96 1011
3 97 753
3 98 181
3 99 555
3 100 654
4 5 395
4 6 742
4 7 270
4 8 420
4 9 245
4 10 628
4 11 835
4 12 922
4 13 661
4 14 425
4 15 115
4 16 276
4 17 946
4 18 812
4 19 898
4 20 638
4 21 766
4 22 252
4 23 884
4 24 580
4 25 666
4 26 622
4 27 662
4 28 459
4 29 692
4 30 366
4 31 44
4 32 523
4 33 912
4 34 312
4 35 774
4 36 340
4 37 383
4 38 543
4 39 927
4 40 861
4 41 941
4 42 726
4 43 682
4 44 659
4 45 731
4 46 956
4 47 500
4 48 517
4 49 370
4 50 760
4 51 967
4 52 444
4 53 951
4 54 942
4 55 770
4 56 624
4 57 376
4 58 496
4 59 642
4 60 920
4 61 1005
4 62 889
4 63 436
4 64 941
4 65 120
4 66 106
4 67 677
4 68 589
4 69 818
4 70 425
4 71 127
4 72 388
4 73 531
4 74 359
4 75 362
4 76 426
4 77 408
4 78 720
4 79 93
4 80 220
4 81 192
4 82 373
4 83 1095
4 84 484
4 85 731
4 86 528
4 87 421
4 88 292
4 89 817
4 90 262
4 91 756
4 92 728
4 93 117
4 94 302
4 95 684
4 96 598
4 97 1005
4 98 435
4 99 491
4 100 101
5 6 707
5 7 134
5 8 348
5 9 458
5 10 685
5 11 836
5 12 591
5 13 301
5 14 708
5 15 494
5 16 429
5 17 730
5 18 787
5 19 687
5 20 891
5 21 393
5 22 207
5 23 867
5 24 520
5 25 275
5 26 760
5 27 397
5 28 116
5 29 829
5 30 63
5 31 380
5 32 395
5 33 552
5 34 306
5 35 852
5 36 579
5 37 286
5 38 148
5 39 601
5 40 876
5 41 797
5 42 353
5 43 797
5 44 624
5 45 556
5 46 831
5 47 596
5 48 123
5 49 27
5 50 378
5 51 902
5 52 63
5 53 816
5 54 657
5 55 404
5 56 737
5 57 590
5 58 292
5 59 847
5 60 743
5 61 888
5 62 767
5 63 549
5 64 555
5 65 355
5 66 487
5 67 597
5 68 379
5 69 746
5 70 644
5 71 487
5 72 343
5 73 780
5 74 185
5 75 274
5 76 261
5 77 667
5 78 326
5 79 440
5 80 332
5 81 504
5 82 492
5 83 977
5 84 174
5 85 383
5 86 734
5 87 74
5 88 514
5 89 424
5 90 528
5 91 675
5 92 335
5 93 283
5 94 191
5 95 816
5 96 871
5 97 824
5 98 65
5 99 484
5 100 468
6 7 652
6 8 370
6 9 516
6 10 175
6 11 135
6 12 642
6 13 636
6 14 569
6 15 722
6 16 470
6 17 394
6 18 80
6 19 362
6 20 568
6 21 704
6 22 813
6 23 160
6 24 187
6 25 744
6 26 314
6 27 440
6 28 618
6 29 327
6 30 755
6 31 697
6 32 313
6 33 728
6 34 934
6 35 238
6 36 499
6 37 433
6 38 749
6 39 629
6 40 180
6 41 270
6 42 689
6 43 280
6 44 86
6 45 262
6 46 256
6 47 280
6 48 731
6 49 714
6 50 744
6 51 225
6 52 757
6 53 263
6 54 537
6 55 680
6 56 268
6 57 459
6 58 426
6 59 456
6 60 310
6 61 287
6 62 204
6 63 333
6 64 864
6 65 827
6 66 727
6 67 120
6 68 373
6 69 93
6 70 456
6 71 689
6 72 389
6 73 521
6 74 865
6 75 450
6 76 445
6 77 523
6 78 815
6 79 678
6 80 528
6 81 620
6 82 379
6 83 370
6 84 564
6 85 617
6 86 433
6 87 781
6 88 497
6 89 841
6 90 551
6 91 85
6 92 797
6 93 742
6 94 837
6 95 316
6 96 598
6 97 368
6 98 768
6 99 254
6 100 701
7 8 282
7 9 330
7 10 601
7 11 773
7 12 667
7 13 393
7 14 578
7 15 363
7 16 307
7 17 748
7 18 731
7 19 702
7 20 768
7 21 497
7 22 165
7 23 811
7 24 465
7 25 395
7 26 657
7 27 431
7 28 190
7 29 728
7 30 135
7 31 250
7 32 359
7 33 647
7 34 287
7 35 767
7 36 452
7 37 220
7 38 279
7 39 674
7 40 810
7 41 786
7 42 456
7 43 701
7 44 566
7 45 551
7 46 813
7 47 498
7 48 252
7 49 115
7 50 490
7 51 863
7 52 193
7 53 802
7 54 708
7 55 502
7 56 639
7 57 467
7 58 283
7 59 731
7 60 744
7 61 868
7 62 747
7 63 444
7 64 671
7 65 258
7 66 357
7 67 554
7 68 382
7 69 706
7 70 521
7 71 354
7 72 265
7 73 656
7 74 216
7 75 201
7 76 226
7 77 539
7 78 453
7 79 308
7 80 206
7 81 370
7 82 382
7 83 959
7 84 224
7 85 467
7 86 616
7 87 186
7 88 387
7 89 548
7 90 397
7 91 636
7 92 459
7 93 171
7 94 185
7 95 716
7 96 744
7 97 829
7 98 190
7 99 409
7 100 336
8 9 271
8 10 338
8 11 493
8 12 569
8 13 396
8 14 477
8 15 444
8 16 213
8 17 528
8 18 449
8 19 480
8 20 610
8 21 498
8 22 444
8 23 529
8 24 183
8 25 471
8 26 429
8 27 288
8 28 284
8 29 494
8 30 390
8 31 377
8 32 104
8 33 599
8 34 566
8 35 505
8 36 348
8 37 63
8 38 426
8 39 567
8 40 531
8 41 526
8 42 466
8 43 457
8 44 284
8 45 311
8 46 546
8 47 266
8 48 402
8 49 351
8 50 519
8 51 583
8 52 405
8 53 537
8 54 550
8 55 486
8 56 400
8 57 335
8 58 138
8 59 539
8 60 500
8 61 598
8 62 478
8 63 237
8 64 686
8 65 480
8 66 445
8 67 275
8 68 194
8 69 426
8 70 376
8 71 417
8 72 33
8 73 509
8 74 495
8 75 80
8 76 100
8 77 425
8 78 545
8 79 387
8 80 202
8 81 376
8 82 204
8 83 689
8 84 247
8 85 427
8 86 440
8 87 422
8 88 298
8 89 608
8 90 343
8 91 357
8 92 537
8 93 388
8 94 467
8 95 480
8 96 606
8 97 585
8 98 413
8 99 136
8 100 417
9 10 386
9 11 597
9 12 838
9 13 632
9 14 249
9 15 205
9 16 58
9 17 782
9 18 581
9 19 734
9 20 440
9 21 740
9 22 422
9 23 648
9 24 378
9 25 679
9 26 378
9 27 559
9 28 462
9 29 449
9 30 464
9 31 204
9 32 369
9 33 859
9 34 521
9 35 529
9 36 122
9 37 272
9 38 590
9 39 838
9 40 620
9 41 743
9 42 703
9 43 437
9 44 439
9 45 563
9 46 750
9 47 257
9 48 562
9 49 444
9 50 750
9 51 741
9 52 521
9 53 748
9 54 821
9 55 734
9 56 379
9 57 144
9 58 397
9 59 417
9 60 738
9 61 793
9 62 685
9 63 193
9 64 928
9 65 355
9 66 211
9 67 473
9 68 466
9 69 600
9 70 198
9 71 173
9 72 239
9 73 328
9 74 517
9 75 261
9 76 334
9 77 209
9 78 747
9 79 166
9 80 127
9 81 110
9 82 136
9 83 881
9 84 455
9 85 680
9 86 300
9 87 516
9 88 58
9 89 829
9 90 76
9 91 545
9 92 746
9 93 297
9 94 467
9 95 440
9 96 414
9 97 820
9 98 520
9 99 282
9 100 185
10 11 213
10 12 762
10 13 691
10 14 397
10 15 587
10 16 352
10 17 557
10 18 212
10 19 519
10 20 398
10 21 777
10 22 747
10 23 267
10 24 210
10 25 786
10 26 146
10 27 518
10 28 620
10 29 181
10 30 722
10 31 584
10 32 332
10 33 832
10 34 863
10 35 167
10 36 342
10 37 399
10 38 761
10 39 752
10 40 233
10 41 446
10 42 754
10 43 135
10 44 152
10 45 385
10 46 431
10 47 129
10 48 738
10 49 686
10 50 810
10 51 376
10 52 743
10 53 439
10 54 677
10 55 758
10 56 99
10 57 300
10 58 444
10 59 290
10 60 480
10 61 459
10 62 379
10 63 193
10 64 953
10 65 728
10 66 594
10 67 226
10 68 429
10 69 268
10 70 287
10 71 554
10 72 342
10 73 345
10 74 817
10 75 411
10 76 435
10 77 353
10 78 860
10 79 552
10 80 434
10 81 479
10 82 254
10 83 536
10 84 576
10 85 694
10 86 257
10 87 758
10 88 354
10 89 906
10 90 404
10 91 247
10 92 847
10 93 652
10 94 780
10 95 168
10 96 424
10 97 543
10 98 750
10 99 202
10 100 570
11 12 759
11 13 770
11 14 596
11 15 800
11 16 559
11 17 479
11 18 66
11 19 456
11 20 545
11 21 836
11 22 930
11 23 56
11 24 316
11 25 879
11 26 306
11 27 573
11 28 751
11 29 288
11 30 882
11 31 791
11 32 445
11 33 851
11 34 1050
11 35 162
11 36 555
11 37 556
11 38 884
11 39 745
11 40 46
11 41 321
11 42 822
11 43 249
11 44 211
11 45 387
11 46 286
11 47 342
11 48 865
11 49 842
11 50 877
11 51 180
11 52 888
11 53 303
11 54 642
11 55 811
11 56 268
11 57 512
11 58 559
11 59 431
11 60 387
11 61 291
11 62 261
11 63 404
11 64 991
11 65 929
11 66 806
11 67 255
11 68 508
11 69 159
11 70 495
11 71 767
11 72 507
11 73 525
11 74 988
11 75 573
11 76 574
11 77 558
11 78 949
11 79 763
11 80 631
11 81 692
11 82 462
11 83 351
11 84 698
11 85 749
11 86 443
11 87 910
11 88 567
11 89 974
11 90 618
11 91 203
11 92 932
11 93 848
11 94 958
11 95 281
11 96 586
11 97 422
11 98 898
11 99 365
11 100 782
12 13 292
12 14 1039
12 15 984
12 16 781
12 17 333
12 18 692
12 19 326
12 20 1137
12 21 234
12 22 797
12 23 749
12 24 561
12 25 371
12 26 903
12 27 280
12 28 484
12 29 943
12 30 652
12 31 889
12 32 485
12 33 115
12 34 895
12 35 878
12 36 915
12 37 568
12 38 491
12 39 19
12 40 803
12 41 501
12 42 262
12 43 895
12 44 614
12 45 381
12 46 553
12 47 774
12 48 500
12 49 617
12 50 279
12 51 694
12 52 587
12 53 529
12 54 148
12 55 208
12 56 859
12 57 896
12 58 443
12 59 1042
12 60 414
12 61 601
12 62 527
12 63 776
12 64 270
12 65 926
12 66 982
12 67 540
12 68 377
12 69 601
12 70 930
12 71 963
12 72 599
12 73 1051
12 74 766
12 75 584
12 76 510
12 77 987
12 78 393
12 79 923
12 80 743
12 81 936
12 82 764
12 83 656
12 84 443
12 85 208
12 86 969
12 87 627
12 88 867
12 89 338
12 90 912
12 91 559
12 92 367
12 93 838
12 94 782
12 95 929
12 96 1146
12 97 449
12 98 604
12 99 627
12 100 955
13 14 865
13 15 740
13 16 582
13 17 501
13 18 708
13 19 468
13 20 1006
13 21 108
13 22 509
13 23 782
13 24 483
13 25 116
13 26 810
13 27 202
13 28 203
13 29 867
13 30 361
13 31 634
13 32 359
13 33 253
13 34 602
13 35 843
13 36 732
13 37 366
13 38 202
13 39 304
13 40 816
13 41 619
13 42 71
13 43 824
13 44 573
13 45 400
13 46 664
13 47 654
13 48 208
13 49 328
13 50 123
13 51 774
13 52 294
13 53 644
13 54 381
13 55 108
13 56 773
13 57 726
13 58 259
13 59 931
13 60 545
13 61 722
13 62 613
13 63 632
13 64 295
13 65 647
13 66 735
13 67 515
13 68 265
13 69 637
13 70 771
13 71 724
13 72 416
13 73 905
13 74 473
13 75 373
13 76 304
13 77 815
13 78 180
13 79 680
13 80 516
13 81 714
13 82 598
13 83 800
13 84 181
13 85 84
13 86 836
13 87 334
13 88 674
13 89 215
13 90 708
13 91 573
13 92 161
13 93 564
13 94 490
13 95 853
13 96 1002
13 97 613
13 98 311
13 99 505
13 100 711
14 15 325
14 16 287
14 17 917
14 18 608
14 19 874
14 20 213
14 21 971
14 22 652
14 23 653
14 24 506
14 25 922
14 26 297
14 27 761
14 28 707
14 29 347
14 30 711
14 31 399
14 32 553
14 33 1077
14 34 734
14 35 470
14 36 133
14 37 499
14 38 838
14 39 1036
14 40 601
14 41 834
14 42 936
14 43 363
14 44 519
14 45 711
14 46 825
14 47 298
14 48 811
14 49 693
14 50 986
14 51 770
14 52 770
14 53 831
14 54 996
14 55 962
14 56 328
14 57 143
14 58 614
14 59 243
14 60 854
14 61 856
14 62 769
14 63 270
14 64 1160
14 65 546
14 66 335
14 67 579
14 68 662
14 69 662
14 70 116
14 71 301
14 72 451
14 73 114
14 74 753
14 75 493
14 76 561
14 77 52
14 78 992
14 79 333
14 80 376
14 81 235
14 82 275
14 83 933
14 84 694
14 85 904
14 86 159
14 87 764
14 88 196
14 89 1069
14 90 182
14 91 629
14 92 989
14 93 516
14 94 700
14 95 346
14 96 173
14 97 926
14 98 768
14 99 420
14 100 328
15 16 255
15 17 970
15 18 786
15 19 923
15 20 539
15 21 847
15 22 367
15 23 852
15 24 579
15 25 757
15 26 556
15 27 713
15 28 543
15 29 623
15 30 472
15 31 114
15 32 548
15 33 986
15 34 425
15 35 719
15 36 264
15 37 422
15 38 642
15 39 987
15 40 820
15 41 945
15 42 807
15 43 620
15 44 644
15 45 752
15 46 953
15 47 458
15 48 615
15 49 471
15 50 846
15 51 946
15 52 548
15 53 951
15 54 988
15 55 848
15 56 566
15 57 305
15 58 545
15 59 555
15 60 934
15 61 998
15 62 888
15 63 395
15 64 1028
15 65 229
15 66 10
15 67 675
15 68 630
15 69 805
15 70 347
15 71 32
15 72 410
15 73 436
15 74 474
15 75 404
15 76 475
15 77 316
15 78 816
15 79 60
15 80 245
15 81 110
15 82 342
15 83 1087
15 84 558
15 85 803
15 86 446
15 87 528
15 88 233
15 89 910
15 90 188
15 91 749
15 92 821
15 93 230
15 94 418
15 95 616
15 96 495
15 97 1017
15 98 540
15 99 484
15 100 28
16 17 724
16 18 538
16 19 676
16 20 462
16 21 689
16 22 420
16 23 608
16 24 324
16 25 634
16 26 366
16 27 501
16 28 420
16 29 438
16 30 442
16 31 232
16 32 310
16 33 805
16 34 527
16 35 505
16 36 154
16 37 218
16 38 553
16 39 780
16 40 585
16 41 689
16 42 653
16 43 420
16 44 390
16 45 505
16 46 698
16 47 226
16 48 526
16 49 418
16 50 702
16 51 695
16 52 492
16 53 695
16 54 762
16 55 682
16 56 359
16 57 160
16 58 341
16 59 425
16 60 682
16 61 743
16 62 632
16 63 163
16 64 878
16 65 376
16 66 259
16 67 419
16 68 408
16 69 551
16 70 214
16 71 224
16 72 181
16 73 351
16 74 508
16 75 209
16 76 280
16 77 241
16 78 705
16 79 208
16 80 102
16 81 167
16 82 98
16 83 832
16 84 408
16 85 627
16 86 309
16 87 492
16 88 92
16 89 783
16 90 130
16 91 493
16 92 702
16 93 306
16 94 461
16 95 428
16 96 442
16 97 764
16 98 492
16 99 228
16 100 232
17 18 417
17 19 47
17 20 955
17 21 508
17 22 908
17 23 454
17 24 414
17 25 614
17 26 702
17 27 333
17 28 614
17 29 721
17 30 793
17 31 904
17 32 424
17 33 446
17 34 1025
17 35 625
17 36 816
17 37 564
17 38 691
17 39 314
17 40 519
17 41 176
17 42 516
17 43 674
17 44 408
17 45 218
17 46 227
17 47 621
17 48 686
17 49 750
17 50 558
17 51 374
17 52 754
17 53 203
17 54 188
17 55 478
17 56 655
17 57 785
17 58 465
17 59 846
17 60 93
17 61 270
17 62 219
17 63 650
17 64 600
17 65 991
17 66 972
17 67 340
17 68 367
17 69 322
17 70 801
17 71 942
17 72 561
17 73 894
17 74 915
17 75 584
17 76 529
17 77 866
17 78 664
17 79 914
17 80 731
17 81 891
17 82 666
17 83 323
17 84 555
17 85 435
17 86 805
17 87 790
17 88 788
17 89 641
17 90 842
17 91 312
17 92 639
17 93 897
17 94 912
17 95 710
17 96 979
17 97 118
17 98 769
17 99 507
17 100 944
18 19 392
18 20 579
18 21 772
18 22 891
18 23 80
18 24 267
18 25 818
18 26 330
18 27 509
18 28 698
18 29 326
18 30 835
18 31 768
18 32 392
18 33 784
18 34 1012
18 35 212
18 36 552
18 37 512
18 38 828
18 39 678
18 40 111
18 41 266
18 42 759
18 43 282
18 44 164
18 45 322
18 46 238
18 47 333
18 48 810
18 49 794
18 50 813
18 51 164
18 52 837
18 53 251
18 54 577
18 55 747
18 56 288
18 57 510
18 58 505
18 59 465
18 60 326
18 61 254
18 62 203
18 63 392
18 64 925
18 65 901
18 66 792
18 67 196
18 68 448
18 69 95
18 70 500
18 71 753
18 72 467
18 73 547
18 74 944
18 75 530
18 76 525
18 77 566
18 78 888
18 79 745
18 80 602
18 81 681
18 82 444
18 83 326
18 84 643
18 85 685
18 86 461
18 87 861
18 88 557
18 89 910
18 90 609
18 91 137
18 92 870
18 93 817
18 94 916
18 95 316
18 96 615
18 97 368
18 98 848
18 99 330
18 100 766
19 20 918
19 21 483
19 22 863
19 23 437
19 24 368
19 25 582
19 26 666
19 27 292
19 28 571
19 29 688
19 30 749
19 31 856
19 32 376
19 33 435
19 34 980
19 35 597
19 36 771
19 37 516
19 38 653
19 39 309
19 40 498
19 41 175
19 42 488
19 43 640
19 44 369
19 45 171
19 46 226
19 47 578
19 48 648
19 49 706
19 50 532
19 51 369
19 52 712
19 53 202
19 54 190
19 55 453
19 56 619
19 57 740
19 58 419
19 59 810
19 60 88
19 61 276
19 62 205
19 63 605
19 64 588
19 65 943
19 66 924
19 67 298
19 68 320
19 69 297
19 70 757
19 71 894
19 72 513
19 73 853
19 74 872
19 75 537
19 76 482
19 77 822
19 78 635
19 79 866
19 80 683
19 81 844
19 82 620
19 83 340
19 84 512
19 85 406
19 86 765
19 87 748
19 88 742
19 89 619
19 90 795
19 91 278
19 92 611
19 93 849
19 94 867
19 95 676
19 96 940
19 97 145
19 98 728
19 99 462
19 100 896
20 21 1107
20 22 858
20 23 599
20 24 576
20 25 1078
20 26 254
20 27 870
20 28 873
20 29 257
20 30 903
20 31 610
20 32 662
20 33 1192
20 34 945
20 35 389
20 36 318
20 37 648
20 38 1011
20 39 1130
20 40 534
20 41 837
20 42 1076
20 43 297
20 44 548
20 45 774
20 46 816
20 47 363
20 48 984
20 49 880
20 50 1129
20 51 726
20 52 954
20 53 827
20 54 1068
20 55 1093
20 56 300
20 57 301
20 58 747
20 59 114
20 60 878
20 61 833
20 62 771
20 63 373
20 64 1293
20 65 759
20 66 549
20 67 621
20 68 772
20 69 657
20 70 247
20 71 515
20 72 592
20 73 112
20 74 956
20 75 648
20 76 706
20 77 234
20 78 1151
20 79 545
20 80 562
20 81 447
20 82 412
20 83 897
20 84 850
20 85 1031
20 86 170
20 87 954
20 88 382
20 89 1218
20 90 386
20 91 645
20 92 1145
20 93 724
20 94 904
20 95 264
20 96 57
20 97 937
20 98 955
20 99 513
20 100 541
21 22 600
21 23 843
21 24 567
21 25 140
21 26 902
21 27 265
21 28 306
21 29 956
21 30 449
21 31 740
21 32 451
21 33 161
21 34 685
21 35 923
21 36 839
21 37 472
21 38 270
21 39 250
21 40 882
21 41 648
21 42 40
21 43 912
21 44 650
21 45 453
21 46 697
21 47 750
21 48 284
21 49 421
21 50 49
21 51 820
21 52 375
21 53 675
21 54 356
21 55 29
21 56 864
21 57 831
21 58 360
21 59 1028
21 60 567
21 61 752
21 62 653
21 63 733
21 64 188
21 65 746
21 66 843
21 67 586
21 68 348
21 69 693
21 70 874
21 71 831
21 72 520
21 73 1008
21 74 552
21 75 480
21 76 410
21 77 921
21 78 162
21 79 788
21 80 625
21 81 822
21 82 702
21 83 823
21 84 289
21 85 87
21 86 936
21 87 414
21 88 781
21 89 139
21 90 816
21 91 634
21 92 136
21 93 666
21 94 577
21 95 942
21 96 1104
21 97 626
21 98 391
21 99 600
21 100 819
22 23 970
22 24 627
22 25 476
22 26 785
22 27 584
22 28 315
22 29 857
22 30 152
22 31 260
22 32 524
22 33 759
22 34 122
22 35 911
22 36 542
22 37 383
22 38 341
22 39 807
22 40 965
22 41 951
22 42 560
22 43 835
22 44 727
22 45 715
22 46 978
22 47 634
22 48 320
22 49 180
22 50 581
22 51 1027
22 52 231
22 53 967
22 54 855
22 55 612
22 56 774
22 57 567
22 58 446
22 59 840
22 60 908
22 61 1034
22 62 912
22 63 575
22 64 754
22 65 168
22 66 358
22 67 718
22 68 544
22 69 870
22 70 621
22 71 374
22 72 424
22 73 747
22 74 106
22 75 364
22 76 391
22 77 623
22 78 515
22 79 330
22 80 320
22 81 420
22 82 509
22 83 1124
22 84 364
22 85 590
22 86 722
22 87 197
22 88 480
22 89 617
22 90 472
22 91 800
22 92 529
22 93 139
22 94 50
22 95 846
22 96 825
22 97 993
22 98 217
22 99 564
22 100 349
23 24 348
23 25 894
23 26 362
23 27 582
23 28 778
23 29 342
23 30 916
23 31 840
23 32 473
23 33 846
23 34 1091
23 35 212
23 36 610
23 37 592
23 38 907
23 39 734
23 40 71
23 41 287
23 42 831
23 43 305
23 44 244
23 45 390
23 46 247
23 47 395
23 48 889
23 49 875
23 50 885
23 51 126
23 52 917
23 53 266
23 54 626
23 55 817
23 56 325
23 57 567
23 58 585
23 59 485
23 60 360
23 61 244
23 62 234
23 63 456
23 64 990
23 65 975
23 66 858
23 67 275
23 68 526
23 69 150
23 70 551
23 71 820
23 72 546
23 73 581
23 74 1024
23 75 609
23 76 605
23 77 614
23 78 963
23 79 814
23 80 677
23 81 746
23 82 512
23 83 298
23 84 723
23 85 756
23 86 500
23 87 941
23 88 620
23 89 982
23 90 672
23 91 209
23 92 944
23 93 893
23 94 996
23 95 335
23 96 641
23 97 386
23 98 928
23 99 407
23 100 834
24 25 582
24 26 343
24 27 307
24 28 436
24 29 391
24 30 568
24 31 535
24 32 132
24 33 625
24 34 749
24 35 360
24 36 402
24 37 245
24 38 572
24 39 554
24 40 357
24 41 365
24 42 544
24 43 346
24 44 104
24 45 205
24 46 376
24 47 217
24 48 552
24 49 527
24 50 600
24 51 400
24 52 572
24 53 372
24 54 495
24 55 547
24 56 301
24 57 371
24 58 247
24 59 480
24 60 361
24 61 425
24 62 310
24 63 237
24 64 743
24 65 654
24 66 582
24 67 97
24 68 219
24 69 244
24 70 390
24 71 548
24 72 205
24 73 497
24 74 677
24 75 264
24 76 258
24 77 454
24 78 656
24 79 528
24 80 360
24 81 488
24 82 254
24 83 516
24 84 385
24 85 483
24 86 412
24 87 594
24 88 377
24 89 697
24 90 432
24 91 178
24 92 641
24 93 565
24 94 650
24 95 377
24 96 589
24 97 441
24 98 582
24 99 96
24 100 555
25 26 897
25 27 316
25 28 218
25 29 957
25 30 324
25 31 645
25 32 454
25 33 300
25 34 552
25 35 943
25 36 788
25 37 429
25 38 136
25 39 387
25 40 924
25 41 735
25 42 109
25 43 917
25 44 678
25 45 515
25 46 780
25 47 736
25 48 156
25 49 303
25 50 107
25 51 889
25 52 245
25 53 760
25 54 481
25 55 163
25 56 863
25 57 787
25 58 344
25 59 1011
25 60 660
25 61 838
25 62 729
25 63 708
25 64 279
25 65 631
25 66 751
25 67 623
25 68 370
25 69 750
25 70 836
25 71 746
25 72 486
25 73 973
25 74 418
25 75 431
25 76 372
25 77 874
25 78 74
25 79 700
25 80 555
25 81 748
25 82 666
25 83 915
25 84 228
25 85 181
25 86 909
25 87 283
25 88 726
25 89 152
25 90 754
25 91 684
25 92 67
25 93 558
25 94 448
25 95 944
25 96 1068
25 97 728
25 98 260
25 99 593
25 100 730
26 27 649
26 28 713
26 29 71
26 30 787
26 31 582
26 32 451
26 33 968
26 34 893
26 35 173
26 36 292
26 37 483
26 38 855
26 39 894
26 40 305
26 41 584
26 42 876
26 43 66
26 44 298
26 45 530
26 46 564
26 47 164
26 48 830
26 49 755
26 50 932
26 51 485
26 52 821
26 53 574
26 54 823
26 55 885
26 56 46
26 57 250
26 58 553
26 59 144
26 60 623
26 61 584
26 62 517
26 63 212
26 64 1083
26 65 734
26 66 564
26 67 372
26 68 556
26 69 403
26 70 213
26 71 525
26 72 423
26 73 218
26 74 868
26 75 489
26 76 530
26 77 267
26 78 971
26 79 535
26 80 464
26 81 446
26 82 276
26 83 654
26 84 676
26 85 821
26 86 139
26 87 830
26 88 330
26 89 1025
26 90 368
26 91 391
26 92 961
26 93 671
26 94 824
26 95 62
26 96 285
26 97 683
26 98 826
26 99 304
26 100 545
27 28 281
27 29 699
27 30 460
27 31 626
27 32 209
27 33 321
27 34 697
27 35 658
27 36 635
27 37 292
27 38 365
27 39 279
27 40 619
27 41 425
27 42 249
27 43 653
27 44 386
27 45 199
27 46 467
27 47 507
27 48 357
27 49 418
27 50 304
27 51 573
27 52 420
27 53 448
27 54 280
27 55 242
27 56 608
27 57 617
27 58 168
27 59 782
27 60 357
27 61 525
27 62 413
27 63 502
27 64 435
27 65 685
27 66 712
27 67 321
27 68 98
27 69 435
27 70 653
27 71 690
27 72 319
27 73 779
27 74 583
27 75 309
27 76 238
27 77 708
27 78 382
27 79 653
27 80 469
27 81 659
27 82 485
27 83 607
27 84 223
27 85 178
27 86 700
27 87 457
27 88 586
27 89 401
27 90 632
27 91 373
27 92 362
27 93 592
27 94 582
27 95 685
27 96 874
27 97 434
27 98 436
27 99 356
27 100 684
28 29 778
28 30 180
28 31 434
28 32 306
28 33 457
28 34 421
28 35 785
28 36 575
28 37 230
28 38 142
28 39 492
28 40 793
28 41 687
28 42 266
28 43 742
28 44 540
28 45 447
28 46 723
28 47 549
28 48 118
28 49 139
28 50 303
28 51 802
28 52 145
28 53 707
28 54 541
28 55 311
28 56 684
28 57 577
28 58 193
28 59 815
28 60 630
28 61 781
28 62 661
28 63 511
28 64 484
28 65 445
28 66 538
28 67 503
28 68 270
28 69 649
28 70 627
28 71 530
28 72 290
28 73 765
28 74 302
28 75 227
28 76 185
28 77 661
28 78 285
28 79 485
28 80 338
28 81 530
28 82 462
28 83 868
28 84 60
28 85 279
28 86 708
28 87 178
28 88 511
28 89 370
28 90 537
28 91 579
28 92 285
28 93 361
28 94 306
28 95 765
28 96 859
28 97 710
28 98 159
28 99 418
28 100 515
29 30 858
29 31 653
29 32 507
29 33 1014
29 34 965
29 35 133
29 36 359
29 37 549
29 38 920
29 39 933
29 40 277
29 41 589
29 42 931
29 43 48
29 44 329
29 45 564
29 46 563
29 47 232
29 48 896
29 49 825
29 50 987
29 51 468
29 52 890
29 53 577
29 54 854
29 55 937
29 56 94
29 57 318
29 58 613
29 59 143
29 60 638
29 61 577
29 62 524
29 63 284
29 64 1134
29 65 805
29 66 632
29 67 405
29 68 608
29 69 409
29 70 277
29 71 592
29 72 489
29 73 252
29 74 939
29 75 556
29 76 594
29 77 324
29 78 1032
29 79 604
29 80 536
29 81 513
29 82 348
29 83 640
29 84 739
29 85 873
29 86 189
29 87 900
29 88 400
29 89 1082
29 90 436
29 91 410
29 92 1020
29 93 743
29 94 896
29 95 13
29 96 300
29 97 690
29 98 895
29 99 364
29 100 613
30 31 357
30 32 447
30 33 609
30 34 243
30 35 890
30 36 587
30 37 327
30 38 189
30 39 663
30 40 921
30 41 856
30 42 410
30 43 829
30 44 672
30 45 616
30 46 889
30 47 626
30 48 168
30 49 43
30 50 429
30 51 955
30 52 81
30 53 875
30 54 720
30 55 462
30 56 768
30 57 602
30 58 348
30 59 866
30 60 804
30 61 946
30 62 825
30 63 575
30 64 603
30 65 310
30 66 465
30 67 648
30 68 439
30 69 799
30 70 657
30 71 470
30 72 381
30 73 791
30 74 122
30 75 312
30 76 311
30 77 673
30 78 366
30 79 423
30 80 341
30 81 496
30 82 514
30 83 1035
30 84 237
30 85 444
30 86 751
30 87 56
30 88 521
30 89 467
30 90 529
30 91 728
30 92 378
30 93 249
30 94 129
30 95 846
30 96 878
30 97 886
30 98 69
30 99 524
30 100 448
31 32 481
31 33 883
31 34 335
31 35 732
31 36 305
31 37 342
31 38 528
31 39 893
31 40 817
31 41 897
31 42 700
31 43 641
31 44 614
31 45 688
31 46 912
31 47 457
31 48 501
31 49 356
31 50 737
31 51 922
31 52 433
31 53 906
31 54 904
31 55 743
31 56 583
31 57 339
31 58 458
31 59 608
31 60 877
31 61 960
31 62 845
31 63 392
31 64 919
31 65 152
31 66 107
31 67 633
31 68 550
31 69 773
31 70 389
31 71 114
31 72 345
31 73 502
31 74 366
31 75 322
31 76 388
31 77 377
31 78 703
31 79 70
31 80 176
31 81 164
31 82 330
31 83 1051
31 84 455
31 85 701
31 86 493
31 87 414
31 88 253
31 89 798
31 90 228
31 91 711
31 92 709
31 93 121
31 94 310
31 95 644
31 96 573
31 97 962
31 98 425
31 99 446
31 100 91
32 33 530
32 34 647
32 35 490
32 36 431
32 37 146
32 38 440
32 39 482
32 40 488
32 41 430
32 42 425
32 43 465
32 44 234
32 45 207
32 46 454
32 47 300
32 48 420
32 49 405
32 50 480
32 51 508
32 52 444
32 53 444
32 54 452
32 55 434
32 56 414
32 57 411
32 58 115
32 59 578
32 60 399
32 61 509
32 62 388
32 63 292
32 64 634
32 65 577
32 66 549
32 67 201
32 68 110
32 69 351
32 70 444
32 71 520
32 72 137
32 73 569
32 74 562
32 75 167
32 76 136
32 77 501
32 78 528
32 79 491
32 80 307
32 81 476
32 82 279
32 83 600
32 84 253
32 85 371
32 86 491
32 87 469
32 88 388
32 89 575
32 90 437
32 91 281
32 92 514
32 93 484
32 94 541
32 95 493
32 96 665
32 97 484
32 98 455
32 99 149
32 100 521
33 34 847
33 35 960
33 36 948
33 37 587
33 38 432
33 39 135
33 40 896
33 41 610
33 42 199
33 43 967
33 44 690
33 45 465
33 46 661
33 47 829
33 48 446
33 49 579
33 50 195
33 51 799
33 52 536
33 53 638
33 54 263
33 55 147
33 56 926
33 57 934
33 58 464
33 59 1103
33 60 524
33 61 712
33 62 631
33 63 823
33 64 155
33 65 901
33 66 982
33 67 618
33 68 419
33 69 696
33 70 972
33 71 968
33 72 627
33 73 1100
33 74 714
33 75 599
33 76 525
33 77 1025
33 78 304
33 79 926
33 80 753
33 81 950
33 82 802
33 83 769
33 84 428
33 85 182
33 86 1022
33 87 576
33 88 894
33 89 233
33 90 935
33 91 648
33 92 279
33 93 818
33 94 738
33 95 1000
33 96 1196
33 97 563
33 98 553
33 99 678
33 100 957
34 35 1025
34 36 635
34 37 505
34 38 416
34 39 906
34 40 1084
34 41 1073
34 42 647
34 43 946
34 44 848
34 45 836
34 46 1100
34 47 747
34 48 400
34 49 281
34 50 660
34 51 1149
34 52 310
34 53 1089
34 54 962
34 55 701
34 56 885
34 57 664
34 58 566
34 59 937
34 60 1028
34 61 1156
34 62 1034
34 63 686
34 64 823
34 65 197
34 66 415
34 67 840
34 68 662
34 69 992
34 70 718
34 71 440
34 72 545
34 73 836
34 74 134
34 75 486
34 76 513
34 77 711
34 78 579
34 79 402
34 80 431
34 81 499
34 82 620
34 83 1246
34 84 475
34 85 686
34 86 820
34 87 270
34 88 577
34 89 681
34 90 561
34 91 922
34 92 596
34 93 224
34 94 115
34 95 955
34 96 908
34 97 1112
34 98 294
34 99 684
34 100 413
35 36 458
35 37 566
35 38 925
35 39 866
35 40 145
35 41 478
35 42 903
35 43 107
35 44 272
35 45 497
35 46 447
35 47 278
35 48 903
35 49 853
35 50 959
35 51 339
35 52 910
35 53 462
35 54 775
35 55 901
35 56 153
35 57 416
35 58 604
35 59 275
35 60 536
35 61 454
35 62 415
35 63 342
35 64 1091
35 65 880
35 66 727
35 67 342
35 68 577
35 69 304
35 70 385
35 71 687
35 72 509
35 73 383
35 74 983
35 75 578
35 76 600
35 77 440
35 78 1017
35 79 692
35 80 594
35 81 609
35 82 407
35 83 511
35 84 739
35 85 837
35 86 311
35 87 926
35 88 487
35 89 1055
35 90 531
35 91 323
35 92 1002
35 93 810
35 94 945
35 95 129
35 96 433
35 97 580
35 98 917
35 99 368
35 100 706
36 37 366
36 38 707
36 39 912
36 40 570
36 41 751
36 42 804
36 43 357
36 44 435
36 45 603
36 46 749
36 47 219
36 48 679
36 49 566
36 50 853
36 51 716
36 52 642
36 53 752
36 54 880
36 55 830
36 56 305
36 57 43
36 58 484
36 59 303
36 60 760
36 61 786
36 62 688
36 63 170
36 64 1027
36 65 457
36 66 273
36 67 486
36 68 537
36 69 590
36 70 85
36 71 233
36 72 320
36 73 206
36 74 638
36 75 360
36 76 428
36 77 87
36 78 859
36 79 248
36 80 247
36 81 155
36 82 153
36 83 870
36 84 561
36 85 773
36 86 188
36 87 638
36 88 65
36 89 936
36 90 78
36 91 546
36 92 856
36 93 411
36 94 587
36 95 352
36 96 291
36 97 837
36 98 641
36 99 309
36 100 255
37 38 372
37 39 569
37 40 595
37 41 576
37 42 437
37 43 515
37 44 347
37 45 352
37 46 599
37 47 318
37 48 347
37 49 288
37 50 487
37 51 643
37 52 344
37 53 590
37 54 566
37 55 464
37 56 456
37 57 360
37 58 125
37 59 585
37 60 544
37 61 653
37 62 532
37 63 281
37 64 660
37 65 431
37 66 421
37 67 335
37 68 208
37 69 486
37 70 407
37 71 398
37 72 59
37 73 544
37 74 432
37 75 21
37 76 62
37 77 449
37 78 502
37 79 362
37 80 177
37 81 367
37 82 236
37 83 744
37 84 201
37 85 408
37 86 480
37 87 359
37 88 309
37 89 572
37 90 348
37 91 417
37 92 496
37 93 338
37 94 405
37 95 536
37 96 639
37 97 630
37 98 351
37 99 198
37 100 393
38 39 505
38 40 927
38 41 788
38 42 233
38 43 884
38 44 674
38 45 554
38 46 829
38 47 691
38 48 27
38 49 174
38 50 244
38 51 921
38 52 109
38 53 811
38 54 583
38 55 288
38 56 826
38 57 712
38 58 324
38 59 955
38 60 722
38 61 887
38 62 771
38 63 652
38 64 413
38 65 499
38 66 635
38 67 631
38 68 385
38 69 772
38 70 764
38 71 634
38 72 432
38 73 902
38 74 282
38 75 368
38 76 326
38 77 794
38 78 178
38 79 587
38 80 463
38 81 646
38 82 601
38 83 971
38 84 186
38 85 286
38 86 847
38 87 146
38 88 642
38 89 278
38 90 663
38 91 703
38 92 188
38 93 431
38 94 311
38 95 907
38 96 995
38 97 797
38 98 124
38 99 560
38 100 615
39 40 789
39 41 484
39 42 277
39 43 885
39 44 604
39 45 370
39 46 535
39 47 767
39 48 513
39 49 627
39 50 296
39 51 677
39 52 599
39 53 511
39 54 129
39 55 224
39 56 850
39 57 893
39 58 443
39 59 1034
39 60 397
39 61 583
39 62 510
39 63 771
39 64 289
39 65 933
39 66 985
39 67 529
39 68 374
39 69 586
39 70 926
39 71 965
39 72 598
39 73 1045
39 74 777
39 75 585
39 76 512
39 77 983
39 78 411
39 79 926
39 80 745
39 81 937
39 82 761
39 83 637
39 84 450
39 85 220
39 86 963
39 87 639
39 88 865
39 89 357
39 90 911
39 91 546
39 92 385
39 93 844
39 94 792
39 95 920
39 96 1140
39 97 430
39 98 616
39 99 621
39 100 958
40 41 356
40 42 868
40 43 244
40 44 253
40 45 433
40 46 318
40 47 363
40 48 908
40 49 881
40 50 923
40 51 196
40 52 929
40 53 336
40 54 685
40 55 858
40 56 273
40 57 526
40 58 602
40 59 420
40 60 426
40 61 316
40 62 300
40 63 426
40 64 1037
40 65 958
40 66 827
40 67 300
40 68 553
40 69 203
40 70 505
40 71 788
40 72 544
40 73 522
40 74 1026
40 75 610
40 76 615
40 77 566
40 78 995
40 79 786
40 80 661
40 81 712
40 82 487
40 83 367
40 84 741
40 85 795
40 86 445
40 87 950
40 88 587
40 89 1020
40 90 636
40 91 249
40 92 977
40 93 879
40 94 994
40 95 272
40 96 577
40 97 456
40 98 939
40 99 401
40 100 804
41 42 649
41 43 543
41 44 317
41 45 240
41 46 51
41 47 537
41 48 779
41 49 813
41 50 697
41 51 198
41 52 832
41 53 27
41 54 361
41 55 619
41 56 538
41 57 714
41 58 509
41 59 724
41 60 86
41 61 103
41 62 66
41 63 581
41 64 763
41 65 1006
41 66 948
41 67 270
41 68 417
41 69 180
41 70 719
41 71 914
41 72 555
41 73 791
41 74 977
41 75 597
41 76 559
41 77 786
41 78 794
41 79 894
41 80 721
41 81 853
41 82 614
41 83 182
41 84 626
41 85 567
41 86 703
41 87 865
41 88 737
41 89 787
41 90 792
41 91 205
41 92 771
41 93 914
41 94 963
41 95 579
41 96 869
41 97 101
41 98 846
41 99 461
41 100 920
42 43 888
42 44 631
42 45 443
42 46 696
42 47 722
42 48 246
42 49 381
42 50 56
42 51 814
42 52 336
42 53 675
42 54 374
42 55 55
42 56 839
42 57 797
42 58 329
42 59 999
42 60 570
42 61 752
42 62 649
42 63 702
42 64 224
42 65 706
42 66 803
42 67 569
42 68 325
42 69 683
42 70 841
42 71 792
42 72 487
42 73 976
42 74 514
42 75 444
42 76 375
42 77 886
42 78 147
42 79 748
42 80 587
42 81 784
42 82 669
42 83 826
42 84 251
42 85 81
42 86 905
42 87 376
42 88 745
42 89 152
42 90 780
42 91 622
42 92 123
42 93 626
42 94 538
42 95 918
42 96 1072
42 97 632
42 98 353
42 99 572
42 100 779
43 44 281
43 45 516
43 46 519
43 47 202
43 48 860
43 49 795
43 50 944
43 51 430
43 52 857
43 53 532
43 54 806
43 55 893
43 56 61
43 57 315
43 58 573
43 59 182
43 60 590
43 61 535
43 62 478
43 63 260
43 64 1089
43 65 792
43 66 628
43 67 357
43 68 564
43 69 363
43 70 280
43 71 589
43 72 455
43 73 278
43 74 914
43 75 523
43 76 557
43 77 334
43 78 991
43 79 597
43 80 515
43 81 510
43 82 326
43 83 600
43 84 701
43 85 829
43 86 204
43 87 869
43 88 391
43 89 1039
43 90 432
43 91 362
43 92 979
43 93 726
43 94 873
43 95 36
43 96 336
43 97 644
43 98 863
43 99 325
43 100 609
44 45 234
44 46 314
44 47 221
44 48 655
44 49 631
44 50 687
44 51 308
44 52 676
44 53 316
44 54 526
44 55 628
44 56 251
44 57 397
44 58 349
44 59 442
44 60 337
44 61 355
44 62 253
44 63 265
44 64 818
44 65 742
44 66 649
44 67 75
44 68 308
44 69 161
44 70 403
44 71 612
44 72 302
44 73 486
44 74 780
44 75 365
44 76 363
44 77 470
44 78 750
44 79 598
44 80 444
44 81 545
44 82 304
44 83 442
44 84 488
44 85 564
44 86 397
44 87 698
44 88 425
44 89 784
44 90 480
44 91 111
44 92 734
44 93 656
44 94 751
44 95 316
44 96 571
44 97 407
44 98 686
44 99 169
44 100 622
45 46 276
45 47 421
45 48 542
45 49 573
45 50 497
45 51 373
45 52 592
45 53 260
45 54 294
45 55 427
45 56 484
45 57 574
45 58 270
45 59 672
45 60 193
45 61 334
45 62 217
45 63 441
45 64 603
45 65 782
45 66 753
45 67 159
45 68 177
45 69 240
45 70 595
45 71 723
45 72 344
45 73 700
45 74 737
45 75 373
45 76 325
45 77 659
45 78 580
45 79 696
45 80 513
45 81 673
45 82 451
45 83 421
45 84 386
45 85 366
45 86 613
45 87 625
45 88 572
45 89 592
45 90 625
45 91 184
45 92 560
45 93 689
45 94 725
45 95 551
45 96 791
45 97 279
45 98 606
45 99 294
45 100 725
46 47 532
46 48 818
46 49 846
46 50 745
46 51 148
46 52 869
46 53 24
46 54 413
46 55 668
46 56 519
46 57 711
46 58 540
46 59 702
46 60 138
46 61 58
46 62 67
46 63 580
46 64 814
46 65 1025
46 66 957
46 67 279
46 68 452
46 69 163
46 70 711
46 71 922
46 72 574
46 73 776
46 74 1009
46 75 620
46 76 587
46 77 779
46 78 840
46 79 904
46 80 736
46 81 858
46 82 617
46 83 146
46 84 663
46 85 615
46 86 688
46 87 900
46 88 740
46 89 836
46 90 794
46 91 205
46 92 818
46 93 934
46 94 993
46 95 554
46 96 850
46 97 139
46 98 882
46 99 469
46 100 930
47 48 666
47 49 593
47 50 776
47 51 497
47 52 657
47 53 536
47 54 712
47 55 735
47 56 141
47 57 179
47 58 395
47 59 277
47 60 555
47 61 567
47 62 473
47 63 64
47 64 934
47 65 603
47 66 464
47 67 281
47 68 410
47 69 371
47 70 181
47 71 425
47 72 258
47 73 279
47 74 712
47 75 325
47 76 367
47 77 248
47 78 811
47 79 423
47 80 316
47 81 350
47 82 128
47 83 650
47 84 513
47 85 672
47 86 195
47 87 668
47 88 225
47 89 869
47 90 276
47 91 332
47 92 801
47 93 531
47 94 671
47 95 219
47 96 372
47 97 628
47 98 662
47 99 151
47 100 441
48 49 149
48 50 261
48 51 907
48 52 90
48 53 801
48 54 586
48 55 300
48 56 802
48 57 685
48 58 305
48 59 930
48 60 715
48 61 877
48 62 759
48 63 626
48 64 435
48 65 476
48 66 609
48 67 614
48 68 371
48 69 756
48 70 737
48 71 607
48 72 407
48 73 875
48 74 268
48 75 342
48 76 303
48 77 767
48 78 203
48 79 560
48 80 435
48 81 618
48 82 575
48 83 961
48 84 167
48 85 292
48 86 821
48 87 129
48 88 615
48 89 301
48 90 635
48 91 687
48 92 212
48 93 406
48 94 293
48 95 883
48 96 968
48 97 791
48 98 106
48 99 537
48 100 589
49 50 405
49 51 913
49 52 78
49 53 831
49 54 681
49 55 432
49 56 734
49 57 578
49 58 305
49 59 838
49 60 761
49 61 903
49 62 782
49 63 544
49 64 582
49 65 328
49 66 464
49 67 606
49 68 395
49 69 757
49 70 633
49 71 465
49 72 343
49 73 769
49 74 165
49 75 275
49 76 269
49 77 653
49 78 352
49 79 418
49 80 318
49 81 485
49 82 485
49 83 992
49 84 195
49 85 410
49 86 725
49 87 75
49 88 500
49 89 451
49 90 512
49 91 686
49 92 361
49 93 257
49 94 166
49 95 813
49 96 858
49 97 842
49 98 75
49 99 486
49 100 446
50 51 866
50 52 352
50 53 723
50 54 405
50 55 79
50 56 894
50 57 848
50 58 382
50 59 1054
50 60 616
50 61 800
50 62 700
50 63 756
50 64 181
50 65 733
50 66 841
50 67 625
50 68 381
50 69 737
50 70 893
50 71 833
50 72 539
50 73 1028
50 74 526
50 75 493
50 76 426
50 77 937
50 78 114
50 79 788
50 80 632
50 81 828
50 82 721
50 83 872
50 84 295
50 85 130
50 86 959
50 87 390
50 88 794
50 89 97
50 90 827
50 91 676
50 92 88
50 93 657
50 94 555
50 95 973
50 96 1124
50 97 675
50 98 367
50 99 627
50 100 818
51 52 946
51 53 172
51 54 558
51 55 792
51 56 445
51 57 674
51 58 611
51 59 611
51 60 283
51 61 126
51 62 168
51 63 554
51 64 950
51 65 1050
51 66 952
51 67 308
51 68 536
51 69 156
51 70 664
51 71 914
51 72 605
51 73 704
51 74 1070
51 75 662
51 76 645
51 77 729
51 78 954
51 79 904
51 80 752
51 81 843
51 82 604
51 83 171
51 84 744
51 85 735
51 86 620
51 87 974
51 88 719
51 89 959
51 90 772
51 91 227
51 92 933
51 93 963
51 94 1047
51 95 461
51 96 766
51 97 285
51 98 959
51 99 477
51 100 926
52 53 853
52 54 666
52 55 390
52 56 797
52 57 653
52 58 335
52 59 909
52 60 774
52 61 926
52 62 807
52 63 611
52 64 522
52 65 392
52 66 540
52 67 645
52 68 416
52 69 792
52 70 707
52 71 543
52 72 402
52 73 843
52 74 178
52 75 334
52 76 314
52 77 729
52 78 284
52 79 496
52 80 394
52 81 564
52 82 554
52 83 1013
52 84 205
52 85 378
52 86 797
52 87 40
52 88 576
52 89 386
52 90 590
52 91 721
52 92 297
52 93 329
52 94 202
52 95 877
52 96 933
52 97 853
52 98 16
52 99 542
52 100 523
53 54 389
53 55 646
53 56 529
53 57 714
53 58 527
53 59 713
53 60 114
53 61 77
53 62 63
53 63 581
53 64 791
53 65 1017
53 66 954
53 67 275
53 68 437
53 69 171
53 70 716
53 71 920
53 72 566
53 73 784
53 74 995
53 75 611
53 76 575
53 77 783
53 78 819
53 79 901
53 80 730
53 81 857
53 82 617
53 83 160
53 84 647
53 85 593
53 86 696
53 87 885
53 88 740
53 89 813
53 90 794
53 91 205
53 92 797
53 93 926
53 94 980
53 95 567
53 96 860
53 97 119
53 98 867
53 99 466
53 100 927
54 55 327
54 56 777
54 57 855
54 58 446
54 59 966
54 60 275
54 61 458
54 62 395
54 63 726
54 64 418
54 65 964
54 66 987
54 67 450
54 68 358
54 69 482
54 70 882
54 71 963
54 72 583
54 73 992
54 74 840
54 75 584
54 76 516
54 77 943
54 78 518
54 79 929
54 80 743
54 81 926
54 82 726
54 83 509
54 84 490
54 85 301
54 86 906
54 87 705
54 88 840
54 89 477
54 90 890
54 91 452
54 92 492
54 93 872
54 94 848
54 95 841
54 96 1084
54 97 302
54 98 683
54 99 576
54 100 960
55 56 846
55 57 821
55 58 348
55 59 1012
55 60 538
55 61 723
55 62 625
55 63 720
55 64 200
55 65 755
55 66 844
55 67 562
55 68 329
55 69 667
55 70 863
55 71 831
55 72 510
55 73 995
55 74 568
55 75 473
55 76 402
55 77 911
55 78 190
55 79 788
55 80 621
55 81 819
55 82 690
55 83 794
55 84 289
55 85 64
55 86 922
55 87 430
55 88 773
55 89 167
55 90 810
55 91 609
55 92 165
55 93 673
55 94 591
55 95 923
55 96 1092
55 97 596
55 98 407
55 99 584
55 100 819
56 57 262
56 58 519
56 59 190
56 60 577
56 61 541
56 62 471
56 63 199
56 64 1043
56 65 732
56 66 574
56 67 326
56 68 516
56 69 358
56 70 233
56 71 534
56 72 396
56 73 259
56 74 853
56 75 464
56 76 500
56 77 293
56 78 937
56 79 540
56 80 454
56 81 456
56 82 264
56 83 613
56 84 645
56 85 782
56 86 175
56 87 809
56 88 335
56 89 989
56 90 378
56 91 345
56 92 926
56 93 666
56 94 811
56 95 80
56 96 330
56 97 637
56 98 803
56 99 270
56 100 553
57 58 472
57 59 273
57 60 726
57 61 747
57 62 651
57 63 135
57 64 1019
57 65 492
57 66 314
57 67 451
57 68 519
57 69 551
57 70 55
57 71 274
57 72 310
57 73 190
57 74 660
57 75 356
57 76 421
57 77 90
57 78 859
57 79 286
57 80 261
57 81 195
57 82 132
57 83 830
57 84 559
57 85 762
57 86 156
57 87 652
57 88 87
57 89 932
57 90 117
57 91 509
57 92 855
57 93 440
57 94 611
57 95 311
57 96 282
57 97 802
57 98 653
57 99 281
57 100 295
58 59 672
58 60 462
58 61 597
58 62 476
58 63 373
58 64 548
58 65 527
58 66 544
58 67 310
58 68 98
58 69 456
58 70 514
58 71 522
58 72 163
58 73 647
58 74 468
58 75 141
58 76 70
58 77 563
58 78 418
58 79 485
58 80 301
58 81 493
58 82 342
58 83 686
58 84 138
58 85 289
58 86 576
58 87 363
58 88 430
58 89 474
58 90 472
58 91 386
58 92 407
58 93 434
58 94 455
58 95 599
58 96 744
58 97 546
58 98 347
58 99 249
58 100 516
59 60 767
59 61 718
59 62 658
59 63 304
59 64 1212
59 65 761
59 66 565
59 67 516
59 68 686
59 69 543
59 70 219
59 71 528
59 72 526
59 73 131
59 74 932
59 75 588
59 76 639
59 77 239
59 78 1085
59 79 550
59 80 527
59 81 452
59 82 355
59 83 782
59 84 785
59 85 949
59 86 117
59 87 913
59 88 360
59 89 1146
59 90 380
59 91 535
59 92 1076
59 93 713
59 94 883
59 95 149
59 96 157
59 97 824
59 98 912
59 99 428
59 100 552
60 61 188
60 62 126
60 63 591
60 64 677
60 65 976
60 66 937
60 67 275
60 68 366
60 69 232
60 70 737
60 71 905
60 72 532
60 73 822
60 74 926
60 75 566
60 76 519
60 77 804
60 78 716
60 79 880
60 80 701
60 81 848
60 82 615
60 83 256
60 84 569
60 85 488
60 86 733
60 87 808
60 88 739
60 89 705
60 90 793
60 91 232
60 92 693
60 93 882
60 94 917
60 95 626
60 96 904
60 97 85
60 98 789
60 99 457
60 100 909
61 62 121
61 63 618
61 64 865
61 65 1077
61 66 1002
61 67 327
61 68 510
61 69 196
61 70 744
61 71 967
61 72 626
61 73 800
61 74 1066
61 75 674
61 76 643
61 77 811
61 78 897
61 79 951
61 80 785
61 81 901
61 82 659
61 83 91
61 84 721
61 85 671
61 86 714
61 87 958
61 88 780
61 89 891
61 90 835
61 91 249
61 92 874
61 93 987
61 94 1049
61 95 568
61 96 869
61 97 166
61 98 940
61 99 515
61 100 975
62 63 518
62 64 781
62 65 958
62 66 892
62 67 213
62 68 391
62 69 114
62 70 654
62 71 857
62 72 507
62 73 725
62 74 944
62 75 553
62 76 521
62 77 721
62 78 791
62 79 838
62 80 669
62 81 793
62 82 553
62 83 212
62 84 601
62 85 569
62 86 637
62 87 837
62 88 676
62 89 792
62 90 731
62 91 142
62 92 769
62 93 867
62 94 927
62 95 513
62 96 802
62 97 166
62 98 820
62 99 403
62 100 864
63 64 920
63 65 539
63 66 402
63 67 316
63 68 403
63 69 422
63 70 155
63 71 363
63 72 222
63 73 277
63 74 655
63 75 284
63 76 335
63 77 217
63 78 782
63 79 359
63 80 255
63 81 289
63 82 65
63 83 703
63 84 481
63 85 658
63 86 203
63 87 619
63 88 165
63 89 845
63 90 218
63 91 376
63 92 774
63 93 468
63 94 613
63 95 272
63 96 373
63 97 667
63 98 615
63 99 150
63 100 377
64 65 910
64 66 1023
64 67 749
64 68 527
64 69 839
64 70 1063
64 71 1014
64 72 709
64 73 1195
64 74 689
64 75 668
64 76 599
64 77 1109
64 78 244
64 79 969
64 80 811
64 81 1008
64 82 890
64 83 924
64 84 475
64 85 262
64 86 1122
64 87 559
64 88 970
64 89 144
64 90 1004
64 91 788
64 92 227
64 93 836
64 94 723
64 95 1120
64 96 1292
64 97 718
64 98 537
64 99 783
64 100 1000
65 66 218
65 67 751
65 68 625
65 69 897
65 70 542
65 71 246
65 72 451
65 73 651
65 74 269
65 75 410
65 76 461
65 77 527
65 78 677
65 79 213
65 80 298
65 81 312
65 82 474
65 83 1168
65 84 482
65 85 724
65 86 646
65 87 361
65 88 406
65 89 777
65 90 380
65 91 832
65 92 688
65 93 93
65 94 214
65 95 796
65 96 718
65 97 1061
65 98 380
65 99 573
65 100 219
66 67 679
66 68 630
66 69 810
66 70 356
66 71 39
66 72 411
66 73 446
66 74 465
66 75 403
66 76 474
66 77 326
66 78 810
66 79 58
66 80 244
66 81 118
66 82 347
66 83 1091
66 84 555
66 85 800
66 86 456
66 87 521
66 88 240
66 89 904
66 90 196
66 91 753
66 92 816
66 93 221
66 94 408
66 95 625
66 96 505
66 97 1020
66 98 533
66 99 488
66 100 28
67 68 252
67 69 151
67 70 462
67 71 644
67 72 300
67 73 554
67 74 762
67 75 354
67 76 337
67 77 529
67 78 694
67 79 625
67 80 458
67 81 582
67 82 344
67 83 418
67 84 447
67 85 499
67 86 466
67 87 670
67 88 467
67 89 722
67 90 522
67 91 82
67 92 677
67 93 661
67 94 739
67 95 392
67 96 641
67 97 352
67 98 656
67 99 190
67 100 651
68 69 387
68 70 555
68 71 605
68 72 226
68 73 680
68 74 560
68 75 227
68 76 164
68 77 610
68 78 442
68 79 571
68 80 385
68 81 569
68 82 387
68 83 598
68 84 210
68 85 265
68 86 602
68 87 447
68 88 491
68 89 478
68 90 537
68 91 318
68 92 426
68 93 531
68 94 550
68 95 594
68 96 776
68 97 449
68 98 429
68 99 259
68 100 602
69 70 549
69 71 773
69 72 450
69 73 613
69 74 913
69 75 505
69 76 488
69 77 616
69 78 817
69 79 759
69 80 601
69 81 706
69 82 465
69 83 281
69 84 591
69 85 607
69 86 525
69 87 819
69 88 585
69 89 833
69 90 639
69 91 71
69 92 798
69 93 809
69 94 890
69 95 399
69 96 689
69 97 281
69 98 804
69 99 327
69 100 783
70 71 317
70 72 354
70 73 138
70 74 715
70 75 404
70 76 467
70 77 67
70 78 908
70 79 333
70 80 315
70 81 239
70 82 172
70 83 824
70 84 607
70 85 804
70 86 103
70 87 707
70 88 141
70 89 979
70 90 163
70 91 513
70 92 903
70 93 494
70 94 666
70 95 271
70 96 232
70 97 810
70 98 707
70 99 306
70 100 339
71 72 383
71 73 411
71 74 480
71 75 380
71 76 453
71 77 289
71 78 807
71 79 46
71 80 220
71 81 78
71 82 310
71 83 1055
71 84 542
71 85 785
71 86 417
71 87 526
71 88 201
71 89 898
71 90 156
71 91 717
71 92 811
71 93 234
71 94 424
71 95 585
71 96 473
71 97 987
71 98 536
71 99 453
71 100 26
72 73 489
72 74 481
72 75 68
72 76 113
72 77 400
72 78 559
72 79 353
72 80 169
72 81 342
72 82 181
72 83 717
72 84 258
72 85 452
72 86 423
72 87 416
72 88 268
72 89 626
72 90 312
72 91 382
72 92 552
72 93 361
72 94 450
72 95 476
72 96 585
72 97 617
72 98 409
72 99 144
72 100 383
73 74 844
73 75 541
73 76 602
73 77 124
73 78 1046
73 79 438
73 80 450
73 81 339
73 82 307
73 83 872
73 84 744
73 85 935
73 86 88
73 87 842
73 88 270
73 89 1115
73 90 275
73 91 591
73 92 1040
73 93 614
73 94 793
73 95 254
73 96 96
73 97 888
73 98 844
73 99 424
73 100 436
74 75 415
74 76 425
74 77 722
74 78 445
74 79 436
74 80 405
74 81 524
74 82 591
74 83 1155
74 84 360
74 85 557
74 86 815
74 87 138
74 88 575
74 89 548
74 90 572
74 91 843
74 92 462
74 93 245
74 94 56
74 95 928
74 96 925
74 97 1008
74 98 161
74 99 625
74 100 455
75 76 73
75 77 444
75 78 504
75 79 344
75 80 160
75 81 353
75 82 235
75 83 765
75 84 203
75 85 419
75 86 481
75 87 347
75 88 301
75 89 576
75 90 337
75 91 436
75 92 499
75 93 317
75 94 386
75 95 544
75 96 637
75 97 651
75 98 340
75 99 211
75 100 375
76 77 510
76 78 446
76 79 415
76 80 232
76 81 426
76 82 295
76 83 733
76 84 146
76 85 346
76 86 537
76 87 335
76 88 371
76 89 512
76 90 410
76 91 417
76 92 439
76 93 367
76 94 406
76 95 580
76 96 699
76 97 604
76 98 323
76 99 233
76 100 446
77 78 945
77 79 314
77 80 335
77 81 216
77 82 223
77 83 890
77 84 646
77 85 853
77 86 136
77 87 726
77 88 153
77 89 1020
77 90 151
77 91 580
77 92 942
77 93 490
77 94 670
77 95 320
77 96 204
77 97 877
77 98 729
77 99 367
77 100 314
78 79 760
78 80 623
78 81 813
78 82 739
78 83 972
78 84 301
78 85 228
78 86 983
78 87 318
78 88 796
78 89 102
78 90 822
78 91 753
78 92 26
78 93 609
78 94 482
78 95 1018
78 96 1141
78 97 780
78 98 298
78 99 667
78 100 789
79 80 186
79 81 98
79 82 301
79 83 1040
79 84 499
79 85 743
79 86 436
79 87 479
79 88 205
79 89 853
79 90 170
79 91 701
79 92 765
79 93 191
79 94 380
79 95 596
79 96 506
79 97 964
79 98 490
79 99 435
79 100 31
80 81 197
80 82 189
80 83 876
80 84 336
80 85 571
80 86 411
80 87 392
80 88 181
80 89 707
80 90 200
80 91 537
80 92 623
80 93 218
80 94 360
80 95 526
80 96 539
80 97 786
80 98 394
80 99 275
80 100 216
81 82 241
81 83 988
81 84 533
81 85 769
81 86 340
81 87 552
81 88 125
81 89 900
81 90 78
81 91 653
81 92 815
81 93 282
81 94 469
81 95 506
81 96 408
81 97 930
81 98 559
81 99 392
81 100 100
82 83 746
82 84 437
82 85 631
82 86 245
82 87 560
82 88 123
82 89 808
82 90 178
82 91 412
82 92 733
82 93 402
82 94 548
82 95 337
82 96 403
82 97 695
82 98 557
82 99 158
82 100 322
83 84 808
83 85 744
83 86 787
83 87 1045
83 88 866
83 89 960
83 90 921
83 91 339
83 92 949
83 93 1078
83 94 1139
83 95 632
83 96 937
83 97 206
83 98 1027
83 99 605
83 100 1064
84 85 246
84 86 682
84 87 238
84 88 500
84 89 374
84 90 531
84 91 521
84 92 295
84 93 394
84 94 360
84 95 726
84 96 840
84 97 650
84 98 219
84 99 376
84 100 530
85 86 861
85 87 419
85 88 718
85 89 226
85 90 756
85 91 547
85 92 204
85 93 639
85 94 574
85 95 860
85 96 1031
85 97 551
85 98 395
85 99 521
85 100 774
86 87 799
86 88 243
86 89 1048
86 90 266
86 91 502
86 92 976
86 93 596
86 94 766
86 95 186
86 96 177
86 97 799
86 98 798
86 99 343
86 100 441
87 88 573
87 89 420
87 90 583
87 91 748
87 92 332
87 93 305
87 94 165
87 95 887
87 96 930
87 97 888
87 98 23
87 99 558
87 100 504
88 89 875
88 90 54
88 91 534
88 92 794
88 93 353
88 94 525
88 95 392
88 96 357
88 97 818
88 98 576
88 99 281
88 100 218
89 90 904
89 91 773
89 92 89
89 93 708
89 94 584
89 95 1068
89 96 1211
89 97 760
89 98 400
89 99 721
89 100 882
90 91 589
90 92 822
90 93 338
90 94 519
90 95 429
90 96 353
90 97 873
90 98 587
90 99 336
90 100 177
91 92 734
91 93 743
91 94 820
91 95 398
91 96 672
91 97 298
91 98 733
91 99 266
91 100 726
92 93 618
92 94 497
92 95 1006
92 96 1136
92 97 755
92 98 311
92 99 656
92 100 794
93 94 189
93 95 733
93 96 689
93 97 968
93 98 319
93 99 487
93 100 210
94 95 885
94 96 873
94 97 1000
94 98 187
94 99 592
94 100 399
95 96 305
95 97 680
95 98 882
95 99 350
95 100 606
96 97 967
96 98 933
96 99 519
96 100 499
97 98 868
97 99 538
97 100 992
98 99 549
98 100 516
99 100 461
