100 4950
1 2 487
1 3 964
1 4 225
1 5 830
1 6 712
1 7 563
1 8 20
1 9 402
1 10 381
1 11 236
1 12 846
1 13 492
1 14 283
1 15 437
1 16 726
1 17 409
1 18 146
1 19 662
1 20 130
1 21 771
1 22 345
1 23 853
1 24 576
1 25 772
1 26 116
1 27 504
1 28 529
1 29 255
1 30 885
1 31 417
1 32 784
1 33 833
1 34 516
1 35 559
1 36 468
1 37 782
1 38 615
1 39 231
1 40 322
1 41 807
1 42 1011
1 43 388
1 44 799
1 45 547
1 46 92
1 47 194
1 48 252
1 49 847
1 50 771
1 51 570
1 52 647
1 53 170
1 54 1026
1 55 364
1 56 544
1 57 389
1 58 681
1 59 245
1 60 736
1 61 925
1 62 900
1 63 245
1 64 354
1 65 916
1 66 546
1 67 654
1 68 559
1 69 306
1 70 723
1 71 380
1 72 533
1 73 228
1 74 385
1 75 156
1 76 344
1 77 171
1 78 787
1 79 42
1 80 164
1 81 692
1 82 757
1 83 268
1 84 391
1 85 124
1 86 505
1 87 487
1 88 489
1 89 276
1 90 164
1 91 735
1 92 412
1 93 109
1 94 141
1 95 321
1 96 124
1 97 819
1 98 672
1 99 957
1 100 778
2 3 523
2 4 652
2 5 653
2 6 774
2 7 130
2 8 498
2 9 153
2 10 271
2 11 427
2 12 624
2 13 316
2 14 395
2 15 105
2 16 521
2 17 630
2 18 627
2 19 453
2 20 376
2 21 713
2 22 352
2 23 443
2 24 162
2 25 399
2 26 502
2 27 141
2 28 433
2 29 677
2 30 469
2 31 140
2 32 389
2 33 691
2 34 122
2 35 397
2 36 441
2 37 710
2 38 764
2 39 434
2 40 697
2 41 325
2 42 568
2 43 99
2 44 466
2 45 377
2 46 398
2 47 350
2 48 666
2 49 534
2 50 521
2 51 583
2 52 167
2 53 654
2 54 586
2 55 680
2 56 527
2 57 246
2 58 202
2 59 360
2 60 527
2 61 474
2 62 471
2 63 243
2 64 652
2 65 468
2 66 462
2 67 419
2 68 672
2 69 705
2 70 580
2 71 108
2 72 202
2 73 586
2 74 248
2 75 332
2 76 439
2 77 614
2 78 382
2 79 519
2 80 447
2 81 368
2 82 491
2 83 462
2 84 95
2 85 611
2 86 438
2 87 680
2 88 210
2 89 412
2 90 346
2 91 261
2 92 400
2 93 379
2 94 524
2 95 806
2 96 611
2 97 754
2 98 279
2 99 535
2 100 294
3 4 1065
3 5 536
3 6 864
3 7 549
3 8 980
3 9 673
3 10 786
3 11 949
3 12 465
3 13 797
3 14 754
3 15 532
3 16 466
3 17 916
3 18 1110
3 19 459
3 20 835
3 21 706
3 22 872
3 23 129
3 24 571
3 25 227
3 26 1007
3 27 460
3 28 912
3 29 1080
3 30 99
3 31 657
3 32 198
3 33 597
3 34 591
3 35 521
3 36 653
3 37 690
3 38 938
3 39 816
3 40 1065
3 41 251
3 42 47
3 43 613
3 44 271
3 45 841
3 46 887
3 47 866
3 48 1066
3 49 300
3 50 402
3 51 723
3 52 445
3 53 1113
3 54 63
3 55 1013
3 56 677
3 57 761
3 58 331
3 59 754
3 60 461
3 61 56
3 62 68
3 63 727
3 64 981
3 65 57
3 66 601
3 67 430
3 68 853
3 69 1088
3 70 556
3 71 624
3 72 655
3 73 976
3 74 764
3 75 825
3 76 749
3 77 1044
3 78 186
3 79 985
3 80 961
3 81 324
3 82 378
3 83 985
3 84 602
3 85 1084
3 86 616
3 87 923
3 88 692
3 89 935
3 90 801
3 91 439
3 92 662
3 93 856
3 94 947
3 95 1256
3 96 1084
3 97 719
3 98 294
3 99 60
3 100 279
4 5 811
4 6 597
4 7 751
4 8 231
4 9 602
4 10 600
4 11 459
4 12 845
4 13 713
4 14 312
4 15 576
4 16 734
4 17 277
4 18 220
4 19 684
4 20 281
4 21 704
4 22 570
4 23 943
4 24 769
4 25 851
4 26 323
4 27 626
4 28 755
4 29 30
4 30 975
4 31 615
4 32 871
4 33 797
4 34 708
4 35 585
4 36 460
4 37 720
4 38 473
4 39 248
4 40 111
4 41 950
4 42 1112
4 43 562
4 44 856
4 45 770
4 46 304
4 47 416
4 48 30
4 49 889
4 50 793
4 51 507
4 52 820
4 53 138
4 54 1124
4 55 182
4 56 505
4 57 605
4 58 825
4 59 313
4 60 745
4 61 1035
4 62 998
4 63 416
4 64 189
4 65 1024
4 66 539
4 67 689
4 68 447
4 69 84
4 70 703
4 71 557
4 72 739
4 73 97
4 74 601
4 75 354
4 76 333
4 77 54
4 78 880
4 79 183
4 80 386
4 81 759
4 82 788
4 83 488
4 84 561
4 85 180
4 86 504
4 87 348
4 88 698
4 89 501
4 90 308
4 91 913
4 92 423
4 93 294
4 94 128
4 95 210
4 96 184
4 97 750
4 98 771
4 99 1047
4 100 925
5 6 367
5 7 767
5 8 850
5 9 779
5 10 886
5 11 949
5 12 73
5 13 961
5 14 547
5 15 572
5 16 132
5 17 561
5 18 955
5 19 202
5 20 712
5 21 186
5 22 943
5 23 428
5 24 800
5 25 358
5 26 925
5 27 512
5 28 1074
5 29 811
5 30 447
5 31 772
5 32 396
5 33 61
5 34 775
5 35 286
5 36 363
5 37 166
5 38 482
5 39 605
5 40 757
5 41 647
5 42 562
5 43 678
5 44 279
5 45 1027
5 46 798
5 47 847
5 48 797
5 49 235
5 50 152
5 51 313
5 52 720
5 53 916
5 54 559
5 55 678
5 56 305
5 57 866
5 58 605
5 59 587
5 60 126
5 61 553
5 62 484
5 63 687
5 64 652
5 65 541
5 66 284
5 67 233
5 68 424
5 69 791
5 70 108
5 71 686
5 72 855
5 73 715
5 74 866
5 75 762
5 76 493
5 77 817
5 78 418
5 79 828
5 80 919
5 81 312
5 82 185
5 83 994
5 84 662
5 85 916
5 86 324
5 87 527
5 88 862
5 89 959
5 90 687
5 91 782
5 92 417
5 93 753
5 94 738
5 95 1021
5 96 918
5 97 186
5 98 426
5 99 481
5 100 651
6 7 905
6 8 731
6 9 846
6 10 923
6 11 905
6 12 436
6 13 1026
6 14 466
6 15 670
6 16 398
6 17 320
6 18 795
6 19 414
6 20 636
6 21 183
6 22 951
6 23 740
6 24 936
6 25 649
6 26 826
6 27 648
6 28 1120
6 29 585
6 30 766
6 31 847
6 32 686
6 33 317
6 34 891
6 35 399
6 36 334
6 37 204
6 38 142
6 39 492
6 40 507
6 41 903
6 42 899
6 43 750
6 44 593
6 45 1095
6 46 722
6 47 812
6 48 572
6 49 576
6 50 464
6 51 191
6 52 901
6 53 729
6 54 900
6 55 422
6 56 247
6 57 911
6 58 820
6 59 522
6 60 404
6 61 867
6 62 802
6 63 683
6 64 408
6 65 854
6 66 319
6 67 449
6 68 153
6 69 545
6 70 309
6 71 753
6 72 963
6 73 518
6 74 910
6 75 716
6 76 396
6 77 626
6 78 706
6 79 691
6 80 851
6 81 565
6 82 486
6 83 948
6 84 736
6 85 752
6 86 336
6 87 249
6 88 949
6 89 930
6 90 626
6 91 984
6 92 386
6 93 679
6 94 580
6 95 790
6 96 755
6 97 205
6 98 660
6 99 817
6 100 896
7 8 572
7 9 166
7 10 254
7 11 449
7 12 731
7 13 248
7 14 517
7 15 235
7 16 635
7 17 755
7 18 694
7 19 570
7 20 470
7 21 838
7 22 342
7 23 498
7 24 33
7 25 476
7 26 554
7 27 263
7 28 363
7 29 777
7 30 518
7 31 149
7 32 458
7 33 809
7 34 51
7 35 523
7 36 572
7 37 835
7 38 894
7 39 549
7 40 806
7 41 313
7 42 591
7 43 191
7 44 553
7 45 295
7 46 471
7 47 396
7 48 767
7 49 622
7 50 627
7 51 713
7 52 109
7 53 734
7 54 610
7 55 797
7 56 657
7 57 230
7 58 221
7 59 477
7 60 640
7 61 495
7 62 510
7 63 335
7 64 770
7 65 492
7 66 591
7 67 534
7 68 802
7 69 811
7 70 701
7 71 195
7 72 106
7 73 694
7 74 233
7 75 408
7 76 565
7 77 708
7 78 445
7 79 600
7 80 487
7 81 466
7 82 595
7 83 474
7 84 197
7 85 685
7 86 568
7 87 807
7 88 143
7 89 422
7 90 443
7 91 177
7 92 530
7 93 463
7 94 624
7 95 885
7 96 684
7 97 878
7 98 363
7 99 575
7 100 281
8 9 409
8 10 382
8 11 228
8 12 866
8 13 492
8 14 303
8 15 451
8 16 746
8 17 426
8 18 130
8 19 682
8 20 148
8 21 791
8 22 342
8 23 870
8 24 583
8 25 790
8 26 100
8 27 520
8 28 524
8 29 261
8 30 902
8 31 424
8 32 801
8 33 853
8 34 523
8 35 579
8 36 488
8 37 802
8 38 633
8 39 251
8 40 332
8 41 820
8 42 1027
8 43 399
8 44 818
8 45 544
8 46 101
8 47 195
8 48 259
8 49 866
8 50 790
8 51 589
8 52 657
8 53 164
8 54 1042
8 55 377
8 56 565
8 57 391
8 58 694
8 59 264
8 60 756
8 61 940
8 62 916
8 63 258
8 64 368
8 65 931
8 66 566
8 67 674
8 68 578
8 69 314
8 70 743
8 71 391
8 72 538
8 73 241
8 74 387
8 75 166
8 76 364
8 77 177
8 78 804
8 79 49
8 80 154
8 81 710
8 82 777
8 83 257
8 84 403
8 85 113
8 86 525
8 87 504
8 88 492
8 89 269
8 90 181
8 91 745
8 92 432
8 93 124
8 94 157
8 95 314
8 96 112
8 97 839
8 98 688
8 99 974
8 100 791
9 10 117
9 11 287
9 12 758
9 13 185
9 14 410
9 15 207
9 16 647
9 17 647
9 18 529
9 19 576
9 20 322
9 21 813
9 22 199
9 23 597
9 24 174
9 25 551
9 26 387
9 27 275
9 28 295
9 29 629
9 30 623
9 31 17
9 32 543
9 33 810
9 34 116
9 35 504
9 36 513
9 37 814
9 38 811
9 39 426
9 40 668
9 41 459
9 42 718
9 43 101
9 44 614
9 45 253
9 46 310
9 47 229
9 48 621
9 49 681
9 50 657
9 51 657
9 52 266
9 53 573
9 54 736
9 55 670
9 56 605
9 57 93
9 58 345
9 59 360
9 60 655
9 61 622
9 62 623
9 63 196
9 64 646
9 65 617
9 66 553
9 67 547
9 68 724
9 69 668
9 70 695
9 71 95
9 72 138
9 73 555
9 74 94
9 75 249
9 76 470
9 77 556
9 78 536
9 79 441
9 80 321
9 81 512
9 82 629
9 83 317
9 84 117
9 85 522
9 86 521
9 87 709
9 88 107
9 89 265
9 90 301
9 91 343
9 92 460
9 93 308
9 94 477
9 95 723
9 96 520
9 97 858
9 98 431
9 99 688
9 100 427
10 11 204
10 12 869
10 13 115
10 14 467
10 15 318
10 16 756
10 17 694
10 18 485
10 19 684
10 20 339
10 21 907
10 22 87
10 23 714
10 24 248
10 25 668
10 26 333
10 27 390
10 28 197
10 29 629
10 30 739
10 31 131
10 32 660
10 33 914
10 34 204
10 35 606
10 36 597
10 37 910
10 38 874
10 39 468
10 40 681
10 41 564
10 42 831
10 43 209
10 44 731
10 45 179
10 46 295
10 47 187
10 48 623
10 49 797
10 50 769
10 51 739
10 52 363
10 53 544
10 54 849
10 55 698
10 56 690
10 57 25
10 58 456
10 59 412
10 60 764
10 61 735
10 62 738
10 63 242
10 64 677
10 65 730
10 66 646
10 67 657
10 68 791
10 69 674
10 70 798
10 71 200
10 72 176
10 73 571
10 74 22
10 75 251
10 76 533
10 77 549
10 78 653
10 79 423
10 80 258
10 81 628
10 82 742
10 83 223
10 84 225
10 85 488
10 86 611
10 87 762
10 88 125
10 89 171
10 90 328
10 91 426
10 92 540
10 93 310
10 94 485
10 95 689
10 96 485
10 97 953
10 98 549
10 99 804
10 100 531
11 12 947
11 13 292
11 14 441
11 15 431
11 16 827
11 17 626
11 18 299
11 19 757
11 20 269
11 21 930
11 22 132
11 23 860
11 24 448
11 25 799
11 26 146
11 27 509
11 28 301
11 29 490
11 30 889
11 31 304
11 32 799
11 33 965
11 34 397
11 35 663
11 36 611
11 37 937
11 38 826
11 39 414
11 40 558
11 41 745
11 42 996
11 43 336
11 44 848
11 45 332
11 46 185
11 47 101
11 48 488
11 49 907
11 50 856
11 51 739
11 52 553
11 53 372
11 54 1013
11 55 597
11 56 701
11 57 224
11 58 628
11 59 386
11 60 837
11 61 901
11 62 894
11 63 263
11 64 583
11 65 895
11 66 678
11 67 738
11 68 758
11 69 542
11 70 849
11 71 326
11 72 380
11 73 461
11 74 220
11 75 192
11 76 511
11 77 405
11 78 796
11 79 277
11 80 74
11 81 739
11 82 835
11 83 45
11 84 348
11 85 312
11 86 639
11 87 702
11 88 330
11 89 43
11 90 280
11 91 625
11 92 551
11 93 225
11 94 371
11 95 505
11 96 309
11 97 978
11 98 683
11 99 958
11 100 714
12 13 938
12 14 566
12 15 551
12 16 121
12 17 607
12 18 976
12 19 190
12 20 723
12 21 257
12 22 932
12 23 361
12 24 764
12 25 299
12 26 935
12 27 486
12 28 1053
12 29 848
12 30 378
12 31 750
12 32 335
12 33 133
12 34 744
12 35 288
12 36 387
12 37 238
12 38 545
12 39 627
12 40 798
12 41 588
12 42 490
12 43 660
12 44 216
12 45 1002
12 46 806
12 47 846
12 48 833
12 49 165
12 50 104
12 51 362
12 52 676
12 53 943
12 54 486
12 55 723
12 56 345
12 57 848
12 58 557
12 59 601
12 60 111
12 61 484
12 62 415
12 63 684
12 64 696
12 65 472
12 66 307
12 67 212
12 68 481
12 69 832
12 70 148
12 71 668
12 72 824
12 73 748
12 74 848
12 75 765
12 76 518
12 77 847
12 78 357
12 79 847
12 80 923
12 81 267
12 82 136
12 83 992
12 84 643
12 85 938
12 86 345
12 87 580
12 88 835
12 89 954
12 90 696
12 91 732
12 92 436
12 93 762
12 94 763
12 95 1055
12 96 940
12 97 259
12 98 379
12 99 410
12 100 595
13 14 576
13 15 390
13 16 829
13 17 807
13 18 587
13 19 759
13 20 454
13 21 998
13 22 159
13 23 742
13 24 227
13 25 710
13 26 433
13 27 452
13 28 118
13 29 743
13 30 763
13 31 189
13 32 696
13 33 995
13 34 210
13 35 689
13 36 695
13 37 999
13 38 983
13 39 581
13 40 796
13 41 558
13 42 839
13 43 286
13 44 781
13 45 69
13 46 409
13 47 298
13 48 737
13 49 849
13 50 835
13 51 839
13 52 354
13 53 652
13 54 858
13 55 813
13 56 788
13 57 118
13 58 468
13 59 523
13 60 836
13 61 743
13 62 757
13 63 352
13 64 792
13 65 740
13 66 738
13 67 728
13 68 899
13 69 789
13 70 880
13 71 280
13 72 142
13 73 687
13 74 120
13 75 366
13 76 641
13 77 662
13 78 686
13 79 535
13 80 357
13 81 684
13 82 806
13 83 296
13 84 302
13 85 594
13 86 706
13 87 874
13 88 108
13 89 251
13 90 442
13 91 394
13 92 640
13 93 426
13 94 601
13 95 792
13 96 591
13 97 1043
13 98 592
13 99 823
13 100 526
14 15 299
14 16 447
14 17 238
14 18 410
14 19 388
14 20 176
14 21 494
14 22 485
14 23 630
14 24 543
14 25 539
14 26 385
14 27 330
14 28 661
14 29 326
14 30 663
14 31 416
14 32 559
14 33 550
14 34 487
14 35 285
14 36 185
14 37 503
14 38 406
14 39 65
14 40 319
14 41 656
14 42 800
14 43 330
14 44 547
14 45 644
14 46 265
14 47 346
14 48 312
14 49 585
14 50 498
14 51 298
14 52 558
14 53 383
14 54 812
14 55 287
14 56 265
14 57 459
14 58 536
14 59 56
14 60 458
14 61 725
14 62 686
14 63 224
14 64 258
14 65 714
14 66 262
14 67 386
14 68 326
14 69 336
14 70 439
14 71 330
14 72 543
14 73 222
14 74 456
14 75 250
14 76 70
14 77 297
14 78 568
14 79 281
14 80 393
14 81 447
14 82 488
14 83 485
14 84 321
14 85 373
14 86 222
14 87 299
14 88 517
14 89 464
14 90 161
14 91 652
14 92 129
14 93 220
14 94 204
14 95 512
14 96 375
14 97 543
14 98 461
14 99 735
14 100 635
15 16 440
15 17 530
15 18 582
15 19 369
15 20 313
15 21 616
15 22 386
15 23 432
15 24 266
15 25 367
15 26 475
15 27 77
15 28 502
15 29 598
15 30 462
15 31 200
15 32 368
15 33 605
15 34 221
15 35 302
15 36 337
15 37 615
15 38 659
15 39 344
15 40 610
15 41 375
15 42 579
15 43 108
15 44 420
15 45 456
15 46 356
15 47 339
15 48 586
15 49 483
15 50 450
15 51 479
15 52 259
15 53 596
15 54 595
15 55 586
15 56 423
15 57 297
15 58 249
15 59 270
15 60 447
15 61 489
15 62 471
15 63 195
15 64 557
15 65 481
15 66 360
15 67 340
15 68 566
15 69 621
15 70 490
15 71 118
15 72 296
15 73 502
15 74 297
15 75 293
15 76 337
15 77 543
15 78 366
15 79 463
15 80 433
15 81 313
15 82 424
15 83 472
15 84 92
15 85 560
15 86 335
15 87 577
15 88 293
15 89 426
15 90 280
15 91 353
15 92 294
15 93 327
15 94 449
15 95 745
15 96 560
15 97 659
15 98 252
15 99 533
15 100 349
16 17 511
16 18 858
16 19 71
16 20 603
16 21 247
16 22 815
16 23 344
16 24 668
16 25 258
16 26 814
16 27 379
16 28 943
16 29 739
16 30 369
16 31 640
16 32 296
16 33 175
16 34 642
16 35 167
16 36 274
16 37 234
16 38 483
16 39 509
16 40 695
16 41 536
16 42 500
16 43 547
16 44 195
16 45 895
16 46 685
16 47 726
16 48 724
16 49 183
16 50 69
16 51 278
16 52 592
16 53 827
16 54 502
16 55 624
16 56 247
16 57 735
16 58 482
16 59 481
16 60 10
16 61 471
16 62 405
16 63 564
16 64 595
16 65 458
16 66 195
16 67 101
16 68 405
16 69 727
16 70 91
16 71 555
16 72 723
16 73 637
16 74 735
16 75 644
16 76 404
16 77 734
16 78 317
16 79 728
16 80 802
16 81 192
16 82 87
16 83 872
16 84 531
16 85 820
16 86 231
16 87 494
16 88 729
16 89 835
16 90 575
16 91 658
16 92 319
16 93 641
16 94 647
16 95 944
16 96 822
16 97 271
16 98 303
16 99 419
16 100 536
17 18 477
17 19 478
17 20 364
17 21 433
17 22 698
17 23 786
17 24 782
17 25 688
17 26 525
17 27 546
17 28 881
17 29 268
17 30 818
17 31 653
17 32 717
17 33 538
17 34 726
17 35 396
17 36 262
17 37 450
17 38 206
17 39 225
17 40 199
17 41 863
17 42 959
17 43 569
17 44 669
17 45 873
17 46 441
17 47 546
17 48 255
17 49 686
17 50 577
17 51 247
17 52 789
17 53 409
17 54 967
17 55 117
17 56 264
17 57 689
17 58 751
17 59 286
17 60 521
17 61 898
17 62 847
17 63 455
17 64 94
17 65 886
17 66 324
17 67 495
17 68 169
17 69 235
17 70 459
17 71 569
17 72 781
17 73 198
17 74 686
17 75 453
17 76 193
17 77 306
17 78 731
17 79 382
17 80 562
17 81 592
17 82 582
17 83 665
17 84 560
17 85 434
17 86 301
17 87 78
17 88 754
17 89 658
17 90 367
17 91 882
17 92 260
17 93 404
17 94 270
17 95 478
17 96 437
17 97 476
17 98 642
17 99 884
17 100 846
18 19 797
18 20 275
18 21 878
18 22 429
18 23 999
18 24 703
18 25 917
18 26 154
18 27 650
18 28 599
18 29 245
18 30 1031
18 31 545
18 32 929
18 33 953
18 34 645
18 35 694
18 36 592
18 37 891
18 38 682
18 39 350
18 40 331
18 41 950
18 42 1157
18 43 528
18 44 942
18 45 631
18 46 229
18 47 303
18 48 251
18 49 987
18 50 907
18 51 676
18 52 784
18 53 88
18 54 1172
18 55 399
18 56 659
18 57 499
18 58 824
18 59 380
18 60 868
18 61 1071
18 62 1046
18 63 388
18 64 400
18 65 1062
18 66 671
18 67 792
18 68 642
18 69 301
18 70 847
18 71 519
18 72 651
18 73 278
18 74 495
18 75 294
18 76 462
18 77 175
18 78 933
18 79 130
18 80 230
18 81 835
18 82 895
18 83 313
18 84 532
18 85 43
18 86 632
18 87 554
18 88 604
18 89 343
18 90 309
18 91 869
18 92 540
18 93 254
18 94 221
18 95 205
18 96 40
18 97 926
18 98 818
18 99 1103
18 100 921
19 20 537
19 21 286
19 22 744
19 23 331
19 24 603
19 25 236
19 26 748
19 27 311
19 28 872
19 29 691
19 30 359
19 31 570
19 32 273
19 33 239
19 34 575
19 35 103
19 36 225
19 37 277
19 38 479
19 39 452
19 40 654
19 41 495
19 42 498
19 43 476
19 44 195
19 45 825
19 46 618
19 47 656
19 48 676
19 49 208
19 50 109
19 51 264
19 52 533
19 53 771
19 54 502
19 55 587
19 56 222
19 57 664
19 58 429
19 59 417
19 60 80
19 61 455
19 62 393
19 63 494
19 64 557
19 65 443
19 66 154
19 67 38
19 68 394
19 69 683
19 70 134
19 71 484
19 72 655
19 73 587
19 74 664
19 75 575
19 76 351
19 77 680
19 78 292
19 79 667
19 80 733
19 81 152
19 82 105
19 83 802
19 84 460
19 85 761
19 86 182
19 87 472
19 88 660
19 89 764
19 90 508
19 91 603
19 92 262
19 93 574
19 94 591
19 95 892
19 96 762
19 97 318
19 98 255
19 99 418
19 100 492
20 21 670
20 22 334
20 23 723
20 24 488
20 25 642
20 26 212
20 27 377
20 28 519
20 29 307
20 30 755
20 31 334
20 32 653
20 33 720
20 34 427
20 35 435
20 36 357
20 37 679
20 38 559
20 39 145
20 40 346
20 41 688
20 42 883
20 43 283
20 44 669
20 45 517
20 46 89
20 47 182
20 48 298
20 49 718
20 50 645
20 51 474
20 52 542
20 53 283
20 54 897
20 55 358
20 56 441
20 57 339
20 58 561
20 59 126
20 60 613
20 61 797
20 62 771
20 63 135
20 64 338
20 65 788
20 66 431
20 67 527
20 68 489
20 69 345
20 70 607
20 71 277
20 72 461
20 73 234
20 74 335
20 75 90
20 76 245
20 77 239
20 78 657
20 79 150
20 80 217
20 81 561
20 82 630
20 83 312
20 84 282
20 85 249
20 86 390
20 87 438
20 88 423
20 89 297
20 90 33
20 91 634
20 92 298
20 93 43
20 94 155
20 95 432
20 96 249
20 97 719
20 98 542
20 99 827
20 100 661
21 22 950
21 23 589
21 24 871
21 25 505
21 26 878
21 27 575
21 28 1103
21 29 699
21 30 611
21 31 810
21 32 543
21 33 133
21 34 835
21 35 315
21 36 318
21 37 21
21 38 310
21 39 540
21 40 632
21 41 780
21 42 737
21 43 712
21 44 438
21 45 1067
21 46 759
21 47 831
21 48 685
21 49 409
21 50 304
21 51 202
21 52 814
21 53 825
21 54 735
21 55 548
21 56 229
21 57 891
21 58 715
21 59 545
21 60 249
21 61 716
21 62 648
21 63 681
21 64 527
21 65 703
21 66 261
21 67 325
21 68 272
21 69 668
21 70 156
21 71 718
21 72 912
21 73 613
21 74 890
21 75 737
21 76 428
21 77 722
21 78 565
21 79 759
21 80 887
21 81 434
21 82 331
21 83 974
21 84 696
21 85 836
21 86 296
21 87 381
21 88 909
21 89 948
21 90 652
21 91 888
21 92 378
21 93 714
21 94 656
21 95 910
21 96 839
21 97 48
21 98 541
21 99 655
21 100 778
22 23 796
22 24 335
22 25 746
22 26 275
22 27 461
22 28 186
22 29 600
22 30 822
22 31 214
22 32 740
22 33 968
22 34 292
22 35 659
22 36 634
22 37 954
22 38 889
22 39 475
22 40 661
22 41 651
22 42 916
22 43 279
22 44 805
22 45 203
22 46 271
22 47 157
22 48 596
22 49 869
22 50 834
22 51 772
22 52 451
22 53 497
22 54 935
22 55 688
22 56 727
22 57 112
22 58 542
22 59 429
22 60 824
22 61 820
22 62 822
22 63 270
22 64 670
22 65 816
22 66 690
22 67 719
22 68 812
22 69 649
22 70 850
22 71 269
22 72 259
22 73 555
22 74 109
22 75 245
22 76 555
22 77 517
22 78 733
22 79 388
22 80 199
22 81 699
22 82 809
22 83 140
22 84 294
22 85 438
22 86 654
22 87 771
22 88 209
22 89 92
22 90 332
22 91 513
22 92 575
22 93 298
22 94 467
22 95 635
22 96 435
22 97 997
22 98 626
22 99 887
22 100 619
23 24 525
23 25 98
23 26 905
23 27 356
23 28 860
23 29 957
23 30 32
23 31 583
23 32 71
23 33 488
23 34 531
23 35 391
23 36 524
23 37 574
23 38 810
23 39 694
23 40 938
23 41 250
23 42 172
23 43 525
23 44 151
23 45 793
23 46 781
23 47 771
23 48 943
23 49 197
23 50 285
23 51 595
23 52 406
23 53 997
23 54 182
23 55 884
23 56 548
23 57 689
23 58 278
23 59 635
23 60 340
23 61 127
23 62 62
23 63 624
23 64 853
23 65 114
23 66 471
23 67 301
23 68 724
23 69 962
23 70 435
23 71 535
23 72 604
23 73 852
23 74 691
23 75 721
23 76 622
23 77 924
23 78 66
23 79 872
23 80 865
23 81 194
23 82 257
23 83 899
23 84 512
23 85 971
23 86 486
23 87 793
23 88 633
23 89 850
23 90 689
23 91 427
23 92 535
23 93 747
23 94 828
23 95 1137
23 96 972
23 97 606
23 98 182
23 99 104
23 100 268
24 25 506
24 26 559
24 27 296
24 28 340
24 29 796
24 30 544
24 31 158
24 32 487
24 33 842
24 34 60
24 35 556
24 36 603
24 37 868
24 38 924
24 39 573
24 40 827
24 41 330
24 42 612
24 43 214
24 44 584
24 45 270
24 46 483
24 47 402
24 48 786
24 49 654
24 50 659
24 51 745
24 52 126
24 53 747
24 54 632
24 55 820
24 56 689
24 57 225
24 58 247
24 59 501
24 60 674
24 61 516
24 62 534
24 63 354
24 64 794
24 65 514
24 66 623
24 67 568
24 68 832
24 69 831
24 70 734
24 71 217
24 72 84
24 73 715
24 74 229
24 75 421
24 76 593
24 77 725
24 78 473
24 79 614
24 80 491
24 81 499
24 82 628
24 83 471
24 84 222
24 85 696
24 86 600
24 87 835
24 88 129
24 89 418
24 90 462
24 91 178
24 92 560
24 93 478
24 94 642
24 95 897
24 96 695
24 97 912
24 98 394
24 99 600
24 100 298
25 26 832
25 27 289
25 28 829
25 29 864
25 30 129
25 31 538
25 32 38
25 33 416
25 34 502
25 35 293
25 36 426
25 37 491
25 38 714
25 39 603
25 40 843
25 41 289
25 42 270
25 43 468
25 44 85
25 45 767
25 46 705
25 47 705
25 48 850
25 49 152
25 50 207
25 51 498
25 52 400
25 53 911
25 54 278
25 55 788
25 56 450
25 57 644
25 58 272
25 59 547
25 60 255
25 61 219
25 62 160
25 63 552
25 64 757
25 65 206
25 66 373
25 67 205
25 68 627
25 69 867
25 70 349
25 71 479
25 72 579
25 73 759
25 74 646
25 75 648
25 76 527
25 77 834
25 78 60
25 79 788
25 80 797
25 81 96
25 82 176
25 83 839
25 84 454
25 85 888
25 86 388
25 87 695
25 88 602
25 89 793
25 90 608
25 91 442
25 92 439
25 93 668
25 94 738
25 95 1048
25 96 888
25 97 526
25 98 119
25 99 197
25 100 297
26 27 549
26 28 447
26 29 352
26 30 936
26 31 404
26 32 839
26 33 933
26 34 503
26 35 647
26 36 568
26 37 888
26 38 732
26 39 339
26 40 428
26 41 827
26 42 1055
26 43 403
26 44 868
26 45 477
26 46 129
26 47 158
26 48 352
26 49 921
26 50 854
26 51 678
26 52 650
26 53 226
26 54 1071
26 55 477
26 56 650
26 57 347
26 58 704
26 59 338
26 60 825
26 61 964
26 62 947
26 63 281
26 64 468
26 65 956
26 66 643
26 67 735
26 68 674
26 69 407
26 70 820
26 71 393
26 72 503
26 73 341
26 74 343
26 75 184
26 76 450
26 77 269
26 78 839
26 79 148
26 80 75
26 81 759
26 82 837
26 83 166
26 84 411
26 85 166
26 86 603
26 87 604
26 88 454
26 89 190
26 90 239
26 91 731
26 92 510
26 93 173
26 94 257
26 95 359
26 96 163
26 97 927
26 98 723
26 99 1008
26 100 797
27 28 567
27 29 646
27 30 386
27 31 265
27 32 291
27 33 550
27 34 264
27 35 260
27 36 324
27 37 571
27 38 654
27 39 384
27 40 649
27 41 326
27 42 507
27 43 182
27 44 343
27 45 516
27 46 427
27 47 416
27 48 633
27 49 408
27 50 383
27 51 459
27 52 254
27 53 658
27 54 523
27 55 616
27 56 402
27 57 367
27 58 206
27 59 313
27 60 386
27 61 420
27 62 398
27 63 268
27 64 585
27 65 411
27 66 330
27 67 278
27 68 560
27 69 664
27 70 439
27 71 192
27 72 343
27 73 546
27 74 368
27 75 366
27 76 354
27 77 598
27 78 290
27 79 527
27 80 509
27 81 238
27 82 354
27 83 549
27 84 167
27 85 625
27 86 312
27 87 585
27 88 350
27 89 503
27 90 343
27 91 343
27 92 294
27 93 395
27 94 501
27 95 805
27 96 625
27 97 615
27 98 175
27 99 458
27 100 304
28 29 785
28 30 881
28 31 302
28 32 815
28 33 1106
28 34 328
28 35 799
28 36 794
28 37 1105
28 38 1067
28 39 656
28 40 847
28 41 669
28 42 953
28 43 396
28 44 899
28 45 76
28 46 457
28 47 343
28 48 781
28 49 967
28 50 951
28 51 936
28 52 467
28 53 673
28 54 973
28 55 874
28 56 888
28 57 212
28 58 585
28 59 605
28 60 950
28 61 857
28 62 874
28 63 438
28 64 856
28 65 855
28 66 842
28 67 843
28 68 986
28 69 835
28 70 990
28 71 389
28 72 257
28 73 742
28 74 213
28 75 429
28 76 728
28 77 701
28 78 804
28 79 572
28 80 374
28 81 801
28 82 922
28 83 287
28 84 412
28 85 613
28 86 808
28 87 952
28 88 226
28 89 257
28 90 514
28 91 498
28 92 737
28 93 484
28 94 653
28 95 803
28 96 610
28 97 1149
28 98 710
28 99 939
28 100 638
29 30 990
29 31 642
29 32 885
29 33 795
29 34 735
29 35 593
29 36 466
29 37 715
29 38 458
29 39 264
29 40 87
29 41 971
29 42 1127
29 43 588
29 44 866
29 45 800
29 46 334
29 47 446
29 48 14
29 49 898
29 50 799
29 51 504
29 52 844
29 53 160
29 54 1138
29 55 165
29 56 505
29 57 634
29 58 847
29 59 332
29 60 750
29 61 1052
29 62 1013
29 63 442
29 64 177
29 65 1041
29 66 544
29 67 698
29 68 437
29 69 56
29 70 704
29 71 583
29 72 767
29 73 105
29 74 630
29 75 383
29 76 342
29 77 84
29 78 895
29 79 213
29 80 416
29 81 771
29 82 796
29 83 518
29 84 585
29 85 206
29 86 510
29 87 335
29 88 726
29 89 531
29 90 334
29 91 937
29 92 432
29 93 323
29 94 153
29 95 211
29 96 210
29 97 744
29 98 788
29 99 1061
29 100 947
30 31 608
30 32 104
30 33 507
30 34 553
30 35 423
30 36 555
30 37 596
30 38 839
30 39 727
30 40 971
30 41 255
30 42 140
30 43 553
30 44 174
30 45 813
30 46 813
30 47 800
30 48 975
30 49 212
30 50 307
30 51 624
30 52 423
30 53 1030
30 54 149
30 55 917
30 56 578
30 57 714
30 58 297
30 59 668
30 60 364
30 61 106
30 62 37
30 63 654
30 64 886
30 65 94
30 66 502
30 67 331
30 68 753
30 69 995
30 70 460
30 71 563
30 72 624
30 73 884
30 74 716
30 75 752
30 76 655
30 77 957
30 78 97
30 79 904
30 80 895
30 81 226
30 82 281
30 83 927
30 84 540
30 85 1003
30 86 517
30 87 824
30 88 655
30 89 878
30 90 721
30 91 438
30 92 567
30 93 778
30 94 860
30 95 1170
30 96 1004
30 97 627
30 98 213
30 99 72
30 100 276
31 32 529
31 33 805
31 34 99
31 35 500
31 36 513
31 37 810
31 38 815
31 39 435
31 40 679
31 41 442
31 42 702
31 43 98
31 44 603
31 45 257
31 46 325
31 47 246
31 48 633
31 49 670
31 50 648
31 51 657
31 52 249
31 53 588
31 54 721
31 55 680
31 56 605
31 57 106
31 58 329
31 59 367
31 60 648
31 61 606
31 62 608
31 63 205
31 64 655
31 65 601
31 66 550
31 67 540
31 68 727
31 69 680
31 70 690
31 71 93
31 72 128
31 73 566
31 74 108
31 75 264
31 76 474
31 77 569
31 78 522
31 79 455
31 80 338
31 81 501
31 82 620
31 83 334
31 84 113
31 85 537
31 86 520
31 87 714
31 88 103
31 89 282
31 90 312
31 91 326
31 92 461
31 93 321
31 94 490
31 95 738
31 96 536
31 97 854
31 98 419
31 99 673
31 100 410
32 33 454
32 34 486
32 35 324
32 36 455
32 37 530
32 38 749
32 39 622
32 40 867
32 41 253
32 42 243
32 43 465
32 44 119
32 45 751
32 46 713
32 47 707
32 48 871
32 49 183
32 50 245
32 51 533
32 52 376
32 53 926
32 54 253
32 55 814
32 56 484
32 57 636
32 58 247
32 59 564
32 60 294
32 61 184
32 62 129
32 63 557
32 64 783
32 65 171
32 66 406
32 67 240
32 68 661
32 69 891
32 70 387
32 71 475
32 72 563
32 73 780
32 74 638
32 75 655
32 76 551
32 77 853
32 78 22
32 79 802
32 80 800
32 81 127
32 82 214
32 83 838
32 84 451
32 85 901
32 86 418
32 87 727
32 88 588
32 89 791
32 90 620
32 91 412
32 92 464
32 93 678
32 94 756
32 95 1066
32 96 901
32 97 565
32 98 116
32 99 176
32 100 263
33 34 814
33 35 309
33 36 365
33 37 112
33 38 440
33 39 604
33 40 736
33 41 703
33 42 623
33 43 709
33 44 339
33 45 1061
33 46 808
33 47 864
33 48 781
33 49 296
33 50 209
33 51 291
33 52 767
33 53 908
33 54 620
33 55 655
33 56 294
33 57 896
33 58 656
33 59 594
33 60 172
33 61 614
33 62 544
33 63 706
33 64 631
33 65 601
33 66 290
33 67 274
33 68 390
33 69 771
33 70 117
33 71 717
33 72 894
33 73 702
33 74 895
33 75 776
33 76 491
33 77 808
33 78 476
33 79 828
33 80 931
33 81 364
33 82 241
33 83 1010
33 84 693
33 85 912
33 86 330
33 87 497
33 88 897
33 89 978
33 90 697
33 91 832
33 92 422
33 93 762
33 94 733
33 95 1006
33 96 914
33 97 126
33 98 477
33 99 542
33 100 706
34 35 520
34 36 557
34 37 833
34 38 873
34 39 514
34 40 767
34 41 360
34 42 633
34 43 156
34 44 575
34 45 265
34 46 423
34 47 345
34 48 726
34 49 644
34 50 639
34 51 700
34 52 158
34 53 687
34 54 652
34 55 762
34 56 645
34 57 180
34 58 260
34 59 443
34 60 648
34 61 537
34 62 548
34 63 294
34 64 735
34 65 533
34 66 582
34 67 541
34 68 782
34 69 770
34 70 703
34 71 158
34 72 80
34 73 655
34 74 183
34 75 361
34 76 539
34 77 664
34 78 475
34 79 553
34 80 436
34 81 482
34 82 609
34 83 423
34 84 165
34 85 637
34 86 557
34 87 781
34 88 102
34 89 371
34 90 402
34 91 228
34 92 511
34 93 418
34 94 582
34 95 838
34 96 635
34 97 877
34 98 385
34 99 613
34 100 327
35 36 134
35 37 313
35 38 434
35 39 349
35 40 561
35 41 509
35 42 564
35 43 403
35 44 276
35 45 757
35 46 518
35 47 561
35 48 578
35 49 304
35 50 212
35 51 220
35 52 505
35 53 668
35 54 571
35 55 499
35 56 165
35 57 587
35 58 420
35 59 314
35 60 177
35 61 508
35 62 453
35 63 401
35 64 468
35 65 495
35 66 85
35 67 104
35 68 342
35 69 588
35 70 191
35 71 410
35 72 598
35 73 489
35 74 587
35 75 477
35 76 251
35 77 578
35 78 340
35 79 563
35 80 635
35 81 197
35 82 204
35 83 708
35 84 387
35 85 658
35 86 94
35 87 402
35 88 596
35 89 673
35 90 407
35 91 586
35 92 161
35 93 473
35 94 488
35 95 792
35 96 659
35 97 356
35 98 267
35 99 488
35 100 499
36 37 325
36 38 330
36 39 241
36 40 428
36 41 617
36 42 696
36 43 415
36 44 410
36 45 764
36 46 445
36 47 512
36 48 451
36 49 433
36 50 333
36 51 144
36 52 578
36 53 555
36 54 704
36 55 365
36 56 93
36 57 583
36 58 515
36 59 230
36 60 284
36 61 637
36 62 584
36 63 364
36 64 334
36 65 624
36 66 80
36 67 236
36 68 235
36 69 457
36 70 255
36 71 419
36 72 628
36 73 363
36 74 582
36 75 419
36 76 131
36 77 460
36 78 470
36 79 464
36 80 571
36 81 329
36 82 331
36 83 656
36 84 401
36 85 552
36 86 43
36 87 276
36 88 615
36 89 629
36 90 336
36 91 667
36 92 60
36 93 399
36 94 376
36 95 670
36 96 554
36 97 366
36 98 385
36 99 622
36 100 604
37 38 331
37 39 550
37 40 649
37 41 769
37 42 720
37 43 712
37 44 422
37 45 1067
37 46 768
37 47 837
37 48 701
37 49 391
37 50 288
37 51 215
37 52 807
37 53 839
37 54 718
37 55 566
37 56 238
37 57 893
37 58 706
37 59 553
37 60 235
37 61 701
37 62 633
37 63 686
37 64 544
37 65 688
37 66 264
37 67 316
37 68 291
37 69 686
37 70 145
37 71 719
37 72 911
37 73 628
37 74 892
37 75 744
37 76 438
37 77 736
37 78 551
37 79 771
37 80 895
37 81 423
37 82 317
37 83 981
37 84 697
37 85 849
37 86 300
37 87 400
37 88 908
37 89 954
37 90 660
37 91 881
37 92 385
37 93 722
37 94 669
37 95 926
37 96 852
37 97 43
37 98 531
37 99 638
37 100 768
38 39 415
38 40 375
38 41 941
38 42 977
38 43 722
38 44 671
38 45 1051
38 46 641
38 47 741
38 48 446
38 49 666
38 50 552
38 51 216
38 52 908
38 53 609
38 54 980
38 55 292
38 56 268
38 57 865
38 58 844
38 59 461
38 60 490
38 61 933
38 62 873
38 63 631
38 64 283
38 65 920
38 66 348
38 67 509
38 68 94
38 69 413
38 70 404
38 71 724
38 72 938
38 73 403
38 74 863
38 75 646
38 76 341
38 77 508
38 78 767
38 79 589
38 80 766
38 81 622
38 82 568
38 83 867
38 84 710
38 85 639
38 86 349
38 87 128
38 88 918
38 89 856
38 90 557
38 91 997
38 92 364
38 93 601
38 94 477
38 95 657
38 96 642
38 97 341
38 98 701
38 99 897
38 100 930
39 40 266
39 41 710
39 42 863
39 43 358
39 44 612
39 45 647
39 46 230
39 47 326
39 48 251
39 49 650
39 50 561
39 51 339
39 52 600
39 53 319
39 54 875
39 55 247
39 56 313
39 57 463
39 58 588
39 59 74
39 60 520
39 61 787
39 62 749
39 63 232
39 64 221
39 65 776
39 66 321
39 67 451
39 68 344
39 69 279
39 70 497
39 71 356
39 72 563
39 73 162
39 74 461
39 75 231
39 76 113
39 77 232
39 78 631
39 79 223
39 80 358
39 81 512
39 82 553
39 83 456
39 84 352
39 85 311
39 86 281
39 87 296
39 88 533
39 89 442
39 90 142
39 91 694
39 92 190
39 93 188
39 94 139
39 95 447
39 96 313
39 97 588
39 98 523
39 99 798
39 100 687
40 41 975
40 42 1110
40 43 615
40 44 837
40 45 856
40 46 390
40 47 504
40 48 80
40 49 862
40 50 759
40 51 444
40 52 864
40 53 247
40 54 1121
40 55 84
40 56 454
40 57 683
40 58 853
40 59 339
40 60 706
40 61 1040
40 62 996
40 63 474
40 64 105
40 65 1029
40 66 502
40 67 665
40 68 364
40 69 38
40 70 652
40 71 611
40 72 807
40 73 112
40 74 680
40 75 430
40 76 316
40 77 161
40 78 879
40 79 282
40 80 486
40 81 748
40 82 759
40 83 590
40 84 610
40 85 291
40 86 471
40 87 258
40 88 769
40 89 598
40 90 367
40 91 958
40 92 404
40 93 370
40 94 195
40 95 283
40 96 295
40 97 675
40 98 777
40 99 1041
40 100 953
41 42 286
41 43 424
41 44 373
41 45 596
41 46 720
41 47 674
41 48 958
41 49 435
41 50 494
41 51 729
41 52 204
41 53 970
41 54 306
41 55 940
41 56 674
41 57 539
41 58 126
41 59 639
41 60 536
41 61 194
41 62 232
41 63 561
41 64 909
41 65 195
41 66 594
41 67 457
41 68 848
41 69 990
41 70 624
41 71 433
41 72 415
41 73 872
41 74 542
41 75 655
41 76 675
41 77 919
41 78 232
41 79 835
41 80 771
41 81 345
41 82 461
41 83 776
41 84 418
41 85 931
41 86 592
41 87 892
41 88 456
41 89 724
41 90 655
41 91 188
41 92 603
41 93 698
41 94 824
41 95 1120
41 96 931
41 97 807
41 98 243
41 99 291
41 100 32
42 43 660
42 44 306
42 45 881
42 46 935
42 47 912
42 48 1113
42 49 328
42 50 435
42 51 763
42 52 485
42 53 1161
42 54 20
42 55 1057
42 56 717
42 57 805
42 58 374
42 59 801
42 60 494
42 61 96
42 62 114
42 63 775
42 64 1026
42 65 100
42 66 642
42 67 471
42 68 892
42 69 1133
42 70 589
42 71 670
42 72 696
42 73 1022
42 74 808
42 75 873
42 76 794
42 77 1091
42 78 232
42 79 1032
42 80 1008
42 81 367
42 82 412
42 83 1031
42 84 649
42 85 1132
42 86 658
42 87 965
42 88 734
42 89 981
42 90 849
42 91 473
42 92 707
42 93 903
42 94 994
42 95 1304
42 96 1132
42 97 747
42 98 342
42 99 81
42 100 316
43 44 526
43 45 354
43 46 299
43 47 253
43 48 578
43 49 590
43 50 559
43 51 560
43 52 260
43 53 557
43 54 677
43 55 606
43 56 507
43 57 188
43 58 300
43 59 287
43 60 555
43 61 567
43 62 558
43 63 148
43 64 579
43 65 560
43 66 452
43 67 448
43 68 633
43 69 620
43 70 594
43 71 10
43 72 215
43 73 503
43 74 188
43 75 233
43 76 384
43 77 522
43 78 460
43 79 421
43 80 350
43 81 420
43 82 533
43 83 374
43 84 16
43 85 513
43 86 422
43 87 627
43 88 199
43 89 325
43 90 254
43 91 351
43 92 364
43 93 282
43 94 434
43 95 708
43 96 512
43 97 756
43 98 350
43 99 621
43 100 394
44 45 840
44 46 739
44 47 751
44 48 852
44 49 69
44 50 134
44 51 459
44 52 482
44 53 928
44 54 309
44 55 775
44 56 417
44 57 708
44 58 356
44 59 564
44 60 190
44 61 278
44 62 210
44 63 593
44 64 745
44 65 265
44 66 346
44 67 174
44 68 588
44 69 864
44 70 286
44 71 536
44 72 654
44 73 761
44 74 709
44 75 686
44 76 524
44 77 845
44 78 141
44 79 811
44 80 840
44 81 109
44 82 107
44 83 890
44 84 511
44 85 909
44 86 368
44 87 667
44 88 674
44 89 845
44 90 637
44 91 527
44 92 434
44 93 700
44 94 751
44 95 1059
44 96 910
44 97 455
44 98 190
44 99 225
44 100 382
45 46 466
45 47 353
45 48 795
45 49 909
45 50 898
45 51 908
45 52 395
45 53 701
45 54 901
45 55 876
45 56 857
45 57 185
45 58 516
45 59 590
45 60 902
45 61 785
45 62 805
45 63 420
45 64 856
45 65 784
45 66 806
45 67 794
45 68 967
45 69 847
45 70 947
45 71 348
45 72 189
45 73 748
45 74 188
45 75 428
45 76 710
45 77 717
45 78 739
45 79 589
45 80 402
45 81 745
45 82 869
45 83 328
45 84 370
45 85 641
45 86 775
45 87 941
45 88 167
45 89 289
45 90 507
45 91 422
45 92 709
45 93 487
45 94 661
45 95 837
45 96 639
45 97 1111
45 98 650
45 99 870
45 100 565
46 47 114
46 48 328
46 49 792
46 50 724
46 51 563
46 52 556
46 53 263
46 54 950
46 55 418
46 56 530
46 57 301
46 58 595
46 59 214
46 60 695
46 61 846
46 62 825
46 63 161
46 64 402
46 65 838
46 66 518
46 67 605
46 68 574
46 69 380
46 70 693
46 71 290
46 72 442
46 73 285
46 74 297
46 75 65
46 76 333
46 77 254
46 78 715
46 79 131
46 80 128
46 81 630
46 82 707
46 83 226
46 84 303
46 85 214
46 86 477
46 87 517
46 88 398
46 89 218
46 90 110
46 91 644
46 92 385
46 93 45
46 94 196
46 95 414
46 96 213
46 97 808
46 98 599
46 99 885
46 100 691
47 48 441
47 49 809
47 50 756
47 51 642
47 52 492
47 53 358
47 54 929
47 55 531
47 56 602
47 57 197
47 58 553
47 59 291
47 60 736
47 61 820
47 62 808
47 63 162
47 64 514
47 65 813
47 66 577
47 67 637
47 68 668
47 69 494
47 70 747
47 71 243
47 72 348
47 73 398
47 74 193
47 75 96
47 76 417
47 77 364
47 78 705
47 79 237
47 80 96
47 81 642
47 82 735
47 83 146
47 84 263
47 85 302
47 86 538
47 87 620
47 88 300
47 89 118
47 90 186
47 91 573
47 92 452
47 93 142
47 94 310
47 95 504
47 96 300
47 97 879
47 98 591
47 99 871
47 100 643
48 49 883
48 50 784
48 51 490
48 52 833
48 53 168
48 54 1124
48 55 154
48 56 491
48 57 628
48 58 834
48 59 319
48 60 735
48 61 1038
48 62 998
48 63 432
48 64 164
48 65 1027
48 66 529
48 67 683
48 68 424
48 69 54
48 70 690
48 71 573
48 72 759
48 73 91
48 74 624
48 75 376
48 76 327
48 77 83
48 78 881
48 79 210
48 80 414
48 81 757
48 82 781
48 83 517
48 84 575
48 85 211
48 86 495
48 87 323
48 88 719
48 89 528
48 90 324
48 91 926
48 92 417
48 93 315
48 94 144
48 95 225
48 96 214
48 97 730
48 98 774
48 99 1047
48 100 934
49 50 114
49 51 461
49 52 551
49 53 968
49 54 326
49 55 796
49 56 425
49 57 774
49 58 425
49 59 607
49 60 175
49 61 319
49 62 249
49 63 649
49 64 766
49 65 307
49 66 362
49 67 200
49 68 589
49 69 891
49 70 266
49 71 600
49 72 723
49 73 793
49 74 775
49 75 741
49 76 555
49 77 882
49 78 203
49 79 857
49 80 896
49 81 170
49 82 104
49 83 950
49 84 575
49 85 953
49 86 390
49 87 675
49 88 742
49 89 907
49 90 686
49 91 594
49 92 466
49 93 751
49 94 790
49 95 1095
49 96 955
49 97 419
49 98 259
49 99 246
49 100 446
50 51 347
50 52 572
50 53 881
50 54 435
50 55 689
50 56 314
50 57 747
50 58 455
50 59 526
50 60 61
50 61 412
50 62 344
50 63 594
50 64 660
50 65 399
50 66 257
50 67 119
50 68 475
50 69 789
50 70 154
50 71 568
50 72 720
50 73 696
50 74 748
50 75 679
50 76 460
50 77 789
50 78 267
50 79 776
50 80 836
50 81 163
50 82 33
50 83 900
50 84 543
50 85 871
50 86 289
50 87 563
50 88 731
50 89 861
50 90 615
50 91 631
50 92 372
50 93 681
50 94 701
50 95 1002
50 96 872
50 97 321
50 98 276
50 99 353
50 100 498
51 52 712
51 53 624
51 54 767
51 55 365
51 56 57
51 57 726
51 58 637
51 59 352
51 60 287
51 61 717
51 62 657
51 63 502
51 64 340
51 65 704
51 66 135
51 67 293
51 68 129
51 69 480
51 70 214
51 71 564
51 72 772
51 73 414
51 74 724
51 75 547
51 76 229
51 77 521
51 78 551
51 79 557
51 80 692
51 81 406
51 82 359
51 83 783
51 84 545
51 85 634
51 86 146
51 87 218
51 88 759
51 89 760
51 90 459
51 91 798
51 92 198
51 93 518
51 94 454
51 95 716
51 96 636
51 97 250
51 98 487
51 99 683
51 100 719
52 53 817
52 54 505
52 55 845
52 56 655
52 57 338
52 58 128
52 59 526
52 60 596
52 61 390
52 62 411
52 63 408
52 64 816
52 65 388
52 66 582
52 67 495
52 68 814
52 69 872
52 70 667
52 71 267
52 72 211
52 73 754
52 74 342
52 75 491
52 76 596
52 77 781
52 78 360
52 79 681
52 80 587
52 81 409
52 82 540
52 83 581
52 84 259
52 85 771
52 86 566
52 87 833
52 88 252
52 89 528
52 90 512
52 91 94
52 92 545
52 93 542
52 94 691
52 95 968
52 96 770
52 97 850
52 98 297
52 99 476
52 100 172
53 54 1174
53 55 321
53 56 613
53 57 555
53 58 844
53 59 364
53 60 838
53 61 1078
53 62 1048
53 63 411
53 64 326
53 65 1068
53 66 635
53 67 769
53 68 577
53 69 216
53 70 807
53 71 549
53 72 702
53 73 213
53 74 551
53 75 326
53 76 424
53 77 103
53 78 932
53 79 135
53 80 299
53 81 824
53 82 872
53 83 391
53 84 559
53 85 60
53 86 597
53 87 483
53 88 657
53 89 416
53 90 316
53 91 906
53 92 509
53 93 275
53 94 180
53 95 151
53 96 63
53 97 872
53 98 819
53 99 1102
53 100 943
54 55 1066
54 56 723
54 57 824
54 58 393
54 59 814
54 60 496
54 61 115
54 62 126
54 63 790
54 64 1035
54 65 119
54 66 648
54 67 476
54 68 897
54 69 1144
54 70 590
54 71 688
54 72 716
54 73 1033
54 74 827
54 75 888
54 76 804
54 77 1104
54 78 243
54 79 1047
54 80 1025
54 81 375
54 82 414
54 83 1049
54 84 666
54 85 1146
54 86 665
54 87 971
54 88 753
54 89 999
54 90 863
54 91 493
54 92 717
54 93 918
54 94 1007
54 95 1316
54 96 1146
54 97 745
54 98 355
54 99 83
54 100 336
55 56 379
55 57 697
55 58 822
55 59 320
55 60 634
55 61 991
55 62 944
55 63 474
55 64 31
55 65 979
55 66 433
55 67 601
55 68 279
55 69 122
55 70 576
55 71 604
55 72 808
55 73 136
55 74 694
55 75 447
55 76 267
55 77 224
55 78 827
55 79 329
55 80 527
55 81 691
55 82 692
55 83 632
55 84 599
55 85 357
55 86 407
55 87 173
55 88 775
55 89 634
55 90 372
55 91 939
55 92 350
55 93 390
55 94 225
55 95 368
55 96 361
55 97 591
55 98 730
55 99 985
55 100 920
56 57 676
56 58 581
56 59 316
56 60 257
56 61 668
56 62 610
56 63 457
56 64 351
56 65 655
56 66 80
56 67 246
56 68 177
56 69 487
56 70 199
56 71 511
56 72 717
56 73 409
56 74 675
56 75 508
56 76 200
56 77 513
56 78 501
56 79 536
56 80 657
56 81 356
56 82 322
56 83 746
56 84 492
56 85 618
56 86 89
56 87 250
56 88 707
56 89 720
56 90 422
56 91 741
56 92 152
56 93 484
56 94 438
56 95 715
56 96 620
56 97 278
56 98 433
56 99 639
56 100 663
57 58 431
57 59 405
57 60 743
57 61 709
57 62 713
57 63 234
57 64 675
57 65 705
57 66 630
57 67 636
57 68 782
57 69 678
57 70 779
57 71 179
57 72 156
57 73 573
57 74 4
57 75 253
57 76 524
57 77 555
57 78 628
57 79 431
57 80 274
57 81 605
57 82 720
57 83 245
57 84 204
57 85 499
57 86 596
57 87 756
57 88 106
57 89 193
57 90 325
57 91 403
57 92 527
57 93 313
57 94 488
57 95 701
57 96 497
57 97 937
57 98 525
57 99 779
57 100 506
58 59 516
58 60 484
58 61 278
58 62 288
58 63 435
58 64 792
58 65 274
58 66 503
58 67 390
58 68 750
58 69 867
58 70 563
58 71 310
58 72 328
58 73 749
58 74 434
58 75 530
58 76 559
58 77 793
58 78 231
58 79 709
58 80 649
58 81 292
58 82 421
58 83 662
58 84 293
58 85 805
58 86 495
58 87 785
58 88 362
58 89 610
58 90 529
58 91 176
58 92 494
58 93 571
58 94 698
58 95 994
58 96 805
58 97 747
58 98 179
58 99 354
58 100 99
59 60 491
59 61 722
59 62 687
59 63 170
59 64 293
59 65 712
59 66 304
59 67 411
59 68 382
59 69 351
59 70 481
59 71 285
59 72 495
59 73 233
59 74 402
59 75 195
59 76 126
59 77 289
59 78 571
59 79 250
59 80 341
59 81 459
59 82 514
59 83 431
59 84 279
59 85 346
59 86 264
59 87 351
59 88 467
59 89 409
59 90 107
59 91 620
59 92 171
59 93 169
59 94 192
59 95 502
59 96 347
59 97 594
59 98 460
59 99 740
59 100 615
60 61 467
60 62 400
60 63 574
60 64 606
60 65 454
60 66 206
60 67 108
60 68 414
60 69 737
60 70 95
60 71 563
60 72 729
60 73 648
60 74 743
60 75 654
60 76 414
60 77 744
60 78 315
60 79 739
60 80 812
60 81 193
60 82 83
60 83 881
60 84 539
60 85 831
60 86 241
60 87 504
60 88 736
60 89 844
60 90 585
60 91 660
60 92 329
60 93 651
60 94 658
60 95 955
60 96 833
60 97 271
60 98 305
60 99 413
60 100 537
61 62 69
61 63 685
61 64 960
61 65 12
61 66 590
61 67 424
61 68 845
61 69 1061
61 70 563
61 71 577
61 72 600
61 73 947
61 74 712
61 75 783
61 76 725
61 77 1012
61 78 167
61 79 947
61 80 916
61 81 311
61 82 384
61 83 936
61 84 556
61 85 1046
61 86 601
61 87 910
61 88 638
61 89 885
61 90 763
61 91 382
61 92 641
61 93 816
61 94 915
61 95 1222
61 96 1046
61 97 732
61 98 264
61 99 104
61 100 223
62 63 666
62 64 913
62 65 57
62 66 533
62 67 364
62 68 786
62 69 1019
62 70 496
62 71 568
62 72 617
62 73 908
62 74 715
62 75 764
62 76 680
62 77 977
62 78 117
62 79 920
62 80 903
62 81 255
62 82 317
62 83 931
62 84 546
62 85 1020
62 86 547
62 87 855
62 88 650
62 89 882
62 90 737
62 91 418
62 92 594
62 93 792
62 94 880
62 95 1190
62 96 1020
62 97 664
62 98 229
62 99 65
62 100 256
63 64 450
63 65 677
63 66 423
63 67 475
63 68 549
63 69 476
63 70 589
63 71 141
63 72 334
63 73 361
63 74 232
63 75 98
63 76 290
63 77 374
63 78 558
63 79 275
63 80 246
63 81 483
63 82 573
63 83 307
63 84 148
63 85 369
63 86 385
63 87 521
63 88 301
63 89 272
63 90 108
63 91 499
63 92 305
63 93 136
63 94 288
63 95 562
63 96 369
63 97 729
63 98 442
63 99 726
63 100 533
64 65 948
64 66 404
64 67 571
64 68 261
64 69 141
64 70 549
64 71 577
64 72 783
64 73 127
64 74 672
64 75 428
64 76 236
64 77 225
64 78 796
64 79 321
64 80 515
64 81 660
64 82 662
64 83 620
64 84 572
64 85 358
64 86 376
64 87 159
64 88 751
64 89 619
64 90 350
64 91 910
64 92 319
64 93 372
64 94 213
64 95 385
64 96 361
64 97 570
64 98 699
64 99 954
64 100 889
65 66 577
65 67 411
65 68 832
65 69 1050
65 70 550
65 71 570
65 72 598
65 73 937
65 74 707
65 75 775
65 76 714
65 77 1002
65 78 155
65 79 938
65 80 909
65 81 299
65 82 372
65 83 930
65 84 549
65 85 1037
65 86 589
65 87 898
65 88 635
65 89 880
65 90 754
65 91 384
65 92 629
65 93 807
65 94 905
65 95 1212
65 96 1037
65 97 720
65 98 253
65 99 98
65 100 223
66 67 172
66 68 256
66 69 532
66 70 177
66 71 458
66 72 657
66 73 442
66 74 629
66 75 487
66 76 211
66 77 540
66 78 423
66 79 543
66 80 642
66 81 278
66 82 258
66 83 723
66 84 437
66 85 632
66 86 40
66 87 322
66 88 650
66 89 693
66 90 407
66 91 665
66 92 133
66 93 472
66 94 456
66 95 749
66 96 634
66 97 307
66 98 353
66 99 565
66 100 584
67 68 422
67 69 693
67 70 172
67 71 456
67 72 621
67 73 593
67 74 636
67 75 560
67 76 355
67 77 682
67 78 259
67 79 661
67 80 717
67 81 115
67 82 103
67 83 782
67 84 431
67 85 757
67 86 194
67 87 495
67 88 628
67 89 743
67 90 497
67 91 565
67 92 265
67 93 562
67 94 590
67 95 895
67 96 758
67 97 357
67 98 216
67 99 393
67 100 454
68 69 401
68 70 334
68 71 635
68 72 848
68 73 365
68 74 780
68 75 572
68 76 258
68 77 473
68 78 678
68 79 538
68 80 701
68 81 533
68 82 488
68 83 800
68 84 620
68 85 599
68 86 256
68 87 108
68 88 830
68 89 785
68 90 482
68 91 903
68 92 272
68 93 532
68 94 427
68 95 646
68 96 602
68 97 313
68 98 609
68 99 813
68 100 836
69 70 686
69 71 615
69 72 806
69 73 118
69 74 674
69 75 425
69 76 340
69 77 138
69 78 901
69 79 265
69 80 468
69 81 773
69 82 788
69 83 571
69 84 616
69 85 263
69 86 501
69 87 296
69 88 767
69 89 583
69 90 368
69 91 966
69 92 430
69 93 365
69 94 190
69 95 245
69 96 266
69 97 712
69 98 797
69 99 1065
69 100 967
70 71 601
70 72 782
70 73 607
70 74 779
70 75 660
70 76 385
70 77 709
70 78 409
70 79 720
70 80 816
70 81 278
70 82 178
70 83 894
70 84 577
70 85 807
70 86 217
70 87 431
70 88 784
70 89 861
70 90 583
70 91 738
70 92 310
70 93 648
70 94 629
70 95 914
70 96 809
70 97 184
70 98 387
70 99 508
70 100 623
71 72 214
71 73 499
71 74 180
71 75 225
71 76 385
71 77 516
71 78 471
71 79 414
71 80 339
71 81 430
71 82 542
71 83 363
71 84 25
71 85 505
71 86 427
71 87 627
71 88 196
71 89 315
71 90 248
71 91 357
71 92 368
71 93 275
71 94 429
71 95 701
71 96 504
71 97 763
71 98 360
71 99 632
71 100 403
72 73 694
72 74 160
72 75 385
72 76 599
72 77 692
72 78 550
72 79 573
72 80 431
72 81 563
72 82 689
72 83 398
72 84 228
72 85 649
72 86 630
72 87 841
72 88 50
72 89 347
72 90 440
72 91 257
72 92 579
72 93 444
72 94 615
72 95 851
72 96 647
72 97 955
72 98 464
72 99 682
72 100 383
73 74 569
73 75 320
73 76 237
73 77 109
73 78 790
73 79 193
73 80 391
73 81 666
73 82 692
73 83 495
73 84 499
73 85 235
73 86 407
73 87 275
73 88 657
73 89 498
73 90 254
73 91 848
73 92 327
73 93 261
73 94 89
73 95 307
73 96 239
73 97 660
73 98 683
73 99 956
73 100 849
74 75 249
74 76 522
74 77 551
74 78 630
74 79 427
74 80 270
74 81 606
74 82 721
74 83 241
74 84 204
74 85 495
74 86 595
74 87 753
74 88 110
74 89 189
74 90 322
74 91 407
74 92 525
74 93 309
74 94 485
74 95 697
74 96 493
74 97 936
74 98 526
74 99 781
74 100 509
75 76 320
75 77 307
75 78 655
75 79 192
75 80 158
75 81 576
75 82 660
75 83 237
75 84 237
75 85 279
75 86 447
75 87 527
75 88 343
75 89 214
75 90 90
75 91 579
75 92 358
75 93 60
75 94 235
75 95 478
75 96 278
75 97 785
75 98 540
75 99 824
75 100 626
76 77 330
76 78 562
76 79 336
76 80 462
76 81 432
76 82 455
76 83 555
76 84 374
76 85 422
76 86 173
76 87 242
76 88 577
76 89 535
76 90 231
76 91 689
76 92 90
76 93 288
76 94 245
76 95 541
76 96 424
76 97 477
76 98 463
76 99 725
76 100 656
77 78 860
77 79 129
77 80 331
77 81 744
77 82 783
77 83 433
77 84 521
77 85 133
77 86 503
77 87 381
77 88 650
77 89 447
77 90 268
77 91 873
77 92 417
77 93 247
77 94 96
77 95 214
77 96 136
77 97 768
77 98 749
77 99 1029
77 100 893
78 79 806
78 80 799
78 81 144
78 82 236
78 83 835
78 84 447
78 85 905
78 86 434
78 87 743
78 88 577
78 89 786
78 90 623
78 91 393
78 92 477
78 93 681
78 94 763
78 95 1073
78 96 906
78 97 586
78 98 115
78 99 170
78 100 242
79 80 203
79 81 705
79 82 764
79 83 307
79 84 423
79 85 99
79 86 503
79 87 460
79 88 529
79 89 317
79 90 184
79 91 770
79 92 411
79 93 139
79 94 112
79 95 287
79 96 99
79 97 808
79 98 691
79 99 976
79 100 808
80 81 730
80 82 817
80 83 104
80 84 359
80 85 239
80 86 602
80 87 640
80 88 381
80 89 116
80 90 235
80 91 665
80 92 511
80 93 173
80 94 302
80 95 435
80 96 237
80 97 936
80 98 684
80 99 966
80 100 740
81 82 130
81 83 781
81 84 405
81 85 804
81 86 291
81 87 599
81 88 578
81 89 737
81 90 529
81 91 469
81 92 343
81 93 591
81 94 649
81 95 959
81 96 805
81 97 462
81 98 113
81 99 293
81 100 345
82 83 879
82 84 517
82 85 860
82 86 287
82 87 572
82 88 702
82 89 838
82 90 599
82 91 597
82 92 365
82 93 665
82 94 692
82 95 996
82 96 861
82 97 351
82 98 243
82 99 331
82 100 465
83 84 387
83 85 331
83 86 684
83 87 742
83 88 348
83 89 52
83 90 324
83 91 649
83 92 596
83 93 268
83 94 407
83 95 516
83 96 328
83 97 1023
83 98 722
83 99 996
83 100 744
84 85 516
84 86 407
84 87 616
84 88 214
84 89 339
84 90 252
84 91 351
84 92 351
84 93 284
84 94 432
84 95 710
84 96 515
84 97 741
84 98 336
84 99 609
84 100 388
85 86 593
85 87 511
85 88 602
85 89 356
85 90 283
85 91 858
85 92 502
85 93 233
85 94 179
85 95 202
85 96 3
85 97 884
85 98 791
85 99 1076
85 100 903
86 87 309
86 88 621
86 89 654
86 90 367
86 91 652
86 92 93
86 93 432
86 94 417
86 95 713
86 96 595
86 97 343
86 98 355
86 99 583
86 100 580
87 88 816
87 89 734
87 90 439
87 91 926
87 92 291
87 93 479
87 94 348
87 95 541
87 96 514
87 97 422
87 98 661
87 99 888
87 100 877
88 89 296
88 90 404
88 91 305
88 92 564
88 93 403
88 94 576
88 95 804
88 96 600
88 97 952
88 98 484
88 99 716
88 100 424
89 90 304
89 91 596
89 92 569
89 93 255
89 94 409
89 95 548
89 96 353
89 97 996
89 98 675
89 99 946
89 100 692
90 91 604
90 92 276
90 93 65
90 94 180
90 95 465
90 96 283
90 97 701
90 98 508
90 99 794
90 100 628
91 92 636
91 93 632
91 94 784
91 95 1057
91 96 857
91 97 922
91 98 355
91 99 479
91 100 162
92 93 340
92 94 328
92 95 630
92 96 504
92 97 427
92 98 382
92 99 636
92 100 587
93 94 175
93 95 426
93 96 233
93 97 762
93 98 565
93 99 851
93 100 669
94 95 310
94 96 182
94 97 704
94 98 653
94 99 932
94 100 798
95 96 203
95 97 954
95 98 961
95 99 1242
95 100 1093
96 97 886
96 98 791
96 99 1076
96 100 902
97 98 571
97 99 666
97 100 807
98 99 285
98 100 238
99 100 317
