100 4950
1 2 549
1 3 558
1 4 311
1 5 566
1 6 740
1 7 356
1 8 512
1 9 710
1 10 561
1 11 648
1 12 225
1 13 690
1 14 523
1 15 301
1 16 386
1 17 310
1 18 333
1 19 540
1 20 154
1 21 465
1 22 690
1 23 229
1 24 433
1 25 186
1 26 518
1 27 284
1 28 683
1 29 532
1 30 501
1 31 195
1 32 579
1 33 280
1 34 94
1 35 618
1 36 425
1 37 414
1 38 733
1 39 487
1 40 595
1 41 193
1 42 671
1 43 153
1 44 384
1 45 311
1 46 373
1 47 448
1 48 433
1 49 540
1 50 506
1 51 446
1 52 757
1 53 351
1 54 483
1 55 295
1 56 560
1 57 399
1 58 725
1 59 302
1 60 682
1 61 615
1 62 231
1 63 617
1 64 441
1 65 453
1 66 468
1 67 313
1 68 339
1 69 506
1 70 606
1 71 680
1 72 415
1 73 192
1 74 832
1 75 393
1 76 338
1 77 662
1 78 24
1 79 430
1 80 262
1 81 294
1 82 574
1 83 601
1 84 324
1 85 100
1 86 492
1 87 741
1 88 419
1 89 537
1 90 731
1 91 564
1 92 608
1 93 282
1 94 365
1 95 426
1 96 566
1 97 750
1 98 532
1 99 527
1 100 596
2 3 944
2 4 738
2 5 907
2 6 990
2 7 892
2 8 698
2 9 1201
2 10 1035
2 11 1155
2 12 386
2 13 1025
2 14 386
2 15 762
2 16 792
2 17 623
2 18 795
2 19 530
2 20 448
2 21 711
2 22 1178
2 23 735
2 24 962
2 25 394
2 26 625
2 27 814
2 28 1204
2 29 413
2 30 408
2 31 535
2 32 607
2 33 700
2 34 547
2 35 1136
2 36 961
2 37 903
2 38 1245
2 39 1035
2 40 581
2 41 420
2 42 849
2 43 442
2 44 172
2 45 699
2 46 785
2 47 974
2 48 832
2 49 589
2 50 198
2 51 298
2 52 820
2 53 228
2 54 802
2 55 290
2 56 878
2 57 849
2 58 1054
2 59 329
2 60 942
2 61 1092
2 62 754
2 63 1002
2 64 880
2 65 912
2 66 1017
2 67 573
2 68 628
2 69 121
2 70 1133
2 71 1054
2 72 840
2 73 361
2 74 949
2 75 156
2 76 426
2 77 1173
2 78 544
2 79 923
2 80 540
2 81 843
2 82 954
2 83 698
2 84 735
2 85 639
2 86 963
2 87 939
2 88 574
2 89 688
2 90 1001
2 91 897
2 92 610
2 93 825
2 94 895
2 95 135
2 96 977
2 97 1220
2 98 23
2 99 354
2 100 701
3 4 247
3 5 79
3 6 269
3 7 624
3 8 323
3 9 338
3 10 200
3 11 347
3 12 572
3 13 146
3 14 657
3 15 262
3 16 853
3 17 322
3 18 236
3 19 538
3 20 537
3 21 266
3 22 316
3 23 352
3 24 354
3 25 719
3 26 417
3 27 620
3 28 422
3 29 642
3 30 621
3 31 431
3 32 499
3 33 280
3 34 647
3 35 373
3 36 649
3 37 772
3 38 420
3 39 573
3 40 544
3 41 547
3 42 331
3 43 545
3 44 781
3 45 815
3 46 839
3 47 347
3 48 125
3 49 477
3 50 791
3 51 678
3 52 499
3 53 718
3 54 157
3 55 799
3 56 119
3 57 176
3 58 180
3 59 615
3 60 226
3 61 233
3 62 376
3 63 60
3 64 136
3 65 159
3 66 505
3 67 371
3 68 316
3 69 843
3 70 405
3 71 122
3 72 145
3 73 690
3 74 473
3 75 823
3 76 523
3 77 369
3 78 582
3 79 772
3 80 406
3 81 514
3 82 17
3 83 422
3 84 236
3 85 569
3 86 179
3 87 331
3 88 400
3 89 361
3 90 242
3 91 94
3 92 528
3 93 425
3 94 356
3 95 872
3 96 53
3 97 316
3 98 938
3 99 688
3 100 412
4 5 259
4 6 449
4 7 450
4 8 304
4 9 464
4 10 297
4 11 427
4 12 352
4 13 380
4 14 526
4 15 50
4 16 633
4 17 145
4 18 68
4 19 454
4 20 303
4 21 234
4 22 441
4 23 131
4 24 285
4 25 474
4 26 364
4 27 422
4 28 486
4 29 519
4 30 491
4 31 203
4 32 451
4 33 38
4 34 401
4 35 420
4 36 495
4 37 582
4 38 516
4 39 468
4 40 486
4 41 322
4 42 422
4 43 311
4 44 568
4 45 583
4 46 618
4 47 290
4 48 122
4 49 415
4 50 614
4 51 510
4 52 554
4 53 510
4 54 195
4 55 561
4 56 260
4 57 111
4 58 415
4 59 412
4 60 392
4 61 353
4 62 167
4 63 306
4 64 144
4 65 173
4 66 411
4 67 200
4 68 164
4 69 652
4 70 428
4 71 369
4 72 109
4 73 450
4 74 588
4 75 603
4 76 348
4 77 446
4 78 335
4 79 587
4 80 207
4 81 337
4 82 262
4 83 419
4 84 23
4 85 332
4 86 225
4 87 471
4 88 292
4 89 344
4 90 435
4 91 259
4 92 483
4 93 251
4 94 239
4 95 649
4 96 259
4 97 482
4 98 729
4 99 549
4 100 410
5 6 205
5 7 674
5 8 254
5 9 416
5 10 280
5 11 427
5 12 548
5 13 126
5 14 600
5 15 287
5 16 887
5 17 296
5 18 269
5 19 473
5 20 523
5 21 207
5 22 394
5 23 381
5 24 421
5 25 714
5 26 349
5 27 663
5 28 501
5 29 583
5 30 564
5 31 416
5 32 428
5 33 286
5 34 658
5 35 453
5 36 705
5 37 818
5 38 500
5 39 638
5 40 474
5 41 527
5 42 252
5 43 531
5 44 750
5 45 841
5 46 872
5 47 415
5 48 142
5 49 410
5 50 744
5 51 631
5 52 419
5 53 686
5 54 105
5 55 786
5 56 41
5 57 221
5 58 160
5 59 583
5 60 155
5 61 313
5 62 410
5 63 109
5 64 188
5 65 222
5 66 571
5 67 337
5 68 283
5 69 801
5 70 483
5 71 148
5 72 179
5 73 679
5 74 396
5 75 795
5 76 482
5 77 449
5 78 590
5 79 820
5 80 380
5 81 562
5 82 74
5 83 347
5 84 242
5 85 591
5 86 252
5 87 257
5 88 346
5 89 290
5 90 183
5 91 15
5 92 456
5 93 472
5 94 414
5 95 845
5 96 132
5 97 389
5 98 903
5 99 632
5 100 336
6 7 879
6 8 292
6 9 561
6 10 460
6 11 594
6 12 673
6 13 156
6 14 633
6 15 485
6 16 1083
6 17 439
6 18 470
6 19 486
6 20 667
6 21 296
6 22 543
6 23 578
6 24 623
6 25 866
6 26 370
6 27 865
6 28 668
6 29 610
6 30 601
6 31 567
6 32 418
6 33 469
6 34 835
6 35 629
6 36 911
6 37 1022
6 38 652
6 39 841
6 40 460
6 41 662
6 42 160
6 43 676
6 44 851
6 45 1031
6 46 1068
6 47 616
6 48 344
6 49 418
6 50 806
6 51 695
6 52 305
6 53 787
6 54 258
6 55 921
6 56 190
6 57 426
6 58 148
6 59 688
6 60 58
6 61 478
6 62 609
6 63 254
6 64 393
6 65 425
6 66 773
6 67 462
6 68 416
6 69 874
6 70 665
6 71 235
6 72 383
6 73 823
6 74 226
6 75 902
6 76 574
6 77 615
6 78 765
6 79 1024
6 80 514
6 81 766
6 82 255
6 83 318
6 84 429
6 85 779
6 86 448
6 87 92
6 88 419
6 89 304
6 90 33
6 91 198
6 92 434
6 93 676
6 94 619
6 95 953
6 96 312
6 97 511
6 98 991
6 99 668
6 100 311
7 8 748
7 9 585
7 10 506
7 11 503
7 12 577
7 13 770
7 14 864
7 15 404
7 16 288
7 17 552
7 18 411
7 19 849
7 20 503
7 21 681
7 22 574
7 23 322
7 24 301
7 25 501
7 26 791
7 27 79
7 28 498
7 29 868
7 30 837
7 31 493
7 32 869
7 33 449
7 34 346
7 35 452
7 36 68
7 37 152
7 38 562
7 39 178
7 40 896
7 41 542
7 42 872
7 43 503
7 44 736
7 45 309
7 46 277
7 47 315
7 48 536
7 49 830
7 50 863
7 51 798
7 52 1002
7 53 707
7 54 640
7 55 612
7 56 691
7 57 453
7 58 802
7 59 656
7 60 826
7 61 539
7 62 284
7 63 667
7 64 489
7 65 467
7 66 208
7 67 586
7 68 581
7 69 861
7 70 419
7 71 723
7 72 495
7 73 532
7 74 1038
7 75 737
7 76 670
7 77 505
7 78 354
7 79 149
7 80 552
7 81 113
7 82 641
7 83 859
7 84 474
7 85 258
7 86 467
7 87 915
7 88 700
7 89 785
7 90 858
7 91 681
7 92 901
7 93 203
7 94 271
7 95 762
7 96 600
7 97 652
7 98 873
7 99 873
7 100 851
8 9 657
8 10 501
8 11 652
8 12 395
8 13 346
8 14 354
8 15 354
8 16 889
8 17 206
8 18 362
8 19 219
8 20 405
8 21 72
8 22 634
8 23 426
8 24 574
8 25 603
8 26 95
8 27 710
8 28 723
8 29 334
8 30 320
8 31 319
8 32 176
8 33 299
8 34 605
8 35 665
8 36 798
8 37 869
8 38 734
8 39 771
8 40 221
8 41 391
8 42 167
8 43 413
8 44 560
8 45 822
8 46 875
8 47 576
8 48 278
8 49 155
8 50 517
8 51 405
8 52 254
8 53 496
8 54 171
8 55 643
8 56 214
8 57 359
8 58 369
8 59 399
8 60 244
8 61 546
8 62 464
8 63 363
8 64 355
8 65 400
8 66 712
8 67 201
8 68 176
8 69 583
8 70 687
8 71 397
8 72 318
8 73 553
8 74 319
8 75 612
8 76 284
8 77 674
8 78 536
8 79 877
8 80 255
8 81 637
8 82 324
8 83 116
8 84 281
8 85 577
8 86 450
8 87 252
8 88 128
8 89 41
8 90 302
8 91 239
8 92 206
8 93 554
8 94 539
8 95 663
8 96 373
8 97 639
8 98 698
8 99 388
8 100 106
9 10 167
9 11 82
9 12 814
9 13 405
9 14 969
9 15 439
9 16 868
9 17 597
9 18 405
9 19 865
9 20 757
9 21 594
9 22 23
9 23 483
9 24 299
9 25 895
9 26 748
9 27 624
9 28 128
9 29 957
9 30 933
9 31 665
9 32 833
9 33 501
9 34 776
9 35 137
9 36 572
9 37 733
9 38 91
9 39 446
9 40 877
9 41 781
9 42 662
9 43 764
9 44 1030
9 45 866
9 46 856
9 47 282
9 48 396
9 49 808
9 50 1076
9 51 970
9 52 831
9 53 973
9 54 486
9 55 998
9 56 457
9 57 353
9 58 418
9 59 876
9 60 538
9 61 113
9 62 478
9 63 317
9 64 329
9 65 291
9 66 387
9 67 653
9 68 604
9 69 1116
9 70 178
9 71 325
9 72 372
9 73 887
9 74 785
9 75 1061
9 76 807
9 77 88
9 78 728
9 79 723
9 80 670
9 81 513
9 82 341
9 83 760
9 84 471
9 85 672
9 86 238
9 87 643
9 88 714
9 89 696
9 90 528
9 91 431
9 92 863
9 93 456
9 94 358
9 95 1105
9 96 285
9 97 78
9 98 1190
9 99 997
9 100 749
10 11 150
10 12 649
10 13 313
10 14 803
10 15 276
10 16 772
10 17 429
10 18 241
10 19 703
10 20 595
10 21 435
10 22 144
10 23 331
10 24 205
10 25 743
10 26 589
10 27 526
10 28 223
10 29 792
10 30 767
10 31 500
10 32 676
10 33 335
10 34 635
10 35 173
10 36 513
10 37 658
10 38 233
10 39 410
10 40 719
10 41 617
10 42 532
10 43 602
10 44 865
10 45 755
10 46 758
10 47 192
10 48 231
10 49 649
10 50 908
10 51 802
10 52 698
10 53 807
10 54 330
10 55 842
10 56 318
10 57 186
10 58 337
10 59 709
10 60 424
10 61 56
10 62 335
10 63 206
10 64 161
10 65 124
10 66 342
10 67 485
10 68 437
10 69 949
10 70 205
10 71 244
10 72 204
10 73 730
10 74 672
10 75 897
10 76 639
10 77 173
10 78 582
10 79 653
10 80 502
10 81 412
10 82 210
10 83 610
10 84 303
10 85 537
10 86 72
10 87 530
10 88 550
10 89 542
10 90 430
10 91 294
10 92 707
10 93 337
10 94 242
10 95 943
10 96 150
10 97 189
10 98 1025
10 99 830
10 100 599
11 12 769
11 13 440
11 14 946
11 15 395
11 16 788
11 17 567
11 18 363
11 19 852
11 20 708
11 21 585
11 22 77
11 23 426
11 24 224
11 25 835
11 26 739
11 27 545
11 28 75
11 29 936
11 30 910
11 31 622
11 32 826
11 33 462
11 34 709
11 35 55
11 36 490
11 37 651
11 38 89
11 39 364
11 40 869
11 41 735
11 42 679
11 43 715
11 44 983
11 45 789
11 46 776
11 47 208
11 48 379
11 49 799
11 50 1041
11 51 937
11 52 846
11 53 929
11 54 481
11 55 940
11 56 466
11 57 320
11 58 458
11 59 835
11 60 564
11 61 115
11 62 417
11 63 341
11 64 305
11 65 262
11 66 304
11 67 623
11 68 578
11 69 1076
11 70 98
11 71 363
11 72 347
11 73 830
11 74 813
11 75 1011
11 76 775
11 77 22
11 78 665
11 79 641
11 80 634
11 81 435
11 82 354
11 83 761
11 84 437
11 85 603
11 86 208
11 87 670
11 88 696
11 89 693
11 90 562
11 91 442
11 92 857
11 93 384
11 94 288
11 95 1053
11 96 294
11 97 157
11 98 1143
11 99 971
11 100 750
12 13 672
12 14 300
12 15 375
12 16 592
12 17 252
12 18 409
12 19 344
12 20 75
12 21 377
12 22 792
12 23 355
12 24 584
12 25 218
12 26 363
12 27 508
12 28 820
12 29 312
12 30 282
12 31 149
12 32 400
12 33 314
12 34 284
12 35 752
12 36 644
12 37 639
12 38 859
12 39 689
12 40 404
12 41 37
12 42 563
12 43 73
12 44 215
12 45 506
12 46 580
12 47 595
12 48 453
12 49 364
12 50 292
12 51 221
12 52 605
12 53 159
12 54 445
12 55 248
12 56 526
12 57 463
12 58 704
12 59 79
12 60 618
12 61 706
12 62 379
12 63 632
12 64 496
12 65 526
12 66 658
12 67 213
12 68 266
12 69 310
12 70 751
12 71 689
12 72 457
12 73 161
12 74 705
12 75 251
12 76 136
12 77 787
12 78 236
12 79 655
12 80 167
12 81 500
12 82 584
12 83 450
12 84 351
12 85 325
12 86 577
12 87 647
12 88 272
12 89 405
12 90 675
12 91 540
12 92 423
12 93 461
12 94 518
12 95 300
12 96 599
12 97 835
12 98 376
12 99 302
12 100 448
13 14 701
13 15 403
13 16 999
13 17 421
13 18 379
13 19 564
13 20 649
13 21 316
13 22 387
13 23 495
13 24 493
13 25 840
13 26 439
13 27 767
13 28 514
13 29 681
13 30 665
13 31 543
13 32 508
13 33 410
13 34 782
13 35 478
13 36 793
13 37 918
13 38 496
13 39 711
13 40 553
13 41 653
13 42 279
13 43 658
13 44 872
13 45 958
13 46 984
13 47 484
13 48 259
13 49 497
13 50 856
13 51 742
13 52 444
13 53 807
13 54 227
13 55 912
13 56 147
13 57 322
13 58 34
13 59 704
13 60 141
13 61 325
13 62 521
13 63 108
13 64 282
13 65 303
13 66 642
13 67 460
13 68 407
13 69 916
13 70 515
13 71 79
13 72 288
13 73 805
13 74 381
13 75 917
13 76 599
13 77 461
13 78 714
13 79 918
13 80 505
13 81 661
13 82 129
13 83 414
13 84 365
13 85 710
13 86 314
13 87 241
13 88 456
13 89 374
13 90 123
13 91 132
13 92 531
13 93 572
13 94 501
13 95 968
13 96 174
13 97 356
13 98 1022
13 99 734
13 100 405
14 15 569
14 16 891
14 17 380
14 18 594
14 19 149
14 20 368
14 21 393
14 22 946
14 23 591
14 24 805
14 25 492
14 26 264
14 27 799
14 28 1009
14 29 26
14 30 36
14 31 376
14 32 225
14 33 496
14 34 584
14 35 944
14 36 928
14 37 938
14 38 1034
14 39 952
14 40 194
14 41 329
14 42 480
14 43 370
14 44 308
14 45 803
14 46 880
14 47 812
14 48 573
14 49 215
14 50 188
14 51 110
14 52 433
14 53 264
14 54 501
14 55 466
14 56 563
14 57 626
14 58 724
14 59 233
14 60 593
14 61 856
14 62 624
14 63 706
14 64 642
14 65 683
14 66 910
14 67 325
14 68 368
14 69 265
14 70 955
14 71 747
14 72 599
14 73 431
14 74 564
14 75 362
14 76 195
14 77 967
14 78 535
14 79 953
14 80 331
14 81 774
14 82 663
14 83 322
14 84 511
14 85 621
14 86 738
14 87 569
14 88 257
14 89 331
14 90 649
14 91 586
14 92 224
14 93 717
14 94 749
14 95 405
14 96 702
14 97 967
14 98 394
14 99 35
14 100 327
15 16 599
15 17 191
15 18 34
15 19 502
15 20 319
15 21 283
15 22 417
15 23 93
15 24 238
15 25 475
15 26 414
15 27 381
15 28 450
15 29 563
15 30 534
15 31 227
15 32 500
15 33 72
15 34 387
15 35 383
15 36 447
15 37 539
15 38 485
15 39 417
15 40 536
15 41 342
15 42 468
15 43 326
15 44 591
15 45 555
15 46 584
15 47 244
15 48 145
15 49 465
15 50 647
15 51 546
15 52 603
15 53 534
15 54 236
15 55 568
15 56 295
15 57 98
15 58 438
15 59 440
15 60 429
15 61 332
15 62 124
15 63 319
15 64 139
15 65 156
15 66 361
15 67 244
15 68 212
15 69 681
15 70 388
15 71 382
15 72 117
15 73 457
15 74 633
15 75 621
15 76 385
15 77 413
15 78 324
15 79 543
15 80 243
15 81 290
15 82 279
15 83 469
15 84 73
15 85 307
15 86 203
15 87 513
15 88 340
15 89 394
15 90 468
15 91 290
15 92 533
15 93 203
15 94 189
15 95 667
15 96 265
15 97 464
15 98 751
15 99 590
15 100 460
16 17 683
16 18 619
16 19 924
16 20 532
16 21 834
16 22 856
16 23 506
16 24 575
16 25 419
16 26 903
16 27 246
16 28 786
16 29 904
16 30 874
16 31 579
16 32 966
16 33 615
16 34 308
16 35 738
16 36 324
16 37 170
16 38 850
16 39 459
16 40 981
16 41 567
16 42 1040
16 43 528
16 44 671
16 45 93
16 46 14
16 47 590
16 48 744
16 49 927
16 50 828
16 51 799
16 52 1140
16 53 668
16 54 826
16 55 504
16 56 893
16 57 676
16 58 1033
16 59 659
16 60 1025
16 61 812
16 62 478
16 63 904
16 64 718
16 65 707
16 66 496
16 67 696
16 68 713
16 69 801
16 70 706
16 71 965
16 72 711
16 73 474
16 74 1204
16 75 650
16 76 719
16 77 792
16 78 367
16 79 190
16 80 647
16 81 360
16 82 870
16 83 985
16 84 653
16 85 312
16 86 722
16 87 1100
16 88 805
16 89 918
16 90 1067
16 91 889
16 92 994
16 93 437
16 94 529
16 95 656
16 96 841
16 97 933
16 98 770
16 99 889
16 100 979
17 18 214
17 19 312
17 20 230
17 21 154
17 22 574
17 23 237
17 24 429
17 25 427
17 26 238
17 27 508
17 28 629
17 29 373
17 30 345
17 31 127
17 32 319
17 33 120
17 34 404
17 35 564
17 36 607
17 37 666
17 38 656
17 39 599
17 40 350
17 41 231
17 42 361
17 43 239
17 44 459
17 45 617
17 46 669
17 47 435
17 48 210
17 49 281
17 50 480
17 51 372
17 52 459
17 53 396
17 54 194
17 55 491
17 56 276
17 57 246
17 58 454
17 59 293
17 60 381
17 61 484
17 62 275
17 63 381
17 64 268
17 65 306
17 66 548
17 67 56
17 68 29
17 69 526
17 70 574
17 71 437
17 72 225
17 73 387
17 74 522
17 75 501
17 76 210
17 77 588
17 78 334
17 79 675
17 80 85
17 81 445
17 82 333
17 83 308
17 84 130
17 85 371
17 86 361
17 87 431
17 88 152
17 89 237
17 90 435
17 91 288
17 92 351
17 93 369
17 94 378
17 95 551
17 96 354
17 97 605
17 98 616
17 99 404
17 100 301
18 19 521
18 20 353
18 21 290
18 22 383
18 23 116
18 24 218
18 25 509
18 26 428
18 27 394
18 28 420
18 29 587
18 30 559
18 31 260
18 32 515
18 33 99
18 34 418
18 35 353
18 36 450
18 37 551
18 38 453
18 39 409
18 40 552
18 41 376
18 42 464
18 43 360
18 44 624
18 45 579
18 46 605
18 47 222
18 48 126
18 49 480
18 50 678
18 51 576
18 52 606
18 53 568
18 54 230
18 55 603
18 56 280
18 57 65
18 58 414
18 59 472
18 60 416
18 61 298
18 62 141
18 63 291
18 64 108
18 65 122
18 66 350
18 67 268
18 68 231
18 69 713
18 70 361
18 71 354
18 72 91
18 73 491
18 74 629
18 75 656
18 76 414
18 77 382
18 78 356
18 79 554
18 80 272
18 81 297
18 82 253
18 83 477
18 84 86
18 85 334
18 86 169
18 87 504
18 88 359
18 89 402
18 90 452
18 91 273
18 92 548
18 93 208
18 94 177
18 95 701
18 96 234
18 97 430
18 98 785
18 99 616
18 100 468
19 20 392
19 21 272
19 22 842
19 23 546
19 24 739
19 25 559
19 26 124
19 27 794
19 28 920
19 29 125
19 30 122
19 31 358
19 32 76
19 33 432
19 34 617
19 35 858
19 36 908
19 37 944
19 38 937
19 39 910
19 40 60
19 41 361
19 42 331
19 43 397
19 44 428
19 45 843
19 46 911
19 47 743
19 48 473
19 49 68
19 50 334
19 51 235
19 52 292
19 53 372
19 54 382
19 55 560
19 56 434
19 57 539
19 58 584
19 59 303
19 60 448
19 61 753
19 62 583
19 63 582
19 64 547
19 65 591
19 66 860
19 67 266
19 68 290
19 69 409
19 70 874
19 71 617
19 72 505
19 73 500
19 74 418
19 75 483
19 76 208
19 77 873
19 78 557
19 79 956
19 80 296
19 81 748
19 82 541
19 83 172
19 84 435
19 85 629
19 86 644
19 87 419
19 88 161
19 89 189
19 90 504
19 91 459
19 92 85
19 93 678
19 94 690
19 95 530
19 96 587
19 97 854
19 98 536
19 99 185
19 100 177
20 21 373
20 22 735
20 23 287
20 24 515
20 25 199
20 26 390
20 27 434
20 28 756
20 29 377
20 30 346
20 31 106
20 32 440
20 33 265
20 34 224
20 35 688
20 36 569
20 37 569
20 38 797
20 39 614
20 40 450
20 41 39
20 42 572
20 43 8
20 44 276
20 45 450
20 46 520
20 47 527
20 48 414
20 49 402
20 50 366
20 51 295
20 52 633
20 53 226
20 54 424
20 55 263
20 56 506
20 57 412
20 58 682
20 59 154
20 60 610
20 61 651
20 62 309
20 63 597
20 64 448
20 65 473
20 66 584
20 67 207
20 68 251
20 69 381
20 70 685
20 71 657
20 72 411
20 73 156
20 74 722
20 75 303
20 76 186
20 77 725
20 78 168
20 79 584
20 80 153
20 81 425
20 82 550
20 83 476
20 84 305
20 85 253
20 86 522
20 87 650
20 88 293
20 89 421
20 90 665
20 91 516
20 92 466
20 93 387
20 94 449
20 95 348
20 96 559
20 97 783
20 98 435
20 99 373
20 100 473
21 22 571
21 23 359
21 24 502
21 25 573
21 26 154
21 27 646
21 28 655
21 29 376
21 30 356
21 31 278
21 32 241
21 33 232
21 34 559
21 35 596
21 36 729
21 37 805
21 38 668
21 39 699
21 40 284
21 41 366
21 42 206
21 43 382
21 44 562
21 45 770
21 46 820
21 47 503
21 48 208
21 49 214
21 50 540
21 51 426
21 52 321
21 53 497
21 54 110
21 55 625
21 56 172
21 57 287
21 58 343
21 59 395
21 60 241
21 61 482
21 62 397
21 63 313
21 64 285
21 65 330
21 66 640
21 67 167
21 68 126
21 69 600
21 70 617
21 71 355
21 72 247
21 73 528
21 74 370
21 75 610
21 76 286
21 77 607
21 78 489
21 79 812
21 80 220
21 81 569
21 82 270
21 83 188
21 84 210
21 85 522
21 86 380
21 87 278
21 88 140
21 89 113
21 90 298
21 91 194
21 92 272
21 93 485
21 94 467
21 95 661
21 96 314
21 97 581
21 98 708
21 99 425
21 100 178
22 23 462
22 24 284
22 25 875
22 26 725
22 27 611
22 28 136
22 29 934
22 30 909
22 31 643
22 32 810
22 33 478
22 34 757
22 35 133
22 36 564
22 37 723
22 38 108
22 39 440
22 40 854
22 41 759
22 42 642
22 43 742
22 44 1007
22 45 852
22 46 843
22 47 267
22 48 372
22 49 785
22 50 1053
22 51 946
22 52 811
22 53 950
22 54 463
22 55 977
22 56 435
22 57 330
22 58 401
22 59 853
22 60 519
22 61 90
22 62 459
22 63 297
22 64 306
22 65 268
22 66 379
22 67 630
22 68 580
22 69 1093
22 70 175
22 71 308
22 72 348
22 73 866
22 74 766
22 75 1038
22 76 784
22 77 89
22 78 709
22 79 714
22 80 647
22 81 499
22 82 320
22 83 737
22 84 448
22 85 653
22 86 215
22 87 624
22 88 691
22 89 674
22 90 510
22 91 409
22 92 840
22 93 440
22 94 341
22 95 1083
22 96 263
22 97 80
22 98 1168
22 99 973
22 100 727
23 24 228
23 25 413
23 26 474
23 27 291
23 28 469
23 29 589
23 30 559
23 31 220
23 32 556
23 33 126
23 34 306
23 35 402
23 36 372
23 37 450
23 38 514
23 39 365
23 40 587
23 41 318
23 42 553
23 43 293
23 44 563
23 45 463
23 46 491
23 47 240
23 48 238
23 49 518
23 50 642
23 51 551
23 52 680
23 53 513
23 54 326
23 55 514
23 56 387
23 57 179
23 58 530
23 59 428
23 60 521
23 61 386
23 62 38
23 63 408
23 64 222
23 65 227
23 66 319
23 67 279
23 68 264
23 69 666
23 70 398
23 71 470
23 72 207
23 73 404
23 74 719
23 75 587
23 76 398
23 77 442
23 78 250
23 79 456
23 80 260
23 81 211
23 82 369
23 83 538
23 84 154
23 85 218
23 86 263
23 87 602
23 88 389
23 89 463
23 90 561
23 91 383
23 92 588
23 93 132
23 94 164
23 95 628
23 96 350
23 97 520
23 98 722
23 99 607
23 100 529
24 25 619
24 26 645
24 27 328
24 28 250
24 29 800
24 30 771
24 31 445
24 32 733
24 33 309
24 34 487
24 35 186
24 36 307
24 37 453
24 38 303
24 39 218
24 40 770
24 41 547
24 42 655
24 43 521
24 44 790
24 45 568
24 46 562
24 47 16
24 48 306
24 49 698
24 50 869
24 51 775
24 52 809
24 53 741
24 54 423
24 55 728
24 56 448
24 57 217
24 58 523
24 59 656
24 60 576
24 61 238
24 62 208
24 63 385
24 64 236
24 65 198
24 66 150
24 67 481
24 68 449
24 69 894
24 70 172
24 71 436
24 72 262
24 73 621
24 74 813
24 75 812
24 76 618
24 77 234
24 78 448
24 79 448
24 80 475
24 81 215
24 82 370
24 83 690
24 84 304
24 85 380
24 86 179
24 87 677
24 88 577
24 89 616
24 90 597
24 91 431
24 92 765
24 93 160
24 94 67
24 95 851
24 96 319
24 97 358
24 98 948
24 99 825
24 100 681
25 26 579
25 27 422
25 28 870
25 29 509
25 30 482
25 31 300
25 32 618
25 33 438
25 34 154
25 35 804
25 36 569
25 37 512
25 38 920
25 39 654
25 40 620
25 41 213
25 42 770
25 43 191
25 44 253
25 45 326
25 46 409
25 47 634
25 48 593
25 49 582
25 50 409
25 51 391
25 52 822
25 53 250
25 54 619
25 55 113
25 56 700
25 57 573
25 58 874
25 59 261
25 60 809
25 61 798
25 62 418
25 63 779
25 64 613
25 65 631
25 66 644
25 67 406
25 68 450
25 69 384
25 70 792
25 71 841
25 72 583
25 73 60
25 74 918
25 75 241
25 76 353
25 77 848
25 78 171
25 79 531
25 80 353
25 81 464
25 82 733
25 83 667
25 84 482
25 85 256
25 86 673
25 87 850
25 88 486
25 89 617
25 90 863
25 91 709
25 92 640
25 93 465
25 94 552
25 95 261
25 96 734
25 97 933
25 98 374
25 99 483
25 100 664
26 27 744
26 28 809
26 29 243
26 30 231
26 31 324
26 32 88
26 33 350
26 34 606
26 35 749
26 36 845
26 37 901
26 38 823
26 39 831
26 40 129
26 41 367
26 42 223
26 43 396
26 44 500
26 45 829
26 46 890
26 47 648
26 48 361
26 49 60
26 50 437
26 51 327
26 52 243
26 53 437
26 54 262
26 55 604
26 56 309
26 57 436
26 58 460
26 59 349
26 60 328
26 61 636
26 62 512
26 63 458
26 64 437
26 65 482
26 66 776
26 67 209
26 68 210
26 69 506
26 70 768
26 71 492
26 72 398
26 73 524
26 74 344
26 75 553
26 76 234
26 77 761
26 78 539
26 79 910
26 80 256
26 81 683
26 82 418
26 83 87
26 84 342
26 85 595
26 86 534
26 87 313
26 88 98
26 89 66
26 90 385
26 91 334
26 92 120
26 93 605
26 94 603
26 95 603
26 96 466
26 97 733
26 98 627
26 99 299
26 100 85
27 28 549
27 29 805
27 30 774
27 31 436
27 32 819
27 33 415
27 34 267
27 35 497
27 36 147
27 37 159
27 38 611
27 39 250
27 40 844
27 41 473
27 42 844
27 43 434
27 44 659
27 45 247
27 46 233
27 47 344
27 48 521
27 49 780
27 50 789
27 51 729
27 52 965
27 53 632
27 54 617
27 55 533
27 56 675
27 57 445
27 58 801
27 59 586
27 60 810
27 61 565
27 62 256
27 63 668
27 64 484
27 65 469
27 66 267
27 67 537
27 68 538
27 69 786
27 70 468
27 71 728
27 72 483
27 73 454
27 74 1010
27 75 658
27 76 608
27 77 550
27 78 279
27 79 166
27 80 498
27 81 114
27 82 638
27 83 817
27 84 445
27 85 183
27 86 479
27 87 893
27 88 651
27 89 744
27 90 846
27 91 667
27 92 851
27 93 196
27 94 284
27 95 683
27 96 603
27 97 687
27 98 795
27 99 806
27 100 809
28 29 1000
28 30 974
28 31 675
28 32 897
28 33 519
28 34 736
28 35 67
28 36 475
28 37 639
28 38 64
28 39 341
28 40 939
28 41 784
28 42 753
28 43 762
28 44 1032
28 45 796
28 46 775
28 47 235
28 48 448
28 49 868
28 50 1097
28 51 996
28 52 921
28 53 979
28 54 553
28 55 977
28 56 540
28 57 383
28 58 531
28 59 889
28 60 639
28 61 190
28 62 455
28 63 416
28 64 373
28 65 329
28 66 291
28 67 685
28 68 642
28 69 1129
28 70 81
28 71 436
28 72 414
28 73 870
28 74 888
28 75 1056
28 76 834
28 77 53
28 78 699
28 79 627
28 80 692
28 81 445
28 82 429
28 83 833
28 84 498
28 85 628
28 86 275
28 87 745
28 88 762
28 89 765
28 90 636
28 91 516
28 92 928
28 93 408
28 94 317
28 95 1097
28 96 369
28 97 206
28 98 1191
28 99 1034
28 100 823
29 30 31
29 31 378
29 32 199
29 33 491
29 34 596
29 35 936
29 36 932
29 37 946
29 38 1024
29 39 952
29 40 168
29 41 339
29 42 456
29 43 379
29 44 332
29 45 817
29 46 892
29 47 807
29 48 561
29 49 192
29 50 215
29 51 133
29 52 407
29 53 286
29 54 485
29 55 487
29 56 545
29 57 617
29 58 703
29 59 248
29 60 571
29 61 844
29 62 624
29 63 690
29 64 631
29 65 673
29 66 908
29 67 319
29 68 358
29 69 291
29 70 947
29 71 729
29 72 588
29 73 448
29 74 538
29 75 387
29 76 198
29 77 957
29 78 545
29 79 960
29 80 329
29 81 776
29 82 646
29 83 297
29 84 503
29 85 628
29 86 727
29 87 545
29 88 243
29 89 309
29 90 627
29 91 569
29 92 198
29 93 717
29 94 745
29 95 430
29 96 687
29 97 953
29 98 420
29 99 60
29 100 303
30 31 347
30 32 199
30 33 462
30 34 566
30 35 909
30 36 901
30 37 915
30 38 998
30 39 921
30 40 173
30 41 309
30 42 450
30 43 349
30 44 316
30 45 788
30 46 862
30 47 778
30 48 537
30 49 185
30 50 212
30 51 117
30 52 412
30 53 266
30 54 464
30 55 464
30 56 527
30 57 590
30 58 689
30 59 221
30 60 559
30 61 819
30 62 593
30 63 670
30 64 605
30 65 647
30 66 878
30 67 290
30 68 332
30 69 286
30 70 920
30 71 711
30 72 563
30 73 421
30 74 540
30 75 371
30 76 167
30 77 931
30 78 515
30 79 929
30 80 299
30 81 745
30 82 626
30 83 293
30 84 476
30 85 597
30 86 702
30 87 539
30 88 220
30 89 298
30 90 616
30 91 550
30 92 202
30 93 686
30 94 716
30 95 416
30 96 666
30 97 930
30 98 414
30 99 68
30 100 297
31 32 389
31 33 165
31 34 285
31 35 607
31 36 555
31 37 586
31 38 712
31 39 576
31 40 410
31 41 118
31 42 482
31 43 115
31 44 365
31 45 506
31 46 565
31 47 455
31 48 308
31 49 350
31 50 424
31 51 331
31 52 562
31 53 307
31 54 319
31 55 369
31 56 400
31 57 314
31 58 576
31 59 213
31 60 509
31 61 556
31 62 250
31 63 491
31 64 347
31 65 376
31 66 536
31 67 119
31 68 152
31 69 454
31 70 609
31 71 550
31 72 309
31 73 262
31 74 639
31 75 399
31 76 181
31 77 640
31 78 217
31 79 597
31 80 67
31 81 398
31 82 444
31 83 406
31 84 203
31 85 273
31 86 428
31 87 556
31 88 225
31 89 342
31 90 563
31 91 410
31 92 419
31 93 341
31 94 383
31 95 446
31 96 454
31 97 686
31 98 525
31 99 390
31 100 401
32 33 435
32 34 662
32 35 837
32 36 925
32 37 973
32 38 909
32 39 916
32 40 45
32 41 412
32 42 260
32 43 446
32 44 502
32 45 888
32 46 953
32 47 736
32 48 449
32 49 39
32 50 411
32 51 311
32 52 217
32 53 444
32 54 347
32 55 627
32 56 388
32 57 524
32 58 526
32 59 369
32 60 385
32 61 722
32 62 594
32 63 537
32 64 525
32 65 570
32 66 862
32 67 283
32 68 292
32 69 485
32 70 857
32 71 567
32 72 486
32 73 560
32 74 341
32 75 557
32 76 264
32 77 849
32 78 599
32 79 984
32 80 323
32 81 764
32 82 500
32 83 100
32 84 429
32 85 663
32 86 622
32 87 347
32 88 169
32 89 138
32 90 438
32 91 413
32 92 32
32 93 688
32 94 690
32 95 605
32 96 550
32 97 816
32 98 612
32 99 260
32 100 107
33 34 372
33 35 453
33 36 498
33 37 574
33 38 552
33 39 481
33 40 468
33 41 283
33 42 429
33 43 273
33 44 530
33 45 562
33 46 601
33 47 316
33 48 155
33 49 398
33 50 578
33 51 476
33 52 553
33 53 472
33 54 211
33 55 524
33 56 283
33 57 149
33 58 444
33 59 375
33 60 411
33 61 391
33 62 165
33 63 341
33 64 182
33 65 211
33 66 428
33 67 172
33 68 143
33 69 615
33 70 460
33 71 403
33 72 146
33 73 413
33 74 595
33 75 564
33 76 314
33 77 481
33 78 304
33 79 581
33 80 172
33 81 338
33 82 296
33 83 412
33 84 44
33 85 309
33 86 263
33 87 484
33 88 271
33 89 337
33 90 457
33 91 285
33 92 468
33 93 255
33 94 258
33 95 611
33 96 296
33 97 520
33 98 691
33 99 518
33 100 403
34 35 673
34 36 415
34 37 368
34 38 790
34 39 501
34 40 675
34 41 258
34 42 765
34 43 220
34 44 396
34 45 225
34 46 296
34 47 502
34 48 524
34 49 624
34 50 538
34 51 496
34 52 847
34 53 378
34 54 577
34 55 267
34 56 653
34 57 483
34 58 816
34 59 353
34 60 776
34 61 687
34 62 300
34 63 706
34 64 526
34 65 534
34 66 495
34 67 404
34 68 432
34 69 525
34 70 656
34 71 768
34 72 503
34 73 189
34 74 924
34 75 392
34 76 411
34 77 720
34 78 70
34 79 386
34 80 352
34 81 313
34 82 663
34 83 690
34 84 416
34 85 108
34 86 568
34 87 835
34 88 507
34 89 628
34 90 826
34 91 657
34 92 689
34 93 327
34 94 421
34 95 415
34 96 652
34 97 821
34 98 527
34 99 583
34 100 685
35 36 436
35 37 598
35 38 117
35 39 308
35 40 879
35 41 717
35 42 705
35 43 694
35 44 964
35 45 743
35 46 726
35 47 171
35 48 388
35 49 808
35 50 1030
35 51 929
35 52 871
35 53 912
35 54 497
35 55 912
35 56 490
35 57 319
35 58 499
35 59 821
35 60 596
35 61 153
35 62 388
35 63 375
35 64 311
35 65 267
35 66 250
35 67 620
35 68 577
35 69 1062
35 70 42
35 71 404
35 72 352
35 73 804
35 74 845
35 75 989
35 76 767
35 77 53
35 78 634
35 79 588
35 80 625
35 81 390
35 82 383
35 83 777
35 84 433
35 85 566
35 86 215
35 87 702
35 88 699
35 89 707
35 90 598
35 91 467
35 92 869
35 93 346
35 94 253
35 95 1030
35 96 323
35 97 213
35 98 1124
35 99 968
35 100 766
36 37 164
36 38 539
36 39 136
36 40 953
36 41 609
36 42 914
36 43 570
36 44 805
36 45 360
36 46 315
36 47 320
36 48 571
36 49 887
36 50 931
36 51 864
36 52 1050
36 53 776
36 54 680
36 55 681
36 56 725
36 57 485
36 58 825
36 59 723
36 60 859
36 61 540
36 62 333
36 63 687
36 64 517
36 65 490
36 66 185
36 67 643
36 68 635
36 69 930
36 70 399
36 71 741
36 72 528
36 73 601
36 74 1079
36 75 806
36 76 734
36 77 489
36 78 423
36 79 152
36 80 612
36 81 161
36 82 666
36 83 910
36 84 519
36 85 326
36 86 483
36 87 952
36 88 756
36 89 835
36 90 888
36 91 713
36 92 957
36 93 244
36 94 293
36 95 830
36 96 621
36 97 644
36 98 942
36 99 938
36 100 901
37 38 703
37 39 301
37 40 996
37 41 608
37 42 1003
37 43 568
37 44 763
37 45 231
37 46 164
37 47 468
37 48 677
37 49 934
37 50 907
37 51 859
37 52 1124
37 53 746
37 54 776
37 55 614
37 56 832
37 57 598
37 58 951
37 59 714
37 60 967
37 61 691
37 62 415
37 63 817
37 64 636
37 65 616
37 66 348
37 67 692
37 68 696
37 69 893
37 70 562
37 71 874
37 72 638
37 73 556
37 74 1170
37 75 752
37 76 751
37 77 651
37 78 403
37 79 21
37 80 650
37 81 257
37 82 789
37 83 975
37 84 605
37 85 317
37 86 619
37 87 1052
37 88 805
37 89 903
37 90 1002
37 91 824
37 92 1004
37 93 347
37 94 423
37 95 768
37 96 751
37 97 802
37 98 882
37 99 941
37 100 967
38 39 406
38 40 952
38 41 824
38 42 749
38 43 804
38 44 1073
38 45 858
38 46 838
38 47 288
38 48 464
38 49 883
38 50 1130
38 51 1027
38 52 918
38 53 1018
38 54 562
38 55 1026
38 56 540
38 57 409
38 58 509
38 59 925
38 60 627
38 61 188
38 62 503
38 63 405
38 64 392
38 65 350
38 66 355
38 67 713
38 68 666
38 69 1166
38 70 143
38 71 417
38 72 435
38 73 917
38 74 875
38 75 1100
38 76 864
38 77 72
38 78 750
38 79 692
38 80 724
38 81 505
38 82 426
38 83 840
38 84 527
38 85 683
38 86 296
38 87 733
38 88 782
38 89 774
38 90 619
38 91 515
38 92 940
38 93 463
38 94 369
38 95 1142
38 96 367
38 97 160
38 98 1233
38 99 1060
38 100 830
39 40 949
39 41 652
39 42 867
39 43 617
39 44 871
39 45 487
39 46 449
39 47 226
39 48 517
39 49 879
39 50 981
39 51 902
39 52 1015
39 53 834
39 54 632
39 55 767
39 56 664
39 57 427
39 58 740
39 59 767
39 60 794
39 61 428
39 62 329
39 63 602
39 64 452
39 65 416
39 66 69
39 67 644
39 68 624
39 69 990
39 70 269
39 71 651
39 72 472
39 73 676
39 74 1027
39 75 880
39 76 757
39 77 360
39 78 492
39 79 287
39 80 623
39 81 193
39 82 588
39 83 887
39 84 490
39 85 398
39 86 396
39 87 893
39 88 752
39 89 811
39 90 815
39 91 648
39 92 949
39 93 235
39 94 233
39 95 910
39 96 537
39 97 520
39 98 1018
39 99 967
39 100 877
40 41 419
40 42 301
40 43 455
40 44 486
40 45 900
40 46 968
40 47 774
40 48 491
40 49 71
40 50 383
40 51 290
40 52 239
40 53 431
40 54 391
40 55 621
40 56 433
40 57 564
40 58 571
40 59 364
40 60 429
40 61 766
40 62 625
40 63 583
40 64 567
40 65 612
40 66 896
40 67 309
40 68 325
40 69 459
40 70 897
40 71 612
40 72 527
40 73 561
40 74 369
40 75 541
40 76 268
40 77 891
40 78 614
40 79 1007
40 80 345
40 81 792
40 82 545
40 83 142
40 84 466
40 85 682
40 86 663
40 87 387
40 88 198
40 89 183
40 90 482
40 91 458
40 92 29
40 93 719
40 94 725
40 95 587
40 96 595
40 97 860
40 98 587
40 99 228
40 100 150
41 42 558
41 43 40
41 44 248
41 45 483
41 46 555
41 47 558
41 48 426
41 49 375
41 50 329
41 51 255
41 52 611
41 53 194
41 54 426
41 55 260
41 56 507
41 57 432
41 58 685
41 59 115
41 60 606
41 61 673
41 62 342
41 63 607
41 64 466
41 65 494
41 66 620
41 67 199
41 68 248
41 69 347
41 70 715
41 71 665
41 72 428
41 73 162
41 74 705
41 75 281
41 76 152
41 77 752
41 78 206
41 79 623
41 80 148
41 81 463
41 82 560
41 83 455
41 84 321
41 85 292
41 86 544
41 87 640
41 88 272
41 89 404
41 90 662
41 91 520
41 92 436
41 93 424
41 94 482
41 95 328
41 96 572
41 97 804
41 98 409
41 99 333
41 100 451
42 43 580
42 44 721
42 45 977
42 46 1025
42 47 653
42 48 350
42 49 264
42 50 659
42 51 551
42 52 168
42 53 657
42 54 235
42 55 811
42 56 214
42 57 440
42 58 287
42 59 563
42 60 139
42 61 564
42 62 589
42 63 345
42 64 419
42 65 461
42 66 803
42 67 366
42 68 332
42 69 730
42 70 734
42 71 352
42 72 394
42 73 721
42 74 166
42 75 773
42 76 448
42 77 701
42 78 695
42 79 1009
42 80 420
42 81 759
42 82 324
42 83 160
42 84 399
42 85 728
42 86 499
42 87 89
42 88 293
42 89 163
42 90 184
42 91 237
42 92 274
42 93 671
42 94 635
42 95 824
42 96 384
42 97 626
42 98 851
42 99 515
42 100 153
43 44 270
43 45 445
43 46 516
43 47 533
43 48 422
43 49 408
43 50 364
43 51 294
43 52 640
43 53 221
43 54 433
43 55 254
43 56 514
43 57 420
43 58 691
43 59 152
43 60 619
43 61 658
43 62 314
43 63 606
43 64 455
43 65 481
43 66 588
43 67 215
43 68 259
43 69 377
43 70 691
43 71 665
43 72 419
43 73 148
43 74 730
43 75 296
43 76 190
43 77 732
43 78 166
43 79 583
43 80 161
43 81 427
43 82 559
43 83 483
43 84 314
43 85 252
43 86 530
43 87 659
43 88 300
43 89 429
43 90 674
43 91 525
43 92 471
43 93 391
43 94 454
43 95 340
43 96 567
43 97 790
43 98 429
43 99 373
43 100 480
44 45 577
44 46 662
44 47 803
44 48 666
44 49 476
44 50 166
44 51 199
44 52 719
44 53 64
44 54 645
44 55 178
44 56 724
44 57 679
44 58 902
44 59 167
44 60 800
44 61 921
44 62 583
44 63 840
44 64 711
44 65 742
44 66 849
44 67 412
44 68 467
44 69 130
44 70 961
44 71 895
44 72 672
44 73 206
44 74 839
44 75 55
44 76 277
44 77 1001
44 78 382
44 79 782
44 80 375
44 81 678
44 82 792
44 83 581
44 84 566
44 85 479
44 86 793
44 87 809
44 88 432
44 89 557
44 90 858
44 91 741
44 92 513
44 93 655
44 94 724
44 95 103
44 96 812
44 97 1051
44 98 160
44 99 286
44 100 582
45 46 86
45 47 584
45 48 700
45 49 849
45 50 735
45 51 709
45 52 1069
45 53 575
45 54 773
45 55 411
45 56 844
45 57 640
45 58 993
45 59 570
45 60 973
45 61 799
45 62 440
45 63 869
45 64 683
45 65 678
45 66 512
45 67 624
45 68 646
45 69 708
45 70 714
45 71 931
45 72 670
45 73 382
45 74 1140
45 75 556
45 76 636
45 77 795
45 78 289
45 79 252
45 80 573
45 81 353
45 82 832
45 83 913
45 84 602
45 85 252
45 86 699
45 87 1042
45 88 730
45 89 848
45 90 1018
45 91 843
45 92 915
45 93 417
45 94 515
45 95 563
45 96 809
45 97 926
45 98 677
45 99 799
45 100 907
46 47 577
46 48 729
46 49 913
46 50 818
46 51 788
46 52 1126
46 53 658
46 54 812
46 55 497
46 56 878
46 57 662
46 58 1018
46 59 647
46 60 1011
46 61 799
46 62 463
46 63 890
46 64 704
46 65 693
46 66 485
46 67 682
46 68 699
46 69 792
46 70 695
46 71 951
46 72 696
46 73 464
46 74 1190
46 75 642
46 76 706
46 77 780
46 78 354
46 79 185
46 80 633
46 81 347
46 82 856
46 83 971
46 84 639
46 85 297
46 86 708
46 87 1085
46 88 791
46 89 904
46 90 1053
46 91 875
46 92 981
46 93 423
46 94 516
46 95 649
46 96 827
46 97 920
46 98 763
46 99 877
46 100 965
47 48 304
47 49 702
47 50 880
47 51 785
47 52 808
47 53 753
47 54 422
47 55 742
47 56 444
47 57 217
47 58 513
47 59 667
47 60 571
47 61 223
47 62 221
47 63 376
47 64 233
47 65 193
47 66 157
47 67 488
47 68 454
47 69 906
47 70 159
47 71 426
47 72 261
47 73 635
47 74 809
47 75 825
47 76 626
47 77 218
47 78 463
47 79 462
47 80 483
47 81 231
47 82 362
47 83 691
47 84 308
47 85 395
47 86 170
47 87 672
47 88 582
47 89 617
47 90 590
47 91 426
47 92 768
47 93 176
47 94 82
47 95 864
47 96 310
47 97 342
47 98 961
47 99 833
47 100 681
48 49 420
48 50 689
48 51 579
48 52 503
48 53 604
48 54 117
48 55 676
48 56 154
48 57 89
48 58 294
48 59 502
48 60 290
48 61 282
48 62 267
48 63 185
48 64 76
48 65 121
48 66 452
48 67 263
48 68 211
48 69 736
48 70 408
48 71 247
48 72 44
48 73 565
48 74 511
48 75 705
48 76 418
48 77 401
48 78 458
48 79 680
48 80 291
48 81 423
48 82 140
48 83 392
48 84 111
48 85 451
48 86 172
48 87 381
48 88 318
48 89 320
48 90 325
48 91 146
48 92 481
48 93 332
48 94 285
48 95 753
48 96 146
48 97 397
48 98 824
48 99 601
48 100 382
49 50 396
49 51 292
49 52 245
49 53 417
49 54 323
49 55 595
49 56 370
49 57 492
49 58 517
49 59 337
49 60 380
49 61 696
49 62 556
49 63 519
49 64 496
49 65 540
49 66 826
49 67 244
49 68 255
49 69 469
49 70 826
49 71 552
49 72 455
49 73 525
49 74 363
49 75 531
49 76 229
49 77 821
49 78 560
49 79 945
49 80 284
49 81 725
49 82 479
49 83 108
49 84 394
49 85 623
49 86 592
49 87 354
49 88 130
49 89 122
49 90 436
49 91 395
49 92 70
49 93 650
49 94 654
49 95 580
49 96 527
49 97 794
49 98 593
49 99 251
49 100 112
50 51 113
50 52 622
50 53 161
50 54 640
50 55 344
50 56 712
50 57 723
50 58 882
50 59 214
50 60 761
50 61 964
50 62 669
50 63 845
50 64 748
50 65 784
50 66 950
50 67 425
50 68 478
50 69 76
50 70 1033
50 71 893
50 72 705
50 73 354
50 74 752
50 75 209
50 76 270
50 77 1060
50 78 510
50 79 924
50 80 407
50 81 791
50 82 799
50 83 504
50 84 605
50 85 605
50 86 838
50 87 749
50 88 400
50 89 502
50 90 819
50 91 732
50 92 412
50 93 753
50 94 806
50 95 240
50 96 830
50 97 1085
50 98 207
50 99 156
50 100 508
51 52 528
51 53 154
51 54 527
51 55 356
51 56 598
51 57 617
51 58 769
51 59 144
51 60 649
51 61 856
51 62 581
51 63 732
51 64 640
51 65 678
51 66 866
51 67 316
51 68 368
51 69 179
51 70 935
51 71 780
51 72 598
51 73 331
51 74 653
51 75 254
51 76 162
51 77 957
51 78 455
51 79 875
51 80 304
51 81 716
51 82 686
51 83 400
51 84 500
51 85 546
51 86 732
51 87 641
51 88 286
51 89 391
51 90 707
51 91 619
51 92 318
51 93 670
51 94 714
51 95 298
51 96 718
51 97 976
51 98 301
51 99 93
51 100 403
52 53 661
52 54 386
52 55 841
52 56 380
52 57 591
52 58 447
52 59 583
52 60 302
52 61 732
52 62 718
52 63 514
52 64 577
52 65 620
52 66 953
52 67 444
52 68 429
52 69 698
52 70 899
52 71 519
52 72 547
52 73 767
52 74 136
52 75 774
52 76 473
52 77 869
52 78 780
52 79 1132
52 80 495
52 81 890
52 82 492
52 83 156
52 84 531
52 85 829
52 86 662
52 87 213
52 88 341
52 89 222
52 90 335
52 91 404
52 92 210
52 93 805
52 94 782
52 95 822
52 96 552
52 97 794
52 98 826
52 99 467
52 100 161
53 54 581
53 55 202
53 56 659
53 57 621
53 58 837
53 59 103
53 60 735
53 61 863
53 62 535
53 63 777
53 64 652
53 65 683
53 66 808
53 67 348
53 68 404
53 69 156
53 70 910
53 71 831
53 72 612
53 73 194
53 74 779
53 75 116
53 76 212
53 77 946
53 78 353
53 79 764
53 80 313
53 81 642
53 82 729
53 83 520
53 84 506
53 85 449
53 86 735
53 87 746
53 88 368
53 89 494
53 90 793
53 91 676
53 92 457
53 93 612
53 94 675
53 95 166
53 96 750
53 97 992
53 98 220
53 99 247
53 100 521
54 55 686
54 56 81
54 57 206
54 58 259
54 59 477
54 60 200
54 61 375
54 62 360
54 63 206
54 64 191
54 65 236
54 66 569
54 67 233
54 68 179
54 69 696
54 70 520
54 71 253
54 72 161
54 73 581
54 74 399
54 75 690
54 76 376
54 77 503
54 78 508
54 79 780
54 80 278
54 81 526
54 82 161
54 83 280
54 84 173
54 85 521
54 86 282
54 87 276
54 88 244
54 89 212
54 90 248
54 91 95
54 92 377
54 93 437
54 94 400
54 95 741
54 96 204
54 97 471
54 98 797
54 99 532
54 100 269
55 56 767
55 57 665
55 58 945
55 59 258
55 60 866
55 61 897
55 62 523
55 63 860
55 64 704
55 65 725
55 66 757
55 67 459
55 68 509
55 69 302
55 70 901
55 71 920
55 72 670
55 73 111
55 74 948
55 75 146
55 76 369
55 77 954
55 78 282
55 79 634
55 80 409
55 81 577
55 82 813
55 83 691
55 84 566
55 85 369
55 86 770
55 87 895
55 88 518
55 89 651
55 90 922
55 91 779
55 92 645
55 93 576
55 94 660
55 95 154
55 96 820
55 97 1031
55 98 268
55 99 449
55 100 689
56 57 240
56 58 178
56 59 556
56 60 135
56 61 353
56 62 419
56 63 149
56 64 212
56 65 250
56 66 598
56 67 313
56 68 260
56 69 770
56 70 519
56 71 184
56 72 196
56 73 663
56 74 365
56 75 770
56 76 452
56 77 488
56 78 584
56 79 834
56 80 359
56 81 577
56 82 115
56 83 305
56 84 241
56 85 592
56 86 285
56 87 229
56 88 312
56 89 249
56 90 174
56 91 25
56 92 415
56 93 487
56 94 436
56 95 820
56 96 172
56 97 430
56 98 875
56 99 595
56 100 295
57 58 356
57 59 523
57 60 374
57 61 242
57 62 200
57 63 229
57 64 43
57 65 62
57 66 363
57 67 303
57 68 258
57 69 762
57 70 334
57 71 291
57 72 45
57 73 554
57 74 600
57 75 713
57 76 455
57 77 341
57 78 422
57 79 599
57 80 316
57 81 341
57 82 194
57 83 475
57 84 118
57 85 398
57 86 115
57 87 469
57 88 380
57 89 401
57 90 405
57 91 228
57 92 556
57 93 251
57 94 196
57 95 759
57 96 170
57 97 371
57 98 840
57 99 651
57 100 465
58 59 734
58 60 148
58 61 345
58 62 555
58 63 137
58 64 316
58 65 335
58 66 671
58 67 492
58 68 438
58 69 944
58 70 537
58 71 95
58 72 322
58 73 839
58 74 375
58 75 948
58 76 628
58 77 478
58 78 749
58 79 951
58 80 537
58 81 694
58 82 163
58 83 430
58 84 400
58 85 745
58 86 343
58 87 239
58 88 482
58 89 395
58 90 115
58 91 165
58 92 547
58 93 605
58 94 532
58 95 999
58 96 204
58 97 364
58 98 1051
58 99 757
58 100 421
59 60 635
59 61 766
59 62 455
59 63 674
59 64 552
59 65 585
59 66 735
59 67 245
59 68 300
59 69 240
59 70 822
59 71 728
59 72 512
59 73 201
59 74 693
59 75 215
59 76 115
59 77 854
59 78 311
59 79 731
59 80 211
59 81 579
59 82 626
59 83 434
59 84 407
59 85 402
59 86 638
59 87 650
59 88 271
59 89 400
59 90 693
59 91 573
59 92 387
59 93 538
59 94 592
59 95 266
59 96 648
59 97 892
59 98 322
59 99 230
59 100 434
60 61 448
60 62 554
60 63 223
60 64 343
60 65 378
60 66 727
60 67 406
60 68 359
60 69 827
60 70 629
60 71 218
60 72 331
60 73 766
60 74 249
60 75 850
60 76 523
60 77 585
60 78 707
60 79 970
60 80 458
60 81 713
60 82 214
60 83 286
60 84 372
60 85 721
60 86 405
60 87 106
60 88 368
60 89 261
60 90 58
60 91 146
60 92 404
60 93 622
60 94 569
60 95 901
60 96 274
60 97 495
60 98 942
60 99 627
60 100 278
61 62 387
61 63 225
61 64 216
61 65 180
61 66 361
61 67 540
61 68 490
61 69 1005
61 70 193
61 71 250
61 72 258
61 73 786
61 74 697
61 75 954
61 76 694
61 77 137
61 78 635
61 79 685
61 80 558
61 81 451
61 82 240
61 83 652
61 84 359
61 85 587
61 86 128
61 87 554
61 88 601
61 89 587
61 90 446
61 91 328
61 92 753
61 93 382
61 94 284
61 95 999
61 96 180
61 97 134
61 98 1082
61 99 883
61 100 642
62 63 429
62 64 242
62 65 240
62 66 285
62 67 316
62 68 302
62 69 690
62 70 380
62 71 491
62 72 233
62 73 415
62 74 755
62 75 604
62 76 431
62 77 431
62 78 250
62 79 420
62 80 294
62 81 172
62 82 393
62 83 576
62 84 190
62 85 203
62 86 269
62 87 637
62 88 427
62 89 502
62 90 592
62 91 413
62 92 627
62 93 94
62 94 141
62 95 643
62 96 369
62 97 521
62 98 740
62 99 640
62 100 568
63 64 186
63 65 200
63 66 533
63 67 429
63 68 373
63 69 899
63 70 410
63 71 62
63 72 202
63 73 751
63 74 472
63 75 882
63 76 579
63 77 362
63 78 641
63 79 815
63 80 465
63 81 560
63 82 47
63 83 454
63 84 296
63 85 626
63 86 206
63 87 329
63 88 451
63 89 399
63 90 223
63 91 124
63 92 564
63 93 472
63 94 396
63 95 932
63 96 66
63 97 283
63 98 996
63 99 738
63 100 444
64 65 45
64 66 385
64 67 323
64 68 275
64 69 790
64 70 331
64 71 248
64 72 42
64 73 592
64 74 576
64 75 747
64 76 478
64 77 327
64 78 464
64 79 636
64 80 343
64 81 379
64 82 153
64 83 469
64 84 145
64 85 441
64 86 97
64 87 441
64 88 390
64 89 397
64 90 370
64 91 197
64 92 557
64 93 289
64 94 225
64 95 794
64 96 127
64 97 340
64 98 871
64 99 668
64 100 458
65 66 349
65 67 362
65 68 315
65 69 825
65 70 286
65 71 259
65 72 85
65 73 613
65 74 615
65 75 775
65 76 516
65 77 284
65 78 475
65 79 615
65 80 378
65 81 359
65 82 175
65 83 514
65 84 179
65 85 443
65 86 54
65 87 478
65 88 433
65 89 442
65 90 400
65 91 232
65 92 602
65 93 272
65 94 197
65 95 821
65 96 134
65 97 309
65 98 902
65 99 709
65 100 503
66 67 595
66 68 571
66 69 964
66 70 213
66 71 582
66 72 408
66 73 660
66 74 962
66 75 862
66 76 716
66 77 303
66 78 476
66 79 337
66 80 579
66 81 182
66 82 520
66 83 828
66 84 433
66 85 388
66 86 327
66 87 827
66 88 700
66 89 753
66 90 747
66 91 581
66 92 895
66 93 196
66 94 173
66 95 895
66 96 468
66 97 459
66 98 1000
66 99 926
66 100 818
67 68 55
67 69 473
67 70 629
67 71 482
67 72 281
67 73 361
67 74 521
67 75 457
67 76 155
67 77 644
67 78 336
67 79 702
67 80 54
67 81 482
67 82 381
67 83 289
67 84 186
67 85 386
67 86 417
67 87 443
67 88 114
67 89 224
67 90 462
67 91 328
67 92 314
67 93 411
67 94 428
67 95 507
67 96 406
67 97 660
67 98 567
67 99 348
67 100 283
68 69 527
68 70 589
68 71 427
68 72 232
68 73 407
68 74 493
68 75 511
68 76 208
68 77 599
68 78 362
68 79 704
68 80 99
68 81 473
68 82 326
68 83 279
68 84 146
68 85 401
68 86 370
68 87 404
68 88 128
68 89 207
68 90 414
68 91 274
68 92 325
68 93 396
68 94 400
68 95 562
68 96 352
68 97 608
68 98 622
68 99 393
68 100 271
69 70 1062
69 71 949
69 72 749
69 73 336
69 74 827
69 75 157
69 76 320
69 77 1094
69 78 507
69 79 911
69 80 447
69 81 798
69 82 852
69 83 577
69 84 645
69 85 603
69 86 878
69 87 820
69 88 461
69 89 570
69 90 886
69 91 790
69 92 488
69 93 768
69 94 829
69 95 176
69 96 879
69 97 1130
69 98 130
69 99 233
69 100 581
70 71 442
70 72 370
70 73 794
70 74 877
70 75 984
70 76 774
70 77 91
70 78 620
70 79 551
70 80 631
70 81 364
70 82 415
70 83 800
70 84 444
70 85 548
70 86 238
70 87 735
70 88 714
70 89 729
70 90 634
70 91 497
70 92 889
70 93 328
70 94 240
70 95 1024
70 96 355
70 97 255
70 98 1119
70 99 978
70 100 789
71 72 265
71 73 811
71 74 461
71 75 938
71 76 629
71 77 383
71 78 704
71 79 872
71 80 522
71 81 618
71 82 107
71 83 478
71 84 358
71 85 688
71 86 258
71 87 320
71 88 495
71 89 430
71 90 202
71 91 161
71 92 592
71 93 531
71 94 452
71 95 988
71 96 124
71 97 277
71 98 1049
71 99 780
71 100 468
72 73 559
72 74 555
72 75 708
72 76 435
72 77 369
72 78 439
72 79 640
72 80 301
72 81 383
72 82 162
72 83 433
72 84 106
72 85 424
72 86 139
72 87 424
72 88 348
72 89 360
72 90 363
72 91 185
72 92 518
72 93 292
72 94 241
72 95 756
72 96 151
72 97 381
72 98 832
72 99 625
72 100 423
73 74 866
73 75 205
73 76 295
73 77 846
73 78 184
73 79 575
73 80 308
73 81 483
73 82 704
73 83 612
73 84 455
73 85 278
73 86 659
73 87 802
73 88 433
73 89 565
73 90 821
73 91 673
73 92 581
73 93 473
73 94 553
73 95 235
73 96 709
73 97 920
73 98 342
73 99 423
73 100 610
74 75 894
74 76 579
74 77 834
74 78 855
74 79 1175
74 80 575
74 81 924
74 82 462
74 83 259
74 84 565
74 85 892
74 86 649
74 87 142
74 88 432
74 89 301
74 90 260
74 91 384
74 92 340
74 93 836
74 94 796
74 95 943
74 96 522
74 97 738
74 98 954
74 99 598
74 100 259
75 76 327
75 77 1028
75 78 388
75 79 772
75 80 416
75 81 687
75 82 834
75 83 635
75 84 602
75 85 483
75 86 825
75 87 862
75 88 484
75 89 610
75 90 908
75 91 786
75 92 568
75 93 671
75 94 744
75 95 50
75 96 851
75 97 1085
75 98 138
75 99 339
75 100 636
76 77 795
76 78 354
76 79 764
76 80 142
76 81 579
76 82 532
76 83 321
76 84 337
76 85 433
76 86 570
76 87 535
76 88 156
76 89 285
76 90 581
76 91 471
76 92 287
76 93 522
76 94 559
76 95 378
76 96 560
76 97 815
76 98 422
76 99 209
76 100 320
77 78 679
77 79 641
77 80 653
77 81 442
77 82 377
77 83 783
77 84 458
77 85 614
77 86 229
77 87 692
77 88 717
77 89 715
77 90 583
77 91 464
77 92 880
77 93 395
77 94 299
77 95 1070
77 96 317
77 97 166
77 98 1161
77 99 992
77 100 773
78 79 419
78 80 284
78 81 299
78 82 598
78 83 623
78 84 349
78 85 96
78 86 513
78 87 765
78 88 440
78 89 560
78 90 756
78 91 588
78 92 627
78 93 294
78 94 381
78 95 419
78 96 589
78 97 770
78 98 526
78 99 538
78 100 618
79 80 662
79 81 258
79 82 789
79 83 984
79 84 610
79 85 331
79 86 616
79 87 1056
79 88 816
79 89 911
79 90 1004
79 91 826
79 92 1015
79 93 348
79 94 420
79 95 788
79 96 749
79 97 794
79 98 902
79 99 957
79 100 976
80 81 453
80 82 418
80 83 339
80 84 198
80 85 340
80 86 431
80 87 497
80 88 158
80 89 276
80 90 513
80 91 372
80 92 353
80 93 388
80 94 417
80 95 466
80 96 437
80 97 682
80 98 533
80 99 350
80 100 333
81 82 531
81 83 749
81 84 361
81 85 208
81 86 366
81 87 801
81 88 595
81 89 674
81 90 746
81 91 568
81 92 796
81 93 90
81 94 170
81 95 718
81 96 494
81 97 574
81 98 825
81 99 786
81 100 741
82 83 420
82 84 251
82 85 586
82 86 193
82 87 320
82 88 406
82 89 361
82 90 227
82 91 89
82 92 528
82 93 442
82 94 373
82 95 884
82 96 60
82 97 316
82 98 948
82 99 694
82 100 410
83 84 396
83 85 675
83 86 562
83 87 247
83 88 184
83 89 75
83 90 339
83 91 331
83 92 117
83 93 667
83 94 655
83 95 685
83 96 474
83 97 736
83 98 701
83 99 357
83 100 10
84 85 350
84 86 233
84 87 449
84 88 273
84 89 320
84 90 416
84 91 241
84 92 462
84 93 274
84 94 260
84 95 649
84 96 253
84 97 485
84 98 726
84 99 535
84 100 387
85 86 473
85 87 790
85 88 498
85 89 607
85 90 766
85 91 591
85 92 692
85 93 220
85 94 315
85 95 511
85 96 568
85 97 720
85 98 621
85 99 626
85 100 668
86 87 509
86 88 487
86 89 491
86 90 421
86 91 265
86 92 653
86 93 284
86 94 196
86 95 870
86 96 140
86 97 261
86 98 953
86 99 764
86 100 551
87 88 379
87 89 252
87 90 124
87 91 245
87 92 359
87 93 712
87 94 665
87 95 912
87 96 380
87 97 598
87 98 941
87 99 604
87 100 242
88 89 132
88 90 427
88 91 334
88 92 201
88 93 521
88 94 529
88 95 535
88 96 445
88 97 710
88 98 573
88 99 287
88 100 180
89 90 318
89 91 275
89 92 166
89 93 592
89 94 579
89 95 660
89 96 412
89 97 677
89 98 689
89 99 366
89 100 66
90 91 178
90 92 456
90 93 656
90 94 595
90 95 959
90 96 283
90 97 478
90 98 1000
90 99 684
90 100 331
91 92 440
91 93 478
91 94 422
91 95 836
91 96 147
91 97 405
91 98 893
91 99 618
91 100 321
92 93 721
92 94 723
92 95 615
92 96 579
92 97 844
92 98 616
92 99 258
92 100 126
93 94 98
93 95 707
93 96 407
93 97 510
93 98 809
93 99 732
93 100 659
94 95 783
94 96 329
94 97 412
94 98 881
94 99 767
94 100 645
95 96 900
95 97 1131
95 98 114
95 99 379
95 100 686
96 97 266
96 98 970
96 99 732
96 100 464
97 98 1211
97 99 996
97 100 726
98 99 362
98 100 704
99 100 362
