100 4950
1 2 839
1 3 323
1 4 463
1 5 849
1 6 1075
1 7 398
1 8 900
1 9 925
1 10 998
1 11 718
1 12 995
1 13 508
1 14 824
1 15 381
1 16 473
1 17 855
1 18 631
1 19 1103
1 20 694
1 21 404
1 22 440
1 23 426
1 24 757
1 25 415
1 26 847
1 27 192
1 28 713
1 29 1011
1 30 780
1 31 315
1 32 49
1 33 711
1 34 966
1 35 1128
1 36 791
1 37 866
1 38 621
1 39 507
1 40 903
1 41 803
1 42 242
1 43 185
1 44 83
1 45 641
1 46 1062
1 47 1064
1 48 1079
1 49 540
1 50 664
1 51 287
1 52 164
1 53 745
1 54 812
1 55 793
1 56 397
1 57 467
1 58 1218
1 59 217
1 60 982
1 61 193
1 62 152
1 63 496
1 64 705
1 65 858
1 66 584
1 67 910
1 68 1158
1 69 810
1 70 723
1 71 783
1 72 900
1 73 767
1 74 760
1 75 110
1 76 239
1 77 881
1 78 631
1 79 665
1 80 490
1 81 187
1 82 955
1 83 675
1 84 898
1 85 840
1 86 325
1 87 689
1 88 852
1 89 972
1 90 811
1 91 544
1 92 761
1 93 414
1 94 1035
1 95 1114
1 96 970
1 97 899
1 98 878
1 99 129
1 100 309
2 3 996
2 4 787
2 5 1192
2 6 687
2 7 948
2 8 1040
2 9 654
2 10 792
2 11 785
2 12 1123
2 13 380
2 14 903
2 15 458
2 16 846
2 17 240
2 18 1080
2 19 995
2 20 157
2 21 870
2 22 503
2 23 419
2 24 905
2 25 781
2 26 970
2 27 750
2 28 160
2 29 603
2 30 605
2 31 630
2 32 817
2 33 653
2 34 472
2 35 947
2 36 48
2 37 1243
2 38 218
2 39 730
2 40 1141
2 41 1032
2 42 648
2 43 971
2 44 800
2 45 540
2 46 849
2 47 674
2 48 1002
2 49 299
2 50 883
2 51 552
2 52 679
2 53 640
2 54 1034
2 55 216
2 56 989
2 57 666
2 58 912
2 59 924
2 60 546
2 61 703
2 62 775
2 63 646
2 64 651
2 65 668
2 66 708
2 67 609
2 68 935
2 69 811
2 70 118
2 71 215
2 72 777
2 73 394
2 74 175
2 75 949
2 76 899
2 77 618
2 78 342
2 79 363
2 80 870
2 81 906
2 82 1069
2 83 801
2 84 763
2 85 403
2 86 733
2 87 568
2 88 945
2 89 983
2 90 45
2 91 546
2 92 731
2 93 793
2 94 916
2 95 972
2 96 1173
2 97 614
2 98 1169
2 99 749
2 100 717
3 4 313
3 5 555
3 6 1012
3 7 127
3 8 667
3 9 850
3 10 880
3 11 567
3 12 752
3 13 617
3 14 633
3 15 573
3 16 281
3 17 933
3 18 333
3 19 929
3 20 839
3 21 199
3 22 502
3 23 589
3 24 554
3 25 279
3 26 632
3 27 259
3 28 845
3 29 968
3 30 713
3 31 367
3 32 293
3 33 621
3 34 967
3 35 976
3 36 954
3 37 563
3 38 785
3 39 389
3 40 636
3 41 556
3 42 359
3 43 165
3 44 278
3 45 610
3 46 934
3 47 1003
3 48 897
3 49 724
3 50 459
3 51 491
3 52 431
3 53 661
3 54 565
3 55 881
3 56 95
3 57 400
3 58 1101
3 59 108
3 60 957
3 61 313
3 62 252
3 63 434
3 64 616
3 65 770
3 66 470
3 67 851
3 68 1018
3 69 656
3 70 879
3 71 874
3 72 772
3 73 789
3 74 869
3 75 308
3 76 105
3 77 816
3 78 700
3 79 715
3 80 280
3 81 138
3 82 723
3 83 513
3 84 776
3 85 858
3 86 273
3 87 640
3 88 648
3 89 775
3 90 981
3 91 530
3 92 637
3 93 269
3 94 876
3 95 950
3 96 706
3 97 837
3 98 597
3 99 297
3 100 284
4 5 457
4 6 698
4 7 203
4 8 441
4 9 536
4 10 572
4 11 265
4 12 539
4 13 418
4 14 361
4 15 465
4 16 59
4 17 669
4 18 296
4 19 646
4 20 633
4 21 116
4 22 295
4 23 446
4 24 294
4 25 47
4 26 385
4 27 276
4 28 626
4 29 656
4 30 401
4 31 234
4 32 414
4 33 307
4 34 665
4 35 681
4 36 752
4 37 495
4 38 604
4 39 77
4 40 468
4 41 357
4 42 299
4 43 416
4 44 381
4 45 312
4 46 629
4 47 690
4 48 620
4 49 571
4 50 203
4 51 426
4 52 459
4 53 348
4 54 365
4 55 628
4 56 251
4 57 121
4 58 794
4 59 324
4 60 648
4 61 303
4 62 312
4 63 146
4 64 302
4 65 457
4 66 156
4 67 538
4 68 719
4 69 358
4 70 678
4 71 622
4 72 465
4 73 503
4 74 631
4 75 519
4 76 281
4 77 503
4 78 452
4 79 451
4 80 83
4 81 335
4 82 495
4 83 216
4 84 467
4 85 566
4 86 146
4 87 333
4 88 389
4 89 509
4 90 782
4 91 252
4 92 327
4 93 51
4 94 584
4 95 662
4 96 529
4 97 524
4 98 462
4 99 349
4 100 169
5 6 840
5 7 452
5 8 255
5 9 706
5 10 643
5 11 423
5 12 279
5 13 855
5 14 350
5 15 922
5 16 412
5 17 1021
5 18 222
5 19 563
5 20 1050
5 21 454
5 22 740
5 23 900
5 24 306
5 25 490
5 26 289
5 27 696
5 28 1035
5 29 846
5 30 641
5 31 690
5 32 806
5 33 560
5 34 922
5 35 645
5 36 1165
5 37 57
5 38 1038
5 39 482
5 40 136
5 41 179
5 42 747
5 43 720
5 44 778
5 45 655
5 46 660
5 47 839
5 48 523
5 49 1017
5 50 309
5 51 881
5 52 894
5 53 588
5 54 181
5 55 1000
5 56 463
5 57 556
5 58 809
5 59 643
5 60 869
5 61 737
5 62 720
5 63 564
5 64 560
5 65 633
5 66 485
5 67 736
5 68 700
5 69 444
5 70 1096
5 71 996
5 72 556
5 73 834
5 74 1021
5 75 859
5 76 612
5 77 702
5 78 850
5 79 830
5 80 387
5 81 670
5 82 287
5 83 395
5 84 569
5 85 871
5 86 589
5 87 638
5 88 323
5 89 406
5 90 1198
5 91 651
5 92 501
5 93 483
5 94 556
5 95 601
5 96 191
5 97 721
5 98 68
5 99 766
5 100 614
6 7 897
6 8 596
6 9 161
6 10 202
6 11 471
6 12 630
6 13 640
6 14 492
6 15 812
6 16 737
6 17 448
6 18 867
6 19 380
6 20 644
6 21 814
6 22 646
6 23 751
6 24 554
6 25 733
6 26 551
6 27 892
6 28 607
6 29 85
6 30 301
6 31 759
6 32 1029
6 33 390
6 34 216
6 35 301
6 36 696
6 37 897
6 38 702
6 39 623
6 40 726
6 41 664
6 42 835
6 43 1095
6 44 997
6 45 434
6 46 218
6 47 13
6 48 406
6 49 758
6 50 612
6 51 862
6 52 979
6 53 350
6 54 660
6 55 487
6 56 944
6 57 627
6 58 225
6 59 1008
6 60 141
6 61 881
6 62 934
6 63 594
6 64 395
6 65 243
6 66 541
6 67 165
6 68 269
6 69 408
6 70 672
6 71 492
6 72 285
6 73 360
6 74 544
6 75 1164
6 76 966
6 77 197
6 78 514
6 79 466
6 80 745
6 81 1011
6 82 588
6 83 524
6 84 273
6 85 307
6 86 778
6 87 387
6 88 516
6 89 463
6 90 722
6 91 530
6 92 386
6 93 743
6 94 326
6 95 342
6 96 719
6 97 177
6 98 785
6 99 946
6 100 783
7 8 542
7 9 735
7 10 758
7 11 443
7 12 629
7 13 568
7 14 505
7 15 560
7 16 160
7 17 858
7 18 232
7 19 801
7 20 791
7 21 87
7 22 445
7 23 562
7 24 427
7 25 181
7 26 505
7 27 269
7 28 791
7 29 858
7 30 602
7 31 329
7 32 357
7 33 508
7 34 868
7 35 849
7 36 909
7 37 468
7 38 748
7 39 280
7 40 519
7 41 432
7 42 351
7 43 276
7 44 332
7 45 513
7 46 809
7 47 889
7 48 770
7 49 697
7 50 331
7 51 491
7 52 466
7 53 549
7 54 441
7 55 811
7 56 47
7 57 308
7 58 977
7 59 193
7 60 851
7 61 320
7 62 282
7 63 340
7 64 503
7 65 654
7 66 357
7 67 739
7 68 892
7 69 531
7 70 834
7 71 804
7 72 649
7 73 700
7 74 807
7 75 410
7 76 160
7 77 703
7 78 631
7 79 638
7 80 155
7 81 218
7 82 598
7 83 388
7 84 653
7 85 765
7 86 217
7 87 537
7 88 520
7 89 647
7 90 938
7 91 443
7 92 517
7 93 169
7 94 749
7 95 823
7 96 588
7 97 725
7 98 486
7 99 330
7 100 237
8 9 476
8 10 394
8 11 261
8 12 98
8 13 753
8 14 137
8 15 863
8 16 426
8 17 840
8 18 376
8 19 311
8 20 915
8 21 501
8 22 659
8 23 825
8 24 156
8 25 488
8 26 71
8 27 717
8 28 893
8 29 612
8 30 445
8 31 660
8 32 852
8 33 387
8 34 704
8 35 391
8 36 1021
8 37 310
8 38 921
8 39 424
8 40 130
8 41 116
8 42 734
8 43 816
8 44 819
8 45 507
8 46 406
8 47 596
8 48 272
8 49 921
8 50 238
8 51 847
8 52 899
8 53 402
8 54 107
8 55 832
8 56 573
8 57 492
8 58 553
8 59 727
8 60 642
8 61 744
8 62 752
8 63 485
8 64 389
8 65 413
8 66 381
8 67 512
8 68 445
8 69 233
8 70 960
8 71 830
8 72 320
8 73 655
8 74 864
8 75 940
8 76 687
8 77 482
8 78 711
8 79 680
8 80 411
8 81 747
8 82 56
8 83 267
8 84 334
8 85 677
8 86 588
8 87 472
8 88 96
8 89 150
8 90 1054
8 91 538
8 92 310
8 93 487
8 94 301
8 95 348
8 96 135
8 97 498
8 98 193
8 99 790
8 100 609
9 10 137
9 11 315
9 12 530
9 13 523
9 14 356
9 15 690
9 16 575
9 17 420
9 18 713
9 19 342
9 20 576
9 21 652
9 22 508
9 23 631
9 24 408
9 25 573
9 26 421
9 27 738
9 28 542
9 29 140
9 30 145
9 31 610
9 32 878
9 33 229
9 34 232
9 35 295
9 36 652
9 37 764
9 38 619
9 39 461
9 40 603
9 41 527
9 42 688
9 43 937
9 44 845
9 45 287
9 46 197
9 47 154
9 48 353
9 49 661
9 50 457
9 51 729
9 52 840
9 53 189
9 54 524
9 55 438
9 56 782
9 57 469
9 58 309
9 59 849
9 60 166
9 61 732
9 62 781
9 63 436
9 64 234
9 65 82
9 66 380
9 67 44
9 68 292
9 69 263
9 70 611
9 71 441
9 72 157
9 73 273
9 74 489
9 75 1010
9 76 806
9 77 47
9 78 410
9 79 362
9 80 584
9 81 853
9 82 481
9 83 366
9 84 142
9 85 250
9 86 621
9 87 235
9 88 387
9 89 366
9 90 681
9 91 382
9 92 228
9 93 582
9 94 265
9 95 317
9 96 608
9 97 40
9 98 656
9 99 795
9 100 628
10 11 315
10 12 428
10 13 640
10 14 301
10 15 801
10 16 599
10 17 557
10 18 692
10 19 205
10 20 711
10 21 681
10 22 607
10 23 744
10 24 372
10 25 614
10 26 354
10 27 807
10 28 678
10 29 237
10 30 239
10 31 690
10 32 950
10 33 288
10 34 357
10 35 160
10 36 789
10 37 700
10 38 750
10 39 505
10 40 525
10 41 470
10 42 771
10 43 986
10 44 916
10 45 384
10 46 67
10 47 204
10 48 220
10 49 787
10 50 445
10 51 830
10 52 930
10 53 257
10 54 466
10 55 576
10 56 802
10 57 531
10 58 222
10 59 896
10 60 281
10 61 808
10 62 849
10 63 502
10 64 294
10 65 152
10 66 422
10 67 182
10 68 168
10 69 232
10 70 748
10 71 579
10 72 108
10 73 408
10 74 626
10 75 1075
10 76 852
10 77 177
10 78 536
10 79 490
10 80 602
10 81 904
10 82 386
10 83 369
10 84 104
10 85 388
10 86 680
10 87 329
10 88 320
10 89 261
10 90 819
10 91 472
10 92 244
10 93 622
10 94 133
10 95 180
10 96 516
10 97 177
10 98 585
10 99 870
10 100 691
11 12 353
11 13 494
11 14 131
11 15 614
11 16 286
11 17 599
11 18 398
11 19 384
11 20 655
11 21 369
11 22 407
11 23 571
11 24 120
11 25 311
11 26 189
11 27 526
11 28 634
11 29 452
11 30 220
11 31 436
11 32 669
11 33 137
11 34 506
11 35 415
11 36 764
11 37 479
11 38 660
11 39 211
11 40 355
11 41 250
11 42 516
11 43 681
11 44 635
11 45 247
11 46 367
11 47 466
11 48 361
11 49 661
11 50 142
11 51 611
11 52 683
11 53 164
11 54 251
11 55 583
11 56 487
11 57 262
11 58 534
11 59 590
11 60 462
11 61 540
11 62 566
11 63 244
11 64 137
11 65 232
11 66 140
11 67 333
11 68 453
11 69 92
11 70 700
11 71 580
11 72 206
11 73 412
11 74 610
11 75 782
11 76 546
11 77 296
11 78 451
11 79 422
11 80 287
11 81 601
11 82 300
11 83 54
11 84 211
11 85 447
11 86 393
11 87 218
11 88 172
11 89 265
11 90 796
11 91 279
11 92 86
11 93 316
11 94 318
11 95 397
11 96 389
11 97 318
11 98 389
11 99 595
11 100 409
12 13 847
12 14 223
12 15 960
12 16 521
12 17 915
12 18 444
12 19 297
12 20 1002
12 21 593
12 22 756
12 23 921
12 24 254
12 25 585
12 26 165
12 27 814
12 28 978
12 29 659
12 30 520
12 31 759
12 32 947
12 33 473
12 34 762
12 35 386
12 36 1106
12 37 325
12 38 1012
12 39 522
12 40 143
12 41 196
12 42 832
12 43 904
12 44 915
12 45 595
12 46 424
12 47 633
12 48 257
12 49 1015
12 50 335
12 51 946
12 52 997
12 53 482
12 54 187
12 55 911
12 56 657
12 57 591
12 58 552
12 59 817
12 60 695
12 61 842
12 62 848
12 63 582
12 64 475
12 65 476
12 66 478
12 67 569
12 68 441
12 69 311
12 70 1046
12 71 910
12 72 373
12 73 733
12 74 947
12 75 1032
12 76 778
12 77 543
12 78 799
12 79 766
12 80 505
12 81 838
12 82 54
12 83 363
12 84 389
12 85 748
12 86 685
12 87 557
12 88 181
12 89 167
12 90 1138
12 91 632
12 92 392
12 93 583
12 94 312
12 95 338
12 96 98
12 97 557
12 98 211
12 99 887
12 100 707
13 14 625
13 15 172
13 16 476
13 17 347
13 18 715
13 19 811
13 20 223
13 21 492
13 22 124
13 23 111
13 24 601
13 25 406
13 26 682
13 27 381
13 28 227
13 29 561
13 30 402
13 31 251
13 32 474
13 33 392
13 34 483
13 35 797
13 36 340
13 37 900
13 38 185
13 39 373
13 40 829
13 41 715
13 42 282
13 43 608
13 44 450
13 45 267
13 46 707
13 47 627
13 48 804
13 49 167
13 50 552
13 51 238
13 52 370
13 53 402
13 54 719
13 55 285
13 56 608
13 57 302
13 58 832
13 59 551
13 60 519
13 61 340
13 62 411
13 63 290
13 64 387
13 65 488
13 66 378
13 67 491
13 68 808
13 69 553
13 70 265
13 71 276
13 72 576
13 73 287
13 74 258
13 75 615
13 76 523
13 77 475
13 78 133
13 79 177
13 80 501
13 81 536
13 82 794
13 83 489
13 84 566
13 85 356
13 86 352
13 87 319
13 88 666
13 89 743
13 90 369
13 91 215
13 92 473
13 93 418
13 94 730
13 95 804
13 96 875
13 97 486
13 98 844
13 99 396
13 100 336
14 15 744
14 16 363
14 17 704
14 18 396
14 19 296
14 20 779
14 21 446
14 22 538
14 23 703
14 24 79
14 25 409
14 26 68
14 27 634
14 28 756
14 29 496
14 30 309
14 31 558
14 32 775
14 33 250
14 34 577
14 35 350
14 36 885
14 37 407
14 38 788
14 39 324
14 40 251
14 41 171
14 42 636
14 43 766
14 44 742
14 45 372
14 46 332
14 47 490
14 48 264
14 49 792
14 50 173
14 51 738
14 52 803
14 53 264
14 54 168
14 55 695
14 56 544
14 57 385
14 58 496
14 59 674
14 60 520
14 61 654
14 62 673
14 63 371
14 64 253
14 65 285
14 66 265
14 67 387
14 68 399
14 69 98
14 70 824
14 71 693
14 72 207
14 73 518
14 74 727
14 75 878
14 76 631
14 77 355
14 78 576
14 79 543
14 80 356
14 81 690
14 82 170
14 83 154
14 84 219
14 85 542
14 86 501
14 87 335
14 88 42
14 89 147
14 90 917
14 91 411
14 92 173
14 93 411
14 94 250
14 95 319
14 96 271
14 97 373
14 98 300
14 99 706
14 100 521
15 16 515
15 17 497
15 18 750
15 19 961
15 20 315
15 21 502
15 22 207
15 23 62
15 24 706
15 25 436
15 26 794
15 27 314
15 28 337
15 29 734
15 30 561
15 31 237
15 32 359
15 33 535
15 34 654
15 35 955
15 36 410
15 37 960
15 38 240
15 39 448
15 40 920
15 41 805
15 42 214
15 43 519
15 44 344
15 45 419
15 46 869
15 47 799
15 48 950
15 49 161
15 50 640
15 51 94
15 52 223
15 53 552
15 54 811
15 55 432
15 56 591
15 57 374
15 58 999
15 59 485
15 60 692
15 61 261
15 62 329
15 63 378
15 64 529
15 65 648
15 66 481
15 67 660
15 68 969
15 69 686
15 70 342
15 71 422
15 72 728
15 73 459
15 74 391
15 75 491
15 76 469
15 77 643
15 78 304
15 79 350
15 80 540
15 81 462
15 82 909
15 83 596
15 84 720
15 85 527
15 86 350
15 87 473
15 88 784
15 89 875
15 90 431
15 91 342
15 92 611
15 93 445
15 94 881
15 95 957
15 96 974
15 97 655
15 98 923
15 99 297
15 100 327
16 17 727
16 18 239
16 19 656
16 20 692
16 21 83
16 22 353
16 23 500
16 24 289
16 25 78
16 26 376
16 27 296
16 28 686
16 29 700
16 30 444
16 31 279
16 32 426
16 33 349
16 34 716
16 35 698
16 36 811
16 37 446
16 38 662
16 39 130
16 40 437
16 41 331
16 42 335
16 43 402
16 44 394
16 45 366
16 46 653
16 47 729
16 48 627
16 49 627
16 50 193
16 51 469
16 52 489
16 53 390
16 54 340
16 55 687
16 56 206
16 57 180
16 58 820
16 59 311
16 60 695
16 61 331
16 62 328
16 63 205
16 64 344
16 65 494
16 66 199
16 67 580
16 68 738
16 69 376
16 70 737
16 71 681
16 72 491
16 73 559
16 74 691
16 75 517
16 76 268
16 77 544
16 78 512
16 79 510
16 80 25
16 81 326
16 82 482
16 83 232
16 84 495
16 85 620
16 86 178
16 87 384
16 88 385
16 89 510
16 90 842
16 91 311
16 92 357
16 93 71
16 94 598
16 95 675
16 96 501
16 97 566
16 98 424
16 99 369
16 100 202
17 18 944
17 19 762
17 20 223
17 21 772
17 22 437
17 23 439
17 24 720
17 25 678
17 26 772
17 27 719
17 28 186
17 29 363
17 30 395
17 31 580
17 32 821
17 33 462
17 34 233
17 35 710
17 36 249
17 37 1075
17 38 300
17 39 599
17 40 951
17 41 850
17 42 626
17 43 948
17 44 796
17 45 373
17 46 612
17 47 435
17 48 772
17 49 378
17 50 717
17 51 579
17 52 713
17 53 440
17 54 851
17 55 65
17 56 904
17 57 551
17 58 672
17 59 882
17 60 307
17 61 683
17 62 753
17 63 523
17 64 462
17 65 445
17 66 555
17 67 375
17 68 696
17 69 607
17 70 237
17 71 75
17 72 554
17 73 187
17 74 117
17 75 962
17 76 849
17 77 388
17 78 234
17 79 220
17 80 748
17 81 872
17 82 862
17 83 626
17 84 539
17 85 171
17 86 660
17 87 383
17 88 744
17 89 766
17 90 274
17 91 417
17 92 531
17 93 690
17 94 685
17 95 736
17 96 975
17 97 382
17 98 989
17 99 742
17 100 651
18 19 676
18 20 928
18 21 253
18 22 592
18 23 738
18 24 320
18 25 314
18 26 366
18 27 490
18 28 920
18 29 850
18 30 609
18 31 512
18 32 590
18 33 513
18 34 895
18 35 743
18 36 1047
18 37 235
18 38 901
18 39 351
18 40 313
18 41 260
18 42 556
18 43 497
18 44 564
18 45 572
18 46 728
18 47 862
18 48 639
18 49 866
18 50 255
18 51 695
18 52 691
18 53 551
18 54 268
18 55 910
18 56 240
18 57 415
18 58 892
18 59 422
18 60 859
18 61 537
18 62 510
18 63 434
18 64 511
18 65 631
18 66 389
18 67 731
18 68 793
18 69 461
18 70 973
18 71 905
18 72 588
18 73 765
18 74 920
18 75 637
18 76 392
18 77 694
18 78 741
18 79 733
18 80 214
18 81 449
18 82 427
18 83 349
18 84 597
18 85 817
18 86 401
18 87 573
18 88 392
18 89 512
18 90 1078
18 91 536
18 92 485
18 93 305
18 94 643
18 95 707
18 96 382
18 97 716
18 98 266
18 99 557
18 100 426
19 20 906
19 21 739
19 22 757
19 23 909
19 24 375
19 25 693
19 26 310
19 27 910
19 28 875
19 29 434
19 30 414
19 31 814
19 32 1054
19 33 426
19 34 560
19 35 91
19 36 990
19 37 615
19 38 940
19 39 595
19 40 428
19 41 420
19 42 895
19 43 1058
19 44 1020
19 45 544
19 46 162
19 47 386
19 48 40
19 49 968
19 50 469
19 51 975
19 52 1061
19 53 409
19 54 412
19 55 778
19 56 840
19 57 642
19 58 256
19 59 967
19 60 483
19 61 923
19 62 951
19 63 619
19 64 431
19 65 334
19 66 521
19 67 386
19 68 145
19 69 293
19 70 945
19 71 780
19 72 235
19 73 606
19 74 826
19 75 1165
19 76 923
19 77 377
19 78 722
19 79 677
19 80 650
19 81 980
19 82 275
19 83 430
19 84 246
19 85 592
19 86 778
19 87 491
19 88 286
19 89 164
19 90 1020
19 91 620
19 92 354
19 93 698
19 94 81
19 95 42
19 96 395
19 97 380
19 98 497
19 99 980
19 100 794
20 21 713
20 22 345
20 23 269
20 24 772
20 25 626
20 26 844
20 27 595
20 28 37
20 29 558
20 30 499
20 31 472
20 32 668
20 33 529
20 34 441
20 35 871
20 36 118
20 37 1099
20 38 82
20 39 579
20 40 1007
20 41 896
20 42 493
20 43 818
20 44 649
20 45 408
20 46 774
20 47 631
20 48 909
20 49 167
20 50 742
20 51 407
20 52 538
20 53 523
20 54 899
20 55 164
20 56 832
20 57 513
20 58 862
20 59 768
20 60 504
20 61 549
20 62 621
20 63 495
20 64 526
20 65 572
20 66 565
20 67 534
20 68 867
20 69 693
20 70 45
20 71 156
20 72 677
20 73 302
20 74 106
20 75 804
20 76 742
20 77 534
20 78 204
20 79 237
20 80 716
20 81 751
20 82 948
20 83 664
20 84 664
20 85 338
20 86 575
20 87 445
20 88 822
20 89 874
20 90 149
20 91 399
20 92 611
20 93 637
20 94 825
20 95 889
20 96 1045
20 97 535
20 98 1031
20 99 598
20 100 559
21 22 368
21 23 496
21 24 370
21 25 94
21 26 455
21 27 241
21 28 712
21 29 773
21 30 517
21 31 264
21 32 358
21 33 424
21 34 781
21 35 782
21 36 832
21 37 480
21 38 674
21 39 194
21 40 499
21 41 400
21 42 303
21 43 320
21 44 328
21 45 425
21 46 736
21 47 806
21 48 710
21 49 629
21 50 274
21 51 443
21 52 441
21 53 464
21 54 409
21 55 727
21 56 135
21 57 221
21 58 902
21 59 228
21 60 765
21 61 285
21 62 266
21 63 252
21 64 419
21 65 572
21 66 272
21 67 654
21 68 822
21 69 460
21 70 757
21 71 720
21 72 574
21 73 613
21 74 724
21 75 439
21 76 186
21 77 619
21 78 547
21 79 552
21 80 90
21 81 246
21 82 557
21 83 316
21 84 577
21 85 678
21 86 151
21 87 449
21 88 466
21 89 592
21 90 862
21 91 356
21 92 438
21 93 81
21 94 682
21 95 758
21 96 565
21 97 641
21 98 476
21 99 312
21 100 175
22 23 165
22 24 503
22 25 282
22 26 590
22 27 283
22 28 346
22 29 576
22 30 370
22 31 142
22 32 400
22 33 331
22 34 525
22 35 756
22 36 464
22 37 783
22 38 309
22 39 257
22 40 724
22 41 609
22 42 199
22 43 512
22 44 371
22 45 224
22 46 674
22 47 635
22 48 745
22 49 277
22 50 444
22 51 222
22 52 333
22 53 353
22 54 614
22 55 381
22 56 487
22 57 184
22 58 815
22 59 445
22 60 544
22 61 253
22 62 320
22 63 178
22 64 325
22 65 456
22 66 278
22 67 485
22 68 775
22 69 479
22 70 389
22 71 373
22 72 527
22 73 326
22 74 367
22 75 541
22 76 413
22 77 461
22 78 203
22 79 228
22 80 378
22 81 434
22 82 704
22 83 392
22 84 520
22 85 400
22 86 232
22 87 278
22 88 578
22 89 668
22 90 493
22 91 137
22 92 406
22 93 293
22 94 679
22 95 756
22 96 775
22 97 477
22 98 734
22 99 316
22 100 218
23 24 669
23 25 423
23 26 756
23 27 334
23 28 287
23 29 672
23 30 505
23 31 233
23 32 399
23 33 484
23 34 592
23 35 900
23 36 373
23 37 940
23 38 201
23 39 419
23 40 889
23 41 774
23 42 231
23 43 551
23 44 380
23 45 365
23 46 812
23 47 738
23 48 899
23 49 135
23 50 609
23 51 141
23 52 275
23 53 499
23 54 779
23 55 374
23 56 597
23 57 345
23 58 940
23 59 508
23 60 630
23 61 285
23 62 356
23 63 343
23 64 479
23 65 592
23 66 443
23 67 601
23 68 913
23 69 640
23 70 301
23 71 365
23 72 675
23 73 397
23 74 336
23 75 536
23 76 487
23 77 584
23 78 242
23 79 288
23 80 525
23 81 488
23 82 870
23 83 558
23 84 666
23 85 465
23 86 346
23 87 419
23 88 743
23 89 829
23 90 397
23 91 294
23 92 563
23 93 433
23 94 829
23 95 904
23 96 940
23 97 595
23 98 896
23 99 330
23 100 325
24 25 341
24 26 92
24 27 570
24 28 753
24 29 548
24 30 335
24 31 505
24 32 708
24 33 257
24 34 616
24 35 430
24 36 883
24 37 362
24 38 773
24 39 268
24 40 235
24 41 129
24 42 580
24 43 690
24 44 675
24 45 365
24 46 408
24 47 551
24 48 343
24 49 768
24 50 96
24 51 691
24 52 746
24 53 282
24 54 131
24 55 704
24 56 465
24 57 336
24 58 573
24 59 599
24 60 566
24 61 594
24 62 606
24 63 328
24 64 258
24 65 330
24 66 225
24 67 434
24 68 478
24 69 146
24 70 818
24 71 701
24 72 270
24 73 532
24 74 730
24 75 806
24 76 557
24 77 399
24 78 568
24 79 542
24 80 280
24 81 616
24 82 206
24 83 111
24 84 280
24 85 566
24 86 438
24 87 339
24 88 96
24 89 221
24 90 915
24 91 386
24 92 195
24 93 342
24 94 329
24 95 399
24 96 274
24 97 419
24 98 268
24 99 643
24 100 459
25 26 432
25 27 229
25 28 622
25 29 688
25 30 434
25 31 200
25 32 367
25 33 343
25 34 690
25 35 727
25 36 744
25 37 525
25 38 591
25 39 111
25 40 510
25 41 401
25 42 258
25 43 372
25 44 333
25 45 333
25 46 672
25 47 725
25 48 667
25 49 552
25 50 250
25 51 390
25 52 415
25 53 383
25 54 409
25 55 633
25 56 228
25 57 127
25 58 837
25 59 281
25 60 677
25 61 258
25 62 265
25 63 159
25 64 338
25 65 494
25 66 194
25 67 571
25 68 763
25 69 404
25 70 670
25 71 627
25 72 509
25 73 519
25 74 632
25 75 471
25 76 237
25 77 537
25 78 454
25 79 458
25 80 104
25 81 290
25 82 542
25 83 263
25 84 510
25 85 585
25 86 102
25 87 361
25 88 436
25 89 557
25 90 775
25 91 262
25 92 370
25 93 12
25 94 630
25 95 708
25 96 572
25 97 558
25 98 500
25 99 302
25 100 126
26 27 661
26 28 822
26 29 559
26 30 378
26 31 597
26 32 799
26 33 317
26 34 644
26 35 378
26 36 950
26 37 346
26 38 850
26 39 360
26 40 183
26 41 117
26 42 672
26 43 774
26 44 766
26 45 435
26 46 376
26 47 550
26 48 274
26 49 850
26 50 183
26 51 782
26 52 838
26 53 333
26 54 112
26 55 762
26 56 540
26 57 427
26 58 534
26 59 684
26 60 586
26 61 686
26 62 697
26 63 417
26 64 319
26 65 352
26 66 313
26 67 454
26 68 430
26 69 167
26 70 888
26 71 761
26 72 267
26 73 586
26 74 794
26 75 894
26 76 642
26 77 422
26 78 640
26 79 609
26 80 365
26 81 702
26 82 115
26 83 198
26 84 281
26 85 611
26 86 530
26 87 401
26 88 34
26 89 147
26 90 983
26 91 467
26 92 241
26 93 433
26 94 281
26 95 341
26 96 203
26 97 440
26 98 235
26 99 734
26 100 551
27 28 605
27 29 832
27 30 593
27 31 142
27 32 144
27 33 520
27 34 799
27 35 935
27 36 705
27 37 721
27 38 534
27 39 315
27 40 733
27 41 627
27 42 103
27 43 229
27 44 109
27 45 459
27 46 870
27 47 881
27 48 887
27 49 468
27 50 479
27 51 232
27 52 200
27 53 555
27 54 635
27 55 661
27 56 289
27 57 275
27 58 1028
27 59 173
27 60 808
27 61 53
27 62 42
27 63 305
27 64 514
27 65 669
27 66 391
27 67 726
27 68 966
27 69 617
27 70 632
27 71 652
27 72 708
27 73 604
27 74 639
27 75 271
27 76 154
27 77 696
27 78 486
27 79 511
27 80 316
27 81 156
27 82 772
27 83 484
27 84 706
27 85 677
27 86 133
27 87 505
27 88 664
27 89 782
27 90 731
27 91 364
27 92 568
27 93 230
27 94 842
27 95 921
27 96 797
27 97 715
27 98 716
27 99 73
27 100 116
28 29 521
28 30 470
28 31 478
28 32 686
28 33 506
28 34 403
28 35 838
28 36 130
28 37 1085
28 38 115
28 39 569
28 40 988
28 41 878
28 42 504
28 43 831
28 44 665
28 45 387
28 46 740
28 47 594
28 48 878
28 49 198
28 50 726
28 51 427
28 52 560
28 53 498
28 54 881
28 55 126
28 56 833
28 57 506
28 58 826
28 59 777
28 60 467
28 61 561
28 62 633
28 63 485
28 64 503
28 65 542
28 66 551
28 67 500
28 68 833
28 69 668
28 70 70
28 71 119
28 72 648
28 73 269
28 74 68
28 75 823
28 76 750
28 77 501
28 78 185
28 79 212
28 80 710
28 81 761
28 82 924
28 83 646
28 84 635
28 85 302
28 86 577
28 87 421
28 88 799
28 89 847
28 90 162
28 91 387
28 92 586
28 93 634
28 94 794
28 95 857
28 96 1024
28 97 502
28 98 1014
28 99 613
28 100 562
29 30 255
29 31 696
29 32 966
29 33 351
29 34 134
29 35 365
29 36 611
29 37 903
29 38 617
29 39 579
29 40 740
29 41 667
29 42 769
29 43 1042
29 44 934
29 45 372
29 46 272
29 47 72
29 48 455
29 49 674
29 50 594
29 51 787
29 52 908
29 53 310
29 54 664
29 55 401
29 56 906
29 57 575
29 58 309
29 59 957
29 60 56
29 61 818
29 62 873
29 63 541
29 64 355
29 65 219
29 66 501
29 67 120
29 68 340
29 69 403
29 70 586
29 71 407
29 72 292
29 73 277
29 74 458
29 75 1103
29 76 916
29 77 157
29 78 433
29 79 385
29 80 711
29 81 958
29 82 613
29 83 502
29 84 278
29 85 221
29 86 724
29 87 331
29 88 525
29 89 492
29 90 637
29 91 468
29 92 365
29 93 698
29 94 369
29 95 400
29 96 741
29 97 135
29 98 795
29 99 882
29 100 727
30 31 466
30 32 733
30 33 97
30 34 287
30 35 395
30 36 593
30 37 697
30 38 526
30 39 324
30 40 559
30 41 464
30 42 545
30 43 793
30 44 700
30 45 146
30 46 307
30 47 292
30 48 412
30 49 554
30 50 357
30 51 592
30 52 698
30 53 58
30 54 464
30 55 391
30 56 650
30 57 325
30 58 445
30 59 707
30 60 252
30 61 587
30 62 635
30 63 292
30 64 101
30 65 86
30 66 245
30 67 137
30 68 407
30 69 211
30 70 540
30 71 391
30 72 180
30 73 212
30 74 430
30 75 865
30 76 664
30 77 104
30 78 308
30 79 265
30 80 456
30 81 709
30 82 467
30 83 261
30 84 168
30 85 232
30 86 476
30 87 92
30 88 349
30 89 378
30 90 625
30 91 239
30 92 140
30 93 443
30 94 332
30 95 403
30 96 580
30 97 124
30 98 602
30 99 650
30 100 483
31 32 270
31 33 402
31 34 658
31 35 828
31 36 587
31 37 726
31 38 421
31 39 236
31 40 701
31 41 588
31 42 81
31 43 369
31 44 238
31 45 325
31 46 755
31 47 748
31 48 795
31 49 368
31 50 426
31 51 191
31 52 247
31 53 434
31 54 595
31 55 523
31 56 365
31 57 173
31 58 908
31 59 303
31 60 669
31 61 122
31 62 181
31 63 194
31 64 396
31 65 546
31 66 296
31 67 594
31 68 854
31 69 522
31 70 512
31 71 515
31 72 597
31 73 462
31 74 505
31 75 408
31 76 273
31 77 566
31 78 346
31 79 369
31 80 304
31 81 291
31 82 711
31 83 404
31 84 593
31 85 535
31 86 113
31 87 374
31 88 593
31 89 700
31 90 615
31 91 229
31 92 462
31 93 209
31 94 740
31 95 819
31 96 759
31 97 584
31 98 697
31 99 186
31 100 91
32 33 663
32 34 925
32 35 1079
32 36 769
32 37 825
32 38 598
32 39 458
32 40 857
32 41 756
32 42 200
32 43 174
32 44 34
32 45 595
32 46 1013
32 47 1019
32 48 1030
32 49 520
32 50 615
32 51 264
32 52 156
32 53 697
32 54 765
32 55 760
32 56 360
32 57 419
32 58 1171
32 59 185
32 60 939
32 61 148
32 62 103
32 63 448
32 64 657
32 65 811
32 66 535
32 67 864
32 68 1110
32 69 761
32 70 699
32 71 750
32 72 852
32 73 726
32 74 729
32 75 141
32 76 201
32 77 835
32 78 594
32 79 626
32 80 443
32 81 155
32 82 907
32 83 626
32 84 850
32 85 800
32 86 276
32 87 643
32 88 803
32 89 923
32 90 790
32 91 499
32 92 712
32 93 366
32 94 986
32 95 1065
32 96 924
32 97 853
32 98 834
32 99 84
32 100 261
33 34 381
33 35 428
33 36 634
33 37 615
33 38 542
33 39 232
33 40 490
33 41 387
33 42 483
33 43 709
33 44 629
33 45 126
33 46 353
33 47 382
33 48 415
33 49 555
33 50 265
33 51 551
33 52 644
33 53 40
33 54 388
33 55 447
33 56 555
33 57 246
33 58 507
33 59 621
33 60 349
33 61 520
33 62 562
33 63 215
33 64 6
33 65 151
33 66 151
33 67 231
33 68 452
33 69 164
33 70 573
33 71 445
33 72 197
33 73 275
33 74 477
33 75 790
33 76 578
33 77 195
33 78 327
33 79 293
33 80 360
33 81 626
33 82 418
33 83 169
33 84 191
33 85 312
33 86 396
33 87 84
33 88 293
33 89 352
33 90 666
33 91 193
33 92 82
33 93 352
33 94 347
33 95 425
33 96 520
33 97 217
33 98 526
33 99 582
33 100 406
34 35 497
34 36 483
34 37 978
34 38 507
34 39 588
34 40 828
34 41 742
34 42 724
34 43 1020
34 44 895
34 45 357
34 46 401
34 47 203
34 48 578
34 49 572
34 50 644
34 51 719
34 52 847
34 53 345
34 54 741
34 55 278
34 56 916
34 57 567
34 58 441
34 59 941
34 60 79
34 61 777
34 62 839
34 63 533
34 64 384
34 65 291
34 66 519
34 67 193
34 68 475
34 69 478
34 70 464
34 71 285
34 72 388
34 73 200
34 74 337
34 75 1065
34 76 902
34 77 222
34 78 350
34 79 307
34 80 731
34 81 938
34 82 713
34 83 549
34 84 373
34 85 127
34 86 706
34 87 332
34 88 612
34 89 599
34 90 507
34 91 442
34 92 422
34 93 701
34 94 491
34 95 530
34 96 837
34 97 205
34 98 877
34 99 841
34 100 705
35 36 947
35 37 698
35 38 911
35 39 623
35 40 513
35 41 493
35 42 909
35 43 1097
35 44 1045
35 45 536
35 46 98
35 47 310
35 48 129
35 49 946
35 50 520
35 51 978
35 52 1072
35 53 403
35 54 486
35 55 733
35 56 891
35 57 661
35 58 166
35 59 1005
35 60 418
35 61 942
35 62 976
35 63 635
35 64 434
35 65 309
35 66 543
35 67 338
35 68 55
35 69 323
35 70 907
35 71 736
35 72 231
35 73 568
35 74 784
35 75 1196
35 76 962
35 77 337
35 78 696
35 79 650
35 80 695
35 81 1017
35 82 360
35 83 466
35 84 236
35 85 544
35 86 804
35 87 481
35 88 350
35 89 240
35 90 976
35 91 620
35 92 367
35 93 732
35 94 101
35 95 48
35 96 483
35 97 335
35 98 580
35 99 1001
35 100 818
36 37 1215
36 38 172
36 39 697
36 40 1118
36 41 1008
36 42 602
36 43 925
36 44 753
36 45 517
36 46 848
36 47 683
36 48 996
36 49 250
36 50 856
36 51 504
36 52 630
36 53 624
36 54 1011
36 55 214
36 56 949
36 57 632
36 58 920
36 59 879
36 60 555
36 61 658
36 62 729
36 63 613
36 64 631
36 65 660
36 66 680
36 67 608
36 68 937
36 69 795
36 70 75
36 71 210
36 72 768
36 73 385
36 74 163
36 75 901
36 76 855
36 77 613
36 78 315
36 79 341
36 80 835
36 81 860
36 82 1052
36 83 776
36 84 754
36 85 403
36 86 692
36 87 549
36 88 927
36 89 971
36 90 32
36 91 516
36 92 713
36 93 756
36 94 910
36 95 969
36 96 1153
36 97 612
36 98 1144
36 99 703
36 100 675
37 38 1084
37 39 526
37 40 186
37 41 237
37 42 779
37 43 728
37 44 799
37 45 707
37 46 716
37 47 896
37 48 575
37 49 1061
37 50 360
37 51 915
37 52 921
37 53 643
37 54 239
37 55 1052
37 56 474
37 57 599
37 58 863
37 59 656
37 60 926
37 61 765
37 62 743
37 63 609
37 64 614
37 65 690
37 66 534
37 67 793
37 68 754
37 69 502
37 70 1145
37 71 1049
37 72 613
37 73 888
37 74 1073
37 75 870
37 76 628
37 77 759
37 78 900
37 79 881
37 80 421
37 81 684
37 82 339
37 83 448
37 84 627
37 85 926
37 86 621
37 87 692
37 88 380
37 89 460
37 90 1247
37 91 699
37 92 558
37 93 517
37 94 611
37 95 654
37 96 232
37 97 779
37 98 118
37 99 790
37 100 646
38 39 558
38 40 1005
38 41 892
38 42 431
38 43 753
38 44 581
38 45 417
38 46 815
38 47 689
38 48 938
38 49 85
38 50 732
38 51 333
38 52 462
38 53 543
38 54 896
38 55 237
38 56 786
38 57 488
38 58 915
38 59 708
38 60 565
38 61 486
38 62 558
38 63 474
38 64 539
38 65 606
38 66 556
38 67 580
38 68 912
38 69 707
38 70 102
38 71 229
38 72 706
38 73 348
38 74 182
38 75 731
38 76 686
38 77 575
38 78 219
38 79 262
38 80 687
38 81 689
38 82 958
38 83 662
38 84 694
38 85 395
38 86 530
38 87 461
38 88 830
38 89 893
38 90 196
38 91 389
38 92 625
38 93 602
38 94 858
38 95 925
38 96 1048
38 97 579
38 98 1024
38 99 531
38 100 511
39 40 472
39 41 357
39 42 313
39 43 481
39 44 424
39 45 236
39 46 564
39 47 614
39 48 572
39 49 535
39 50 192
39 51 424
39 52 479
39 53 272
39 54 363
39 55 561
39 56 328
39 57 74
39 58 727
39 59 391
39 60 570
39 61 331
39 62 355
39 63 84
39 64 227
39 65 383
39 66 83
39 67 461
39 68 657
39 69 303
39 70 625
39 71 556
39 72 400
39 73 429
39 74 569
39 75 573
39 76 348
39 77 426
39 78 390
39 79 384
39 80 149
39 81 398
39 82 474
39 83 170
39 84 401
39 85 490
39 86 182
39 87 256
39 88 357
39 89 469
39 90 729
39 91 185
39 92 261
39 93 120
39 94 528
39 95 607
39 96 527
39 97 448
39 98 477
39 99 385
39 100 198
40 41 115
40 42 768
40 43 795
40 44 827
40 45 601
40 46 534
40 47 726
40 48 388
40 49 996
40 50 280
40 51 892
40 52 926
40 53 511
40 54 110
40 55 938
40 56 541
40 57 546
40 58 678
40 59 712
40 60 768
40 61 768
40 62 763
40 63 546
40 64 491
40 65 536
40 66 451
40 67 637
40 68 568
40 69 350
40 70 1053
40 71 935
40 72 447
40 73 764
40 74 966
40 75 929
40 76 675
40 77 606
40 78 804
40 79 777
40 80 417
40 81 735
40 82 152
40 83 343
40 84 462
40 85 792
40 86 613
40 87 574
40 88 216
40 89 275
40 90 1151
40 91 616
40 92 420
40 93 506
40 94 427
40 95 468
40 96 69
40 97 623
40 98 68
40 99 806
40 100 636
41 42 656
41 43 708
41 44 725
41 45 492
41 46 493
41 47 662
41 48 382
41 49 881
41 50 165
41 51 779
41 52 817
41 53 412
41 54 9
41 55 832
41 56 461
41 57 430
41 58 650
41 59 621
41 60 689
41 61 660
41 62 659
41 63 430
41 64 387
41 65 453
41 66 336
41 67 556
41 68 546
41 69 265
41 70 941
41 71 830
41 72 378
41 73 662
41 74 858
41 75 837
41 76 582
41 77 522
41 78 692
41 79 668
41 80 313
41 81 643
41 82 169
41 83 231
41 84 391
41 85 695
41 86 503
41 87 468
41 88 150
41 89 255
41 90 1040
41 91 502
41 92 324
41 93 398
41 94 397
41 95 453
41 96 171
41 97 541
41 98 138
41 99 701
41 100 526
42 43 326
42 44 172
42 45 402
42 46 836
42 47 824
42 48 876
42 49 365
42 50 497
42 51 141
42 52 166
42 53 514
42 54 664
42 55 566
42 56 378
42 57 253
42 58 988
42 59 276
42 60 740
42 61 57
42 62 129
42 63 275
42 64 477
42 65 626
42 66 376
42 67 671
42 68 935
42 69 603
42 70 529
42 71 557
42 72 679
42 73 525
42 74 541
42 75 341
42 76 256
42 77 643
42 78 396
42 79 426
42 80 359
42 81 258
42 82 786
42 83 482
42 84 675
42 85 599
42 86 157
42 87 453
42 88 670
42 89 780
42 90 627
42 91 306
42 92 543
42 93 264
42 94 822
42 95 901
42 96 828
42 97 661
42 98 759
42 99 117
42 100 133
43 44 178
43 45 670
43 46 1044
43 47 1086
43 48 1030
43 49 680
43 50 594
43 51 427
43 52 330
43 53 748
43 54 717
43 55 890
43 56 256
43 57 468
43 58 1209
43 59 91
43 60 1022
43 61 269
43 62 197
43 63 501
43 64 704
43 65 861
43 66 564
43 67 930
43 68 1135
43 69 774
43 70 853
43 71 881
43 72 881
43 73 829
43 74 867
43 75 143
43 76 135
43 77 897
43 78 715
43 79 739
43 80 410
43 81 84
43 82 872
43 83 631
43 84 882
43 85 901
43 86 317
43 87 710
43 88 786
43 89 912
43 90 948
43 91 579
43 92 742
43 93 365
43 94 999
43 95 1076
43 96 864
43 97 918
43 98 759
43 99 222
43 100 315
44 45 563
44 46 979
44 47 986
44 48 996
44 49 505
44 50 582
44 51 250
44 52 156
44 53 664
44 54 733
44 55 735
44 56 338
44 57 385
44 58 1137
44 59 171
44 60 908
44 61 117
44 62 69
44 63 414
44 64 623
44 65 777
44 66 501
44 67 831
44 68 1076
44 69 727
44 70 682
44 71 726
44 72 817
44 73 697
44 74 707
44 75 170
44 76 180
44 77 802
44 78 567
44 79 598
44 80 411
44 81 142
44 82 874
44 83 592
44 84 815
44 85 770
44 86 242
44 87 610
44 88 770
44 89 889
44 90 775
44 91 467
44 92 678
44 93 332
44 94 952
44 95 1031
44 96 893
44 97 820
44 98 804
44 99 54
44 100 226
45 46 451
45 47 423
45 48 536
45 49 429
45 50 347
45 51 446
45 52 553
45 53 135
45 54 494
45 55 345
45 56 561
45 57 209
45 58 591
45 59 588
45 60 351
45 61 447
45 62 501
45 63 176
45 64 122
45 65 232
45 66 182
45 67 268
45 68 552
45 69 290
45 70 453
45 71 341
45 72 310
45 73 193
45 74 366
45 75 731
45 76 548
45 77 241
45 78 204
45 79 176
45 80 384
45 81 587
45 82 541
45 83 261
45 84 301
45 85 253
45 86 353
45 87 54
45 88 414
45 89 478
45 90 549
45 91 96
45 92 208
45 93 345
45 94 464
45 95 539
45 96 637
45 97 258
45 98 629
45 99 511
45 100 355
46 47 224
46 48 188
46 49 853
46 50 488
46 51 897
46 52 997
46 53 323
46 54 488
46 55 635
46 56 853
46 57 594
46 58 167
46 59 953
46 60 323
46 61 872
46 62 911
46 63 566
46 64 359
46 65 220
46 66 482
46 67 240
46 68 100
46 69 278
46 70 809
46 71 638
46 72 163
46 73 471
46 74 686
46 75 1136
46 76 910
46 77 240
46 78 602
46 79 555
46 80 653
46 81 962
46 82 388
46 83 420
46 84 163
46 85 446
46 86 741
46 87 396
46 88 344
46 89 260
46 90 877
46 91 539
46 92 303
46 93 679
46 94 111
46 95 128
46 96 517
46 97 238
46 98 599
46 99 934
46 100 753
47 48 412
47 49 744
47 50 607
47 51 849
47 52 968
47 53 341
47 54 659
47 55 473
47 56 936
47 57 618
47 58 237
47 59 999
47 60 128
47 61 870
47 62 923
47 63 584
47 64 387
47 65 236
47 66 533
47 67 155
47 68 279
47 69 404
47 70 659
47 71 479
47 72 283
47 73 347
47 74 531
47 75 1153
47 76 957
47 77 188
47 78 501
47 79 453
47 80 738
47 81 1001
47 82 590
47 83 519
47 84 271
47 85 293
47 86 768
47 87 376
47 88 516
47 89 465
47 90 709
47 91 519
47 92 381
47 93 734
47 94 330
47 95 349
47 96 720
47 97 167
47 98 784
47 99 935
47 100 773
48 49 963
48 50 438
48 51 961
48 52 1042
48 53 402
48 54 374
48 55 785
48 56 808
48 57 622
48 58 295
48 59 938
48 60 502
48 61 901
48 62 927
48 63 601
48 64 420
48 65 336
48 66 500
48 67 398
48 68 184
48 69 272
48 70 948
48 71 787
48 72 232
48 73 611
48 74 832
48 75 1139
48 76 895
48 77 384
48 78 720
48 79 677
48 80 620
48 81 953
48 82 235
48 83 404
48 84 244
48 85 601
48 86 754
48 87 485
48 88 251
48 89 127
48 90 1026
48 91 607
48 92 339
48 93 671
48 94 87
48 95 81
48 96 355
48 97 390
48 98 456
48 99 957
48 100 771
49 50 718
49 51 255
49 52 379
49 53 562
49 54 886
49 55 314
49 56 732
49 57 461
49 58 964
49 59 641
49 60 625
49 61 417
49 62 488
49 63 454
49 64 551
49 65 637
49 66 545
49 67 624
49 68 952
49 69 718
49 70 186
49 71 304
49 72 732
49 73 398
49 74 262
49 75 650
49 76 622
49 77 615
49 78 251
49 79 299
49 80 652
49 81 620
49 82 962
49 83 657
49 84 722
49 85 454
49 86 480
49 87 479
49 88 834
49 89 907
49 90 270
49 91 383
49 92 638
49 93 562
49 94 886
49 95 957
49 96 1043
49 97 622
49 98 1009
49 99 457
49 100 459
50 51 616
50 52 661
50 53 299
50 54 171
50 55 693
50 56 371
50 57 265
50 58 656
50 59 503
50 60 604
50 61 506
50 62 514
50 63 265
50 64 263
50 65 375
50 66 176
50 67 475
50 68 565
50 69 212
50 70 788
50 71 689
50 72 337
50 73 532
50 74 712
50 75 710
50 76 460
50 77 439
50 78 541
50 79 521
50 80 183
50 81 519
50 82 292
50 83 95
50 84 345
50 85 576
50 86 349
50 87 335
50 88 192
50 89 318
50 90 888
50 91 343
50 92 229
50 93 249
50 94 419
50 95 492
50 96 334
50 97 460
50 98 291
50 99 552
50 100 371
51 52 134
51 53 574
51 54 786
51 55 515
51 56 518
51 57 355
51 58 1037
51 59 397
51 60 749
51 61 178
51 62 242
51 63 367
51 64 545
51 65 678
51 66 472
51 67 704
51 68 998
51 69 691
51 70 436
51 71 505
51 72 748
51 73 520
51 74 477
51 75 397
51 76 385
51 77 682
51 78 370
51 79 412
51 80 494
51 81 374
51 82 897
51 83 585
51 84 741
51 85 591
51 86 294
51 87 501
51 88 775
51 89 876
51 90 525
51 91 358
51 92 622
51 93 397
51 94 898
51 95 976
51 96 950
51 97 696
51 98 889
51 99 205
51 100 269
52 53 673
52 54 824
52 55 649
52 56 481
52 57 420
52 58 1144
52 59 326
52 60 873
52 61 157
52 62 185
52 63 441
52 64 638
52 65 782
52 66 543
52 67 818
52 68 1096
52 69 769
52 70 564
52 71 639
52 72 841
52 73 647
52 74 611
52 75 272
52 76 328
52 77 793
52 78 501
52 79 540
52 80 511
52 81 298
52 82 951
52 83 649
52 84 836
52 85 720
52 86 313
52 87 606
52 88 836
52 89 947
52 90 649
52 91 459
52 92 708
52 93 419
52 94 986
52 95 1065
52 96 988
52 97 809
52 98 912
52 99 137
52 100 290
53 54 412
53 55 430
53 56 596
53 57 282
53 58 474
53 59 660
53 60 310
53 61 553
53 62 597
53 63 250
53 64 45
53 65 114
53 66 191
53 67 190
53 68 423
53 69 171
53 70 566
53 71 428
53 72 175
53 73 253
53 74 464
53 75 826
53 76 617
53 77 154
53 78 324
53 79 286
53 80 400
53 81 664
53 82 428
53 83 203
53 84 167
53 85 283
53 86 433
53 87 83
53 88 306
53 89 350
53 90 656
53 91 216
53 92 91
53 93 393
53 94 329
53 95 404
53 96 536
53 97 176
53 98 550
53 99 615
53 100 442
54 55 834
54 56 470
54 57 437
54 58 644
54 59 630
54 60 687
54 61 668
54 62 668
54 63 436
54 64 389
54 65 451
54 66 340
54 67 554
54 68 539
54 69 263
54 70 945
54 71 832
54 72 375
54 73 663
54 74 860
54 75 846
54 76 591
54 77 521
54 78 696
54 79 671
54 80 322
54 81 652
54 82 160
54 83 234
54 84 388
54 85 696
54 86 511
54 87 470
54 88 145
54 89 248
54 90 1043
54 91 506
54 92 324
54 93 406
54 94 391
54 95 446
54 96 164
54 97 540
54 98 137
54 99 709
54 100 534
55 56 856
55 57 508
55 58 709
55 59 827
55 60 345
55 61 624
55 62 694
55 63 482
55 64 446
55 65 451
55 66 524
55 67 394
55 68 723
55 69 600
55 70 186
55 71 9
55 72 560
55 73 178
55 74 58
55 75 900
55 76 795
55 77 401
55 78 181
55 79 177
55 80 709
55 81 815
55 82 857
55 83 604
55 84 546
55 85 188
55 86 608
55 87 364
55 88 736
55 89 768
55 90 242
55 91 376
55 92 521
55 93 646
55 94 699
55 95 756
55 96 966
55 97 398
55 98 971
55 99 681
55 100 598
56 57 355
56 58 1021
56 59 183
56 60 899
56 61 342
56 62 296
56 63 387
56 64 551
56 65 701
56 66 405
56 67 787
56 68 935
56 69 574
56 70 874
56 71 849
56 72 694
56 73 747
56 74 850
56 75 396
56 76 159
56 77 751
56 78 675
56 79 683
56 80 200
56 81 211
56 82 629
56 83 433
56 84 698
56 85 813
56 86 256
56 87 584
56 88 557
56 89 684
56 90 977
56 91 490
56 92 563
56 93 216
56 94 790
56 95 863
56 96 610
56 97 773
56 98 503
56 99 344
56 100 274
57 58 753
57 59 382
57 60 559
57 61 280
57 62 317
57 63 34
57 64 240
57 65 396
57 66 122
57 67 462
57 68 691
57 69 350
57 70 558
57 71 502
57 72 433
57 73 392
57 74 510
57 75 544
57 76 340
57 77 429
57 78 332
57 79 332
57 80 203
57 81 383
57 82 542
57 83 231
57 84 430
57 85 458
57 86 151
57 87 244
57 88 421
57 89 527
57 90 663
57 91 135
57 92 294
57 93 139
57 94 570
57 95 650
57 96 599
57 97 450
57 98 551
57 99 340
57 100 160
58 59 1118
58 60 365
58 61 1027
58 62 1070
58 63 722
58 64 513
58 65 362
58 66 644
58 67 341
58 68 110
58 69 446
58 70 893
58 71 714
58 72 328
58 73 567
58 74 765
58 75 1297
58 76 1074
58 77 356
58 78 714
58 79 666
58 80 821
58 81 1126
58 82 526
58 83 588
58 84 326
58 85 524
58 86 902
58 87 538
58 88 503
58 89 403
58 90 946
58 91 685
58 92 467
58 93 844
58 94 253
58 95 214
58 96 649
58 97 345
58 98 745
58 99 1089
58 100 913
59 60 940
59 61 223
59 62 155
59 63 416
59 64 615
59 65 773
59 66 474
59 67 844
59 68 1043
59 69 682
59 70 805
59 71 818
59 72 790
59 73 753
59 74 808
59 75 217
59 76 43
59 77 811
59 78 648
59 79 669
59 80 319
59 81 30
59 82 783
59 83 539
59 84 791
59 85 825
59 86 235
59 87 626
59 88 695
59 89 821
59 90 904
59 91 499
59 92 651
59 93 274
59 94 907
59 95 984
59 96 780
59 97 831
59 98 679
59 99 196
59 100 236
60 61 790
60 62 848
60 63 525
60 64 353
60 65 235
60 66 496
60 67 132
60 68 396
60 69 424
60 70 531
60 71 351
60 72 323
60 73 232
60 74 403
60 75 1077
60 76 899
60 77 167
60 78 388
60 79 342
60 80 708
60 81 939
60 82 647
60 83 509
60 84 308
60 85 170
60 86 705
60 87 316
60 88 552
60 89 530
60 90 581
60 91 444
60 92 376
60 93 688
60 94 415
60 95 451
60 96 774
60 97 147
60 98 820
60 99 854
60 100 707
61 62 72
61 63 307
61 64 514
61 65 666
61 66 401
61 67 716
61 68 970
61 69 629
61 70 585
61 71 615
61 72 712
61 73 579
61 74 599
61 75 287
61 76 207
61 77 688
61 78 452
61 79 482
61 80 353
61 81 203
61 82 798
61 83 501
61 84 709
61 85 653
61 86 156
61 87 496
61 88 686
61 89 800
61 90 682
61 91 351
61 92 575
61 93 261
61 94 851
61 95 931
61 96 831
61 97 706
61 98 754
61 99 64
61 100 135
62 63 347
62 64 556
62 65 711
62 66 432
62 67 768
62 68 1007
62 69 658
62 70 657
62 71 685
62 72 749
62 73 643
62 74 670
62 75 230
62 76 147
62 77 738
62 78 521
62 79 548
62 80 346
62 81 132
62 82 807
62 83 523
62 84 747
62 85 716
62 86 172
62 87 547
62 88 701
62 89 820
62 90 754
62 91 405
62 92 610
62 93 264
62 94 882
62 95 962
62 96 828
62 97 757
62 98 743
62 99 48
62 100 158
63 64 209
63 65 365
63 66 105
63 67 428
63 68 663
63 69 328
63 70 540
63 71 476
63 72 405
63 73 360
63 74 486
63 75 575
63 76 374
63 77 396
63 78 307
63 79 305
63 80 227
63 81 417
63 82 532
63 83 219
63 84 402
63 85 426
63 86 184
63 87 209
63 88 408
63 89 509
63 90 644
63 91 105
63 92 268
63 93 171
63 94 546
63 95 625
63 96 597
63 97 416
63 98 555
63 99 368
63 100 191
64 65 157
64 66 146
64 67 236
64 68 458
64 69 168
64 70 571
64 71 444
64 72 203
64 73 274
64 74 475
64 75 784
64 76 572
64 77 200
64 78 324
64 79 290
64 80 355
64 81 620
64 82 421
64 83 168
64 84 197
64 85 313
64 86 390
64 87 82
64 88 295
64 89 356
64 90 664
64 91 188
64 92 86
64 93 347
64 94 353
64 95 430
64 96 522
64 97 222
64 98 526
64 99 576
64 100 400
65 66 300
65 67 103
65 68 321
65 69 188
65 70 612
65 71 453
65 72 109
65 73 275
65 74 496
65 75 940
65 76 730
65 77 69
65 78 389
65 79 343
65 80 502
65 81 778
65 82 425
65 83 284
65 84 94
65 85 274
65 86 548
65 87 177
65 88 320
65 89 321
65 90 691
65 91 323
65 92 146
65 93 503
65 94 253
65 95 319
65 96 547
65 97 88
65 98 586
65 99 729
65 100 556
66 67 382
66 68 576
66 69 228
66 70 611
66 71 520
66 72 318
66 73 375
66 74 540
66 75 654
66 76 431
66 77 346
66 78 366
66 79 349
66 80 212
66 81 482
66 82 428
66 83 114
66 84 318
66 85 430
66 86 260
66 87 188
66 88 303
66 89 405
66 90 713
66 91 167
66 92 178
66 93 202
66 94 450
66 95 530
66 96 498
66 97 368
66 98 467
66 99 459
66 100 274
67 68 333
67 69 291
67 70 569
67 71 397
67 72 195
67 73 232
67 74 445
67 75 998
67 76 802
67 77 36
67 78 374
67 79 325
67 80 591
67 81 846
67 82 519
67 83 382
67 84 180
67 85 206
67 86 613
67 87 221
67 88 421
67 89 407
67 90 637
67 91 365
67 92 246
67 93 581
67 94 310
67 95 362
67 96 644
67 97 15
67 98 688
67 99 780
67 100 618
68 69 362
68 70 901
68 71 727
68 72 258
68 73 565
68 74 777
68 75 1230
68 76 1000
68 77 337
68 78 701
68 79 653
68 80 737
68 81 1054
68 82 415
68 83 506
68 84 260
68 85 534
68 86 836
68 87 497
68 88 401
68 89 294
68 90 965
68 91 640
68 92 397
68 93 769
68 94 150
68 95 103
68 96 539
68 97 332
68 98 635
68 99 1031
68 100 849
69 70 736
69 71 599
69 72 126
69 73 422
69 74 635
69 75 875
69 76 639
69 77 258
69 78 491
69 79 455
69 80 375
69 81 694
69 82 257
69 83 143
69 84 135
69 85 443
69 86 485
69 87 248
69 88 137
69 89 189
69 90 827
69 91 345
69 92 82
69 93 409
69 94 225
69 95 304
69 96 368
69 97 276
69 98 398
69 99 686
69 100 501
70 71 179
70 72 718
70 73 339
70 74 127
70 75 833
70 76 781
70 77 570
70 78 249
70 79 280
70 80 761
70 81 787
70 82 992
70 83 710
70 84 705
70 85 369
70 86 617
70 87 489
70 88 866
70 89 916
70 90 104
70 91 445
70 92 654
70 93 681
70 94 864
70 95 926
70 96 1090
70 97 571
70 98 1077
70 99 631
70 100 600
71 72 561
71 73 179
71 74 51
71 75 891
71 76 787
71 77 403
71 78 173
71 79 172
71 80 703
71 81 806
71 82 857
71 83 601
71 84 547
71 85 192
71 86 601
71 87 361
71 88 735
71 89 768
71 90 239
71 91 370
71 92 520
71 93 639
71 94 701
71 95 759
71 96 965
71 97 401
71 98 968
71 99 672
71 100 590
72 73 383
72 74 604
72 75 973
72 76 746
72 77 170
72 78 488
72 79 445
72 80 494
72 81 799
72 82 324
72 83 261
72 84 15
72 85 383
72 86 578
72 87 256
72 88 233
72 89 213
72 90 799
72 91 390
72 92 140
72 93 515
72 94 154
72 95 229
72 96 450
72 97 183
72 98 503
72 99 773
72 100 591
73 74 221
73 75 867
73 76 716
73 77 231
73 78 156
73 79 109
73 80 578
73 81 747
73 82 679
73 83 440
73 84 369
73 85 73
73 86 520
73 87 196
73 88 559
73 89 589
73 90 416
73 91 259
73 92 345
73 93 531
73 94 526
73 95 587
73 96 790
73 97 233
73 98 801
73 99 642
73 100 516
74 75 869
74 76 779
74 77 450
74 78 179
74 79 191
74 80 714
74 81 794
74 82 893
74 83 628
74 84 590
74 85 242
74 86 598
74 87 392
74 88 769
74 89 808
74 90 194
74 91 383
74 92 555
74 93 644
74 94 747
74 95 806
74 96 998
74 97 449
74 98 996
74 99 653
74 100 585
75 76 254
75 77 968
75 78 736
75 79 768
75 80 529
75 81 194
75 82 996
75 83 735
75 84 972
75 85 940
75 86 394
75 87 777
75 88 902
75 89 1026
75 90 921
75 91 635
75 92 833
75 93 468
75 94 1101
75 95 1179
75 96 997
75 97 987
75 98 896
75 99 224
75 100 384
76 77 768
76 78 615
76 79 634
76 80 277
76 81 60
76 82 743
76 83 495
76 84 748
76 85 787
76 86 195
76 87 584
76 88 653
76 89 778
76 90 882
76 91 460
76 92 607
76 93 230
76 94 863
76 95 941
76 96 743
76 97 789
76 98 645
76 99 193
76 100 200
77 78 363
77 79 316
77 80 554
77 81 813
77 82 492
77 83 345
77 84 155
77 85 217
77 86 580
77 87 191
77 88 390
77 89 384
77 90 643
77 91 337
77 92 210
77 93 546
77 94 298
77 95 356
77 96 616
77 97 21
77 98 656
77 99 751
77 100 586
78 79 48
78 80 535
78 81 637
78 82 745
78 83 461
78 84 476
78 85 223
78 86 427
78 87 243
78 88 618
78 89 675
78 90 348
78 91 204
78 92 409
78 93 467
78 94 640
78 95 709
78 96 841
78 97 371
78 98 829
78 99 513
78 100 417
79 80 531
79 81 660
79 82 711
79 83 437
79 84 432
79 85 179
79 86 442
79 87 208
79 88 586
79 89 637
79 90 374
79 91 199
79 92 374
79 93 470
79 94 596
79 95 663
79 96 811
79 97 323
79 98 806
79 99 543
79 100 434
80 81 337
80 82 467
80 83 233
80 84 498
80 85 637
80 86 201
80 87 399
80 88 375
80 89 501
80 90 866
80 91 332
80 92 362
80 93 96
80 94 595
80 95 671
80 96 482
80 97 576
80 98 401
80 99 389
80 100 226
81 82 803
81 83 551
81 84 800
81 85 819
81 86 233
81 87 626
81 88 712
81 89 837
81 90 885
81 91 496
81 92 659
81 93 284
81 94 919
81 95 997
81 96 804
81 97 834
81 98 704
81 99 170
81 100 232
82 83 313
82 84 339
82 85 695
82 86 642
82 87 503
82 88 128
82 89 127
82 90 1084
82 91 580
82 92 338
82 93 542
82 94 278
82 95 315
82 96 130
82 97 507
82 98 221
82 99 845
82 100 663
83 84 266
83 85 481
83 86 350
83 87 243
83 88 189
83 89 298
83 90 809
83 91 274
83 92 138
83 93 267
83 94 367
83 95 445
83 96 386
83 97 367
83 98 368
83 99 555
83 100 369
84 85 368
84 86 578
84 87 247
84 88 247
84 89 229
84 90 785
84 91 383
84 92 140
84 93 517
84 94 164
84 95 237
84 96 465
84 97 168
84 98 517
84 99 770
84 100 590
85 86 591
85 87 243
85 88 581
85 89 596
85 90 431
85 91 327
85 92 372
85 93 596
85 94 514
85 95 568
85 96 812
85 97 212
85 98 834
85 99 716
85 100 588
86 87 392
86 88 532
86 89 649
86 90 721
86 91 264
86 92 439
86 93 106
86 94 710
86 95 789
86 96 675
86 97 600
86 98 602
86 99 205
86 100 24
87 88 377
87 89 432
87 90 581
87 91 147
87 92 165
87 93 371
87 94 410
87 95 485
87 96 605
87 97 210
87 98 607
87 99 560
87 100 397
88 89 127
88 90 959
88 91 452
88 92 214
88 93 438
88 94 251
88 95 315
88 96 231
88 97 407
88 98 269
88 99 737
88 100 552
89 90 1002
89 91 534
89 92 269
89 93 559
89 94 151
89 95 198
89 96 257
89 97 396
89 98 342
89 99 853
89 100 667
90 91 548
90 92 746
90 93 786
90 94 941
90 95 999
90 96 1186
90 97 641
90 98 1177
90 99 726
90 100 704
91 92 269
91 93 274
91 94 541
91 95 618
91 96 661
91 97 355
91 98 635
91 99 415
91 100 263
92 93 377
92 94 278
92 95 357
92 96 444
92 97 231
92 98 461
92 99 634
92 100 451
93 94 635
93 95 713
93 96 569
93 97 568
93 98 495
93 99 303
93 100 131
94 95 79
94 96 406
94 97 303
94 98 493
94 99 910
94 100 725
95 96 436
95 97 357
95 98 536
95 99 989
95 100 804
96 97 631
96 98 125
96 99 871
96 100 698
97 98 674
97 99 770
97 100 606
98 99 788
98 100 626
99 100 186
