100 4950
1 2 902
1 3 75
1 4 391
1 5 347
1 6 822
1 7 846
1 8 845
1 9 591
1 10 289
1 11 705
1 12 664
1 13 668
1 14 60
1 15 309
1 16 1205
1 17 280
1 18 805
1 19 50
1 20 928
1 21 253
1 22 641
1 23 690
1 24 931
1 25 959
1 26 1083
1 27 589
1 28 520
1 29 932
1 30 830
1 31 648
1 32 108
1 33 631
1 34 870
1 35 601
1 36 644
1 37 580
1 38 108
1 39 962
1 40 789
1 41 776
1 42 453
1 43 705
1 44 856
1 45 600
1 46 818
1 47 861
1 48 480
1 49 705
1 50 108
1 51 895
1 52 1061
1 53 860
1 54 559
1 55 533
1 56 799
1 57 631
1 58 480
1 59 589
1 60 439
1 61 916
1 62 383
1 63 282
1 64 544
1 65 857
1 66 594
1 67 384
1 68 398
1 69 54
1 70 340
1 71 273
1 72 452
1 73 899
1 74 373
1 75 405
1 76 1058
1 77 880
1 78 197
1 79 808
1 80 806
1 81 877
1 82 339
1 83 187
1 84 110
1 85 447
1 86 305
1 87 432
1 88 927
1 89 542
1 90 252
1 91 1122
1 92 796
1 93 470
1 94 928
1 95 622
1 96 557
1 97 768
1 98 733
1 99 831
1 100 765
2 3 833
2 4 787
2 5 804
2 6 87
2 7 439
2 8 1169
2 9 1118
2 10 953
2 11 322
2 12 400
2 13 1004
2 14 867
2 15 1028
2 16 942
2 17 922
2 18 504
2 19 853
2 20 1087
2 21 714
2 22 485
2 23 930
2 24 364
2 25 590
2 26 912
2 27 480
2 28 1005
2 29 294
2 30 723
2 31 731
2 32 975
2 33 485
2 34 809
2 35 986
2 36 904
2 37 1062
2 38 867
2 39 1014
2 40 393
2 41 980
2 42 595
2 43 946
2 44 295
2 45 850
2 46 1128
2 47 1081
2 48 989
2 49 1069
2 50 855
2 51 827
2 52 1029
2 53 1004
2 54 343
2 55 691
2 56 727
2 57 282
2 58 448
2 59 325
2 60 604
2 61 1031
2 62 735
2 63 964
2 64 598
2 65 245
2 66 440
2 67 982
2 68 521
2 69 924
2 70 990
2 71 665
2 72 655
2 73 805
2 74 701
2 75 895
2 76 954
2 77 701
2 78 707
2 79 1265
2 80 1223
2 81 59
2 82 590
2 83 866
2 84 985
2 85 784
2 86 1020
2 87 700
2 88 215
2 89 1108
2 90 1017
2 91 854
2 92 1223
2 93 436
2 94 657
2 95 760
2 96 926
2 97 594
2 98 1123
2 99 1257
2 100 881
3 4 388
3 5 348
3 6 751
3 7 801
3 8 868
3 9 629
3 10 326
3 11 649
3 12 614
3 13 685
3 14 38
3 15 360
3 16 1185
3 17 311
3 18 765
3 19 42
3 20 937
3 21 222
3 22 598
3 23 697
3 24 879
3 25 922
3 26 1067
3 27 544
3 28 548
3 29 876
3 30 808
3 31 633
3 32 178
3 33 588
3 34 855
3 35 620
3 36 650
3 37 611
3 38 131
3 39 962
3 40 740
3 41 784
3 42 417
3 43 713
3 44 800
3 45 601
3 46 839
3 47 874
3 48 508
3 49 728
3 50 124
3 51 880
3 52 1057
3 53 865
3 54 490
3 55 515
3 56 779
3 57 565
3 58 421
3 59 524
3 60 403
3 61 920
3 62 370
3 63 322
3 64 513
3 65 798
3 66 544
3 67 418
3 68 339
3 69 93
3 70 380
3 71 229
3 72 427
3 73 882
3 74 353
3 75 422
3 76 1047
3 77 855
3 78 137
3 79 846
3 80 839
3 81 809
3 82 285
3 83 208
3 84 183
3 85 443
3 86 355
3 87 413
3 88 867
3 89 582
3 90 308
3 91 1099
3 92 830
3 93 398
3 94 897
3 95 611
3 96 571
3 97 736
3 98 760
3 99 865
3 100 762
4 5 45
4 6 732
4 7 553
4 8 510
4 9 346
4 10 204
4 11 491
4 12 420
4 13 317
4 14 418
4 15 277
4 16 822
4 17 179
4 18 488
4 19 361
4 20 552
4 21 191
4 22 355
4 23 311
4 24 665
4 25 620
4 26 696
4 27 327
4 28 234
4 29 693
4 30 453
4 31 265
4 32 366
4 33 349
4 34 483
4 35 262
4 36 264
4 37 300
4 38 284
4 39 574
4 40 518
4 41 398
4 42 191
4 43 328
4 44 619
4 45 213
4 46 475
4 47 494
4 48 208
4 49 372
4 50 282
4 51 507
4 52 670
4 53 477
4 54 501
4 55 165
4 56 420
4 57 515
4 58 358
4 59 475
4 60 182
4 61 532
4 62 54
4 63 220
4 64 224
4 65 641
4 66 358
4 67 198
4 68 320
4 69 445
4 70 220
4 71 230
4 72 136
4 73 513
4 74 92
4 75 107
4 76 667
4 77 510
4 78 312
4 79 535
4 80 510
4 81 741
4 82 267
4 83 211
4 84 380
4 85 55
4 86 270
4 87 91
4 88 720
4 89 325
4 90 297
4 91 744
4 92 505
4 93 472
4 94 570
4 95 234
4 96 202
4 97 421
4 98 416
4 99 543
4 100 375
5 6 744
5 7 590
5 8 536
5 9 350
5 10 166
5 11 516
5 12 448
5 13 346
5 14 376
5 15 242
5 16 868
5 17 138
5 18 528
5 19 319
5 20 589
5 21 164
5 22 389
5 23 349
5 24 700
5 25 663
5 26 742
5 27 356
5 28 242
5 29 724
5 30 498
5 31 311
5 32 320
5 33 381
5 34 528
5 35 286
5 36 302
5 37 309
5 38 239
5 39 616
5 40 552
5 41 436
5 42 212
5 43 365
5 44 649
5 45 254
5 46 503
5 47 529
5 48 210
5 49 397
5 50 238
5 51 553
5 52 714
5 53 517
5 54 505
5 55 209
5 56 466
5 57 527
5 58 365
5 59 486
5 60 201
5 61 572
5 62 73
5 63 181
5 64 260
5 65 669
5 66 383
5 67 178
5 68 317
5 69 401
5 70 190
5 71 210
5 72 166
5 73 559
5 74 102
5 75 104
5 76 712
5 77 556
5 78 282
5 79 549
5 80 528
5 81 759
5 82 258
5 83 166
5 84 334
5 85 101
5 86 234
5 87 124
5 88 748
5 89 322
5 90 256
5 91 790
5 92 522
5 93 467
5 94 614
5 95 280
5 96 230
5 97 464
5 98 437
5 99 559
5 100 418
6 7 449
6 8 1139
6 9 1070
6 10 888
6 11 298
6 12 372
6 13 968
6 14 785
6 15 962
6 16 967
6 17 857
6 18 504
6 19 773
6 20 1071
6 21 644
6 22 456
6 23 899
6 24 396
6 25 611
6 26 925
6 27 442
6 28 956
6 29 332
6 30 717
6 31 703
6 32 898
6 33 454
6 34 804
6 35 944
6 36 869
6 37 1015
6 38 792
6 39 1006
6 40 392
6 41 955
6 42 542
6 43 915
6 44 313
6 45 813
6 46 1098
6 47 1059
6 48 937
6 49 1033
6 50 780
6 51 823
6 52 1031
6 53 986
6 54 264
6 55 650
6 56 717
6 57 217
6 58 382
6 59 259
6 60 549
6 61 1017
6 62 678
6 63 898
6 64 557
6 65 265
6 66 399
6 67 923
6 68 449
6 69 842
6 70 927
6 71 593
6 72 604
6 73 803
6 74 643
6 75 839
6 76 961
6 77 703
6 78 629
6 79 1227
6 80 1187
6 81 101
6 82 519
6 83 796
6 84 908
6 85 734
6 86 954
6 87 648
6 88 261
6 89 1056
6 90 947
6 91 876
6 92 1186
6 93 353
6 94 668
6 95 728
6 96 883
6 97 585
6 98 1087
6 99 1221
6 100 860
7 8 781
7 9 810
7 10 756
7 11 199
7 12 192
7 13 649
7 14 840
7 15 830
7 16 524
7 17 729
7 18 82
7 19 799
7 20 669
7 21 596
7 22 207
7 23 559
7 24 125
7 25 168
7 26 476
7 27 257
7 28 709
7 29 183
7 30 296
7 31 370
7 32 873
7 33 216
7 34 378
7 35 654
7 36 548
7 37 749
7 38 765
7 39 583
7 40 72
7 41 587
7 42 400
7 43 571
7 44 144
7 45 510
7 46 742
7 47 677
7 48 708
7 49 710
7 50 757
7 51 393
7 52 591
7 53 591
7 54 449
7 55 397
7 56 307
7 57 363
7 58 404
7 59 371
7 60 414
7 61 609
7 62 519
7 63 771
7 64 329
7 65 194
7 66 257
7 67 743
7 68 477
7 69 889
7 70 772
7 71 573
7 72 425
7 73 370
7 74 504
7 75 643
7 76 515
7 77 263
7 78 665
7 79 906
7 80 856
7 81 380
7 82 517
7 83 724
7 84 886
7 85 521
7 86 823
7 87 466
7 88 251
7 89 818
7 90 845
7 91 430
7 92 860
7 93 527
7 94 219
7 95 410
7 96 607
7 97 184
7 98 763
7 99 890
7 100 481
8 9 285
8 10 559
8 11 846
8 12 769
8 13 192
8 14 889
8 15 568
8 16 680
8 17 564
8 18 700
8 19 832
8 20 189
8 21 700
8 22 684
8 23 240
8 24 905
8 25 727
8 26 551
8 27 699
8 28 324
8 29 964
8 30 500
8 31 437
8 32 772
8 33 685
8 34 438
8 35 250
8 36 275
8 37 270
8 38 741
8 39 307
8 40 795
8 41 194
8 42 639
8 43 223
8 44 911
8 45 335
8 46 40
8 47 125
8 48 365
8 49 140
8 50 745
8 51 440
8 52 411
8 53 215
8 54 964
8 55 501
8 56 479
8 57 944
8 58 821
8 59 914
8 60 640
8 61 237
8 62 554
8 63 568
8 64 589
8 65 953
8 66 742
8 67 465
8 68 810
8 69 897
8 70 514
8 71 740
8 72 577
8 73 465
8 74 591
8 75 447
8 76 479
8 77 557
8 78 819
8 79 166
8 80 111
8 81 1112
8 82 769
8 83 661
8 84 782
8 85 470
8 86 568
8 87 548
8 88 1025
8 89 340
8 90 628
8 91 654
8 92 124
8 93 961
8 94 637
8 95 411
8 96 307
8 97 597
8 98 115
8 99 132
8 100 300
9 10 303
9 11 806
9 12 728
9 13 198
9 14 643
9 15 293
9 16 881
9 17 318
9 18 731
9 19 589
9 20 437
9 21 507
9 22 649
9 23 290
9 24 934
9 25 815
9 26 744
9 27 640
9 28 113
9 29 978
9 30 592
9 31 441
9 32 506
9 33 646
9 34 567
9 35 160
9 36 276
9 37 61
9 38 498
9 39 528
9 40 798
9 41 334
9 42 528
9 43 289
9 44 911
9 45 301
9 46 275
9 47 359
9 48 139
9 49 179
9 50 504
9 51 581
9 52 642
9 53 411
9 54 848
9 55 432
9 56 560
9 57 856
9 58 703
9 59 818
9 60 522
9 61 460
9 62 400
9 63 309
9 64 523
9 65 943
9 66 679
9 67 211
9 68 665
9 69 641
9 70 251
9 71 558
9 72 465
9 73 601
9 74 439
9 75 245
9 76 685
9 77 658
9 78 612
9 79 217
9 80 218
9 81 1068
9 82 608
9 83 422
9 84 514
9 85 336
9 86 294
9 87 422
9 88 1021
9 89 55
9 90 354
9 91 831
9 92 207
9 93 817
9 94 737
9 95 400
9 96 202
9 97 636
9 98 172
9 99 240
9 100 404
10 11 678
10 12 612
10 13 393
10 14 339
10 15 76
10 16 1003
10 17 30
10 18 693
10 19 285
10 20 660
10 21 251
10 22 555
10 23 433
10 24 866
10 25 824
10 26 871
10 27 521
10 28 234
10 29 890
10 30 644
10 31 456
10 32 214
10 33 548
10 34 661
10 35 324
10 36 391
10 37 292
10 38 194
10 39 712
10 40 718
10 41 514
10 42 374
10 43 445
10 44 814
10 45 362
10 46 535
10 47 588
10 48 194
10 49 422
10 50 201
10 51 683
10 52 819
10 53 601
10 54 635
10 55 369
10 56 611
10 57 672
10 58 505
10 59 629
10 60 362
10 61 657
10 62 239
10 63 15
10 64 427
10 65 832
10 66 546
10 67 95
10 68 442
10 69 340
10 70 54
10 71 306
10 72 333
10 73 694
10 74 261
10 75 147
10 76 832
10 77 705
10 78 329
10 79 520
10 80 517
10 81 912
10 82 374
10 83 124
10 84 225
10 85 247
10 86 68
10 87 290
10 88 910
10 89 256
10 90 95
10 91 930
10 92 507
10 93 578
10 94 770
10 95 419
10 96 292
10 97 624
10 98 446
10 99 542
10 100 527
11 12 78
11 13 682
11 14 688
11 15 755
11 16 716
11 17 648
11 18 225
11 19 656
11 20 773
11 21 471
11 22 163
11 23 607
11 24 234
11 25 365
11 26 652
11 27 166
11 28 694
11 29 226
11 30 424
11 31 409
11 32 751
11 33 163
11 34 510
11 35 667
11 36 582
11 37 747
11 38 640
11 39 710
11 40 127
11 41 659
11 42 303
11 43 623
11 44 150
11 45 529
11 46 806
11 47 762
11 48 682
11 49 748
11 50 630
11 51 531
11 52 742
11 53 688
11 54 250
11 55 374
11 56 421
11 57 164
11 58 230
11 59 173
11 60 316
11 61 719
11 62 443
11 63 691
11 64 282
11 65 155
11 66 132
11 67 690
11 68 311
11 69 742
11 70 706
11 71 434
11 72 354
11 73 513
11 74 416
11 75 595
11 76 678
11 77 418
11 78 512
11 79 944
11 80 901
11 81 267
11 82 366
11 83 616
11 84 764
11 85 478
11 86 747
11 87 400
11 88 233
11 89 800
11 90 756
11 91 621
11 92 902
11 93 333
11 94 399
11 95 437
11 96 609
11 97 291
11 98 802
11 99 935
11 100 562
12 13 604
12 14 653
12 15 689
12 16 680
12 17 583
12 18 187
12 19 616
12 20 700
12 21 420
12 22 84
12 23 529
12 24 267
12 25 343
12 26 604
12 27 92
12 28 617
12 29 278
12 30 363
12 31 331
12 32 701
12 33 84
12 34 447
12 35 588
12 36 503
12 37 670
12 38 591
12 39 643
12 40 126
12 41 583
12 42 238
12 43 545
12 44 201
12 45 450
12 46 728
12 47 686
12 48 606
12 49 669
12 50 581
12 51 469
12 52 682
12 53 614
12 54 276
12 55 296
12 56 355
12 57 208
12 58 212
12 59 200
12 60 251
12 61 648
12 62 375
12 63 626
12 64 205
12 65 221
12 66 71
12 67 618
12 68 285
12 69 704
12 70 638
12 71 390
12 72 283
12 73 453
12 74 351
12 75 522
12 76 624
12 77 365
12 78 477
12 79 865
12 80 822
12 81 345
12 82 328
12 83 559
12 84 714
12 85 403
12 86 681
12 87 329
12 88 300
12 89 724
12 90 694
12 91 585
12 92 823
12 93 343
12 94 360
12 95 359
12 96 531
12 97 231
12 98 723
12 99 857
12 100 488
13 14 709
13 15 419
13 16 683
13 17 392
13 18 568
13 19 651
13 20 268
13 21 508
13 22 520
13 23 96
13 24 775
13 25 632
13 26 546
13 27 526
13 28 167
13 29 827
13 30 403
13 31 282
13 32 607
13 33 519
13 34 371
13 35 68
13 36 102
13 37 147
13 38 562
13 39 339
13 40 650
13 41 138
13 42 451
13 43 92
13 44 766
13 45 154
13 46 157
13 47 195
13 48 203
13 49 65
13 50 565
13 51 383
13 52 452
13 53 221
13 54 778
13 55 319
13 56 374
13 57 765
13 58 634
13 59 733
13 60 451
13 61 275
13 62 361
13 63 405
13 64 411
13 65 804
13 66 568
13 67 304
13 68 618
13 69 722
13 70 356
13 71 548
13 72 388
13 73 404
13 74 398
13 75 264
13 76 489
13 77 469
13 78 628
13 79 261
13 80 218
13 81 950
13 82 577
13 83 482
13 84 618
13 85 277
13 86 417
13 87 357
13 88 879
13 89 237
13 90 474
13 91 632
13 92 219
13 93 770
13 94 549
13 95 247
13 96 116
13 97 467
13 98 119
13 99 253
13 100 207
14 15 365
14 16 1220
14 17 327
14 18 803
14 19 57
14 20 964
14 21 258
14 22 637
14 23 724
14 24 917
14 25 960
14 26 1102
14 27 583
14 28 566
14 29 914
14 30 844
14 31 667
14 32 169
14 33 627
14 34 889
14 35 643
14 36 678
14 37 628
14 38 147
14 39 992
14 40 779
14 41 811
14 42 455
14 43 740
14 44 838
14 45 630
14 46 861
14 47 900
14 48 526
14 49 749
14 50 144
14 51 914
14 52 1088
14 53 893
14 54 524
14 55 549
14 56 814
14 57 601
14 58 459
14 59 561
14 60 441
14 61 949
14 62 403
14 63 334
14 64 550
14 65 836
14 66 583
14 67 433
14 68 377
14 69 56
14 70 392
14 71 267
14 72 463
14 73 917
14 74 388
14 75 445
14 76 1080
14 77 892
14 78 176
14 79 860
14 80 856
14 81 845
14 82 324
14 83 228
14 84 170
14 85 473
14 86 361
14 87 448
14 88 904
14 89 594
14 90 310
14 91 1135
14 92 846
14 93 432
14 94 934
14 95 644
14 96 596
14 97 773
14 98 780
14 99 881
14 100 793
15 16 1057
15 17 107
15 18 766
15 19 318
15 20 687
15 21 322
15 22 631
15 23 473
15 24 942
15 25 893
15 26 923
15 27 597
15 28 252
15 29 966
15 30 706
15 31 519
15 32 214
15 33 623
15 34 717
15 35 351
15 36 434
15 37 297
15 38 233
15 39 750
15 40 794
15 41 549
15 42 451
15 43 483
15 44 890
15 45 413
15 46 548
15 47 612
15 48 216
15 49 437
15 50 243
15 51 738
15 52 860
15 53 636
15 54 708
15 55 439
15 56 672
15 57 747
15 58 580
15 59 704
15 60 439
15 61 691
15 62 315
15 63 64
15 64 501
15 65 909
15 66 623
15 67 117
15 68 515
15 69 354
15 70 67
15 71 376
15 72 408
15 73 750
15 74 338
15 75 203
15 76 880
15 77 768
15 78 387
15 79 507
15 80 512
15 81 988
15 82 447
15 83 180
15 84 222
15 85 316
15 86 8
15 87 365
15 88 987
15 89 240
15 90 61
15 91 987
15 92 500
15 93 647
15 94 835
15 95 480
15 96 331
15 97 694
15 98 453
15 99 533
15 100 575
16 17 987
16 18 493
16 19 1168
16 20 492
16 21 962
16 22 637
16 23 599
16 24 578
16 25 357
16 26 137
16 27 693
16 28 833
16 29 650
16 30 376
16 31 558
16 32 1189
16 33 647
16 34 341
16 35 735
16 36 629
16 37 829
16 38 1102
16 39 373
16 40 591
16 41 548
16 42 776
16 43 595
16 44 653
16 45 643
16 46 658
16 47 558
16 48 857
16 49 710
16 50 1099
16 51 319
16 52 276
16 53 478
16 54 956
16 55 672
16 56 406
16 57 879
16 58 873
16 59 879
16 60 789
16 61 443
16 62 822
16 63 1018
16 64 677
16 65 702
16 66 719
16 67 941
16 68 924
16 69 1257
16 70 989
16 71 965
16 72 757
16 73 309
16 74 833
16 75 856
16 76 201
16 77 334
16 78 1068
16 79 847
16 80 791
16 81 886
16 82 936
16 83 1034
16 84 1202
16 85 768
16 86 1052
16 87 774
16 88 730
16 89 920
16 90 1098
16 91 94
16 92 803
16 93 1019
16 94 319
16 95 588
16 96 731
16 97 468
16 98 742
16 99 813
16 100 487
17 18 667
17 19 272
17 20 656
17 21 222
17 22 527
17 23 425
17 24 838
17 25 799
17 26 856
17 27 491
17 28 239
17 29 860
17 30 624
17 31 436
17 32 216
17 33 519
17 34 645
17 35 323
17 36 382
17 37 301
17 38 180
17 39 704
17 40 689
17 41 509
17 42 344
17 43 439
17 44 784
17 45 349
17 46 538
17 47 586
17 48 199
17 49 425
17 50 186
17 51 667
17 52 809
17 53 594
17 54 604
17 55 344
17 56 591
17 57 641
17 58 474
17 59 598
17 60 332
17 61 651
17 62 210
17 63 43
17 64 399
17 65 802
17 66 516
17 67 107
17 68 412
17 69 333
17 70 78
17 71 277
17 72 304
17 73 677
17 74 231
17 75 135
17 76 819
17 77 685
17 78 304
17 79 534
17 80 528
17 81 881
17 82 344
17 83 104
17 84 228
17 85 225
17 86 99
17 87 262
17 88 880
17 89 273
17 90 118
17 91 912
17 92 519
17 93 549
17 94 747
17 95 400
17 96 286
17 97 600
17 98 453
17 99 554
17 100 516
18 19 759
18 20 591
18 21 552
18 22 167
18 23 477
18 24 207
18 25 160
18 26 427
18 27 223
18 28 632
18 29 264
18 30 220
18 31 290
18 32 823
18 33 177
18 34 305
18 35 574
18 36 467
18 37 670
18 38 718
18 39 510
18 40 112
18 41 505
18 42 352
18 43 489
18 44 217
18 45 430
18 46 660
18 47 596
18 48 633
18 49 628
18 50 710
18 51 322
18 52 527
18 53 512
18 54 462
18 55 328
18 56 228
18 57 386
18 58 392
18 59 385
18 60 367
18 61 532
18 62 459
18 63 708
18 64 270
18 65 265
18 66 237
18 67 674
18 68 456
18 69 851
18 70 705
18 71 536
18 72 368
18 73 300
18 74 449
18 75 573
18 76 457
18 77 198
18 78 633
18 79 824
18 80 774
18 81 445
18 82 487
18 83 670
18 84 836
18 85 452
18 86 758
18 87 405
18 88 328
18 89 741
18 90 784
18 91 399
18 92 778
18 93 530
18 94 175
18 95 330
18 96 529
18 97 102
18 98 681
18 99 808
18 100 400
19 20 906
19 21 209
19 22 594
19 23 666
19 24 882
19 25 914
19 26 1048
19 27 542
19 28 510
19 29 882
19 30 791
19 31 613
19 32 140
19 33 585
19 34 835
19 35 585
19 36 620
19 37 573
19 38 91
19 39 935
19 40 741
19 41 753
19 42 408
19 43 682
19 44 806
19 45 573
19 46 804
19 47 842
19 48 470
19 49 692
19 50 86
19 51 860
19 52 1032
19 53 835
19 54 510
19 55 496
19 56 761
19 57 580
19 58 430
19 59 539
19 60 394
19 61 891
19 62 348
19 63 281
19 64 502
19 65 807
19 66 545
19 67 378
19 68 348
19 69 91
19 70 339
19 71 225
19 72 412
19 73 863
19 74 335
19 75 387
19 76 1025
19 77 841
19 78 147
19 79 806
19 80 800
19 81 827
19 82 289
19 83 171
19 84 146
19 85 417
19 86 312
19 87 394
19 88 877
19 89 541
19 90 265
19 91 1083
19 92 791
19 93 422
19 94 886
19 95 589
19 96 538
19 97 725
19 98 723
19 99 826
19 100 736
20 21 740
20 22 619
20 23 241
20 24 785
20 25 583
20 26 366
20 27 648
20 28 435
20 29 851
20 30 373
20 31 384
20 32 873
20 33 622
20 34 295
20 35 337
20 36 288
20 37 402
20 38 820
20 39 121
20 40 697
20 41 154
20 42 630
20 43 224
20 44 809
20 45 342
20 46 174
20 47 78
20 48 471
20 49 260
20 50 822
20 51 288
20 52 221
20 53 86
20 54 933
20 55 484
20 56 362
20 57 896
20 58 800
20 59 873
20 60 634
20 61 62
20 62 583
20 63 672
20 64 555
20 65 855
20 66 691
20 67 573
20 68 807
20 69 982
20 70 625
20 71 771
20 72 575
20 73 314
20 74 614
20 75 523
20 76 293
20 77 418
20 78 862
20 79 356
20 80 301
20 81 1028
20 82 782
20 83 740
20 84 884
20 85 501
20 86 685
20 87 560
20 88 920
20 89 487
20 90 742
20 91 473
20 92 314
20 93 950
20 94 492
20 95 376
20 96 371
20 97 494
20 98 272
20 99 321
20 100 216
21 22 389
21 23 500
21 24 687
21 25 705
21 26 845
21 27 339
21 28 403
21 29 695
21 30 586
21 31 413
21 32 281
21 33 380
21 34 634
21 35 450
21 36 453
21 37 471
21 38 170
21 39 753
21 40 542
21 41 586
21 42 200
21 43 517
21 44 618
21 45 398
21 46 666
21 47 685
21 48 369
21 49 561
21 50 161
21 51 660
21 52 842
21 53 662
21 54 386
21 55 293
21 56 557
21 57 432
21 58 266
21 59 388
21 60 185
21 61 716
21 62 157
21 63 259
21 64 292
21 65 626
21 66 349
21 67 311
21 68 194
21 69 300
21 70 299
21 71 54
21 72 204
21 73 661
21 74 133
21 75 265
21 76 827
21 77 633
21 78 122
21 79 712
21 80 693
21 81 678
21 82 125
21 83 152
21 84 293
21 85 239
21 86 314
21 87 193
21 88 701
21 89 473
21 90 303
21 91 876
21 92 686
21 93 327
21 94 676
21 95 394
21 96 392
21 97 516
21 98 602
21 99 723
21 100 552
22 23 444
22 24 311
22 25 327
22 26 549
22 27 57
22 28 540
22 29 338
22 30 296
22 31 246
22 32 665
22 33 10
22 34 376
22 35 506
22 36 419
22 37 590
22 38 557
22 39 567
22 40 162
22 41 499
22 42 192
22 43 461
22 44 265
22 45 367
22 46 643
22 47 603
22 48 532
22 49 585
22 50 549
22 51 400
22 52 613
22 53 533
22 54 334
22 55 218
22 56 283
22 57 279
22 58 235
22 59 263
22 60 206
22 61 568
22 62 316
22 63 570
22 64 132
22 65 293
22 66 83
22 67 552
22 68 292
22 69 685
22 70 575
22 71 370
22 72 222
22 73 387
22 74 298
22 75 454
22 76 561
22 77 310
22 78 466
22 79 781
22 80 738
22 81 430
22 82 319
22 83 516
22 84 678
22 85 332
22 86 623
22 87 265
22 88 372
22 89 648
22 90 641
22 91 544
22 92 739
22 93 383
22 94 322
22 95 274
22 96 450
22 97 172
22 98 639
22 99 772
22 100 405
23 24 685
23 25 536
23 26 462
23 27 458
23 28 234
23 29 739
23 30 307
23 31 199
23 32 642
23 33 445
23 34 277
23 35 136
23 36 47
23 37 233
23 38 582
23 39 278
23 40 564
23 41 87
23 42 406
23 43 18
23 44 681
23 45 104
23 46 200
23 47 186
23 48 261
23 49 151
23 50 583
23 51 292
23 52 387
23 53 169
23 54 726
23 55 264
23 56 278
23 57 704
23 58 585
23 59 674
23 60 408
23 61 226
23 62 344
23 63 447
23 64 349
23 65 721
23 66 501
23 67 355
23 68 581
23 69 745
23 70 406
23 71 532
23 72 347
23 73 311
23 74 376
23 75 290
23 76 411
23 77 372
23 78 622
23 79 346
23 80 298
23 81 874
23 82 549
23 83 502
23 84 654
23 85 260
23 86 469
23 87 325
23 88 795
23 89 322
23 90 522
23 91 543
23 92 301
23 93 730
23 94 453
23 95 171
23 96 141
23 97 376
23 98 203
23 99 332
23 100 114
24 25 232
24 26 557
24 27 351
24 28 831
24 29 73
24 30 412
24 31 495
24 32 968
24 33 318
24 34 491
24 35 779
24 36 674
24 37 873
24 38 857
24 39 693
24 40 148
24 41 710
24 42 499
24 43 696
24 44 95
24 45 635
24 46 865
24 47 798
24 48 829
24 49 836
24 50 848
24 51 503
24 52 688
24 53 710
24 54 470
24 55 516
24 56 427
24 57 376
24 58 464
24 59 398
24 60 513
24 61 725
24 62 627
24 63 881
24 64 441
24 65 133
24 66 338
24 67 859
24 68 543
24 69 970
24 70 885
24 71 657
24 72 533
24 73 478
24 74 608
24 75 760
24 76 606
24 77 371
24 78 742
24 79 1031
24 80 981
24 81 309
24 82 593
24 83 823
24 84 980
24 85 637
24 86 934
24 87 576
24 88 152
24 89 941
24 90 952
24 91 491
24 92 986
24 93 561
24 94 310
24 95 535
24 96 731
24 97 309
24 98 888
24 99 1015
24 100 604
25 26 325
25 27 383
25 28 728
25 29 305
25 30 230
25 31 383
25 32 970
25 33 337
25 34 290
25 35 654
25 36 539
25 37 754
25 38 867
25 39 480
25 40 238
25 41 538
25 42 505
25 43 543
25 44 297
25 45 517
25 46 690
25 47 610
25 48 736
25 49 685
25 50 861
25 51 295
25 52 461
25 53 518
25 54 613
25 55 455
25 56 257
25 57 530
25 58 552
25 59 535
25 60 520
25 61 521
25 62 598
25 63 839
25 64 415
25 65 347
25 66 397
25 67 792
25 68 617
25 69 1005
25 70 828
25 71 693
25 72 512
25 73 269
25 74 594
25 75 692
25 76 376
25 77 169
25 78 791
25 79 871
25 80 817
25 81 533
25 82 646
25 83 814
25 84 983
25 85 577
25 86 886
25 87 544
25 88 384
25 89 834
25 90 918
25 91 265
25 92 824
25 93 686
25 94 91
25 95 425
25 96 620
25 97 199
25 98 734
25 99 848
25 100 435
26 27 602
26 28 696
26 29 630
26 30 264
26 31 434
26 32 1061
26 33 558
26 34 213
26 35 598
26 36 493
26 37 692
26 38 979
26 39 245
26 40 535
26 41 411
26 42 668
26 43 458
26 44 617
26 45 509
26 46 526
26 47 427
26 48 721
26 49 573
26 50 975
26 51 189
26 52 166
26 53 344
26 54 879
26 55 552
26 56 290
26 57 810
26 58 782
26 59 804
26 60 679
26 61 313
26 62 700
26 63 886
26 64 569
26 65 667
26 66 633
26 67 807
26 68 826
26 69 1136
26 70 855
26 71 853
26 72 642
26 73 184
26 74 714
26 75 724
26 76 75
26 77 239
26 78 956
26 79 716
26 80 660
26 81 854
26 82 831
26 83 908
26 84 1075
26 85 641
26 86 918
26 87 654
26 88 709
26 89 782
26 90 966
26 91 110
26 92 671
26 93 933
26 94 257
26 95 462
26 96 596
26 97 377
26 98 607
26 99 683
26 100 351
27 28 528
27 29 369
27 30 343
27 31 266
27 32 618
27 33 47
27 34 421
27 35 505
27 36 427
27 37 583
27 38 509
27 39 605
27 40 203
27 41 520
27 42 148
27 43 475
27 44 293
27 45 371
27 46 658
27 47 626
27 48 516
27 49 591
27 50 500
27 51 445
27 52 657
27 53 561
27 54 290
27 55 210
27 56 328
27 57 248
27 58 180
27 59 224
27 60 162
27 61 600
27 62 282
27 63 535
27 64 117
27 65 313
27 66 43
27 67 526
27 68 234
27 69 632
27 70 545
27 71 316
27 72 190
27 73 434
27 74 259
27 75 430
27 76 610
27 77 363
27 78 410
27 79 785
27 80 745
27 81 428
27 82 263
27 83 472
27 84 631
27 85 312
27 86 589
27 87 236
27 88 393
27 89 634
27 90 603
27 91 599
27 92 745
27 93 331
27 94 378
27 95 287
27 96 446
27 97 225
27 98 645
27 99 779
27 100 432
28 29 873
28 30 513
28 31 346
28 32 448
28 33 536
28 34 502
28 35 101
28 36 204
28 37 67
28 38 419
28 39 504
28 40 692
28 41 302
28 42 414
28 43 240
28 44 803
28 45 210
28 46 300
28 47 360
28 48 40
28 49 188
28 50 423
28 51 520
28 52 616
28 53 387
28 54 734
28 55 322
28 56 480
28 57 742
28 58 590
28 59 704
28 60 408
28 61 442
28 62 287
28 63 244
28 64 412
28 65 834
28 66 566
28 67 141
28 68 554
28 69 573
28 70 192
28 71 452
28 72 351
28 73 537
28 74 326
28 75 138
28 76 645
28 77 579
28 78 515
28 79 308
28 80 293
28 81 956
28 82 499
28 83 339
28 84 459
28 85 222
28 86 250
28 87 308
28 88 913
28 89 109
28 90 309
28 91 773
28 92 285
28 93 706
28 94 655
28 95 304
28 96 108
28 97 541
28 98 213
28 99 322
28 100 345
29 30 478
29 31 545
29 32 976
29 33 344
29 34 559
29 35 827
29 36 725
29 37 918
29 38 865
29 39 762
29 40 180
29 41 770
29 42 517
29 43 752
29 44 77
29 45 683
29 46 925
29 47 861
29 48 867
29 49 889
29 50 856
29 51 572
29 52 760
29 53 774
29 54 439
29 55 552
29 56 491
29 57 344
29 58 455
29 59 373
29 60 530
29 61 791
29 62 651
29 63 904
29 64 471
29 65 85
29 66 348
29 67 890
29 68 537
29 69 968
29 70 913
29 71 661
29 72 558
29 73 548
29 74 629
29 75 792
29 76 679
29 77 440
29 78 738
29 79 1086
29 80 1037
29 81 240
29 82 593
29 83 838
29 84 989
29 85 670
29 86 958
29 87 603
29 88 80
29 89 982
29 90 972
29 91 563
29 92 1041
29 93 535
29 94 382
29 95 583
29 96 776
29 97 366
29 98 943
29 99 1071
29 100 665
30 31 188
30 32 818
30 33 303
30 34 86
30 35 431
30 36 315
30 37 532
30 38 728
30 39 290
30 40 330
30 41 308
30 42 403
30 43 313
30 44 437
30 45 303
30 46 462
30 47 387
30 48 527
30 49 455
30 50 724
30 51 106
30 52 319
30 53 298
30 54 630
30 55 296
30 56 33
30 57 570
30 58 522
30 59 558
30 60 415
30 61 313
30 62 447
30 63 660
30 64 304
30 65 485
30 66 379
30 67 596
30 68 562
30 69 881
30 70 639
30 71 590
30 72 381
30 73 91
30 74 456
30 75 502
30 76 266
30 77 66
30 78 693
30 79 641
30 80 587
30 81 664
30 82 566
30 83 662
30 84 832
30 85 400
30 86 700
30 87 398
30 88 547
30 89 616
30 90 740
30 91 292
30 92 594
30 93 675
30 94 146
30 95 225
30 96 404
30 97 133
30 98 503
30 99 619
30 100 204
31 32 631
31 33 248
31 34 221
31 35 284
31 36 179
31 37 380
31 38 544
31 39 358
31 40 367
31 41 253
31 42 256
31 43 214
31 44 484
31 45 140
31 46 396
31 47 359
31 48 353
31 49 345
31 50 541
31 51 247
31 52 434
31 53 297
31 54 549
31 55 120
31 56 155
31 57 515
31 58 416
31 59 489
31 60 264
31 61 341
31 62 265
31 63 472
31 64 171
31 65 522
31 66 310
31 67 412
31 68 432
31 69 701
31 70 453
31 71 427
31 72 215
31 73 250
31 74 280
31 75 315
31 76 414
31 77 249
31 78 528
31 79 542
31 80 496
31 81 675
31 82 418
31 83 476
31 84 645
31 85 212
31 86 513
31 87 220
31 88 597
31 89 455
31 90 552
31 91 479
31 92 498
31 93 568
31 94 317
31 95 42
31 96 240
31 97 195
31 98 399
31 99 530
31 100 168
32 33 656
32 34 848
32 35 538
32 36 597
32 37 503
32 38 111
32 39 919
32 40 822
32 41 725
32 42 473
32 43 655
32 44 899
32 45 561
32 46 749
32 47 802
32 48 408
32 49 636
32 50 121
32 51 872
32 52 1023
32 53 811
32 54 634
32 55 525
32 56 786
32 57 697
32 58 537
32 59 654
32 60 458
32 61 867
32 62 374
32 63 204
32 64 554
32 65 906
32 66 630
32 67 307
32 68 458
32 69 143
32 70 258
32 71 318
32 72 457
32 73 879
32 74 375
32 75 351
32 76 1029
32 77 874
32 78 270
32 79 721
32 80 724
32 81 945
32 82 391
32 83 156
32 84 13
32 85 420
32 86 212
32 87 427
32 88 980
32 89 453
32 90 154
32 91 1110
32 92 713
32 93 552
32 94 929
32 95 600
32 96 503
32 97 773
32 98 658
32 99 746
32 100 728
33 34 383
33 35 504
33 36 418
33 37 587
33 38 548
33 39 572
33 40 170
33 41 500
33 42 183
33 43 461
33 44 270
33 45 365
33 46 644
33 47 605
33 48 527
33 49 584
33 50 540
33 51 407
33 52 620
33 53 536
33 54 327
33 55 214
33 56 290
33 57 274
33 58 226
33 59 257
33 60 197
33 61 572
33 62 309
33 63 562
33 64 127
33 65 297
33 66 75
33 67 546
33 68 282
33 69 675
33 70 569
33 71 360
33 72 215
33 73 394
33 74 290
33 75 448
33 76 569
33 77 319
33 78 456
33 79 780
33 80 737
33 81 430
33 82 309
33 83 508
33 84 669
33 85 326
33 86 616
33 87 258
33 88 377
33 89 644
33 90 634
33 91 553
33 92 738
33 93 375
33 94 331
33 95 274
33 96 447
33 97 180
33 98 638
33 99 772
33 100 408
34 35 411
34 36 298
34 37 510
34 38 765
34 39 205
34 40 416
34 41 256
34 42 464
34 43 279
34 44 522
34 45 303
34 46 403
34 47 319
34 48 522
34 49 414
34 50 762
34 51 25
34 52 236
34 53 227
34 54 710
34 55 340
34 56 93
34 57 654
34 58 597
34 59 639
34 60 474
34 61 234
34 62 486
34 63 677
34 64 367
34 65 570
34 66 458
34 67 602
34 68 630
34 69 923
34 70 649
34 71 644
34 72 432
34 73 34
34 74 502
34 75 515
34 76 196
34 77 122
34 78 747
34 79 589
34 80 534
34 81 750
34 82 628
34 83 694
34 84 862
34 85 428
34 86 711
34 87 441
34 88 630
34 89 598
34 90 757
34 91 271
34 92 542
34 93 750
34 94 200
34 95 248
34 96 397
34 97 218
34 98 458
34 99 563
34 100 163
35 36 115
35 37 100
35 38 496
35 39 402
35 40 647
35 41 200
35 42 414
35 43 140
35 44 762
35 45 144
35 46 219
35 47 264
35 48 135
35 49 110
35 50 499
35 51 427
35 52 514
35 53 286
35 54 742
35 55 294
35 56 400
35 57 736
35 58 596
35 59 701
35 60 412
35 61 340
35 62 310
35 63 336
35 64 387
35 65 796
35 66 546
35 67 236
35 68 574
35 69 655
35 70 288
35 71 493
35 72 349
35 73 445
35 74 348
35 75 197
35 76 545
35 77 497
35 78 569
35 79 284
35 80 251
35 81 933
35 82 527
35 83 415
35 84 549
35 85 229
35 86 348
35 87 314
35 88 874
35 89 187
35 90 405
35 91 679
35 92 248
35 93 726
35 94 576
35 95 244
35 96 63
35 97 477
35 98 154
35 99 285
35 100 250
36 37 216
36 38 536
36 39 322
36 40 547
36 41 134
36 42 366
36 43 64
36 44 663
36 45 60
36 46 235
36 47 232
36 48 227
36 49 166
36 50 536
36 51 315
36 52 428
36 53 215
36 54 689
36 55 226
36 56 284
36 57 670
36 58 546
36 59 639
36 60 367
36 61 272
36 62 297
36 63 405
36 64 315
36 65 701
36 66 470
36 67 316
36 68 539
36 69 698
36 70 367
36 71 486
36 72 305
36 73 332
36 74 331
36 75 246
36 76 446
36 77 382
36 78 575
36 79 363
36 80 318
36 81 849
36 82 504
36 83 457
36 84 610
36 85 213
36 86 430
36 87 281
36 88 777
36 89 301
36 90 481
36 91 568
36 92 320
36 93 688
36 94 461
36 95 145
36 96 102
36 97 368
36 98 220
36 99 353
36 100 142
37 38 481
37 39 484
37 40 737
37 41 285
37 42 476
37 43 235
37 44 850
37 45 239
37 46 252
37 47 324
37 48 104
37 49 143
37 50 486
37 51 525
37 52 597
37 53 366
37 54 798
37 55 373
37 56 500
37 57 803
37 58 654
37 59 766
37 60 470
37 61 418
37 62 353
37 63 300
37 64 465
37 65 883
37 66 622
37 67 197
37 68 620
37 69 632
37 70 244
37 71 520
37 72 412
37 73 544
37 74 392
37 75 206
37 76 636
37 77 598
37 78 582
37 79 240
37 80 227
37 81 1011
37 82 566
37 83 403
37 84 513
37 85 283
37 86 297
37 87 370
37 88 961
37 89 90
37 90 357
37 91 776
37 92 219
37 93 772
37 94 677
37 95 339
37 96 141
37 97 575
37 98 155
37 99 255
37 100 348
38 39 854
38 40 712
38 41 668
38 42 366
38 43 597
38 44 788
38 45 492
38 46 714
38 47 754
38 48 379
38 49 602
38 50 11
38 51 790
38 52 954
38 53 752
38 54 528
38 55 431
38 56 697
38 57 587
38 58 426
38 59 544
38 60 351
38 61 808
38 62 280
38 63 191
38 64 451
38 65 794
38 66 519
38 67 287
38 68 347
38 69 162
38 70 248
38 71 207
38 72 356
38 73 794
38 74 275
38 75 298
38 76 952
38 77 781
38 78 170
38 79 714
38 80 709
38 81 835
38 82 280
38 83 80
38 84 123
38 85 340
38 86 227
38 87 331
38 88 868
38 89 451
38 90 187
38 91 1020
38 92 699
38 93 450
38 94 831
38 95 517
38 96 450
38 97 673
38 98 632
38 99 734
38 100 657
39 40 621
39 41 201
39 42 614
39 43 267
39 44 727
39 45 362
39 46 285
39 47 185
39 48 536
39 49 350
39 50 854
39 51 190
39 52 113
39 53 117
39 54 895
39 55 473
39 56 289
39 57 847
39 58 770
39 59 829
39 60 621
39 61 71
39 62 595
39 63 726
39 64 528
39 65 775
39 66 645
39 67 633
39 68 790
39 69 1017
39 70 684
39 71 775
39 72 568
39 73 215
39 74 621
39 75 568
39 76 172
39 77 322
39 78 873
39 79 473
39 80 417
39 81 955
39 82 775
39 83 776
39 84 932
39 85 519
39 86 747
39 87 562
39 88 834
39 89 573
39 90 801
39 91 352
39 92 429
39 93 924
39 94 390
39 95 363
39 96 420
39 97 421
39 98 374
39 99 439
39 100 201
40 41 602
40 42 351
40 43 578
40 44 116
40 45 503
40 46 755
40 47 698
40 48 687
40 49 713
40 50 703
40 51 434
40 52 639
40 53 616
40 54 376
40 55 372
40 56 335
40 57 291
40 58 336
40 59 299
40 60 365
40 61 640
40 62 479
40 63 733
40 64 293
40 65 158
40 66 195
40 67 713
40 68 411
40 69 830
40 70 738
40 71 515
40 72 385
40 73 413
40 74 460
40 75 614
40 76 569
40 77 310
40 78 604
40 79 910
40 80 862
40 81 333
40 82 455
40 83 676
40 84 835
40 85 492
40 86 786
40 87 428
40 88 230
40 89 801
40 90 804
40 91 497
40 92 865
40 93 456
40 94 279
40 95 404
40 96 595
40 97 203
40 98 766
40 99 897
40 100 499
41 42 484
41 43 70
41 44 717
41 45 188
41 46 155
41 47 107
41 48 334
41 49 163
41 50 669
41 51 263
41 52 314
41 53 86
41 54 797
41 55 338
41 56 285
41 57 768
41 58 659
41 59 741
41 60 487
41 61 142
41 62 430
41 63 528
41 64 417
41 65 760
41 66 563
41 67 432
41 68 661
41 69 831
41 70 484
41 71 617
41 72 427
41 73 286
41 74 461
41 75 374
41 76 351
41 77 368
41 78 709
41 79 334
41 80 279
41 81 923
41 82 631
41 83 589
41 84 737
41 85 347
41 86 546
41 87 408
41 88 831
41 89 375
41 90 601
41 91 502
41 92 286
41 93 806
41 94 450
41 95 235
41 96 222
41 97 403
41 98 203
41 99 310
41 100 105
42 43 425
42 44 440
42 45 305
42 46 600
42 47 590
42 48 394
42 49 515
42 50 358
42 51 490
42 52 689
42 53 545
42 54 327
42 55 145
42 56 378
42 57 327
42 58 182
42 59 289
42 60 14
42 61 593
42 62 141
42 63 388
42 64 99
42 65 457
42 66 171
42 67 388
42 68 177
42 69 500
42 70 402
42 71 190
42 72 64
42 73 486
42 74 112
42 75 299
42 76 660
42 77 443
42 78 292
42 79 698
42 80 665
42 81 549
42 82 164
42 83 324
42 84 486
42 85 192
42 86 443
42 87 106
42 88 536
42 89 514
42 90 455
42 91 687
42 92 662
42 93 323
42 94 480
42 95 254
42 96 351
42 97 319
42 98 566
42 99 699
42 100 419
43 44 694
43 45 122
43 46 183
43 47 168
43 48 270
43 49 141
43 50 598
43 51 291
43 52 376
43 53 155
43 54 744
43 55 282
43 56 285
43 57 721
43 58 604
43 59 692
43 60 427
43 61 211
43 62 362
43 63 459
43 64 366
43 65 735
43 66 518
43 67 366
43 68 600
43 69 760
43 70 417
43 71 550
43 72 365
43 73 312
43 74 395
43 75 304
43 76 404
43 77 378
43 78 640
43 79 334
43 80 284
43 81 889
43 82 567
43 83 518
43 84 667
43 85 278
43 86 480
43 87 344
43 88 808
43 89 324
43 90 534
43 91 541
43 92 289
43 93 748
43 94 459
43 95 188
43 96 153
43 97 388
43 98 192
43 99 318
43 100 115
44 45 618
44 46 871
44 47 812
44 48 796
44 49 829
44 50 778
44 51 537
44 52 735
44 53 729
44 54 376
44 55 481
44 56 446
44 57 282
44 58 380
44 59 306
44 60 453
44 61 750
44 62 576
44 63 828
44 64 397
44 65 50
44 66 271
44 67 816
44 68 462
44 69 892
44 70 838
44 71 584
44 72 483
44 73 514
44 74 552
44 75 719
44 76 659
44 77 408
44 78 663
44 79 1026
44 80 979
44 81 236
44 82 516
44 83 760
44 84 912
44 85 597
44 86 882
44 87 528
44 88 113
44 89 912
44 90 896
44 91 563
44 92 982
44 93 469
44 94 362
44 95 520
44 96 709
44 97 316
44 98 883
44 99 1013
44 100 613
45 46 295
45 47 290
45 48 223
45 49 219
45 50 491
45 51 324
45 52 462
45 53 264
45 54 628
45 55 166
45 56 270
45 57 612
45 58 486
45 59 580
45 60 306
45 61 319
45 62 241
45 63 377
45 64 257
45 65 654
45 66 414
45 67 299
45 68 478
45 69 654
45 70 345
45 71 429
45 72 244
45 73 337
45 74 273
45 75 214
45 76 470
45 77 369
45 78 521
45 79 414
45 80 373
45 81 796
45 82 445
45 83 414
45 84 574
45 85 159
45 86 409
45 87 221
45 88 731
45 89 316
45 90 456
45 91 575
45 92 373
45 93 628
45 94 445
45 95 100
45 96 102
45 97 335
45 98 273
45 99 407
45 100 167
46 47 100
46 48 340
46 49 112
46 50 717
46 51 406
46 52 394
46 53 185
46 54 924
46 55 461
46 56 440
46 57 904
46 58 781
46 59 874
46 60 601
46 61 214
46 62 518
46 63 545
46 64 548
46 65 913
46 66 701
46 67 442
46 68 771
46 69 871
46 70 492
46 71 705
46 72 538
46 73 431
46 74 555
46 75 417
46 76 457
46 77 521
46 78 786
46 79 190
46 80 134
46 81 1071
46 82 732
46 83 633
46 84 760
46 85 433
46 86 548
46 87 510
46 88 984
46 89 328
46 90 607
46 91 628
46 92 145
46 93 922
46 94 601
46 95 371
46 96 273
46 97 558
46 98 103
46 99 161
46 100 261
47 48 397
47 49 181
47 50 756
47 51 318
47 52 294
47 53 92
47 54 904
47 55 445
47 56 370
47 57 874
47 58 766
47 59 848
47 60 593
47 61 114
47 62 530
47 63 600
47 64 524
47 65 856
47 66 669
47 67 499
47 68 767
47 69 916
47 70 551
47 71 718
47 72 532
47 73 344
47 74 563
47 75 456
47 76 356
47 77 440
47 78 807
47 79 289
47 80 233
47 81 1023
47 82 735
47 83 674
47 84 813
47 85 445
47 86 610
47 87 512
47 88 925
47 89 409
47 90 668
47 91 529
47 92 245
47 93 913
47 94 519
47 95 342
47 96 304
47 97 496
47 98 194
47 99 257
47 100 200
48 49 227
48 50 383
48 51 541
48 52 647
48 53 420
48 54 710
48 55 315
48 56 494
48 57 722
48 58 566
48 59 682
48 60 387
48 61 475
48 62 262
48 63 205
48 64 401
48 65 825
48 66 552
48 67 102
48 68 526
48 69 532
48 70 153
48 71 419
48 72 333
48 73 557
48 74 300
48 75 105
48 76 672
48 77 593
48 78 478
48 79 344
48 80 331
48 81 940
48 82 469
48 83 299
48 84 419
48 85 205
48 86 213
48 87 289
48 88 904
48 89 119
48 90 271
48 91 794
48 92 323
48 93 677
48 94 667
48 95 311
48 96 125
48 97 545
48 98 253
48 99 359
48 100 370
49 50 605
49 51 423
49 52 463
49 53 234
49 54 842
49 55 384
49 56 427
49 57 830
49 58 697
49 59 797
49 60 513
49 61 281
49 62 419
49 63 432
49 64 476
49 65 867
49 66 634
49 67 329
49 68 679
49 69 759
49 70 380
49 71 603
49 72 451
49 73 446
49 74 457
49 75 306
49 76 511
49 77 519
49 78 679
49 79 197
49 80 153
49 81 1015
49 82 635
49 83 521
49 84 647
49 85 336
49 86 436
49 87 418
49 88 943
49 89 227
49 90 496
49 91 666
49 92 154
49 93 832
49 94 600
49 95 311
49 96 170
49 97 527
49 98 54
49 99 188
49 100 252
50 51 787
50 52 952
50 53 752
50 54 516
50 55 427
50 56 693
50 57 576
50 58 415
50 59 533
50 60 343
50 61 808
50 62 276
50 63 199
50 64 445
50 65 784
50 66 510
50 67 293
50 68 336
50 69 163
50 70 256
50 71 196
50 72 350
50 73 791
50 74 269
50 75 301
50 76 949
50 77 776
50 78 158
50 79 721
50 80 714
50 81 824
50 82 270
50 83 84
50 84 133
50 85 338
50 86 237
50 87 326
50 88 858
50 89 458
50 90 198
50 91 1016
50 92 705
50 93 438
50 94 826
50 95 514
50 96 452
50 97 667
50 98 636
50 99 740
50 100 656
51 52 213
51 53 225
51 54 734
51 55 366
51 56 117
51 57 676
51 58 622
51 59 663
51 60 500
51 61 226
51 62 511
51 63 699
51 64 393
51 65 586
51 66 482
51 67 623
51 68 656
51 69 948
51 70 670
51 71 670
51 72 458
51 73 26
51 74 527
51 75 537
51 76 170
51 77 132
51 78 773
51 79 594
51 80 538
51 81 767
51 82 654
51 83 719
51 84 885
51 85 452
51 86 733
51 87 467
51 88 644
51 89 614
51 90 779
51 91 252
51 92 547
51 93 775
51 94 204
51 95 272
51 96 415
51 97 239
51 98 466
51 99 567
51 100 177
52 53 231
52 54 947
52 55 553
52 56 329
52 57 889
52 58 832
52 59 876
52 60 697
52 61 182
52 62 687
52 63 833
52 64 596
52 65 785
52 66 695
52 67 742
52 68 861
52 69 1116
52 70 793
52 71 860
52 72 649
52 73 229
52 74 709
52 75 673
52 76 92
52 77 328
52 78 960
52 79 578
52 80 523
52 81 970
52 82 852
52 83 877
52 84 1036
52 85 615
52 86 856
52 87 649
52 88 836
52 89 686
52 90 909
52 91 276
52 92 535
52 93 985
52 94 378
52 95 448
52 96 528
52 97 451
52 98 486
52 99 542
52 100 296
53 54 846
53 55 399
53 56 283
53 57 809
53 58 713
53 59 786
53 60 549
53 61 56
53 62 505
53 63 614
53 64 468
53 65 774
53 66 604
53 67 519
53 68 722
53 69 914
53 70 571
53 71 690
53 72 492
53 73 251
53 74 534
53 75 459
53 76 278
53 77 349
53 78 784
53 79 376
53 80 319
53 81 945
53 82 698
53 83 672
53 84 823
53 85 424
53 86 633
53 87 479
53 88 841
53 89 455
53 90 688
53 91 443
53 92 329
53 93 864
53 94 427
53 95 290
53 96 308
53 97 413
53 98 263
53 99 346
53 100 129
54 55 462
54 56 617
54 57 94
54 58 145
54 59 77
54 60 330
54 61 888
54 62 447
54 63 644
54 64 379
54 65 354
54 66 251
54 67 680
54 68 192
54 69 581
54 70 678
54 71 333
54 72 392
54 73 721
54 74 409
54 75 607
54 76 895
54 77 640
54 78 365
54 79 1025
54 80 992
54 81 321
54 82 260
54 83 536
54 84 644
54 85 516
54 86 700
54 87 429
54 88 406
54 89 826
54 90 688
54 91 861
54 92 990
54 93 99
54 94 637
54 95 561
54 96 678
54 97 503
54 98 893
54 99 1026
54 100 717
55 56 265
55 57 446
55 58 321
55 59 413
55 60 150
55 61 448
55 62 151
55 63 384
55 64 93
55 65 511
55 66 251
55 67 346
55 68 323
55 69 585
55 70 377
55 71 306
55 72 95
55 73 367
55 74 161
55 75 245
55 76 534
55 77 349
55 78 408
55 79 576
55 80 537
55 81 639
55 82 302
55 83 368
55 84 538
55 85 124
55 86 432
55 87 101
55 88 590
55 89 430
55 90 462
55 91 589
55 92 537
55 93 467
55 94 405
55 95 109
55 96 235
55 97 255
55 98 437
55 99 572
55 100 275
56 57 562
56 58 504
56 59 547
56 60 389
56 61 304
56 62 416
56 63 626
56 64 279
56 65 492
56 66 365
56 67 562
56 68 540
56 69 851
56 70 605
56 71 563
56 72 352
56 73 108
56 74 426
56 75 468
56 76 285
56 77 99
56 78 666
56 79 616
56 80 563
56 81 668
56 82 541
56 83 630
56 84 800
56 85 368
56 86 666
56 87 367
56 88 557
56 89 583
56 90 707
56 91 324
56 92 569
56 93 658
56 94 176
56 95 191
56 96 372
56 97 132
56 98 477
56 99 595
56 100 180
57 58 166
57 59 43
57 60 334
57 61 847
57 62 462
57 63 683
57 64 355
57 65 259
57 66 205
57 67 705
57 68 240
57 69 658
57 70 710
57 71 383
57 72 391
57 73 661
57 74 426
57 75 623
57 76 832
57 77 573
57 78 433
57 79 1020
57 80 983
57 81 248
57 82 308
57 83 584
57 84 708
57 85 520
57 86 739
57 87 433
57 88 313
57 89 840
57 90 734
57 91 784
57 92 982
57 93 191
57 94 561
57 95 534
57 96 674
57 97 439
57 98 883
57 99 1018
57 100 680
58 59 123
58 60 184
58 61 758
58 62 304
58 63 516
58 64 244
58 65 377
58 66 155
58 67 542
58 68 82
58 69 514
58 70 545
58 71 220
58 72 247
58 73 612
58 74 266
58 75 464
58 76 789
58 77 544
58 78 284
58 79 880
58 80 847
58 81 412
58 82 145
58 83 418
58 84 549
58 85 371
58 86 572
58 87 284
58 88 447
58 89 684
58 90 568
58 91 779
58 92 845
58 93 153
58 94 556
58 95 424
58 96 533
58 97 406
58 98 748
58 99 881
58 100 585
59 60 295
59 61 825
59 62 422
59 63 640
59 64 325
59 65 288
59 66 183
59 67 664
59 68 196
59 69 617
59 70 668
59 71 340
59 72 354
59 73 649
59 74 385
59 75 583
59 76 822
59 77 565
59 78 391
59 79 986
59 80 950
59 81 291
59 82 265
59 83 541
59 84 665
59 85 482
59 86 696
59 87 395
59 88 348
59 89 801
59 90 691
59 91 784
59 92 948
59 93 163
59 94 560
59 95 506
59 96 639
59 97 429
59 98 850
59 99 984
59 100 656
60 61 598
60 62 130
60 63 375
60 64 111
60 65 470
60 66 184
60 67 378
60 68 173
60 69 486
60 70 391
60 71 177
60 72 62
60 73 496
60 74 100
60 75 290
60 76 670
60 77 455
60 78 280
60 79 695
60 80 663
60 81 559
60 82 154
60 83 310
60 84 472
60 85 187
60 86 431
60 87 100
60 88 548
60 89 506
60 90 442
60 91 700
60 92 660
60 93 321
60 94 493
60 95 260
60 96 348
60 97 332
60 98 564
60 99 697
60 100 425
61 62 559
61 63 670
61 64 513
61 65 797
61 66 642
61 67 575
61 68 770
61 69 970
61 70 626
61 71 743
61 72 542
61 73 252
61 74 587
61 75 516
61 76 242
61 77 356
61 78 838
61 79 403
61 80 347
61 81 972
61 82 749
61 83 729
61 84 879
61 85 479
61 86 688
61 87 531
61 88 860
61 89 506
61 90 744
61 91 417
61 92 359
61 93 910
61 94 430
61 95 338
61 96 364
61 97 437
61 98 303
61 99 370
61 100 173
62 63 253
62 64 189
62 65 596
62 66 311
62 67 247
62 68 267
62 69 436
62 70 262
62 71 188
62 72 93
62 73 515
62 74 39
62 75 161
62 76 676
62 77 501
62 78 279
62 79 587
62 80 560
62 81 690
62 82 217
62 83 217
62 84 388
62 85 84
62 86 307
62 87 54
62 88 675
62 89 379
62 90 326
62 91 740
62 92 556
62 93 419
62 94 555
62 95 241
62 96 248
62 97 400
62 98 465
62 99 593
62 100 394
63 64 442
63 65 845
63 66 559
63 67 103
63 68 452
63 69 332
63 70 57
63 71 314
63 72 347
63 73 709
63 74 275
63 75 162
63 76 847
63 77 721
63 78 333
63 79 526
63 80 524
63 81 924
63 82 384
63 83 126
63 84 214
63 85 263
63 86 56
63 87 305
63 88 924
63 89 260
63 90 80
63 91 946
63 92 514
63 93 586
63 94 785
63 95 435
63 96 306
63 97 640
63 98 455
63 99 548
63 100 542
64 65 424
64 66 158
64 67 419
64 68 264
64 69 593
64 70 444
64 71 288
64 72 97
64 73 388
64 74 179
64 75 321
64 76 563
64 77 344
64 78 391
64 79 669
64 80 629
64 81 546
64 82 261
64 83 400
64 84 568
64 85 199
64 86 494
64 87 136
64 88 503
64 89 519
64 90 516
64 91 588
64 92 629
64 93 396
64 94 384
64 95 181
64 96 328
64 97 223
64 98 529
64 99 664
64 100 340
65 66 286
65 67 840
65 68 459
65 69 891
65 70 858
65 71 588
65 72 504
65 73 564
65 74 570
65 75 743
65 76 709
65 77 458
65 78 661
65 79 1065
65 80 1018
65 81 186
65 82 518
65 83 771
65 84 918
65 85 623
65 86 901
65 87 550
65 88 79
65 89 942
65 90 911
65 91 612
65 92 1021
65 93 450
65 94 412
65 95 557
65 96 742
65 97 361
65 98 921
65 99 1053
65 100 657
66 67 557
66 68 220
66 69 634
66 70 573
66 71 320
66 72 222
66 73 470
66 74 284
66 75 463
66 76 645
66 77 393
66 78 408
66 79 827
66 80 787
66 81 389
66 82 259
66 83 489
66 84 643
66 85 347
66 86 615
66 87 267
66 88 364
66 89 671
66 90 625
66 91 625
66 92 787
66 93 300
66 94 401
66 95 330
66 96 486
66 97 255
66 98 687
66 99 822
66 100 475
67 68 490
67 69 435
67 70 51
67 71 365
67 72 335
67 73 636
67 74 280
67 75 100
67 76 763
67 77 660
67 78 407
67 79 427
67 80 422
67 81 937
67 82 426
67 83 211
67 84 317
67 85 222
67 86 113
67 87 289
67 88 919
67 89 167
67 90 169
67 91 874
67 92 412
67 93 635
67 94 730
67 95 372
67 96 214
67 97 595
67 98 351
67 99 447
67 100 458
68 69 431
68 70 486
68 71 144
68 72 234
68 73 649
68 74 227
68 75 421
68 76 825
68 77 591
68 78 202
68 79 854
68 80 825
68 81 488
68 82 69
68 83 346
68 84 469
68 85 344
68 86 507
68 87 261
68 88 529
68 89 640
68 90 498
68 91 832
68 92 821
68 93 152
68 94 613
68 95 432
68 96 510
68 97 456
68 98 728
68 99 858
68 100 597
69 70 390
69 71 315
69 72 503
69 73 951
69 74 425
69 75 459
69 76 1112
69 77 931
69 78 229
69 79 857
69 80 857
69 81 902
69 82 376
69 83 242
69 84 140
69 85 501
69 86 351
69 87 483
69 88 960
69 89 590
69 90 295
69 91 1173
69 92 846
69 93 488
69 94 977
69 95 676
69 96 612
69 97 816
69 98 785
69 99 881
69 100 820
70 71 354
70 72 355
70 73 682
70 74 291
70 75 137
70 76 812
70 77 702
70 78 383
70 79 468
70 80 467
70 81 947
70 82 419
70 83 179
70 84 268
70 85 253
70 86 63
70 87 310
70 88 938
70 89 202
70 90 117
70 91 920
70 92 456
70 93 626
70 94 770
70 95 414
70 96 265
70 97 630
70 98 400
70 99 491
70 100 507
71 72 212
71 73 669
71 74 156
71 75 314
71 76 840
71 77 633
71 78 103
71 79 760
71 80 739
71 81 631
71 82 74
71 83 203
71 84 330
71 85 273
71 86 368
71 87 213
71 88 662
71 89 525
71 90 355
71 91 877
71 92 733
71 93 272
71 94 670
71 95 413
71 96 433
71 97 509
71 98 646
71 99 770
71 100 575
72 73 457
72 74 81
72 75 241
72 76 627
72 77 428
72 78 314
72 79 634
72 80 600
72 81 607
72 82 207
72 83 303
72 84 471
72 85 129
72 86 401
72 87 45
72 88 584
72 89 452
72 90 420
72 91 671
72 92 598
72 93 384
72 94 475
72 95 205
72 96 286
72 97 316
72 98 501
72 99 634
72 100 369
73 74 529
73 75 548
73 76 176
73 77 107
73 78 772
73 79 619
73 80 563
73 81 746
73 82 650
73 83 725
73 84 893
73 85 458
73 86 745
73 87 469
73 88 620
73 89 632
73 90 789
73 91 237
73 92 571
73 93 765
73 94 178
73 95 279
73 96 431
73 97 222
73 98 489
73 99 592
73 100 197
74 75 198
74 76 694
74 77 507
74 78 252
74 79 626
74 80 599
74 81 657
74 82 178
74 83 221
74 84 389
74 85 121
74 86 330
74 87 60
74 88 649
74 89 417
74 90 343
74 91 748
74 92 595
74 93 380
74 94 556
74 95 261
74 96 286
74 97 398
74 98 503
74 99 632
74 100 420
75 76 685
75 77 565
75 78 378
75 79 446
75 80 429
75 81 848
75 82 363
75 83 218
75 84 364
75 85 122
75 86 198
75 87 195
75 88 823
75 89 219
75 90 241
75 91 785
75 92 421
75 93 572
75 94 633
75 95 277
75 96 152
75 97 495
75 98 342
75 99 458
75 100 380
76 77 260
76 78 942
76 79 646
76 80 590
76 81 895
76 82 824
76 83 878
76 84 1042
76 85 612
76 86 876
76 87 634
76 88 756
76 89 726
76 90 925
76 91 185
76 92 601
76 93 941
76 94 297
76 95 435
76 96 549
76 97 393
76 98 541
76 99 612
76 100 305
77 78 735
77 79 702
77 80 648
77 81 641
77 82 602
77 83 718
77 84 888
77 85 460
77 86 762
77 87 449
77 88 513
77 89 682
77 90 801
77 91 244
77 92 655
77 93 694
77 94 81
77 95 288
77 96 471
77 97 138
77 98 566
77 99 679
77 100 267
78 79 823
78 80 807
78 81 680
78 82 149
78 83 207
78 84 280
78 85 361
78 86 380
78 87 311
78 88 731
78 89 573
78 90 351
78 91 980
78 92 800
78 93 282
78 94 772
78 95 512
78 96 512
78 97 611
78 98 719
78 99 836
78 100 672
79 80 56
79 81 1211
79 82 803
79 83 638
79 84 729
79 85 510
79 86 509
79 87 596
79 88 1140
79 89 267
79 90 568
79 91 818
79 92 47
79 93 1006
79 94 784
79 95 508
79 96 347
79 97 723
79 98 143
79 99 39
79 100 436
80 81 1168
80 82 777
80 83 630
80 84 733
80 85 480
80 86 513
80 87 565
80 88 1092
80 89 273
80 90 573
80 91 762
80 92 14
80 93 978
80 94 729
80 95 463
80 96 315
80 97 672
80 98 100
80 99 34
80 100 382
81 82 556
81 83 830
81 84 956
81 85 735
81 86 980
81 87 653
81 88 164
81 89 1060
81 90 979
81 91 797
81 92 1169
81 93 418
81 94 598
81 95 704
81 96 874
81 97 535
81 98 1069
81 99 1202
81 100 823
82 83 277
82 84 403
82 85 299
82 86 439
82 87 223
82 88 590
82 89 580
82 90 428
82 91 846
82 92 772
82 93 209
82 94 632
82 95 411
82 96 465
82 97 472
82 98 682
82 99 810
82 100 577
83 84 170
83 85 267
83 86 173
83 87 271
83 88 848
83 89 378
83 90 152
83 91 954
83 92 621
83 93 470
83 94 773
83 95 446
83 96 370
83 97 617
83 98 552
83 99 657
83 100 581
84 85 434
84 86 220
84 87 441
84 88 992
84 89 462
84 90 161
84 91 1124
84 92 722
84 93 561
84 94 943
84 95 613
84 96 515
84 97 787
84 98 668
84 99 754
84 100 741
85 86 309
85 87 87
85 88 703
85 89 324
85 90 342
85 91 691
85 92 477
85 93 497
85 94 522
85 95 179
85 96 166
85 97 378
85 98 383
85 99 514
85 100 319
86 87 358
86 88 979
86 89 241
86 90 60
86 91 982
86 92 502
86 93 639
86 94 829
86 95 474
86 96 328
86 97 687
86 98 453
86 99 534
86 100 570
87 88 629
87 89 408
87 90 379
87 91 690
87 92 562
87 93 413
87 94 502
87 95 201
87 96 250
87 97 346
87 98 467
87 99 599
87 100 362
88 89 1021
88 90 989
88 91 643
88 92 1096
88 93 505
88 94 459
88 95 633
88 96 820
88 97 429
88 98 996
88 99 1127
88 100 727
89 90 301
89 91 865
89 92 261
89 93 790
89 94 760
89 95 413
89 96 214
89 97 650
89 98 226
89 99 293
89 100 437
90 91 1026
90 92 561
90 93 621
90 94 865
90 95 515
90 96 381
90 97 718
90 98 513
90 99 594
90 100 620
91 92 773
91 93 924
91 94 224
91 95 512
91 96 668
91 97 375
91 98 703
91 99 787
91 100 428
92 93 974
92 94 736
92 95 465
92 96 311
92 97 677
92 98 100
92 99 37
92 100 389
93 94 700
93 95 574
93 96 663
93 97 555
93 98 881
93 99 1011
93 100 736
94 95 358
94 96 547
94 97 161
94 98 648
94 99 760
94 100 348
95 96 199
95 97 236
95 98 365
95 99 498
95 100 165
96 97 435
96 98 217
96 99 348
96 100 245
97 98 580
97 99 706
97 100 298
98 99 134
98 100 299
99 100 414
