100 4950
1 2 438
1 3 607
1 4 646
1 5 615
1 6 234
1 7 619
1 8 373
1 9 582
1 10 525
1 11 688
1 12 448
1 13 495
1 14 494
1 15 109
1 16 377
1 17 605
1 18 156
1 19 510
1 20 568
1 21 711
1 22 561
1 23 575
1 24 657
1 25 511
1 26 321
1 27 384
1 28 325
1 29 544
1 30 308
1 31 263
1 32 196
1 33 673
1 34 177
1 35 350
1 36 515
1 37 507
1 38 448
1 39 400
1 40 290
1 41 281
1 42 381
1 43 69
1 44 232
1 45 511
1 46 638
1 47 132
1 48 593
1 49 650
1 50 393
1 51 510
1 52 289
1 53 266
1 54 872
1 55 356
1 56 338
1 57 259
1 58 342
1 59 868
1 60 721
1 61 545
1 62 599
1 63 324
1 64 397
1 65 357
1 66 776
1 67 546
1 68 448
1 69 209
1 70 124
1 71 362
1 72 288
1 73 601
1 74 393
1 75 331
1 76 289
1 77 133
1 78 177
1 79 746
1 80 494
1 81 584
1 82 625
1 83 400
1 84 209
1 85 881
1 86 305
1 87 238
1 88 389
1 89 292
1 90 194
1 91 298
1 92 561
1 93 113
1 94 256
1 95 452
1 96 441
1 97 377
1 98 400
1 99 190
1 100 292
2 3 403
2 4 350
2 5 183
2 6 665
2 7 224
2 8 175
2 9 526
2 10 212
2 11 334
2 12 693
2 13 817
2 14 273
2 15 375
2 16 721
2 17 485
2 18 585
2 19 284
2 20 410
2 21 638
2 22 341
2 23 642
2 24 580
2 25 405
2 26 732
2 27 80
2 28 659
2 29 881
2 30 588
2 31 388
2 32 315
2 33 608
2 34 607
2 35 141
2 36 206
2 37 805
2 38 146
2 39 178
2 40 667
2 41 426
2 42 622
2 43 507
2 44 500
2 45 292
2 46 267
2 47 359
2 48 270
2 49 273
2 50 754
2 51 536
2 52 334
2 53 173
2 54 654
2 55 732
2 56 178
2 57 635
2 58 748
2 59 632
2 60 468
2 61 867
2 62 164
2 63 496
2 64 300
2 65 787
2 66 605
2 67 421
2 68 788
2 69 638
2 70 425
2 71 155
2 72 429
2 73 683
2 74 399
2 75 688
2 76 685
2 77 507
2 78 301
2 79 432
2 80 82
2 81 327
2 82 574
2 83 165
2 84 260
2 85 650
2 86 299
2 87 324
2 88 739
2 89 561
2 90 249
2 91 737
2 92 677
2 93 538
2 94 534
2 95 154
2 96 813
2 97 585
2 98 798
2 99 520
2 100 731
3 4 123
3 5 380
3 6 752
3 7 578
3 8 279
3 9 193
3 10 196
3 11 699
3 12 555
3 13 717
3 14 676
3 15 499
3 16 977
3 17 116
3 18 758
3 19 687
3 20 58
3 21 257
3 22 61
3 23 364
3 24 209
3 25 124
3 26 926
3 27 355
3 28 920
3 29 784
3 30 531
3 31 370
3 32 411
3 33 238
3 34 707
3 35 514
3 36 606
3 37 683
3 38 258
3 39 255
3 40 672
3 41 379
3 42 511
3 43 656
3 44 490
3 45 696
3 46 631
3 47 616
3 48 172
3 49 631
3 50 998
3 51 276
3 52 678
3 53 462
3 54 272
3 55 963
3 56 309
3 57 652
3 58 947
3 59 262
3 60 118
3 61 755
3 62 464
3 63 405
3 64 685
3 65 851
3 66 203
3 67 98
3 68 715
3 69 727
3 70 509
3 71 303
3 72 375
3 73 404
3 74 251
3 75 664
3 76 896
3 77 580
3 78 433
3 79 187
3 80 339
3 81 727
3 82 225
3 83 265
3 84 552
3 85 277
3 86 653
3 87 645
3 88 692
3 89 852
3 90 454
3 91 853
3 92 428
3 93 719
3 94 818
3 95 557
3 96 773
3 97 464
3 98 796
3 99 773
3 100 849
4 5 280
4 6 818
4 7 490
4 8 280
4 9 316
4 10 142
4 11 609
4 12 663
4 13 822
4 14 619
4 15 543
4 16 1000
4 17 239
4 18 802
4 19 628
4 20 176
4 21 372
4 22 109
4 23 486
4 24 329
4 25 232
4 26 968
4 27 326
4 28 941
4 29 889
4 30 622
4 31 439
4 32 453
4 33 358
4 34 768
4 35 481
4 36 540
4 37 791
4 38 226
4 39 252
4 40 755
4 41 457
4 42 613
4 43 703
4 44 568
4 45 637
4 46 543
4 47 629
4 48 81
4 49 541
4 50 1025
4 51 394
4 52 662
4 53 454
4 54 306
4 55 994
4 56 315
4 57 731
4 58 988
4 59 283
4 60 121
4 61 862
4 62 372
4 63 497
4 64 648
4 65 925
4 66 281
4 67 214
4 68 815
4 69 792
4 70 564
4 71 298
4 72 455
4 73 526
4 74 341
4 75 753
4 76 932
4 77 642
4 78 468
4 79 100
4 80 273
4 81 658
4 82 348
4 83 257
4 84 550
4 85 301
4 86 632
4 87 637
4 88 787
4 89 861
4 90 470
4 91 914
4 92 549
4 93 759
4 94 828
4 95 501
4 96 868
4 97 566
4 98 883
4 99 793
4 100 910
5 6 835
5 7 214
5 8 285
5 9 552
5 10 200
5 11 330
5 12 808
5 13 948
5 14 385
5 15 541
5 16 902
5 17 490
5 18 765
5 19 389
5 20 413
5 21 638
5 22 330
5 23 701
5 24 586
5 25 437
5 26 915
5 27 232
5 28 841
5 29 1014
5 30 722
5 31 516
5 32 468
5 33 616
5 34 778
5 35 316
5 36 294
5 37 929
5 38 209
5 39 269
5 40 821
5 41 550
5 42 742
5 43 683
5 44 642
5 45 398
5 46 267
5 47 542
5 48 208
5 49 263
5 50 936
5 51 596
5 52 507
5 53 355
5 54 578
5 55 915
5 56 307
5 57 791
5 58 931
5 59 549
5 60 398
5 61 995
5 62 96
5 63 614
5 64 450
5 65 956
5 66 561
5 67 439
5 68 926
5 69 808
5 70 585
5 71 279
5 72 552
5 73 743
5 74 484
5 75 835
5 76 868
5 77 669
5 78 463
5 79 327
5 80 123
5 81 401
5 82 595
5 83 259
5 84 443
5 85 568
5 86 470
5 87 504
5 88 883
5 89 741
5 90 422
5 91 913
5 92 750
5 93 719
5 94 715
5 95 281
5 96 960
5 97 700
5 98 954
5 99 703
5 100 907
6 7 853
6 8 569
6 9 669
6 10 717
6 11 922
6 12 382
6 13 348
6 14 723
6 15 294
6 16 387
6 17 716
6 18 160
6 19 739
6 20 702
6 21 784
6 22 719
6 23 599
6 24 740
6 25 636
6 26 249
6 27 602
6 28 365
6 29 374
6 30 274
6 31 382
6 32 375
6 33 747
6 34 58
6 35 585
6 36 750
6 37 379
6 38 650
6 39 595
6 40 147
6 41 375
6 42 345
6 43 167
6 44 269
6 45 740
6 46 872
6 47 357
6 48 780
6 49 885
6 50 378
6 51 572
6 52 504
6 53 497
6 54 993
6 55 333
6 56 539
6 57 138
6 58 269
6 59 997
6 60 871
6 61 389
6 62 829
6 63 372
6 64 619
6 65 122
6 66 885
6 67 671
6 68 293
6 69 27
6 70 257
6 71 565
6 72 380
6 73 610
6 74 505
6 75 194
6 76 261
6 77 175
6 78 374
6 79 917
6 80 712
6 81 813
6 82 701
6 83 598
6 84 443
6 85 1007
6 86 528
6 87 459
6 88 238
6 89 405
6 90 416
6 91 105
6 92 558
6 93 183
6 94 380
6 95 687
6 96 252
6 97 370
6 98 190
6 99 311
6 100 102
7 8 398
7 9 731
7 10 384
7 11 120
7 12 917
7 13 1037
7 14 219
7 15 579
7 16 824
7 17 679
7 18 747
7 19 215
7 20 601
7 21 831
7 22 522
7 23 860
7 24 776
7 25 610
7 26 872
7 27 305
7 28 766
7 29 1100
7 30 808
7 31 611
7 32 532
7 33 805
7 34 795
7 35 269
7 36 133
7 37 1027
7 38 350
7 39 396
7 40 875
7 41 650
7 42 845
7 43 687
7 44 718
7 45 223
7 46 53
7 47 510
7 48 413
7 49 52
7 50 863
7 51 753
7 52 416
7 53 360
7 54 792
7 55 851
7 56 403
7 57 843
7 58 885
7 59 764
7 60 610
7 61 1087
7 62 118
7 63 721
7 64 321
7 65 976
7 66 769
7 67 620
7 68 1005
7 69 828
7 70 632
7 71 380
7 72 654
7 73 902
7 74 621
7 75 901
7 76 820
7 77 710
7 78 513
7 79 541
7 80 247
7 81 200
7 82 777
7 83 383
7 84 413
7 85 782
7 86 378
7 87 435
7 88 954
7 89 655
7 90 449
7 91 911
7 92 899
7 93 703
7 94 638
7 95 173
7 96 1025
7 97 809
7 98 1003
7 99 647
7 100 905
8 9 361
8 10 152
8 11 510
8 12 529
8 13 664
8 14 425
8 15 278
8 16 719
8 17 334
8 18 529
8 19 438
8 20 266
8 21 482
8 22 220
8 23 467
8 24 422
8 25 243
8 26 693
8 27 99
8 28 660
8 29 730
8 30 437
8 31 231
8 32 194
8 33 449
8 34 515
8 35 245
8 36 374
8 37 647
8 38 80
8 39 28
8 40 539
8 41 266
8 42 460
8 43 435
8 44 357
8 45 446
8 46 442
8 47 348
8 48 221
8 49 447
8 50 745
8 51 362
8 52 398
8 53 183
8 54 550
8 55 715
8 56 34
8 57 510
8 58 712
8 59 536
8 60 375
8 61 712
8 62 316
8 63 332
8 64 414
8 65 685
8 66 479
8 67 267
8 68 641
8 69 542
8 70 313
8 71 25
8 72 268
8 73 508
8 74 224
8 75 551
8 76 654
8 77 397
8 78 198
8 79 380
8 80 168
8 81 492
8 82 411
8 83 28
8 84 275
8 85 552
8 86 374
8 87 366
8 88 598
8 89 582
8 90 189
8 91 657
8 92 502
8 93 485
8 94 549
8 95 312
8 96 676
8 97 420
8 98 672
8 99 512
8 100 652
9 10 353
9 11 849
9 12 396
9 13 559
9 14 786
9 15 476
9 16 959
9 17 81
9 18 715
9 19 800
9 20 143
9 21 131
9 22 225
9 23 173
9 24 74
9 25 121
9 26 879
9 27 458
9 28 908
9 29 623
9 30 411
9 31 319
9 32 403
9 33 93
9 34 635
9 35 604
9 36 732
9 37 520
9 38 382
9 39 350
9 40 560
9 41 306
9 42 369
9 43 614
9 44 402
9 45 807
9 46 780
9 47 632
9 48 354
9 49 783
9 50 973
9 51 107
9 52 732
9 53 525
9 54 333
9 55 933
9 56 378
9 57 548
9 58 901
9 59 345
9 60 277
9 61 591
9 62 625
9 63 297
9 64 769
9 65 749
9 66 220
9 67 112
9 68 567
9 69 648
9 70 464
9 71 386
9 72 300
9 73 211
9 74 190
9 75 541
9 76 860
9 77 514
9 78 434
9 79 371
9 80 483
9 81 852
9 82 49
9 83 363
9 84 596
9 85 351
9 86 716
9 87 689
9 88 556
9 89 861
9 90 483
9 91 774
9 92 241
9 93 684
9 94 825
9 95 672
9 96 634
9 97 326
9 98 670
9 99 767
9 100 772
10 11 504
10 12 625
10 13 774
10 14 485
10 15 429
10 16 867
10 17 295
10 18 681
10 19 495
10 20 217
10 21 446
10 22 137
10 23 501
10 24 392
10 25 236
10 26 845
10 27 183
10 28 807
10 29 841
10 30 556
10 31 356
10 32 342
10 33 422
10 34 663
10 35 339
10 36 412
10 37 750
10 38 85
10 39 124
10 40 673
10 41 383
10 42 564
10 43 586
10 44 487
10 45 504
10 46 436
10 47 494
10 48 70
10 49 437
10 50 894
10 51 396
10 52 520
10 53 314
10 54 441
10 55 865
10 56 186
10 57 647
10 58 864
10 59 421
10 60 256
10 61 818
10 62 273
10 63 438
10 64 508
10 65 830
10 66 395
10 67 240
10 68 758
10 69 690
10 70 459
10 71 165
10 72 383
10 73 543
10 74 294
10 75 680
10 76 806
10 77 542
10 78 350
10 79 235
10 80 143
10 81 532
10 82 396
10 83 125
10 84 411
10 85 438
10 86 490
10 87 496
10 88 721
10 89 723
10 90 339
10 91 807
10 92 552
10 93 637
10 94 691
10 95 366
10 96 801
10 97 519
10 98 806
10 99 659
10 100 802
11 12 1019
11 13 1131
11 14 219
11 15 662
11 16 843
11 17 799
11 18 802
11 19 207
11 20 721
11 21 951
11 22 642
11 23 976
11 24 896
11 25 729
11 26 911
11 27 413
11 28 787
11 29 1192
11 30 904
11 31 713
11 32 626
11 33 925
11 34 865
11 35 342
11 36 172
11 37 1124
11 38 468
11 39 510
11 40 959
11 41 752
11 42 946
11 43 754
11 44 812
11 45 211
11 46 69
11 47 567
11 48 533
11 49 67
11 50 884
11 51 869
11 52 447
11 53 444
11 54 908
11 55 878
11 56 511
11 57 926
11 58 921
11 59 879
11 60 728
11 61 1182
11 62 236
11 63 824
11 64 335
11 65 1043
11 66 889
11 67 740
11 68 1096
11 69 897
11 70 718
11 71 490
11 72 757
11 73 1017
11 74 734
11 75 988
11 76 856
11 77 791
11 78 603
11 79 655
11 80 366
11 81 153
11 82 896
11 83 497
11 84 479
11 85 898
11 86 412
11 87 477
11 88 1043
11 89 674
11 90 535
11 91 969
11 92 1012
11 93 759
11 94 663
11 95 237
11 96 1110
11 97 913
11 98 1082
11 99 685
11 100 963
12 13 163
12 14 874
12 15 394
12 16 757
12 17 470
12 18 503
12 19 891
12 20 496
12 21 473
12 22 554
12 23 258
12 24 448
12 25 432
12 26 630
12 27 613
12 28 724
12 29 228
12 30 139
12 31 306
12 32 397
12 33 442
12 34 379
12 35 690
12 36 860
12 37 128
12 38 598
12 39 540
12 40 236
12 41 267
12 42 74
12 43 431
12 44 225
12 45 895
12 46 955
12 47 566
12 48 664
12 49 963
12 50 754
12 51 290
12 52 717
12 53 585
12 54 725
12 55 710
12 56 516
12 57 245
12 58 651
12 59 741
12 60 663
12 61 199
12 62 845
12 63 197
12 64 805
12 65 412
12 66 610
12 67 457
12 68 175
12 69 373
12 70 342
12 71 542
12 72 263
12 73 252
12 74 331
12 75 194
12 76 635
12 77 317
12 78 425
12 79 743
12 80 697
12 81 960
12 82 405
12 83 551
12 84 596
12 85 745
12 86 721
12 87 664
12 88 181
12 89 728
12 90 498
12 91 478
12 92 197
12 93 495
12 94 695
12 95 791
12 96 247
12 97 108
12 98 300
12 99 623
12 100 478
13 14 967
13 15 475
13 16 734
13 17 633
13 18 499
13 19 983
13 20 658
13 21 630
13 22 712
13 23 414
13 24 609
13 25 593
13 26 590
13 27 739
13 28 713
13 29 67
13 30 228
13 31 432
13 32 505
13 33 602
13 34 370
13 35 792
13 36 965
13 37 48
13 38 738
13 39 679
13 40 213
13 41 397
13 42 210
13 43 456
13 44 318
13 45 986
13 46 1070
13 47 626
13 48 818
13 49 1080
13 50 722
13 51 453
13 52 782
13 53 687
13 54 887
13 55 678
13 56 646
13 57 240
13 58 608
13 59 903
13 60 826
13 61 51
13 62 976
13 63 336
13 64 883
13 65 326
13 66 772
13 67 619
13 68 54
13 69 350
13 70 419
13 71 673
13 72 396
13 73 400
13 74 484
13 75 166
13 76 608
13 77 363
13 78 527
13 79 904
13 80 832
13 81 1056
13 82 566
13 83 688
13 84 678
13 85 907
13 86 794
13 87 730
13 88 112
13 89 742
13 90 597
13 91 419
13 92 346
13 93 506
13 94 713
13 95 896
13 96 121
13 97 256
13 98 194
13 99 641
13 100 421
14 15 491
14 16 624
14 17 754
14 18 592
14 19 16
14 20 680
14 21 905
14 22 614
14 23 881
14 24 846
14 25 667
14 26 693
14 27 329
14 28 568
14 29 1023
14 30 747
14 31 578
14 32 478
14 33 873
14 34 668
14 35 189
14 36 92
14 37 967
14 38 418
14 39 437
14 40 778
14 41 617
14 42 800
14 43 556
14 44 654
14 45 21
14 46 199
14 47 365
14 48 538
14 49 214
14 50 665
14 51 779
14 52 230
14 53 291
14 54 925
14 55 659
14 56 411
14 57 745
14 58 703
14 59 902
14 60 739
14 61 1018
14 62 298
14 63 689
14 64 116
14 65 842
14 66 879
14 67 688
14 68 926
14 69 700
14 70 547
14 71 400
14 72 623
14 73 920
14 74 634
14 75 813
14 76 638
14 77 610
14 78 448
14 79 693
14 80 346
14 81 90
14 82 836
14 83 424
14 84 290
14 85 921
14 86 199
14 87 267
14 88 870
14 89 455
14 90 376
14 91 761
14 92 904
14 93 552
14 94 444
14 95 119
14 96 930
14 97 774
14 98 894
14 99 469
14 100 755
15 16 485
15 17 496
15 18 260
15 19 508
15 20 459
15 21 606
15 22 455
15 23 482
15 24 550
15 25 402
15 26 427
15 27 309
15 28 432
15 29 533
15 30 259
15 31 158
15 32 90
15 33 567
15 34 238
15 35 320
15 36 493
15 37 476
15 38 357
15 39 304
15 40 297
15 41 183
15 42 321
15 43 159
15 44 168
15 45 511
15 46 605
15 47 178
15 48 495
15 49 616
15 50 502
15 51 409
15 52 323
15 53 219
15 54 763
15 55 465
15 56 246
15 57 264
15 58 448
15 59 759
15 60 614
15 61 526
15 62 540
15 63 237
15 64 412
15 65 414
15 66 667
15 67 437
15 68 436
15 69 267
15 70 56
15 71 272
15 72 190
15 73 512
15 74 285
15 75 325
15 76 397
15 77 131
15 78 80
15 79 643
15 80 418
15 81 580
15 82 520
15 83 306
15 84 203
15 85 772
15 86 327
15 87 271
15 88 381
15 89 388
15 90 129
15 91 379
15 92 477
15 93 219
15 94 352
15 95 425
15 96 447
15 97 305
15 98 424
15 99 291
15 100 374
16 17 982
16 18 257
16 19 635
16 20 942
16 21 1087
16 22 927
16 23 937
16 24 1033
16 25 887
16 26 156
16 27 696
16 28 61
16 29 755
16 30 630
16 31 639
16 32 568
16 33 1048
16 34 378
16 35 588
16 36 693
16 37 766
16 38 783
16 39 747
16 40 531
16 41 654
16 42 706
16 43 349
16 44 582
16 45 631
16 46 819
16 47 372
16 48 937
16 49 834
16 50 42
16 51 882
16 52 409
16 53 559
16 54 1246
16 55 65
16 56 685
16 57 514
16 58 145
16 59 1239
16 60 1087
16 61 774
16 62 854
16 63 686
16 64 509
16 65 435
16 66 1152
16 67 922
16 68 679
16 69 388
16 70 495
16 71 702
16 72 661
16 73 957
16 74 770
16 75 580
16 76 126
16 77 462
16 78 544
16 79 1099
16 80 796
16 81 697
16 82 1000
16 83 743
16 84 463
16 85 1253
16 86 447
16 87 400
16 88 625
16 89 169
16 90 530
16 91 326
16 92 911
16 93 278
16 94 188
16 95 656
16 96 631
16 97 718
16 98 560
16 99 207
16 100 322
17 18 747
17 19 767
17 20 77
17 21 152
17 22 159
17 23 254
17 24 97
17 25 97
17 26 913
17 27 425
17 28 928
17 29 698
17 30 470
17 31 347
17 32 415
17 33 127
17 34 678
17 35 579
17 36 692
17 37 595
17 38 339
17 39 317
17 40 618
17 41 343
17 42 437
17 43 644
17 44 448
17 45 774
17 46 730
17 47 639
17 48 285
17 49 731
17 50 999
17 51 180
17 52 723
17 53 510
17 54 276
17 55 961
17 56 357
17 57 602
17 58 935
17 59 282
17 60 197
17 61 667
17 62 568
17 63 349
17 64 748
17 65 804
17 66 171
17 67 67
17 68 638
17 69 693
17 70 493
17 71 360
17 72 338
17 73 292
17 74 215
17 75 602
17 76 890
17 77 553
17 78 444
17 79 290
17 80 433
17 81 813
17 82 108
17 83 330
17 84 590
17 85 291
17 86 703
17 87 685
17 88 623
17 89 872
17 90 482
17 91 820
17 92 322
17 93 712
17 94 837
17 95 637
17 96 702
17 97 391
17 98 734
17 99 784
17 100 817
18 19 608
18 20 717
18 21 841
18 22 715
18 23 681
18 24 789
18 25 656
18 26 167
18 27 536
18 28 221
18 29 531
18 30 373
18 31 399
18 32 349
18 33 802
18 34 129
18 35 480
18 36 632
18 37 524
18 38 604
18 39 557
18 40 287
18 41 408
18 42 449
18 43 102
18 44 327
18 45 607
18 46 759
18 47 237
18 48 750
18 49 772
18 50 261
18 51 632
18 52 365
18 53 411
18 54 1019
18 55 219
18 56 495
18 57 265
18 58 188
18 59 1016
18 60 874
18 61 543
18 62 741
18 63 433
18 64 482
18 65 260
18 66 918
18 67 692
18 68 445
18 69 150
18 70 253
18 71 518
18 72 415
18 73 700
18 74 532
18 75 336
18 76 144
18 77 207
18 78 333
18 79 902
18 80 646
18 81 680
18 82 754
18 83 557
18 84 335
18 85 1029
18 86 393
18 87 325
18 88 387
18 89 245
18 90 348
18 91 169
18 92 654
18 93 46
18 94 220
18 95 575
18 96 411
18 97 461
18 98 351
18 99 152
18 100 163
19 20 692
19 21 918
19 22 626
19 23 896
19 24 859
19 25 681
19 26 707
19 27 342
19 28 580
19 29 1040
19 30 764
19 31 594
19 32 494
19 33 886
19 34 684
19 35 205
19 36 94
19 37 983
19 38 430
19 39 450
19 40 795
19 41 634
19 42 817
19 43 572
19 44 671
19 45 9
19 46 192
19 47 381
19 48 547
19 49 207
19 50 676
19 51 794
19 52 245
19 53 307
19 54 935
19 55 671
19 56 426
19 57 762
19 58 716
19 59 911
19 60 748
19 61 1034
19 62 300
19 63 705
19 64 129
19 65 858
19 66 890
19 67 701
19 68 943
19 69 716
19 70 564
19 71 414
19 72 639
19 73 935
19 74 649
19 75 829
19 76 652
19 77 627
19 78 465
19 79 700
19 80 355
19 81 74
19 82 849
19 83 437
19 84 307
19 85 929
19 86 214
19 87 282
19 88 886
19 89 467
19 90 392
19 91 777
19 92 920
19 93 567
19 94 456
19 95 130
19 96 947
19 97 790
19 98 911
19 99 483
19 100 771
20 21 230
20 22 83
20 23 310
20 24 175
20 25 68
20 26 884
20 27 353
20 28 886
20 29 725
20 30 475
20 31 322
20 32 373
20 33 204
20 34 659
20 35 509
20 36 616
20 37 624
20 38 263
20 39 247
20 40 617
20 41 327
20 42 453
20 43 614
20 44 437
20 45 700
20 46 652
20 47 588
20 48 211
20 49 653
20 50 962
20 51 218
20 52 662
20 53 447
20 54 303
20 55 925
20 56 292
20 57 598
20 58 905
20 59 299
20 60 172
20 61 696
20 62 491
20 63 349
20 64 679
20 65 798
20 66 215
20 67 39
20 68 657
20 69 678
20 70 465
20 71 291
20 72 323
20 73 350
20 74 198
20 75 608
20 76 857
20 77 532
20 78 398
20 79 246
20 80 356
20 81 737
20 82 182
20 83 258
20 84 532
20 85 312
20 86 639
20 87 625
20 88 635
20 89 823
20 90 428
20 91 804
20 92 372
20 93 679
20 94 789
20 95 562
20 96 716
20 97 406
20 98 740
20 99 740
20 100 801
21 22 309
21 23 216
21 24 59
21 25 238
21 26 1002
21 27 576
21 28 1037
21 29 689
21 30 517
21 31 448
21 32 534
21 33 38
21 34 754
21 35 727
21 36 845
21 37 586
21 38 491
21 39 467
21 40 665
21 41 432
21 42 463
21 43 740
21 44 520
21 45 925
21 46 882
21 47 763
21 48 430
21 49 883
21 50 1100
21 51 212
21 52 861
21 53 652
21 54 266
21 55 1059
21 56 502
21 57 657
21 58 1024
21 59 290
21 60 291
21 61 654
21 62 719
21 63 414
21 64 894
21 65 855
21 66 157
21 67 216
21 68 648
21 69 764
21 70 591
21 71 507
21 72 426
21 73 236
21 74 321
21 75 640
21 76 985
21 77 636
21 78 565
21 79 395
21 80 586
21 81 965
21 82 86
21 83 480
21 84 726
21 85 288
21 86 844
21 87 819
21 88 647
21 89 992
21 90 613
21 91 889
21 92 285
21 93 811
21 94 956
21 95 788
21 96 720
21 97 424
21 98 764
21 99 898
21 100 887
22 23 387
22 24 256
22 25 125
22 26 882
22 27 293
22 28 869
22 29 780
22 30 514
22 31 338
22 32 365
22 33 286
22 34 672
22 35 453
22 36 546
22 37 682
22 38 196
22 39 195
22 40 649
22 41 352
22 42 503
22 43 614
22 44 463
22 45 634
22 46 574
22 47 562
22 48 128
22 49 574
22 50 949
22 51 290
22 52 618
22 53 403
22 54 330
22 55 916
22 56 251
22 57 627
22 58 903
22 59 317
22 60 160
22 61 753
22 62 410
22 63 388
22 64 624
22 65 822
22 66 265
22 67 114
22 68 706
22 69 694
22 70 470
22 71 243
22 72 349
22 73 429
22 74 232
22 75 645
22 76 850
22 77 545
22 78 385
22 79 199
22 80 280
22 81 667
22 82 265
22 83 205
22 84 494
22 85 332
22 86 592
22 87 586
22 88 678
22 89 797
22 90 400
22 91 818
22 92 447
22 93 674
22 94 764
22 95 495
22 96 759
22 97 456
22 98 777
22 99 721
22 100 814
23 24 201
23 25 266
23 26 833
23 27 566
23 28 893
23 29 473
23 30 324
23 31 331
23 32 435
23 33 189
23 34 578
23 35 692
23 36 840
23 37 369
23 38 510
23 39 465
23 40 468
23 41 300
23 42 260
23 43 588
23 44 354
23 45 903
23 46 907
23 47 658
23 48 515
23 49 912
23 50 943
23 51 106
23 52 784
23 53 598
23 54 477
23 55 900
23 56 472
23 57 464
23 58 855
23 59 496
23 60 450
23 61 437
23 62 764
23 63 252
23 64 843
23 65 655
23 66 363
23 67 273
23 68 433
23 69 582
23 70 451
23 71 489
23 72 293
23 73 42
23 74 247
23 75 436
23 76 825
23 77 474
23 78 469
23 79 545
23 80 615
23 81 956
23 82 161
23 83 478
23 84 648
23 85 498
23 86 776
23 87 735
23 88 436
23 89 867
23 90 533
23 91 703
23 92 71
23 93 659
23 94 831
23 95 775
23 96 506
23 97 229
23 98 555
23 99 766
23 100 701
24 25 179
24 26 953
24 27 516
24 28 982
24 29 670
24 30 477
24 31 394
24 32 476
24 33 29
24 34 707
24 35 667
24 36 786
24 37 567
24 38 433
24 39 408
24 40 627
24 41 381
24 42 430
24 43 688
24 44 473
24 45 866
24 46 827
24 47 705
24 48 381
24 49 828
24 50 1047
24 51 169
24 52 802
24 53 592
24 54 278
24 55 1007
24 56 442
24 57 616
24 58 975
24 59 295
24 60 262
24 61 636
24 62 666
24 63 368
24 64 834
24 65 816
24 66 162
24 67 158
24 68 622
24 69 719
24 70 538
24 71 448
24 72 374
24 73 230
24 74 265
24 75 604
24 76 934
24 77 587
24 78 508
24 79 365
24 80 530
24 81 907
24 82 42
24 83 421
24 84 666
24 85 298
24 86 784
24 87 760
24 88 616
24 89 935
24 90 554
24 91 845
24 92 273
24 93 758
24 94 899
24 95 730
24 96 691
24 97 388
24 98 732
24 99 842
24 100 843
25 26 823
25 27 338
25 28 832
25 29 660
25 30 407
25 31 259
25 32 319
25 33 205
25 34 594
25 35 488
25 36 611
25 37 560
25 38 261
25 39 230
25 40 549
25 41 261
25 42 387
25 43 553
25 44 370
25 45 688
25 46 660
25 47 541
25 48 249
25 49 662
25 50 905
25 51 165
25 52 627
25 53 415
25 54 362
25 55 868
25 56 263
25 57 530
25 58 845
25 59 362
25 60 240
25 61 632
25 62 506
25 63 281
25 64 655
25 65 731
25 66 264
25 67 35
25 68 590
25 69 612
25 70 403
25 71 269
25 72 256
25 73 308
25 74 131
25 75 540
25 76 798
25 77 468
25 78 347
25 79 311
25 80 362
25 81 731
25 82 169
25 83 243
25 84 493
25 85 373
25 86 608
25 87 587
25 88 567
25 89 775
25 90 384
25 91 739
25 92 322
25 93 620
25 94 740
25 95 552
25 96 648
25 97 339
25 98 672
25 99 688
25 100 735
26 27 691
26 28 164
26 29 605
26 30 514
26 31 566
26 32 517
26 33 964
26 34 256
26 35 614
26 36 748
26 37 624
26 38 765
26 39 720
26 40 396
26 41 572
26 42 588
26 43 270
26 44 483
26 45 704
26 46 877
26 47 373
26 48 914
26 49 891
26 50 134
26 51 792
26 52 463
26 53 560
26 54 1186
26 55 92
26 56 658
26 57 385
26 58 22
26 59 1184
26 60 1042
26 61 626
26 62 882
26 63 590
26 64 577
26 65 281
26 66 1085
26 67 859
26 68 535
26 69 257
26 70 420
26 71 680
26 72 579
26 73 848
26 74 698
26 75 443
26 76 55
26 77 366
26 78 499
26 79 1068
26 80 799
26 81 775
26 82 916
26 83 719
26 84 473
26 85 1196
26 86 499
26 87 437
26 88 483
26 89 260
26 90 507
26 91 173
26 92 799
26 93 208
26 94 256
26 95 699
26 96 481
26 97 607
26 98 408
26 99 225
26 100 170
27 28 635
27 29 803
27 30 510
27 31 308
27 32 241
27 33 544
27 34 545
27 35 159
27 36 275
27 37 726
27 38 100
27 39 108
27 40 594
27 41 346
27 42 542
27 43 451
27 44 423
27 45 349
27 46 346
27 47 325
27 48 251
27 49 353
27 50 726
27 51 460
27 52 336
27 53 136
27 54 619
27 55 700
27 56 98
27 57 563
27 58 709
27 59 601
27 60 436
27 61 788
27 62 238
27 63 416
27 64 330
27 65 723
27 66 558
27 67 359
27 68 711
27 69 575
27 70 355
27 71 76
27 72 349
27 73 607
27 74 321
27 75 613
27 76 647
27 77 438
27 78 231
27 79 418
27 80 110
27 81 394
27 82 508
27 83 95
27 84 233
27 85 618
27 86 306
27 87 314
27 88 663
27 89 545
27 90 190
27 91 680
27 92 599
27 93 490
27 94 515
27 95 214
27 96 738
27 97 505
27 98 726
27 99 490
27 100 675
28 29 739
28 30 593
28 31 588
28 32 513
28 33 998
28 34 348
28 35 527
28 36 635
28 37 742
28 38 722
28 39 688
28 40 505
28 41 605
28 42 669
28 43 304
28 44 539
28 45 576
28 46 762
28 47 312
28 48 877
28 49 776
28 50 97
28 51 833
28 52 349
28 53 499
28 54 1190
28 55 94
28 56 625
28 57 485
28 58 162
28 59 1183
28 60 1029
28 61 755
28 62 794
28 63 641
28 64 453
28 65 430
28 66 1097
28 67 867
28 68 659
28 69 363
28 70 446
28 71 642
28 72 612
28 73 914
28 74 718
28 75 554
28 76 117
28 77 420
28 78 487
28 79 1040
28 80 735
28 81 644
28 82 950
28 83 684
28 84 402
28 85 1197
28 86 388
28 87 339
28 88 602
28 89 113
28 90 471
28 91 320
28 92 870
28 93 234
28 94 128
28 95 596
28 96 616
28 97 678
28 98 547
28 99 148
28 100 315
29 30 293
29 31 498
29 32 568
29 33 662
29 34 405
29 35 852
29 36 1025
29 37 103
29 38 805
29 39 745
29 40 255
29 41 464
29 42 278
29 43 500
29 44 381
29 45 1043
29 46 1132
29 47 676
29 48 885
29 49 1142
29 50 740
29 51 518
29 52 833
29 53 748
29 54 948
29 55 696
29 56 712
29 57 285
29 58 623
29 59 965
29 60 892
29 61 38
29 62 1041
29 63 403
29 64 937
29 65 330
29 66 833
29 67 686
29 68 97
29 69 381
29 70 477
29 71 739
29 72 462
29 73 456
29 74 552
29 75 213
29 76 629
29 77 415
29 78 588
29 79 971
29 80 898
29 81 1113
29 82 629
29 83 755
29 84 733
29 85 969
29 86 847
29 87 781
29 88 155
29 89 777
29 90 657
29 91 432
29 92 404
29 93 544
29 94 750
29 95 956
29 96 124
29 97 324
29 98 197
29 99 678
29 100 435
30 31 206
30 32 277
30 33 481
30 34 257
30 35 567
30 36 739
30 37 220
30 38 514
30 39 454
30 40 149
30 41 174
30 42 76
30 43 294
30 44 92
30 45 767
30 46 842
30 47 427
30 48 607
30 49 852
30 50 631
30 51 308
30 52 580
30 53 462
30 54 744
30 55 587
30 56 418
30 57 140
30 58 535
30 59 753
30 60 647
30 61 278
30 62 747
30 63 126
30 64 672
30 65 338
30 66 631
30 67 439
30 68 203
30 69 259
30 70 205
30 71 446
30 72 173
30 73 335
30 74 282
30 75 132
30 76 511
30 77 178
30 78 301
30 79 713
30 80 605
30 81 835
30 82 436
30 83 463
30 84 463
30 85 760
30 86 586
30 87 527
30 88 165
30 89 590
30 90 372
30 91 378
30 92 285
30 93 361
30 94 557
30 95 670
30 96 246
30 97 95
30 98 264
30 99 485
30 100 376
31 32 105
31 33 409
31 34 337
31 35 390
31 36 556
31 37 417
31 38 308
31 39 248
31 40 318
31 41 39
31 42 234
31 43 297
31 44 131
31 45 599
31 46 649
31 47 328
31 48 411
31 49 657
31 50 654
31 51 251
31 52 455
31 53 286
31 54 621
31 55 614
31 56 213
31 57 293
31 58 587
31 59 621
31 60 489
31 61 481
31 62 543
31 63 111
31 64 523
31 65 485
31 66 519
31 67 294
31 68 409
31 69 357
31 70 146
31 71 240
31 72 45
31 73 363
31 74 132
31 75 324
31 76 543
31 77 209
31 78 139
31 79 536
31 80 399
31 81 661
31 82 362
31 83 257
31 84 320
31 85 632
31 86 449
31 87 405
31 88 367
31 89 546
31 90 208
31 91 482
31 92 335
31 93 365
31 94 510
31 95 487
31 96 447
31 97 199
31 98 450
31 99 450
31 100 479
32 33 496
32 34 321
32 35 292
32 36 463
32 37 498
32 38 274
32 39 219
32 40 353
32 41 143
32 42 323
32 43 249
32 44 186
32 45 499
32 46 565
32 47 230
32 48 407
32 49 574
32 50 588
32 51 348
32 52 349
32 53 187
32 54 677
32 55 552
32 56 164
32 57 322
32 58 537
32 59 672
32 60 525
32 61 556
32 62 478
32 63 212
32 64 418
32 65 492
32 66 584
32 67 353
32 68 473
32 69 348
32 70 119
32 71 191
32 72 149
32 73 468
32 74 212
32 75 372
32 76 485
32 77 203
32 78 34
32 79 553
32 80 346
32 81 563
32 82 449
32 83 222
32 84 214
32 85 685
32 86 343
32 87 300
32 88 424
32 89 458
32 90 103
32 91 465
32 92 441
32 93 308
32 94 423
32 95 394
32 96 497
32 97 295
32 98 485
32 99 368
32 100 460
33 34 716
33 35 694
33 36 815
33 37 558
33 38 462
33 39 435
33 40 630
33 41 394
33 42 429
33 43 702
33 44 482
33 45 894
33 46 856
33 47 725
33 48 410
33 49 858
33 50 1061
33 51 174
33 52 825
33 53 617
33 54 287
33 55 1020
33 56 468
33 57 620
33 58 986
33 59 308
33 60 287
33 61 627
33 62 695
33 63 376
33 64 860
33 65 819
33 66 174
33 67 186
33 68 617
33 69 727
33 70 553
33 71 474
33 72 387
33 73 215
33 74 283
33 75 605
33 76 947
33 77 598
33 78 528
33 79 391
33 80 559
33 81 935
33 82 47
33 83 448
33 84 689
33 85 309
33 86 808
33 87 783
33 88 614
33 89 953
33 90 576
33 91 852
33 92 260
33 93 772
33 94 917
33 95 757
33 96 688
33 97 389
33 98 731
33 99 859
33 100 850
34 35 527
34 36 692
34 37 395
34 38 595
34 39 541
34 40 158
34 41 334
34 42 332
34 43 111
34 44 233
34 45 685
34 46 815
34 47 302
34 48 728
34 49 827
34 50 375
34 51 542
34 52 452
34 53 439
34 54 954
34 55 330
34 56 483
34 57 137
34 58 278
34 59 956
34 60 825
34 61 415
34 62 771
34 63 340
34 64 566
34 65 180
34 66 848
34 67 629
34 68 317
34 69 32
34 70 204
34 71 510
34 72 339
34 73 592
34 74 464
34 75 206
34 76 255
34 77 127
34 78 318
34 79 868
34 80 655
34 81 758
34 82 669
34 83 543
34 84 386
34 85 966
34 86 474
34 87 405
34 88 258
34 89 372
34 90 358
34 91 146
34 92 543
34 93 139
34 94 345
34 95 630
34 96 288
34 97 350
34 98 234
34 99 273
34 100 142
35 36 173
35 37 788
35 38 259
35 39 262
35 40 616
35 41 429
35 42 616
35 43 419
35 44 475
35 45 211
35 46 288
35 47 244
35 48 403
35 49 300
35 50 623
35 51 591
35 52 192
35 53 105
35 54 778
35 55 604
35 56 226
35 57 583
35 58 629
35 59 759
35 60 594
35 61 843
35 62 268
35 63 501
35 64 171
35 65 707
35 66 717
35 67 512
35 68 755
35 69 559
35 70 375
35 71 219
35 72 435
35 73 731
35 74 445
35 75 645
35 76 564
35 77 448
35 78 266
35 79 568
35 80 223
35 81 271
35 82 654
35 83 250
35 84 145
35 85 776
35 86 157
35 87 188
35 88 701
35 89 424
35 90 195
35 91 643
35 92 714
35 93 435
35 94 400
35 95 105
35 96 767
35 97 587
35 98 740
35 99 394
35 100 637
36 37 960
36 38 353
36 39 382
36 40 788
36 41 595
36 42 786
36 43 582
36 44 647
36 45 103
36 46 128
36 47 396
36 48 459
36 49 142
36 50 732
36 51 735
36 52 287
36 53 277
36 54 847
36 55 722
36 56 367
36 57 755
36 58 760
36 59 823
36 60 661
36 61 1016
36 62 206
36 63 668
36 64 187
36 65 871
36 66 807
36 67 628
36 68 928
36 69 725
36 70 548
36 71 351
36 72 600
36 73 881
36 74 594
36 75 818
36 76 694
36 77 620
36 78 438
36 79 609
36 80 269
36 81 121
36 82 781
36 83 368
36 84 306
36 85 841
36 86 249
36 87 311
36 88 874
36 89 523
36 90 368
36 91 799
36 92 870
36 93 589
36 94 508
36 95 69
36 96 940
36 97 755
36 98 911
36 99 522
36 100 793
37 38 719
37 39 660
37 40 237
37 41 381
37 42 187
37 43 473
37 44 313
37 45 987
37 46 1062
37 47 635
37 48 791
37 49 1071
37 50 756
37 51 415
37 52 790
37 53 683
37 54 845
37 55 711
37 56 631
37 57 261
37 58 644
37 59 862
37 60 790
37 61 71
37 62 961
37 63 315
37 64 888
37 65 368
37 66 730
37 67 585
37 68 93
37 69 378
37 70 421
37 71 658
37 72 378
37 73 354
37 74 457
37 75 188
37 76 640
37 77 373
37 78 522
37 79 871
37 80 815
37 81 1055
37 82 525
37 83 670
37 84 680
37 85 865
37 86 800
37 87 738
37 88 141
37 89 765
37 90 593
37 91 457
37 92 301
37 93 528
37 94 734
37 95 891
37 96 167
37 97 230
37 98 237
37 99 662
37 100 458
38 39 59
38 40 619
38 41 341
38 42 532
38 43 511
38 44 436
38 45 438
38 46 399
38 47 410
38 48 155
38 49 402
38 50 811
38 51 403
38 52 435
38 53 228
38 54 518
38 55 782
38 56 111
38 57 590
38 58 784
38 59 500
38 60 335
38 61 785
38 62 255
38 63 404
38 64 429
38 65 766
38 66 462
38 67 275
38 68 717
38 69 622
38 70 393
38 71 85
38 72 342
38 73 552
38 74 279
38 75 631
38 76 725
38 77 477
38 78 277
38 79 321
38 80 105
38 81 474
38 82 430
38 83 52
38 84 325
38 85 517
38 86 406
38 87 411
38 88 676
38 89 637
38 90 258
38 91 736
38 92 553
38 93 559
38 94 606
38 95 300
38 96 754
38 97 490
38 98 752
38 99 575
38 100 731
39 40 560
39 41 281
39 42 473
39 43 462
39 44 377
39 45 458
39 46 442
39 47 376
39 48 193
39 49 447
39 50 773
39 51 358
39 52 422
39 53 208
39 54 525
39 55 743
39 56 62
39 57 532
39 58 740
39 59 511
39 60 349
39 61 726
39 62 308
39 63 345
39 64 432
39 65 710
39 66 457
39 67 251
39 68 657
39 69 567
39 70 337
39 71 48
39 72 283
39 73 506
39 74 226
39 75 571
39 76 682
39 77 421
39 78 225
39 79 352
39 80 158
39 81 501
39 82 399
39 83 13
39 84 301
39 85 527
39 86 397
39 87 392
39 88 616
39 89 609
39 90 217
39 91 683
39 92 503
39 93 513
39 94 576
39 95 322
39 96 695
39 97 431
39 98 693
39 99 540
39 100 678
40 41 297
40 42 208
40 43 245
40 44 187
40 45 797
40 46 902
40 47 423
40 48 730
40 49 913
40 50 524
40 51 457
40 52 580
40 53 516
40 54 892
40 55 479
40 56 513
40 57 32
40 58 417
40 59 900
40 60 789
40 61 260
40 62 831
40 63 269
40 64 686
40 65 189
40 66 780
40 67 582
40 68 161
40 69 142
40 70 243
40 71 541
40 72 299
40 73 473
40 74 420
40 75 48
40 76 406
40 77 168
40 78 365
40 79 849
40 80 699
40 81 868
40 82 586
40 83 566
40 84 488
40 85 908
40 86 595
40 87 529
40 88 102
40 89 529
40 90 426
40 91 241
40 92 420
40 93 293
40 94 500
40 95 721
40 96 152
40 97 241
40 98 133
40 99 427
40 100 241
41 42 195
41 43 307
41 44 111
41 45 639
41 46 688
41 47 358
41 48 435
41 49 696
41 50 667
41 51 228
41 52 489
41 53 326
41 54 620
41 55 626
41 56 250
41 57 274
41 58 594
41 59 622
41 60 497
41 61 445
41 62 580
41 63 72
41 64 561
41 65 472
41 66 514
41 67 296
41 68 376
41 69 351
41 70 159
41 71 277
41 72 7
41 73 330
41 74 130
41 75 298
41 76 553
41 77 209
41 78 176
41 79 552
41 80 435
41 81 701
41 82 346
41 83 290
41 84 356
41 85 632
41 86 485
41 87 439
41 88 338
41 89 570
41 90 246
41 91 478
41 92 300
41 93 378
41 94 534
41 95 527
41 96 418
41 97 160
41 98 427
41 99 471
41 100 474
42 43 370
42 44 153
42 45 821
42 46 882
42 47 495
42 48 607
42 49 891
42 50 707
42 51 262
42 52 644
42 53 511
42 54 703
42 55 662
42 56 446
42 57 207
42 58 609
42 59 715
42 60 623
42 61 254
42 62 775
42 63 128
42 64 731
42 65 395
42 66 589
42 67 415
42 68 203
42 69 331
42 70 271
42 71 472
42 72 192
42 73 266
42 74 273
42 75 177
42 76 587
42 77 254
42 78 351
42 79 697
42 80 629
42 81 886
42 82 387
42 83 483
42 84 522
42 85 721
42 86 648
42 87 592
42 88 187
42 89 666
42 90 424
42 91 446
42 92 213
42 93 437
42 94 632
42 95 717
42 96 265
42 97 47
42 98 302
42 99 560
42 100 445
43 44 234
43 45 573
43 46 705
43 47 190
43 48 654
43 49 718
43 50 359
43 51 533
43 52 342
43 53 336
43 54 916
43 55 318
43 56 401
43 57 215
43 58 291
43 59 914
43 60 772
43 61 505
43 62 669
43 63 337
43 64 454
43 65 289
43 66 816
43 67 589
43 68 406
43 69 144
43 70 151
43 71 426
43 72 314
43 73 610
43 74 429
43 75 289
43 76 245
43 77 117
43 78 236
43 79 803
43 80 562
43 81 646
43 82 654
43 83 462
43 84 275
43 85 926
43 86 363
43 87 294
43 88 346
43 89 296
43 90 261
43 91 229
43 92 566
43 93 71
43 94 264
43 95 520
43 96 389
43 97 375
43 98 343
43 99 191
43 100 224
44 45 675
44 46 751
44 47 342
44 48 543
44 49 761
44 50 589
44 51 309
44 52 491
44 53 370
44 54 725
44 55 546
44 56 335
44 57 163
44 58 505
44 59 729
44 60 608
44 61 369
44 62 661
44 63 107
44 64 580
44 65 360
44 66 616
44 67 404
44 68 287
44 69 246
44 70 117
44 71 363
44 72 114
44 73 375
44 74 239
44 75 194
44 76 471
44 77 120
44 78 209
44 79 663
44 80 522
44 81 742
44 82 435
44 83 384
44 84 371
44 85 738
44 86 496
44 87 439
44 88 240
44 89 522
44 90 280
44 91 373
44 92 332
44 93 305
44 94 488
44 95 578
44 96 318
44 97 144
44 98 319
44 99 418
44 100 370
45 46 199
45 47 382
45 48 556
45 49 213
45 50 672
45 51 800
45 52 243
45 53 313
45 54 943
45 55 667
45 56 433
45 57 764
45 58 713
45 59 920
45 60 757
45 61 1037
45 62 309
45 63 710
45 64 127
45 65 858
45 66 898
45 67 708
45 68 946
45 69 717
45 70 567
45 71 421
45 72 644
45 73 942
45 74 656
45 75 832
45 76 649
45 77 629
45 78 469
45 79 709
45 80 363
45 81 73
45 82 857
45 83 445
45 84 309
45 85 938
45 86 213
45 87 282
45 88 889
45 89 463
45 90 397
45 91 776
45 92 926
45 93 567
45 94 453
45 95 138
45 96 949
45 97 795
45 98 912
45 99 481
45 100 770
46 47 523
46 48 466
46 49 14
46 50 859
46 51 800
46 52 415
46 53 386
46 54 845
46 55 850
46 56 444
46 57 870
46 58 888
46 59 817
46 60 663
46 61 1121
46 62 171
46 63 759
46 64 310
46 65 995
46 66 822
46 67 671
46 68 1037
46 69 847
46 70 660
46 71 422
46 72 692
46 73 949
46 74 666
46 75 930
46 76 823
46 77 735
46 78 543
46 79 594
46 80 297
46 81 161
46 82 827
46 83 429
46 84 429
46 85 835
46 86 378
46 87 439
46 88 984
46 89 649
46 90 477
46 91 925
46 92 944
46 93 715
46 94 635
46 95 185
46 96 1053
46 97 848
46 98 1028
46 99 651
46 100 919
47 48 564
47 49 536
47 50 401
47 51 577
47 52 156
47 53 189
47 54 888
47 55 375
47 56 314
47 57 391
47 58 389
47 59 878
47 60 721
47 61 676
47 62 509
47 63 416
47 64 264
47 65 477
47 66 803
47 67 574
47 68 580
47 69 334
47 70 224
47 71 330
47 72 365
47 73 688
47 74 442
47 75 463
47 76 325
47 77 262
47 78 197
47 79 728
47 80 429
47 81 455
47 82 679
47 83 371
47 84 100
47 85 893
47 86 173
47 87 105
47 88 521
47 89 235
47 90 162
47 91 402
47 92 655
47 93 192
47 94 201
47 95 338
47 96 573
47 97 483
47 98 532
47 99 165
47 100 396
48 49 465
48 50 965
48 51 415
48 52 587
48 53 384
48 54 387
48 55 935
48 56 256
48 57 704
48 58 933
48 59 364
48 60 201
48 61 861
48 62 296
48 63 484
48 64 569
48 65 892
48 66 356
48 67 243
48 68 805
48 69 754
48 70 523
48 71 235
48 72 434
48 73 556
48 74 333
48 75 733
48 76 876
48 77 605
48 78 417
48 79 166
48 80 192
48 81 577
48 82 393
48 83 195
48 84 481
48 85 382
48 86 556
48 87 565
48 88 772
48 89 793
48 90 409
48 91 872
48 92 572
48 93 706
48 94 762
48 95 420
48 96 853
48 97 561
48 98 862
48 99 730
48 100 868
49 50 874
49 51 805
49 52 429
49 53 397
49 54 842
49 55 864
49 56 451
49 57 881
49 58 902
49 59 813
49 60 661
49 61 1130
49 62 169
49 63 767
49 64 325
49 65 1007
49 66 821
49 67 673
49 68 1047
49 69 860
49 70 671
49 71 428
49 72 700
49 73 953
49 74 672
49 75 940
49 76 837
49 77 747
49 78 553
49 79 590
49 80 300
49 81 174
49 82 830
49 83 434
49 84 442
49 85 832
49 86 392
49 87 453
49 88 995
49 89 664
49 90 488
49 91 938
49 92 950
49 93 728
49 94 649
49 95 198
49 96 1064
49 97 856
49 98 1040
49 99 665
49 100 932
50 51 892
50 52 447
50 53 590
50 54 1265
50 55 44
50 56 710
50 57 510
50 58 119
50 59 1260
50 60 1110
50 61 760
50 62 890
50 63 694
50 64 549
50 65 415
50 66 1169
50 67 940
50 68 668
50 69 382
50 70 508
50 71 729
50 72 673
50 73 962
50 74 785
50 75 572
50 76 119
50 77 469
50 78 565
50 79 1125
50 80 828
50 81 739
50 82 1013
50 83 770
50 84 495
50 85 1273
50 86 485
50 87 436
50 88 615
50 89 209
50 90 555
50 91 307
50 92 914
50 93 289
50 94 225
50 95 694
50 96 615
50 97 721
50 98 543
50 99 235
50 100 304
51 52 694
51 53 500
51 54 440
51 55 851
51 56 368
51 57 446
51 58 814
51 59 453
51 60 375
51 61 486
51 62 657
51 63 202
51 64 746
51 65 646
51 66 326
51 67 179
51 68 460
51 69 552
51 70 387
51 71 384
51 72 221
51 73 148
51 74 146
51 75 435
51 76 776
51 77 426
51 78 382
51 79 462
51 80 508
51 81 852
51 82 128
51 83 371
51 84 557
51 85 458
51 86 683
51 87 647
51 88 449
51 89 797
51 90 441
51 91 677
51 92 157
51 93 604
51 94 761
51 95 671
51 96 527
51 97 219
51 98 564
51 99 699
51 100 675
52 53 215
52 54 948
52 55 435
52 56 370
52 57 548
52 58 474
52 59 933
52 60 769
52 61 833
52 62 449
52 63 554
52 64 117
52 65 620
52 66 876
52 67 656
52 68 737
52 69 483
52 70 374
52 71 374
52 72 496
52 73 818
52 74 551
52 75 620
52 76 409
52 77 419
52 78 315
52 79 754
52 80 415
52 81 316
52 82 781
52 83 413
52 84 137
52 85 949
52 86 38
52 87 52
52 88 677
52 89 240
52 90 252
52 91 534
52 92 790
52 93 327
52 94 221
52 95 247
52 96 729
52 97 628
52 98 685
52 99 238
52 100 528
53 54 734
53 55 565
53 56 154
53 57 483
53 58 577
53 59 719
53 60 557
53 61 738
53 62 333
53 63 397
53 64 246
53 65 620
53 66 661
53 67 443
53 68 652
53 69 471
53 70 273
53 71 160
53 72 331
53 73 635
53 74 354
53 75 543
53 76 514
53 77 349
53 78 160
53 79 550
53 80 239
53 81 375
53 82 575
53 83 200
53 84 97
53 85 735
53 86 192
53 87 184
53 88 598
53 89 409
53 90 91
53 91 565
53 92 616
53 93 365
53 94 379
53 95 208
53 96 666
53 97 482
53 98 643
53 99 354
53 100 559
54 55 1229
54 56 581
54 57 878
54 58 1207
54 59 36
54 60 186
54 61 914
54 62 673
54 63 625
54 64 948
54 65 1079
54 66 115
54 67 327
54 68 899
54 69 970
54 70 766
54 71 573
54 72 614
54 73 501
54 74 490
54 75 875
54 76 1160
54 77 828
54 78 702
54 79 255
54 80 579
54 81 965
54 82 320
54 83 534
54 84 824
54 85 24
54 86 922
54 87 917
54 88 890
54 89 1124
54 90 726
54 91 1097
54 92 548
54 93 982
54 94 1090
54 95 807
54 96 967
54 97 660
54 98 1004
54 99 1043
54 100 1094
55 56 680
55 57 465
55 58 80
55 59 1224
55 60 1076
55 61 716
55 62 873
55 63 652
55 64 543
55 65 373
55 66 1132
55 67 903
55 68 623
55 69 337
55 70 468
55 71 699
55 72 633
55 73 918
55 74 746
55 75 527
55 76 75
55 77 426
55 78 530
55 79 1094
55 80 804
55 81 736
55 82 973
55 83 740
55 84 472
55 85 1237
55 86 473
55 87 419
55 88 570
55 89 206
55 90 525
55 91 264
55 92 870
55 93 249
55 94 215
55 95 680
55 96 572
55 97 677
55 98 500
55 99 211
55 100 261
56 57 484
56 58 677
56 59 568
56 60 408
56 61 695
56 62 329
56 63 319
56 64 392
56 65 656
56 66 506
56 67 289
56 68 621
56 69 511
56 70 283
56 71 28
56 72 253
56 73 513
56 74 226
56 75 528
56 76 620
56 77 367
56 78 166
56 79 415
56 80 187
56 81 483
56 82 428
56 83 61
56 84 243
56 85 584
56 86 347
56 87 335
56 88 576
56 89 548
56 90 155
56 91 625
56 92 503
56 93 451
56 94 515
56 95 302
56 96 653
56 97 408
56 98 647
56 99 477
56 100 620
57 58 406
57 59 885
57 60 770
57 61 289
57 62 800
57 63 252
57 64 654
57 65 201
57 66 767
57 67 564
57 68 190
57 69 127
57 70 211
57 71 512
57 72 277
57 73 473
57 74 400
57 75 74
57 76 390
57 77 135
57 78 333
57 79 826
57 80 668
57 81 836
57 82 575
57 83 538
57 84 455
57 85 893
57 86 563
57 87 497
57 88 130
57 89 504
57 90 393
57 91 238
57 92 421
57 93 267
57 94 474
57 95 688
57 96 184
57 97 235
57 98 163
57 99 401
57 100 237
58 59 1205
58 60 1062
58 61 644
58 62 897
58 63 612
58 64 587
58 65 296
58 66 1106
58 67 880
58 68 554
58 69 279
58 70 441
58 71 699
58 72 601
58 73 870
58 74 719
58 75 464
58 76 65
58 77 388
58 78 519
58 79 1088
58 80 816
58 81 784
58 82 938
58 83 739
58 84 489
58 85 1217
58 86 510
58 87 450
58 88 503
58 89 263
58 90 525
58 91 190
58 92 821
58 93 228
58 94 263
58 95 712
58 96 499
58 97 628
58 98 425
58 99 237
58 100 187
59 60 165
59 61 932
59 62 645
59 63 632
59 64 929
59 65 1086
59 66 134
59 67 326
59 68 913
59 69 973
59 70 764
59 71 559
59 72 617
59 73 523
59 74 492
59 75 884
59 76 1156
59 77 830
59 78 695
59 79 224
59 80 556
59 81 939
59 82 337
59 83 519
59 84 812
59 85 18
59 86 906
59 87 903
59 88 902
59 89 1114
59 90 716
59 91 1100
59 92 568
59 93 978
59 94 1080
59 95 784
59 96 980
59 97 671
59 98 1015
59 99 1035
59 100 1097
60 61 861
60 62 492
60 63 522
60 64 764
60 65 969
60 66 169
60 67 209
60 68 827
60 69 846
60 70 626
60 71 397
60 72 493
60 73 485
60 74 369
60 75 780
60 76 1010
60 77 698
60 78 545
60 79 104
60 80 393
60 81 779
60 82 293
60 83 357
60 84 650
60 85 182
60 86 741
60 87 741
60 88 807
60 89 956
60 90 560
60 91 971
60 92 518
60 93 834
60 94 923
60 95 620
60 96 887
60 97 577
60 98 912
60 99 881
60 100 968
61 62 1024
61 63 381
61 64 934
61 65 355
61 66 799
61 67 656
61 68 98
61 69 394
61 70 470
61 71 722
61 72 443
61 73 419
61 74 527
61 75 215
61 76 647
61 77 414
61 78 578
61 79 942
61 80 880
61 81 1107
61 82 594
61 83 736
61 84 729
61 85 934
61 86 845
61 87 781
61 88 158
61 89 788
61 90 648
61 91 454
61 92 368
61 93 553
61 94 759
61 95 947
61 96 146
61 97 299
61 98 221
61 99 687
61 100 457
62 63 648
62 64 376
62 65 951
62 66 652
62 67 513
62 68 949
62 69 802
62 70 589
62 71 303
62 72 583
62 73 806
62 74 533
62 75 851
62 76 832
62 77 671
62 78 466
62 79 423
62 80 150
62 81 306
62 82 670
62 83 296
62 84 409
62 85 664
62 86 410
62 87 454
62 88 902
62 89 688
62 90 413
62 91 898
62 92 808
62 93 695
62 94 666
62 95 207
62 96 976
62 97 736
62 98 962
62 99 662
62 100 892
63 64 630
63 65 454
63 66 515
63 67 313
63 68 321
63 69 351
63 70 200
63 71 345
63 72 67
63 73 277
63 74 156
63 75 258
63 76 577
63 77 225
63 78 244
63 79 586
63 80 501
63 81 773
63 82 329
63 83 355
63 84 423
63 85 640
63 86 552
63 87 503
63 88 290
63 89 616
63 90 316
63 91 477
63 92 239
63 93 408
63 94 581
63 95 599
63 96 371
63 97 88
63 98 390
63 99 514
63 100 474
64 65 736
64 66 888
64 67 680
64 68 840
64 69 597
64 70 467
64 71 388
64 72 567
64 73 880
64 74 600
64 75 724
64 76 522
64 77 521
64 78 385
64 79 733
64 80 382
64 81 199
64 82 819
64 83 421
64 84 209
64 85 946
64 86 91
64 87 160
64 88 782
64 89 339
64 90 314
64 91 651
64 92 858
64 93 443
64 94 327
64 95 170
64 96 837
64 97 710
64 98 797
64 99 353
64 100 645
65 66 968
65 67 764
65 68 274
65 69 148
65 70 372
65 71 683
65 72 475
65 73 658
65 74 599
65 75 219
65 76 314
65 77 288
65 78 493
65 79 1022
65 80 832
65 81 932
65 82 775
65 83 714
65 84 565
65 85 1095
65 86 645
65 87 576
65 88 236
65 89 493
65 90 537
65 91 110
65 92 604
65 93 293
65 94 473
65 95 809
65 96 209
65 97 430
65 98 134
65 99 410
65 100 114
66 67 230
66 68 784
66 69 863
66 70 665
66 71 503
66 72 508
66 73 389
66 74 387
66 75 761
66 76 1061
66 77 723
66 78 611
66 79 269
66 80 538
66 81 928
66 82 205
66 83 468
66 84 747
66 85 135
66 86 853
66 87 841
66 88 776
66 89 1038
66 90 643
66 91 990
66 92 434
66 93 883
66 94 1003
66 95 760
66 96 852
66 97 546
66 98 890
66 99 952
66 100 987
67 68 618
67 69 647
67 70 439
67 71 292
67 72 291
67 73 314
67 74 166
67 75 571
67 76 833
67 77 503
67 78 381
67 79 286
67 80 373
67 81 749
67 82 157
67 83 263
67 84 523
67 85 337
67 86 636
67 87 617
67 88 597
67 89 808
67 90 415
67 91 774
67 92 335
67 93 655
67 94 773
67 95 571
67 96 678
67 97 368
67 98 703
67 99 722
67 100 770
68 69 296
68 70 380
68 71 648
68 72 376
68 73 424
68 74 474
68 75 117
68 76 553
68 77 318
68 78 493
68 79 901
68 80 808
68 81 1016
68 82 579
68 83 666
68 84 636
68 85 918
68 86 750
68 87 685
68 88 59
68 89 689
68 90 561
68 91 365
68 92 369
68 93 454
68 94 661
68 95 860
68 96 76
68 97 250
68 98 144
68 99 588
68 100 367
69 70 230
69 71 538
69 72 356
69 73 594
69 74 481
69 75 191
69 76 263
69 77 149
69 78 347
69 79 891
69 80 685
69 81 790
69 82 680
69 83 571
69 84 418
69 85 983
69 86 506
69 87 437
69 88 239
69 89 395
69 90 389
69 91 127
69 92 544
69 93 166
69 94 369
69 95 662
69 96 262
69 97 353
69 98 205
69 99 298
69 100 124
70 71 310
70 72 166
70 73 478
70 74 278
70 75 270
70 76 396
70 77 84
70 78 123
70 79 664
70 80 462
70 81 636
70 82 505
70 83 341
70 84 259
70 85 776
70 86 380
70 87 322
70 88 325
70 89 415
70 90 183
70 91 349
70 92 439
70 93 219
70 94 380
70 95 480
70 96 393
70 97 259
70 98 373
70 99 314
70 100 345
71 72 279
71 73 530
71 74 244
71 75 556
71 76 641
71 77 394
71 78 192
71 79 397
71 80 159
71 81 468
71 82 436
71 83 41
71 84 253
71 85 575
71 86 349
71 87 343
71 88 604
71 89 562
71 90 174
71 91 651
71 92 522
71 93 473
71 94 529
71 95 288
71 96 681
71 97 433
71 98 675
71 99 495
71 100 645
72 73 323
72 74 125
72 75 299
72 76 559
72 77 215
72 78 182
72 79 549
72 80 437
72 81 706
72 82 339
72 83 292
72 84 363
72 85 627
72 86 492
72 87 446
72 88 338
72 89 577
72 90 252
72 91 483
72 92 293
72 93 384
72 94 541
72 95 532
72 96 419
72 97 155
72 98 429
72 99 478
72 100 480
73 74 287
73 75 439
73 76 842
73 77 494
73 78 503
73 79 582
73 80 657
73 81 996
73 82 193
73 83 519
73 84 682
73 85 523
73 86 811
73 87 769
73 88 433
73 89 893
73 90 568
73 91 712
73 92 55
73 93 680
73 94 858
73 95 815
73 96 499
73 97 241
73 98 553
73 99 791
73 100 711
74 75 414
74 76 675
74 77 338
74 78 245
74 79 431
74 80 383
74 81 709
74 82 236
74 83 238
74 84 413
74 85 502
74 86 538
74 87 505
74 88 445
74 89 670
74 90 298
74 91 608
74 92 278
74 93 497
74 94 634
74 95 528
74 96 527
74 97 227
74 98 545
74 99 577
74 100 605
75 76 454
75 77 202
75 78 388
75 79 845
75 80 715
75 81 903
75 82 563
75 83 578
75 84 522
75 85 891
75 86 634
75 87 568
75 88 57
75 89 577
75 90 453
75 91 284
75 92 384
75 93 340
75 94 547
75 95 750
75 96 125
75 97 216
75 98 131
75 99 474
75 100 284
76 77 351
76 78 465
76 79 1033
76 80 754
76 81 720
76 82 899
76 83 681
76 84 425
76 85 1169
76 86 445
76 87 385
76 88 499
76 89 205
76 90 466
76 91 204
76 92 795
76 93 178
76 94 201
76 95 647
76 96 505
76 97 602
76 98 435
76 99 172
76 100 199
77 78 207
77 79 741
77 80 546
77 81 701
77 82 550
77 83 425
77 84 320
77 85 840
77 86 431
77 87 367
77 88 260
77 89 412
77 90 261
77 91 273
77 92 449
77 93 186
77 94 378
77 95 553
77 96 320
77 97 257
77 98 293
77 99 306
77 100 269
78 79 569
78 80 339
78 81 535
78 82 481
78 83 226
78 84 180
78 85 709
78 86 309
78 87 266
78 88 441
78 89 428
78 90 72
78 91 459
78 92 475
78 93 291
78 94 393
78 95 369
78 96 513
78 97 326
78 98 496
78 99 341
78 100 454
79 80 351
79 81 723
79 82 393
79 83 356
79 84 647
79 85 243
79 86 723
79 87 732
79 88 876
79 89 958
79 90 570
79 91 1014
79 92 612
79 93 860
79 94 926
79 95 577
79 96 957
79 97 650
79 98 976
79 99 892
79 100 1009
80 81 389
80 82 530
80 83 146
80 84 332
80 85 574
80 86 381
80 87 403
80 88 763
80 89 639
80 90 300
80 91 791
80 92 658
80 93 600
80 94 611
80 95 228
80 96 840
80 97 588
80 98 832
80 99 593
80 100 785
81 82 901
81 83 488
81 84 380
81 85 958
81 86 287
81 87 356
81 88 960
81 89 530
81 90 462
81 91 850
81 92 982
81 93 641
81 94 522
81 95 180
81 96 1021
81 97 858
81 98 985
81 99 553
81 100 844
82 83 412
82 84 645
82 85 340
82 86 765
82 87 738
82 88 573
82 89 906
82 90 531
82 91 806
82 92 233
82 93 724
82 94 870
82 95 722
82 96 649
82 97 346
82 98 690
82 99 811
82 100 803
83 84 294
83 85 536
83 86 387
83 87 384
83 88 624
83 89 603
83 90 214
83 91 685
83 92 516
83 93 512
83 94 571
83 95 309
83 96 702
83 97 442
83 98 700
83 99 536
83 100 680
84 85 827
84 86 129
84 87 94
84 88 579
84 89 312
84 90 115
84 91 497
84 92 656
84 93 289
84 94 281
84 95 244
84 96 640
84 97 502
84 98 606
84 99 260
84 100 491
85 86 922
85 87 919
85 88 908
85 89 1129
85 90 731
85 91 1110
85 92 569
85 93 991
85 94 1095
85 95 802
85 96 985
85 97 677
85 98 1021
85 99 1049
85 100 1107
86 87 69
86 88 692
86 89 278
86 90 242
86 91 563
86 92 785
86 93 354
86 94 259
86 95 209
86 96 746
86 97 629
86 98 705
86 99 273
86 100 557
87 88 626
87 89 237
87 90 207
87 91 494
87 92 740
87 93 285
87 94 212
87 95 262
87 96 679
87 97 576
87 98 637
87 99 212
87 100 488
88 89 630
88 90 507
88 91 317
88 92 378
88 93 395
88 94 601
88 95 806
88 96 81
88 97 231
88 98 119
88 99 529
88 100 318
89 90 397
89 91 387
89 92 853
89 93 236
89 94 35
89 95 487
89 96 657
89 97 666
89 98 595
89 99 105
89 100 381
90 91 491
90 92 544
90 93 302
90 94 363
90 95 299
90 96 576
90 97 398
90 98 554
90 99 322
90 100 485
91 92 660
91 93 210
91 94 370
91 95 741
91 96 308
91 97 473
91 98 235
91 99 311
91 100 6
92 93 636
92 94 818
92 95 803
92 96 444
92 97 193
92 98 497
92 99 750
92 100 659
93 94 206
93 95 531
93 96 427
93 97 444
93 98 372
93 99 134
93 100 204
94 95 468
94 96 631
94 97 632
94 98 571
94 99 73
94 100 364
95 96 872
95 97 686
95 98 845
95 99 475
95 100 735
96 97 311
96 98 74
96 99 560
96 100 311
97 98 344
97 99 562
97 100 472
98 99 502
98 100 238
99 100 305
