100 4950
1 2 532
1 3 356
1 4 584
1 5 615
1 6 138
1 7 715
1 8 348
1 9 766
1 10 510
1 11 212
1 12 347
1 13 389
1 14 677
1 15 530
1 16 84
1 17 783
1 18 789
1 19 713
1 20 719
1 21 295
1 22 546
1 23 435
1 24 453
1 25 754
1 26 644
1 27 328
1 28 735
1 29 701
1 30 557
1 31 229
1 32 482
1 33 447
1 34 631
1 35 279
1 36 507
1 37 526
1 38 304
1 39 326
1 40 464
1 41 569
1 42 390
1 43 642
1 44 353
1 45 482
1 46 758
1 47 359
1 48 327
1 49 742
1 50 391
1 51 358
1 52 530
1 53 485
1 54 201
1 55 556
1 56 626
1 57 313
1 58 127
1 59 510
1 60 642
1 61 409
1 62 310
1 63 441
1 64 625
1 65 91
1 66 619
1 67 759
1 68 368
1 69 181
1 70 642
1 71 370
1 72 344
1 73 452
1 74 363
1 75 128
1 76 272
1 77 505
1 78 242
1 79 697
1 80 755
1 81 193
1 82 433
1 83 404
1 84 403
1 85 669
1 86 656
1 87 573
1 88 669
1 89 230
1 90 296
1 91 361
1 92 497
1 93 450
1 94 764
1 95 559
1 96 548
1 97 667
1 98 383
1 99 272
1 100 440
2 3 554
2 4 806
2 5 881
2 6 655
2 7 306
2 8 188
2 9 490
2 10 775
2 11 447
2 12 187
2 13 161
2 14 292
2 15 839
2 16 467
2 17 382
2 18 313
2 19 217
2 20 543
2 21 242
2 22 693
2 23 111
2 24 352
2 25 267
2 26 323
2 27 409
2 28 205
2 29 268
2 30 351
2 31 303
2 32 851
2 33 764
2 34 397
2 35 778
2 36 861
2 37 155
2 38 763
2 39 222
2 40 656
2 41 75
2 42 765
2 43 157
2 44 798
2 45 733
2 46 563
2 47 760
2 48 463
2 49 292
2 50 143
2 51 731
2 52 513
2 53 419
2 54 380
2 55 692
2 56 400
2 57 783
2 58 653
2 59 426
2 60 342
2 61 122
2 62 793
2 63 134
2 64 309
2 65 457
2 66 321
2 67 351
2 68 167
2 69 685
2 70 483
2 71 174
2 72 202
2 73 363
2 74 694
2 75 558
2 76 388
2 77 842
2 78 667
2 79 528
2 80 468
2 81 711
2 82 340
2 83 181
2 84 788
2 85 339
2 86 696
2 87 388
2 88 559
2 89 737
2 90 661
2 91 647
2 92 152
2 93 197
2 94 361
2 95 644
2 96 842
2 97 590
2 98 369
2 99 260
2 100 133
3 4 934
3 5 970
3 6 465
3 7 565
3 8 396
3 9 966
3 10 864
3 11 519
3 12 447
3 13 497
3 14 523
3 15 887
3 16 396
3 17 607
3 18 867
3 19 636
3 20 960
3 21 432
3 22 881
3 23 516
3 24 685
3 25 658
3 26 461
3 27 607
3 28 739
3 29 808
3 30 765
3 31 353
3 32 836
3 33 803
3 34 837
3 35 599
3 36 862
3 37 641
3 38 311
3 39 464
3 40 803
3 41 543
3 42 239
3 43 708
3 44 697
3 45 833
3 46 995
3 47 713
3 48 629
3 49 839
3 50 470
3 51 213
3 52 813
3 53 225
3 54 460
3 55 889
3 56 835
3 57 336
3 58 369
3 59 763
3 60 818
3 61 465
3 62 360
3 63 419
3 64 790
3 65 294
3 66 432
3 67 886
3 68 414
3 69 512
3 70 883
3 71 394
3 72 472
3 73 240
3 74 719
3 75 483
3 76 543
3 77 861
3 78 597
3 79 939
3 80 949
3 81 504
3 82 245
3 83 540
3 84 757
3 85 482
3 86 970
3 87 793
3 88 933
3 89 365
3 90 167
3 91 103
3 92 429
3 93 370
3 94 595
3 95 879
3 96 904
3 97 943
3 98 195
3 99 375
3 100 546
4 5 86
4 6 523
4 7 1100
4 8 721
4 9 624
4 10 81
4 11 432
4 12 668
4 13 661
4 14 1076
4 15 126
4 16 539
4 17 1178
4 18 865
4 19 1022
4 20 501
4 21 627
4 22 127
4 23 703
4 24 465
4 25 1073
4 26 1077
4 27 405
4 28 938
4 29 769
4 30 526
4 31 649
4 32 225
4 33 163
4 34 550
4 35 471
4 36 200
4 37 681
4 38 835
4 39 622
4 40 151
4 41 879
4 42 954
4 43 801
4 44 358
4 45 101
4 46 532
4 47 291
4 48 355
4 49 806
4 50 696
4 51 927
4 52 334
4 53 1008
4 54 509
4 55 136
4 56 542
4 57 832
4 58 634
4 59 417
4 60 617
4 61 725
4 62 814
4 63 814
4 64 631
4 65 640
4 66 1061
4 67 766
4 68 727
4 69 490
4 70 471
4 71 748
4 72 635
4 73 958
4 74 228
4 75 456
4 76 449
4 77 171
4 78 369
4 79 488
4 80 631
4 81 524
4 82 931
4 83 627
4 84 258
4 85 1100
4 86 242
4 87 503
4 88 419
4 89 727
4 90 875
4 91 945
4 92 882
4 93 869
4 94 1156
4 95 200
4 96 106
4 97 382
4 98 902
4 99 664
4 100 673
5 6 537
5 7 1170
5 8 786
5 9 710
5 10 112
5 11 486
5 12 735
5 13 732
5 14 1144
5 15 94
5 16 581
5 17 1248
5 18 950
5 19 1098
5 20 586
5 21 691
5 22 213
5 23 775
5 24 545
5 25 1149
5 26 1142
5 27 474
5 28 1019
5 29 853
5 30 610
5 31 706
5 32 188
5 33 169
5 34 636
5 35 462
5 36 158
5 37 761
5 38 844
5 39 689
5 40 224
5 41 952
5 42 970
5 43 883
5 44 343
5 45 151
5 46 617
5 47 286
5 48 422
5 49 891
5 50 765
5 51 944
5 52 420
5 53 1059
5 54 566
5 55 222
5 56 628
5 57 838
5 58 650
5 59 501
5 60 702
5 61 795
5 62 818
5 63 881
5 64 716
5 65 680
5 66 1125
5 67 852
5 68 793
5 69 498
5 70 558
5 71 813
5 72 704
5 73 1012
5 74 251
5 75 487
5 76 513
5 77 136
5 78 384
5 79 574
5 80 718
5 81 528
5 82 986
5 83 701
5 84 245
5 85 1166
5 86 323
5 87 588
5 88 504
5 89 734
5 90 897
5 91 973
5 92 949
5 93 933
5 94 1226
5 95 286
5 96 71
5 97 467
5 98 953
5 99 724
5 100 747
6 7 852
6 8 477
6 9 825
6 10 443
6 11 262
6 12 468
6 13 503
6 14 814
6 15 445
6 16 187
6 17 920
6 18 890
6 19 844
6 20 758
6 21 413
6 22 515
6 23 552
6 24 515
6 25 888
6 26 782
6 27 377
6 28 855
6 29 798
6 30 623
6 31 358
6 32 378
6 33 368
6 34 693
6 35 142
6 36 407
6 37 628
6 38 312
6 39 439
6 40 431
6 41 698
6 42 433
6 43 752
6 44 232
6 45 424
6 46 798
6 47 257
6 48 355
6 49 840
6 50 511
6 51 407
6 52 552
6 53 617
6 54 290
6 55 528
6 56 687
6 57 310
6 58 112
6 59 555
6 60 717
6 61 533
6 62 295
6 63 574
6 64 705
6 65 229
6 66 757
6 67 847
6 68 496
6 69 47
6 70 685
6 71 501
6 72 458
6 73 587
6 74 294
6 75 122
6 76 337
6 77 412
6 78 154
6 79 736
6 80 817
6 81 57
6 82 569
6 83 510
6 84 302
6 85 807
6 86 645
6 87 631
6 88 697
6 89 206
6 90 363
6 91 445
6 92 632
6 93 587
6 94 902
6 95 546
6 96 466
6 97 686
6 98 518
6 99 399
6 100 551
7 8 396
7 9 768
7 10 1061
7 11 704
7 12 437
7 13 438
7 14 42
7 15 1119
7 16 678
7 17 77
7 18 505
7 19 145
7 20 839
7 21 486
7 22 992
7 23 398
7 24 657
7 25 127
7 26 110
7 27 696
7 28 319
7 29 514
7 30 655
7 31 504
7 32 1117
7 33 1040
7 34 694
7 35 990
7 36 1132
7 37 459
7 38 854
7 39 482
7 40 949
7 41 230
7 42 805
7 43 401
7 44 1038
7 45 1020
7 46 855
7 47 1013
7 48 748
7 49 518
7 50 405
7 51 777
7 52 819
7 53 347
7 54 627
7 55 992
7 56 698
7 57 878
7 58 813
7 59 732
7 60 632
7 61 375
7 62 897
7 63 294
7 64 599
7 65 625
7 66 136
7 67 593
7 68 384
7 69 892
7 70 784
7 71 368
7 72 467
7 73 325
7 74 962
7 75 784
7 76 660
7 77 1116
7 78 907
7 79 826
7 80 746
7 81 908
7 82 325
7 83 474
7 84 1048
7 85 97
7 86 1002
7 87 691
7 88 863
7 89 867
7 90 721
7 91 669
7 92 227
7 93 265
7 94 56
7 95 948
7 96 1125
7 97 894
7 98 382
7 99 470
7 100 432
8 9 576
8 10 674
8 11 309
8 12 63
8 13 105
8 14 364
8 15 728
8 16 292
8 17 471
8 18 483
8 19 367
8 20 589
8 21 94
8 22 626
8 23 120
8 24 332
8 25 412
8 26 356
8 27 319
8 28 393
8 29 415
8 30 387
8 31 119
8 32 722
8 33 646
8 34 454
8 35 608
8 36 737
8 37 245
8 38 576
8 39 103
8 40 570
8 41 221
8 42 588
8 43 325
8 44 644
8 45 634
8 46 619
8 47 617
8 48 366
8 49 448
8 50 74
8 51 553
8 52 488
8 53 328
8 54 231
8 55 629
8 56 454
8 57 595
8 58 466
8 59 416
8 60 426
8 61 73
8 62 605
8 63 102
8 64 396
8 65 269
8 66 339
8 67 490
8 68 21
8 69 512
8 70 515
8 71 27
8 72 97
8 73 269
8 74 567
8 75 393
8 76 272
8 77 722
8 78 513
8 79 570
8 80 558
8 81 534
8 82 241
8 83 152
8 84 651
8 85 380
8 86 668
8 87 419
8 88 579
8 89 548
8 90 481
8 91 480
8 92 168
8 93 147
8 94 450
8 95 595
8 96 736
8 97 598
8 98 241
8 99 78
8 100 150
9 10 646
9 11 565
9 12 520
9 13 471
9 14 767
9 15 723
9 16 681
9 17 835
9 18 316
9 19 634
9 20 128
9 21 535
9 22 500
9 23 465
9 24 313
9 25 677
9 26 809
9 27 448
9 28 476
9 29 260
9 30 210
9 31 619
9 32 791
9 33 690
9 34 135
9 35 884
9 36 782
9 37 345
9 38 1067
9 39 502
9 40 529
9 41 554
9 42 1123
9 43 366
9 44 834
9 45 613
9 46 114
9 47 765
9 48 473
9 49 272
9 50 504
9 51 1087
9 52 312
9 53 891
9 54 566
9 55 489
9 56 139
9 57 1078
9 58 888
9 59 273
9 60 152
9 61 517
9 62 1077
9 63 599
9 64 184
9 65 743
9 66 810
9 67 199
9 68 562
9 69 828
9 70 158
9 71 586
9 72 494
9 73 832
9 74 667
9 75 702
9 76 495
9 77 752
9 78 738
9 79 136
9 80 22
9 81 868
9 82 805
9 83 426
9 84 767
9 85 822
9 86 400
9 87 194
9 88 207
9 89 996
9 90 1015
9 91 1037
9 92 639
9 93 671
9 94 816
9 95 425
9 96 713
9 97 247
9 98 816
9 99 591
9 100 428
10 11 374
10 12 625
10 13 623
10 14 1034
10 15 77
10 16 471
10 17 1138
10 18 863
10 19 992
10 20 530
10 21 580
10 22 151
10 23 668
10 24 448
10 25 1043
10 26 1031
10 27 366
10 28 921
10 29 765
10 30 523
10 31 593
10 32 158
10 33 82
10 34 557
10 35 390
10 36 141
10 37 660
10 38 755
10 39 579
10 40 126
10 41 845
10 42 875
10 43 786
10 44 279
10 45 41
10 46 564
10 47 210
10 48 313
10 49 804
10 50 656
10 51 848
10 52 340
10 53 948
10 54 453
10 55 165
10 56 549
10 57 751
10 58 555
10 59 414
10 60 619
10 61 685
10 62 733
10 63 771
10 64 629
10 65 571
10 66 1013
10 67 771
10 68 682
10 69 409
10 70 489
10 71 702
10 72 594
10 73 900
10 74 149
10 75 382
10 76 402
10 77 110
10 78 289
10 79 514
10 80 651
10 81 443
10 82 874
10 83 594
10 84 179
10 85 1054
10 86 291
10 87 504
10 88 447
10 89 646
10 90 798
10 91 871
10 92 839
10 93 821
10 94 1117
10 95 224
10 96 70
10 97 414
10 98 841
10 99 612
10 100 641
11 12 270
11 13 286
11 14 674
11 15 421
11 16 134
11 17 780
11 18 640
11 19 659
11 20 508
11 21 218
11 22 363
11 23 337
11 24 253
11 25 707
11 26 663
11 27 118
11 28 631
11 29 544
11 30 361
11 31 219
11 32 412
11 33 338
11 34 432
11 35 350
11 36 427
11 37 384
11 38 517
11 39 228
11 40 290
11 41 507
11 42 599
11 43 513
11 44 351
11 45 337
11 46 548
11 47 313
11 48 115
11 49 586
11 50 309
11 51 566
11 52 317
11 53 575
11 54 80
11 55 371
11 56 426
11 57 524
11 58 325
11 59 301
11 60 455
11 61 337
11 62 519
11 63 410
11 64 443
11 65 228
11 66 644
11 67 588
11 68 320
11 69 273
11 70 432
11 71 337
11 72 246
11 73 526
11 74 258
11 75 140
11 76 76
11 77 413
11 78 222
11 79 486
11 80 556
11 81 310
11 82 499
11 83 276
11 84 344
11 85 687
11 86 454
11 87 371
11 88 456
11 89 434
11 90 500
11 91 552
11 92 478
11 93 452
11 94 759
11 95 360
11 96 431
11 97 454
11 98 469
11 99 240
11 100 323
12 13 51
12 14 409
12 15 681
12 16 280
12 17 514
12 18 453
12 19 390
12 20 527
12 21 55
12 22 568
12 23 88
12 24 269
12 25 437
12 26 408
12 27 263
12 28 387
12 29 376
12 30 326
12 31 125
12 32 682
12 33 602
12 34 395
12 35 591
12 36 695
12 37 200
12 38 601
12 39 45
12 40 516
12 41 238
12 42 626
12 43 299
12 44 616
12 45 584
12 46 558
12 47 583
12 48 313
12 49 413
12 50 43
12 51 590
12 52 425
12 53 391
12 54 197
12 55 571
12 56 394
12 57 619
12 58 472
12 59 352
12 60 370
12 61 67
12 62 626
12 63 146
12 64 342
12 65 280
12 66 394
12 67 448
12 68 60
12 69 498
12 70 453
12 71 85
12 72 34
12 73 333
12 74 526
12 75 372
12 76 223
12 77 678
12 78 484
12 79 508
12 80 502
12 81 524
12 82 304
12 83 93
12 84 615
12 85 432
12 86 606
12 87 357
12 88 516
12 89 562
12 90 518
12 91 525
12 92 214
12 93 204
12 94 493
12 95 535
12 96 688
12 97 535
12 98 302
12 99 84
12 100 104
13 14 414
13 15 684
13 16 317
13 17 516
13 18 405
13 19 374
13 20 485
13 21 93
13 22 555
13 23 50
13 24 237
13 25 424
13 26 422
13 27 257
13 28 352
13 29 326
13 30 282
13 31 173
13 32 692
13 33 608
13 34 349
13 35 620
13 36 703
13 37 149
13 38 650
13 39 64
13 40 510
13 41 223
13 42 677
13 43 254
13 44 637
13 45 582
13 46 515
13 47 599
13 48 310
13 49 363
13 50 39
13 51 641
13 52 399
13 53 430
13 54 221
13 55 557
13 56 349
13 57 667
13 58 515
13 59 320
13 60 321
13 61 66
13 62 673
13 63 161
13 64 293
13 65 326
13 66 411
13 67 397
13 68 93
13 69 531
13 70 413
13 71 119
13 72 44
13 73 371
13 74 535
13 75 401
13 76 228
13 77 685
13 78 506
13 79 466
13 80 453
13 81 559
13 82 343
13 83 48
13 84 628
13 85 444
13 86 582
13 87 315
13 88 479
13 89 608
13 90 569
13 91 576
13 92 225
13 93 229
13 94 495
13 95 516
13 96 689
13 97 501
13 98 346
13 99 134
13 100 54
14 15 1091
14 16 642
14 17 107
14 18 517
14 19 163
14 20 832
14 21 456
14 22 970
14 23 377
14 24 639
14 25 157
14 26 72
14 27 671
14 28 333
14 29 517
14 30 644
14 31 470
14 32 1086
14 33 1010
14 34 687
14 35 953
14 36 1102
14 37 447
14 38 812
14 39 455
14 40 924
14 41 218
14 42 762
14 43 402
14 44 1003
14 45 994
14 46 850
14 47 980
14 48 722
14 49 524
14 50 379
14 51 735
14 52 802
14 53 306
14 54 595
14 55 971
14 56 690
14 57 836
14 58 773
14 59 716
14 60 627
14 61 350
14 62 855
14 63 264
14 64 593
14 65 587
14 66 96
14 67 598
14 68 354
14 69 855
14 70 775
14 71 336
14 72 440
14 73 283
14 74 932
14 75 749
14 76 633
14 77 1086
14 78 873
14 79 818
14 80 745
14 81 870
14 82 283
14 83 453
14 84 1016
14 85 66
14 86 986
14 87 680
14 88 852
14 89 826
14 90 678
14 91 627
14 92 196
14 93 228
14 94 87
14 95 928
14 96 1098
14 97 882
14 98 340
14 99 437
14 100 412
15 16 503
15 17 1196
15 18 938
15 19 1056
15 20 606
15 21 634
15 22 226
15 23 730
15 24 520
15 25 1106
15 26 1083
15 27 429
15 28 991
15 29 839
15 30 598
15 31 639
15 32 100
15 33 85
15 34 634
15 35 368
15 36 74
15 37 730
15 38 751
15 39 636
15 40 201
15 41 907
15 42 878
15 43 856
15 44 249
15 45 114
15 46 640
15 47 192
15 48 375
15 49 879
15 50 715
15 51 853
15 52 417
15 53 987
15 54 501
15 55 239
15 56 626
15 57 745
15 58 558
15 59 489
15 60 695
15 61 744
15 62 724
15 63 826
15 64 704
15 65 600
15 66 1065
15 67 847
15 68 737
15 69 406
15 70 566
15 71 755
15 72 652
15 73 942
15 74 170
15 75 404
15 76 458
15 77 45
15 78 294
15 79 591
15 80 728
15 81 435
15 82 917
15 83 657
15 84 151
15 85 1108
15 86 361
15 87 580
15 88 523
15 89 641
15 90 807
15 91 885
15 92 894
15 93 873
15 94 1175
15 95 300
15 96 23
15 97 490
15 98 880
15 99 661
15 100 705
16 17 749
16 18 711
16 19 660
16 20 636
16 21 226
16 22 486
16 23 365
16 24 368
16 25 705
16 26 617
16 27 246
16 28 668
16 29 621
16 30 472
16 31 174
16 32 469
16 33 417
16 34 546
16 35 315
16 36 491
16 37 448
16 38 387
16 39 252
16 40 408
16 41 512
16 42 464
16 43 568
16 44 363
16 45 439
16 46 675
16 47 351
16 48 250
16 49 662
16 50 324
16 51 431
16 52 451
16 53 486
16 54 117
16 55 496
16 56 542
16 57 397
16 58 209
16 59 427
16 60 558
16 61 346
16 62 395
16 63 392
16 64 541
16 65 101
16 66 594
16 67 677
16 68 310
16 69 219
16 70 558
16 71 317
16 72 272
16 73 445
16 74 332
16 75 109
16 76 189
16 77 484
16 78 236
16 79 614
16 80 670
16 81 243
16 82 422
16 83 327
16 84 392
16 85 642
16 86 587
16 87 488
16 88 588
16 89 315
16 90 365
16 91 420
16 92 453
16 93 413
16 94 729
16 95 492
16 96 517
16 97 588
16 98 381
16 99 214
16 100 366
17 18 561
17 19 202
17 20 911
17 21 562
17 22 1070
17 23 476
17 24 734
17 25 168
17 26 148
17 27 773
17 28 374
17 29 578
17 30 730
17 31 577
17 32 1193
17 33 1116
17 34 767
17 35 1060
17 36 1208
17 37 534
17 38 905
17 39 559
17 40 1026
17 41 307
17 42 846
17 43 469
17 44 1111
17 45 1097
17 46 926
17 47 1087
17 48 825
17 49 578
17 50 482
17 51 821
17 52 896
17 53 383
17 54 702
17 55 1070
17 56 771
17 57 930
17 58 876
17 59 809
17 60 702
17 61 453
17 62 950
17 63 370
17 64 670
17 65 692
17 66 176
17 67 654
17 68 460
17 69 961
17 70 858
17 71 443
17 72 544
17 73 372
17 74 1038
17 75 856
17 76 737
17 77 1192
17 78 980
17 79 898
17 80 813
17 81 976
17 82 376
17 83 552
17 84 1123
17 85 125
17 86 1079
17 87 766
17 88 937
17 89 925
17 90 768
17 91 710
17 92 302
17 93 335
17 94 21
17 95 1025
17 96 1203
17 97 969
17 98 434
17 99 544
17 100 509
18 19 360
18 20 430
18 21 497
18 22 737
18 23 366
18 24 424
18 25 393
18 26 575
18 27 550
18 28 186
18 29 99
18 30 340
18 31 578
18 32 982
18 33 882
18 34 320
18 35 990
18 36 982
18 37 263
18 38 1055
18 39 465
18 40 736
18 41 344
18 42 1071
18 43 159
18 44 976
18 45 823
18 46 427
18 47 921
18 48 597
18 49 59
18 50 415
18 51 1036
18 52 530
18 53 726
18 54 600
18 55 730
18 56 328
18 57 1072
18 58 916
18 59 449
18 60 249
18 61 410
18 62 1079
18 63 448
18 64 234
18 65 731
18 66 585
18 67 117
18 68 462
18 69 910
18 70 413
18 71 477
18 72 447
18 73 672
18 74 833
18 75 775
18 76 565
18 77 955
18 78 856
18 79 427
18 80 296
18 81 943
18 82 651
18 83 384
18 84 937
18 85 581
18 86 676
18 87 362
18 88 489
18 89 1012
18 90 965
18 91 958
18 92 456
18 93 508
18 94 544
18 95 668
18 96 933
18 97 530
18 98 683
18 99 537
18 100 351
19 20 715
19 21 444
19 22 907
19 23 326
19 24 563
19 25 50
19 26 231
19 27 627
19 28 174
19 29 376
19 30 543
19 31 486
19 32 1067
19 33 981
19 34 573
19 35 975
19 36 1078
19 37 351
19 38 899
19 39 430
19 40 873
19 41 151
19 42 870
19 43 269
19 44 1006
19 45 951
19 46 727
19 47 972
19 48 681
19 49 376
19 50 349
19 51 839
19 52 721
19 53 438
19 54 587
19 55 906
19 56 577
19 57 921
19 58 824
19 59 631
19 60 506
19 61 322
19 62 936
19 63 271
19 64 474
19 65 628
19 66 249
19 67 452
19 68 350
19 69 880
19 70 667
19 71 343
19 72 412
19 73 401
19 74 910
19 75 759
19 76 603
19 77 1059
19 78 874
19 79 703
19 80 612
19 81 902
19 82 390
19 83 398
19 84 1002
19 85 230
19 86 900
19 87 579
19 88 747
19 89 894
19 90 776
19 91 739
19 92 222
19 93 280
19 94 185
19 95 855
19 96 1060
19 97 781
19 98 441
19 99 446
19 100 351
20 21 530
20 22 380
20 23 492
20 24 276
20 25 761
20 26 866
20 27 390
20 28 570
20 29 356
20 30 202
20 31 607
20 32 680
20 33 580
20 34 145
20 35 801
20 36 669
20 37 388
20 38 1024
20 39 500
20 40 419
20 41 614
20 42 1094
20 43 446
20 44 738
20 45 499
20 46 39
20 47 667
20 48 403
20 49 379
20 50 522
20 51 1059
20 52 213
20 53 915
20 54 527
20 55 368
20 56 142
20 57 1033
20 58 833
20 59 208
20 60 209
20 61 542
20 62 1027
20 63 632
20 64 241
20 65 710
20 66 863
20 67 314
20 68 579
20 69 755
20 70 78
20 71 604
20 72 496
20 73 856
20 74 568
20 75 638
20 76 447
20 77 638
20 78 655
20 79 22
20 80 142
20 81 796
20 82 828
20 83 437
20 84 664
20 85 882
20 86 271
20 87 170
20 88 82
20 89 943
20 90 989
20 91 1022
20 92 682
20 93 705
20 94 890
20 95 305
20 96 594
20 97 120
20 98 830
20 99 587
20 100 453
21 22 533
21 23 139
21 24 260
21 25 492
21 26 450
21 27 226
21 28 441
21 29 415
21 30 332
21 31 85
21 32 631
21 33 554
21 34 405
21 35 535
21 36 645
21 37 238
21 38 560
21 39 34
21 40 477
21 41 293
21 42 594
21 43 347
21 44 561
21 45 540
21 46 563
21 47 530
21 48 272
21 49 454
21 50 98
21 51 559
21 52 407
21 53 405
21 54 142
21 55 537
21 56 403
21 57 576
21 58 421
21 59 342
21 60 391
21 61 123
21 62 582
21 63 192
21 64 366
21 65 234
21 66 433
21 67 482
21 68 102
21 69 443
21 70 453
21 71 121
21 72 50
21 73 349
21 74 476
21 75 316
21 76 178
21 77 629
21 78 429
21 79 509
21 80 519
21 81 469
21 82 321
21 83 118
21 84 562
21 85 474
21 86 583
21 87 361
21 88 509
21 89 515
21 90 486
21 91 502
21 92 260
21 93 241
21 94 541
21 95 506
21 96 642
21 97 525
21 98 309
21 99 56
21 100 146
22 23 593
22 24 345
22 25 958
22 26 976
22 27 306
22 28 816
22 29 642
22 30 399
22 31 568
22 32 308
22 33 216
22 34 422
22 35 498
22 36 292
22 37 561
22 38 824
22 39 523
22 40 83
22 41 767
22 42 931
22 43 678
22 44 403
22 45 128
22 46 413
22 47 329
22 48 264
22 49 678
22 50 592
22 51 901
22 52 207
22 53 928
22 54 432
22 55 14
22 56 414
22 57 825
22 58 620
22 59 291
22 60 489
22 61 621
22 62 810
22 63 713
22 64 503
22 65 587
22 66 963
22 67 638
22 68 628
22 69 491
22 70 345
22 71 651
22 72 534
22 73 875
22 74 239
22 75 423
22 76 360
22 77 261
22 78 369
22 79 366
22 80 506
22 81 530
22 82 848
22 83 517
22 84 311
22 85 999
22 86 146
22 87 375
22 88 297
22 89 722
22 90 842
22 91 905
22 92 780
22 93 772
22 94 1048
22 95 74
22 96 213
22 97 263
22 98 824
22 99 576
22 100 561
23 24 263
23 25 376
23 26 392
23 27 301
23 28 302
23 29 294
23 30 290
23 31 213
23 32 741
23 33 655
23 34 351
23 35 671
23 36 751
23 37 125
23 38 688
23 39 113
23 40 552
23 41 177
23 42 707
23 43 211
23 44 688
23 45 626
23 46 519
23 47 649
23 48 355
23 49 329
23 50 49
23 51 672
23 52 426
23 53 426
23 54 271
23 55 594
23 56 351
23 57 706
23 58 560
23 59 343
23 60 313
23 61 52
23 62 713
23 63 140
23 64 282
23 65 368
23 66 383
23 67 370
23 68 102
23 69 580
23 70 423
23 71 123
23 72 94
23 73 367
23 74 583
23 75 451
23 76 277
23 77 732
23 78 557
23 79 474
23 80 446
23 81 608
23 82 340
23 83 75
23 84 677
23 85 412
23 86 610
23 87 325
23 88 494
23 89 650
23 90 600
23 91 600
23 92 196
23 93 212
23 94 455
23 95 550
23 96 734
23 97 519
23 98 352
23 99 171
23 100 39
24 25 614
24 26 656
24 27 139
24 28 473
24 29 324
24 30 108
24 31 332
24 32 558
24 33 460
24 34 179
24 35 588
24 36 560
24 37 216
24 38 755
24 39 233
24 40 323
24 41 427
24 42 819
24 43 337
24 44 558
24 45 407
24 46 313
24 47 499
24 48 178
24 49 366
24 50 277
24 51 784
24 52 163
24 53 660
24 54 254
24 55 342
24 56 173
24 57 766
24 58 574
24 59 83
24 60 206
24 61 302
24 62 764
24 63 398
24 64 201
24 65 436
24 66 646
24 67 350
24 68 327
24 69 523
24 70 198
24 71 352
24 72 235
24 73 602
24 74 409
24 75 392
24 76 181
24 77 534
24 78 446
24 79 254
24 80 303
24 81 560
24 82 573
24 83 191
24 84 513
24 85 676
24 86 347
24 87 119
24 88 249
24 89 682
24 90 713
24 91 745
24 92 459
24 93 466
24 94 713
24 95 292
24 96 519
24 97 266
24 98 567
24 99 315
24 100 226
25 26 229
25 27 677
25 28 207
25 29 417
25 30 592
25 31 530
25 32 1116
25 33 1031
25 34 620
25 35 1020
25 36 1127
25 37 401
25 38 930
25 39 479
25 40 924
25 41 200
25 42 895
25 43 315
25 44 1053
25 45 1001
25 46 772
25 47 1020
25 48 731
25 49 414
25 50 397
25 51 866
25 52 771
25 53 452
25 54 634
25 55 956
25 56 625
25 57 953
25 58 864
25 59 681
25 60 552
25 61 370
25 62 969
25 63 313
25 64 520
25 65 669
25 66 251
25 67 490
25 68 395
25 69 924
25 70 714
25 71 387
25 72 461
25 73 420
25 74 959
25 75 805
25 76 652
25 77 1108
25 78 921
25 79 750
25 80 654
25 81 945
25 82 413
25 83 449
25 84 1051
25 85 222
25 86 950
25 87 627
25 88 795
25 89 930
25 90 804
25 91 762
25 92 259
25 93 314
25 94 153
25 95 906
25 96 1110
25 97 829
25 98 466
25 99 490
25 100 401
26 27 672
26 28 395
26 29 567
26 30 672
26 31 450
26 32 1072
26 33 1001
26 34 720
26 35 922
26 36 1089
26 37 478
26 38 757
26 39 454
26 40 925
26 41 254
26 42 700
26 43 450
26 44 980
26 45 991
26 46 887
26 47 962
26 48 721
26 49 578
26 50 385
26 51 674
26 52 819
26 53 239
26 54 583
26 55 978
26 56 723
26 57 781
26 58 732
26 59 736
26 60 665
26 61 356
26 62 801
26 63 263
26 64 631
26 65 552
26 66 28
26 67 649
26 68 349
26 69 824
26 70 805
26 71 328
26 72 442
26 73 224
26 74 921
26 75 726
26 76 629
26 77 1076
26 78 851
26 79 851
26 80 787
26 81 836
26 82 228
26 83 465
26 84 999
26 85 25
26 86 1002
26 87 708
26 88 880
26 89 778
26 90 620
26 91 564
26 92 197
26 93 210
26 94 134
26 95 939
26 96 1092
26 97 908
26 98 286
26 99 422
26 100 430
27 28 569
27 29 451
27 30 247
27 31 268
27 32 448
27 33 356
27 34 316
27 35 449
27 36 455
27 37 310
27 38 633
27 39 218
27 40 253
27 41 479
27 42 710
27 43 441
27 44 426
27 45 325
27 46 429
27 47 372
27 48 53
27 49 493
27 50 291
27 51 675
27 52 208
27 53 626
27 54 147
27 55 310
27 56 310
27 57 642
27 58 443
27 59 182
27 60 345
27 61 320
27 62 637
27 63 409
27 64 338
27 65 330
27 66 657
27 67 486
27 68 323
27 69 383
27 70 314
27 71 345
27 72 230
27 73 571
27 74 292
27 75 254
27 76 63
27 77 433
27 78 308
27 79 368
27 80 440
27 81 421
27 82 543
27 83 228
27 84 392
27 85 695
27 86 367
27 87 254
27 88 341
27 89 553
27 90 607
27 91 651
27 92 477
27 93 466
27 94 752
27 95 282
27 96 433
27 97 343
27 98 524
27 99 271
27 100 276
28 29 216
28 30 425
28 31 508
28 32 1017
28 33 924
28 34 437
28 35 972
28 36 1023
28 37 261
28 38 966
28 39 416
28 40 796
28 41 196
28 42 961
28 43 137
28 44 982
28 45 879
28 46 578
28 47 937
28 48 623
28 49 207
28 50 344
28 51 928
28 52 615
28 53 570
28 54 572
28 55 812
28 56 443
28 57 987
28 58 857
28 59 526
28 60 365
28 61 326
28 62 997
28 63 326
28 64 336
28 65 662
28 66 409
28 67 284
28 68 372
28 69 883
28 70 534
28 71 378
28 72 396
28 73 523
28 74 862
28 75 752
28 76 563
28 77 1000
28 78 853
28 79 562
28 80 454
28 81 911
28 82 505
28 83 354
28 84 961
28 85 399
28 86 785
28 87 457
28 88 614
28 89 942
28 90 859
28 91 838
28 92 310
28 93 369
28 94 358
28 95 755
28 96 991
28 97 652
28 98 546
28 99 464
28 100 308
29 30 243
29 31 499
29 32 882
29 33 783
29 34 232
29 35 894
29 36 883
29 37 177
29 38 976
29 39 381
29 40 638
29 41 317
29 42 1001
29 43 117
29 44 878
29 45 725
29 46 361
29 47 821
29 48 498
29 49 42
29 50 343
29 51 966
29 52 435
29 53 687
29 54 508
29 55 635
29 56 239
29 57 992
29 58 829
29 59 351
29 60 159
29 61 343
29 62 997
29 63 398
29 64 138
29 65 649
29 66 572
29 67 83
29 68 395
29 69 816
29 70 328
29 71 413
29 72 365
29 73 631
29 74 734
29 75 681
29 76 468
29 77 856
29 78 758
29 79 350
29 80 238
29 81 850
29 82 607
29 83 298
29 84 837
29 85 577
29 86 588
29 87 267
29 88 407
29 89 928
29 90 894
29 91 894
29 92 420
29 93 465
29 94 560
29 95 574
29 96 835
29 97 447
29 98 632
29 99 460
29 100 272
30 31 413
30 32 646
30 33 546
30 34 75
30 35 695
30 36 645
30 37 196
30 38 857
30 39 301
30 40 397
30 41 426
30 42 914
30 43 288
30 44 660
30 45 483
30 46 232
30 47 597
30 48 282
30 49 281
30 50 319
30 51 878
30 52 193
30 53 712
30 54 356
30 55 393
30 56 71
30 57 869
30 58 680
30 59 108
30 60 101
30 61 339
30 62 867
30 63 430
30 64 106
30 65 533
30 66 667
30 67 252
30 68 376
30 69 630
30 70 133
30 71 401
30 72 296
30 73 653
30 74 504
30 75 500
30 76 288
30 77 617
30 78 551
30 79 184
30 80 198
30 81 668
30 82 625
30 83 234
30 84 608
30 85 689
30 86 360
30 87 36
30 88 208
30 89 787
30 90 806
30 91 832
30 92 483
30 93 503
30 94 709
30 95 333
30 96 593
30 97 239
30 98 628
30 99 389
30 100 251
31 32 622
31 33 555
31 34 487
31 35 490
31 36 640
31 37 322
31 38 477
31 39 120
31 40 502
31 41 341
31 42 508
31 43 424
31 44 533
31 45 556
31 46 641
31 47 512
31 48 304
31 49 537
31 50 166
31 51 473
31 52 466
31 53 360
31 54 140
31 55 574
31 56 485
31 57 494
31 58 349
31 59 411
31 60 476
31 61 181
31 62 500
31 63 217
31 64 451
31 65 155
31 66 429
31 67 567
31 68 138
31 69 393
31 70 529
31 71 143
31 72 134
31 73 308
31 74 473
31 75 279
31 76 208
31 77 628
31 78 402
31 79 585
31 80 603
31 81 415
31 82 281
31 83 204
31 84 549
31 85 475
31 86 635
31 87 440
31 88 580
31 89 437
31 90 400
31 91 418
31 92 279
31 93 242
31 94 557
31 95 551
31 96 650
31 97 592
31 98 256
31 99 43
31 100 228
32 33 101
32 34 691
32 35 282
32 36 31
32 37 757
32 38 674
32 39 638
32 40 261
32 41 916
32 42 805
32 43 887
32 44 160
32 45 181
32 46 716
32 47 123
32 48 394
32 49 923
32 50 719
32 51 782
32 52 479
32 53 956
32 54 491
32 55 322
32 56 683
32 57 665
32 58 489
32 59 541
32 60 747
32 61 748
32 62 643
32 63 823
32 64 752
32 65 560
32 66 1052
32 67 898
32 68 733
32 69 335
32 70 632
32 71 749
32 72 656
32 73 914
32 74 157
32 75 362
32 76 464
32 77 54
32 78 239
32 79 663
32 80 793
32 81 359
32 82 891
32 83 672
32 84 78
32 85 1097
32 86 450
32 87 634
32 88 598
32 89 563
32 90 742
32 91 824
32 92 890
32 93 863
32 94 1172
32 95 378
32 96 123
32 97 568
32 98 850
32 99 650
32 100 720
33 34 589
33 35 307
33 36 100
33 37 663
33 38 678
33 39 557
33 40 160
33 41 831
33 42 801
33 43 792
33 44 197
33 45 88
33 46 616
33 47 127
33 48 302
33 49 824
33 50 637
33 51 775
33 52 378
33 53 902
33 54 418
33 55 230
33 56 581
33 57 673
33 58 481
33 59 440
33 60 646
33 61 666
33 62 654
33 63 746
33 64 652
33 65 515
33 66 982
33 67 797
33 68 656
33 69 331
33 70 531
33 71 674
33 72 574
33 73 857
33 74 85
33 75 319
33 76 380
33 77 77
33 78 214
33 79 563
33 80 692
33 81 363
33 82 832
33 83 583
33 84 98
33 85 1026
33 86 361
33 87 532
33 88 499
33 89 568
33 90 727
33 91 803
33 92 814
33 93 791
33 94 1095
33 95 282
33 96 101
33 97 470
33 98 795
33 99 579
33 100 632
34 35 759
34 36 686
34 37 242
34 38 932
34 39 373
34 40 433
34 41 469
34 42 989
34 43 306
34 44 717
34 45 520
34 46 168
34 47 652
34 48 346
34 49 263
34 50 384
34 51 953
34 52 217
34 53 777
34 54 430
34 55 413
34 56 7
34 57 943
34 58 753
34 59 152
34 60 73
34 61 402
34 62 942
34 63 490
34 64 100
34 65 608
34 66 718
34 67 216
34 68 442
34 69 699
34 70 96
34 71 467
34 72 366
34 73 717
34 74 556
34 75 570
34 76 361
34 77 657
34 78 614
34 79 131
34 80 124
34 81 737
34 82 690
34 83 302
34 84 659
34 85 736
34 86 356
34 87 62
34 88 177
34 89 861
34 90 882
34 91 906
34 92 537
34 93 563
34 94 746
34 95 350
34 96 626
34 97 215
34 98 696
34 99 462
34 100 312
35 36 313
35 37 733
35 38 395
35 39 557
35 40 419
35 41 827
35 42 530
35 43 861
35 44 121
35 45 384
35 46 840
35 47 180
35 48 413
35 49 936
35 50 634
35 51 510
35 52 587
35 53 759
35 54 400
35 55 512
35 56 752
35 57 385
35 58 231
35 59 611
35 60 794
35 61 658
35 62 362
35 63 707
35 64 787
35 65 370
35 66 898
35 67 934
35 68 625
35 69 98
35 70 734
35 71 633
35 72 577
35 73 730
35 74 259
35 75 219
35 76 425
35 77 327
35 78 146
35 79 780
35 80 880
35 81 95
35 82 712
35 83 620
35 84 217
35 85 948
35 86 640
35 87 697
35 88 730
35 89 285
35 90 479
35 91 567
35 92 768
35 93 725
35 94 1041
35 95 546
35 96 391
35 97 712
35 98 661
35 99 529
35 100 665
36 37 762
36 38 704
36 39 651
36 40 253
36 41 927
36 42 835
36 43 892
36 44 191
36 45 169
36 46 704
36 47 150
36 48 401
36 49 923
36 50 731
36 51 812
36 52 472
36 53 977
36 54 506
36 55 306
36 56 678
36 57 696
36 58 518
36 59 538
36 60 744
36 61 760
36 62 674
36 63 838
36 64 751
36 65 583
36 66 1070
36 67 896
36 68 748
36 69 364
36 70 624
36 71 765
36 72 668
36 73 935
36 74 169
36 75 386
36 76 475
36 77 31
36 78 265
36 79 653
36 80 786
36 81 389
36 82 912
36 83 681
36 84 105
36 85 1114
36 86 432
36 87 630
36 88 587
36 89 593
36 90 771
36 91 852
36 92 905
36 93 879
36 94 1187
36 95 365
36 96 96
36 97 555
36 98 872
36 99 666
36 100 729
37 38 798
37 39 204
37 40 536
37 41 229
37 42 826
37 43 131
37 44 730
37 45 619
37 46 410
37 47 681
37 48 362
37 49 216
37 50 171
37 51 791
37 52 369
37 53 546
37 54 338
37 55 558
37 56 245
37 57 815
37 58 653
37 59 280
37 60 193
37 61 177
37 62 820
37 63 254
37 64 160
37 65 471
37 66 475
37 67 247
37 68 227
37 69 650
37 70 327
37 71 248
37 72 187
37 73 488
37 74 602
37 75 516
37 76 311
37 77 739
37 78 604
37 79 372
37 80 324
37 81 682
37 82 461
37 83 121
37 84 703
37 85 494
37 86 549
37 87 233
37 88 404
37 89 751
37 90 718
37 91 723
37 92 296
37 93 326
37 94 513
37 95 506
37 96 730
37 97 435
37 98 477
37 99 283
37 100 96
38 39 594
38 40 740
38 41 778
38 42 139
38 43 899
38 44 515
38 45 737
38 46 1062
38 47 559
38 48 629
38 49 1014
38 50 639
38 51 130
38 52 833
38 53 532
38 54 501
38 55 837
38 56 927
38 57 25
38 58 204
38 59 815
38 60 937
38 61 648
38 62 51
38 63 643
38 64 916
38 65 329
38 66 728
38 67 1042
38 68 597
38 69 346
38 70 946
38 71 589
38 72 610
38 73 533
38 74 607
38 75 405
38 76 576
38 77 714
38 78 466
38 79 1001
38 80 1055
38 81 316
38 82 529
38 83 678
38 84 602
38 85 780
38 86 948
38 87 875
38 88 973
38 89 110
38 90 143
38 91 228
38 92 677
38 93 619
38 94 891
38 95 849
38 96 773
38 97 970
38 98 472
38 99 517
38 100 705
39 40 471
39 41 279
39 42 629
39 43 316
39 44 577
39 45 538
39 46 532
39 47 541
39 48 267
39 49 420
39 50 81
39 51 593
39 52 386
39 53 427
39 54 158
39 55 526
39 56 371
39 57 611
39 58 452
39 59 316
39 60 357
39 61 109
39 62 615
39 63 191
39 64 331
39 65 267
39 66 439
39 67 448
39 68 105
39 69 466
39 70 424
39 71 128
39 72 19
39 73 369
39 74 482
39 75 337
39 76 178
39 77 634
39 78 445
39 79 479
39 80 486
39 81 495
39 82 341
39 83 83
39 84 572
39 85 477
39 86 565
39 87 330
39 88 483
39 89 547
39 90 521
39 91 536
39 92 259
39 93 248
39 94 538
39 95 492
39 96 643
39 97 500
39 98 333
39 99 89
39 100 114
40 41 728
40 42 848
40 43 660
40 44 332
40 45 86
40 46 456
40 47 258
40 48 204
40 49 677
40 50 544
40 51 818
40 52 219
40 53 862
40 54 363
40 55 96
40 56 426
40 57 741
40 58 536
40 59 288
40 60 494
40 61 574
40 62 726
40 63 663
40 64 503
40 65 509
40 66 910
40 67 646
40 68 575
40 69 408
40 70 371
40 71 597
40 72 484
40 73 811
40 74 162
40 75 340
40 76 299
40 77 224
40 78 287
40 79 402
40 80 532
40 81 447
40 82 784
40 83 477
40 84 247
40 85 948
40 86 221
40 87 379
40 88 339
40 89 638
40 90 760
40 91 824
40 92 730
40 93 718
40 94 1005
40 95 129
40 96 196
40 97 311
40 98 757
40 99 514
40 100 523
41 42 766
41 43 200
41 44 855
41 45 803
41 46 633
41 47 820
41 48 532
41 49 334
41 50 198
41 51 733
41 52 589
41 53 382
41 54 436
41 55 766
41 56 472
41 57 799
41 58 685
41 59 501
41 60 410
41 61 171
41 62 812
41 63 135
41 64 377
41 65 488
41 66 256
41 67 401
41 68 202
41 69 732
41 70 556
41 71 199
41 72 261
41 73 331
41 74 759
41 75 609
41 76 452
41 77 908
41 78 723
41 79 600
41 80 532
41 81 755
41 82 312
41 83 251
41 84 851
41 85 268
41 86 772
41 87 462
41 88 633
41 89 762
41 90 666
41 91 642
41 92 115
41 93 173
41 94 285
41 95 719
41 96 912
41 97 664
41 98 351
41 99 299
41 100 205
42 43 912
42 44 648
42 45 854
42 46 1131
42 47 687
42 48 715
42 49 1037
42 50 658
42 51 35
42 52 916
42 53 463
42 54 567
42 55 943
42 56 985
42 57 157
42 58 320
42 59 887
42 60 984
42 61 661
42 62 186
42 63 635
42 64 960
42 65 383
42 66 672
42 67 1074
42 68 608
42 69 472
42 70 1015
42 71 594
42 72 642
42 73 479
42 74 726
42 75 508
42 76 648
42 77 843
42 78 587
42 79 1072
42 80 1109
42 81 446
42 82 483
42 83 712
42 84 731
42 85 721
42 86 1046
42 87 936
42 88 1051
42 89 245
42 90 108
42 91 136
42 92 657
42 93 596
42 94 835
42 95 949
42 96 899
42 97 1052
42 98 429
42 99 543
42 100 730
43 44 861
43 45 744
43 46 458
43 47 812
43 48 493
43 49 136
43 50 259
43 51 877
43 52 478
43 53 574
43 54 463
43 55 674
43 56 312
43 57 917
43 58 769
43 59 389
43 60 237
43 61 252
43 62 925
43 63 291
43 64 206
43 65 579
43 66 455
43 67 200
43 68 304
43 69 776
43 70 402
43 71 318
43 72 297
43 73 519
43 74 733
43 75 643
43 76 442
43 77 868
43 78 735
43 79 436
43 80 344
43 81 807
43 82 497
43 83 242
43 84 834
43 85 460
43 86 648
43 87 321
43 88 483
43 89 861
43 90 806
43 91 799
43 92 305
43 93 354
43 94 450
43 95 618
43 96 856
43 97 519
43 98 526
43 99 382
43 100 201
44 45 280
44 46 777
44 47 74
44 48 380
44 49 920
44 50 657
44 51 626
44 52 525
44 53 838
44 54 419
44 55 418
44 56 710
44 57 505
44 58 338
44 59 565
44 60 762
44 61 684
44 62 483
44 63 746
44 64 760
44 65 440
44 66 957
44 67 908
44 68 659
44 69 185
44 70 678
44 71 671
44 72 596
44 73 803
44 74 171
44 75 254
44 76 419
44 77 206
44 78 132
44 79 718
44 80 832
44 81 202
44 82 782
44 83 628
44 84 100
44 85 1006
44 86 549
44 87 656
44 88 662
44 89 404
44 90 590
44 91 675
44 92 811
44 93 775
44 94 1091
44 95 461
44 96 272
44 97 639
44 98 735
44 99 567
44 100 675
45 46 534
45 47 208
45 48 272
45 49 764
45 50 615
45 51 826
45 52 304
45 53 912
45 54 415
45 55 142
45 56 512
45 57 734
45 58 535
45 59 375
45 60 581
45 61 644
45 62 717
45 63 730
45 64 590
45 65 540
45 66 974
45 67 732
45 68 641
45 69 394
45 70 455
45 71 662
45 72 553
45 73 863
45 74 131
45 75 354
45 76 361
45 77 139
45 78 271
45 79 483
45 80 617
45 81 429
45 82 837
45 83 552
45 84 185
45 85 1014
45 86 273
45 87 466
45 88 417
45 89 630
45 90 773
45 91 844
45 92 798
45 93 781
45 94 1076
45 95 197
45 96 111
45 97 386
45 98 805
45 99 573
45 100 599
46 47 705
46 48 443
46 49 380
46 50 551
46 51 1096
46 52 253
46 53 944
46 54 565
46 55 401
46 56 167
46 57 1072
46 58 873
46 59 247
46 60 223
46 61 569
46 62 1067
46 63 658
46 64 256
46 65 748
46 66 885
46 67 310
46 68 608
46 69 795
46 70 116
46 71 633
46 72 528
46 73 885
46 74 606
46 75 677
46 76 486
46 77 673
46 78 694
46 79 61
46 80 132
46 81 835
46 82 857
46 83 466
46 84 701
46 85 902
46 86 297
46 87 202
46 88 117
46 89 982
46 90 1026
46 91 1057
46 92 706
46 93 731
46 94 906
46 95 339
46 96 627
46 97 150
46 98 861
46 99 620
46 100 480
47 48 323
47 49 863
47 50 622
47 51 663
47 52 455
47 53 836
47 54 387
47 55 344
47 56 644
47 57 552
47 58 369
47 59 499
47 60 699
47 61 650
47 62 532
47 63 719
47 64 699
47 65 439
47 66 941
47 67 848
47 68 630
47 69 215
47 70 608
47 71 645
47 72 560
47 73 797
47 74 99
47 75 243
47 76 374
47 77 155
47 78 117
47 79 648
47 80 765
47 81 243
47 82 774
47 83 584
47 84 44
47 85 988
47 86 475
47 87 591
47 88 590
47 89 449
47 90 621
47 91 702
47 92 786
47 93 754
47 94 1067
47 95 387
47 96 214
47 97 566
47 98 731
47 99 543
47 100 633
48 49 540
48 50 342
48 51 681
48 52 203
48 53 664
48 54 171
48 55 270
48 56 339
48 57 636
48 58 433
48 59 201
48 60 383
48 61 372
48 62 628
48 63 459
48 64 379
48 65 342
48 66 706
48 67 528
48 68 371
48 69 355
48 70 330
48 71 393
48 72 281
48 73 611
48 74 239
48 75 234
48 76 96
48 77 379
48 78 268
48 79 381
48 80 468
48 81 395
48 82 584
48 83 282
48 84 341
48 85 744
48 86 341
48 87 284
48 88 345
48 89 542
48 90 616
48 91 666
48 92 527
48 93 513
48 94 804
48 95 250
48 96 379
48 97 340
48 98 560
48 99 312
48 100 330
49 50 378
49 51 1001
49 52 471
49 53 711
49 54 549
49 55 672
49 56 271
49 57 1031
49 58 870
49 59 390
49 60 191
49 61 376
49 62 1036
49 63 425
49 64 175
49 65 688
49 66 585
49 67 76
49 68 429
49 69 858
49 70 358
49 71 445
49 72 404
49 73 655
49 74 775
49 75 723
49 76 511
49 77 897
49 78 801
49 79 375
49 80 251
49 81 892
49 82 632
49 83 338
49 84 879
49 85 586
49 86 620
49 87 303
49 88 435
49 89 968
49 90 929
49 91 928
49 92 441
49 93 490
49 94 561
49 95 610
49 96 874
49 97 475
49 98 660
49 99 497
49 100 309
50 51 623
50 52 438
50 53 393
50 54 238
50 55 593
50 56 384
50 57 657
50 58 514
50 59 359
50 60 353
50 61 29
50 62 665
50 63 122
50 64 323
50 65 321
50 66 373
50 67 417
50 68 58
50 69 542
50 70 450
50 71 82
50 72 63
50 73 333
50 74 562
50 75 415
50 76 257
50 77 714
50 78 526
50 79 503
50 80 485
50 81 568
50 82 306
50 83 87
50 84 653
50 85 407
50 86 620
50 87 353
50 88 517
50 89 603
50 90 551
50 91 552
50 92 187
50 93 189
50 94 461
50 95 554
50 96 721
50 97 540
50 98 312
50 99 123
50 100 76
51 52 882
51 53 439
51 54 532
51 55 912
51 56 950
51 57 152
51 58 294
51 59 852
51 60 948
51 61 626
51 62 180
51 63 602
51 64 924
51 65 348
51 66 645
51 67 1038
51 68 573
51 69 448
51 70 981
51 71 560
51 72 606
51 73 451
51 74 699
51 75 478
51 76 614
51 77 819
51 78 561
51 79 1037
51 80 1073
51 81 424
51 82 454
51 83 677
51 84 708
51 85 695
51 86 1014
51 87 901
51 88 1017
51 89 228
51 90 72
51 91 113
51 92 625
51 93 564
51 94 809
51 95 917
51 96 873
51 97 1019
51 98 399
51 99 508
51 100 695
52 53 812
52 54 355
52 55 200
52 56 209
52 57 839
52 58 635
52 59 89
52 60 282
52 61 464
52 62 831
52 63 560
52 64 296
52 65 538
52 66 809
52 67 432
52 68 485
52 69 546
52 70 154
52 71 510
52 72 391
52 73 755
52 74 356
52 75 435
52 76 271
52 77 443
52 78 442
52 79 193
52 80 314
52 81 586
52 82 727
52 83 353
52 84 455
52 85 839
52 86 183
52 87 168
52 88 144
52 89 745
52 90 815
52 91 860
52 92 622
52 93 627
52 94 875
52 95 140
52 96 410
52 97 137
52 98 715
52 99 459
52 100 390
53 54 498
53 55 934
53 56 777
53 57 557
53 58 544
53 59 743
53 60 739
53 61 375
53 62 579
53 63 293
53 64 707
53 65 398
53 66 211
53 67 770
53 68 336
53 69 663
53 70 843
53 71 311
53 72 425
53 73 59
53 74 817
53 75 593
53 76 568
53 77 970
53 78 719
53 79 896
53 80 871
53 81 666
53 82 87
53 83 479
53 84 878
53 85 258
53 86 988
53 87 746
53 88 907
53 89 569
53 90 390
53 91 327
53 92 269
53 93 222
53 94 372
53 95 908
53 96 1000
53 97 927
53 98 106
53 99 355
53 100 464
54 55 439
54 56 426
54 57 512
54 58 327
54 59 319
54 60 440
54 61 265
54 62 511
54 63 332
54 64 424
54 65 184
54 66 564
54 67 561
54 68 243
54 69 313
54 70 448
54 71 258
54 72 178
54 73 448
54 74 337
54 75 180
54 76 84
54 77 493
54 78 287
54 79 504
54 80 554
54 81 344
54 82 421
54 83 221
54 84 420
54 85 608
54 86 510
54 87 373
54 88 485
54 89 432
54 90 463
54 91 504
54 92 399
54 93 373
54 94 681
54 95 421
54 96 511
54 97 489
54 98 393
54 99 160
54 100 264
55 56 406
55 57 837
55 58 632
55 59 286
55 60 481
55 61 622
55 62 823
55 63 715
55 64 497
55 65 596
55 66 965
55 67 630
55 68 631
55 69 505
55 70 335
55 71 654
55 72 537
55 73 881
55 74 253
55 75 435
55 76 365
55 77 275
55 78 383
55 79 354
55 80 496
55 81 544
55 82 853
55 83 518
55 84 326
55 85 1001
55 86 131
55 87 368
55 88 285
55 89 734
55 90 853
55 91 915
55 92 781
55 93 775
55 94 1049
55 95 64
55 96 226
55 97 250
55 98 830
55 99 581
55 100 561
56 57 939
56 58 748
56 59 144
56 60 80
56 61 402
56 62 937
56 63 491
56 64 106
56 65 604
56 66 720
56 67 224
56 68 442
56 69 693
56 70 90
56 71 467
56 72 365
56 73 718
56 74 548
56 75 564
56 76 355
56 77 649
56 78 607
56 79 128
56 80 130
56 81 731
56 82 690
56 83 301
56 84 651
56 85 739
56 86 349
56 87 55
56 88 171
56 89 856
56 90 878
56 91 903
56 92 539
56 93 564
56 94 750
56 95 342
56 96 619
56 97 209
56 98 695
56 99 460
56 100 313
57 58 206
57 59 824
57 60 950
57 61 667
57 62 28
57 63 664
57 64 930
57 65 344
57 66 753
57 67 1058
57 68 617
57 69 341
57 70 956
57 71 609
57 72 627
57 73 558
57 74 604
57 75 409
57 76 586
57 77 707
57 78 463
57 79 1010
57 80 1067
57 81 309
57 82 554
57 83 694
57 84 595
57 85 805
57 86 950
57 87 886
57 88 981
57 89 104
57 90 168
57 91 252
57 92 700
57 93 641
57 94 915
57 95 852
57 96 767
57 97 976
57 98 496
57 99 535
57 100 722
58 59 626
58 60 767
58 61 531
58 62 196
58 63 554
58 64 751
58 65 197
58 66 705
58 67 887
58 68 486
58 69 154
58 70 757
58 71 486
58 72 471
58 73 523
58 74 406
58 75 202
58 76 392
58 77 525
58 78 266
58 79 811
58 80 878
58 81 137
58 82 509
58 83 532
58 84 414
58 85 757
58 86 744
58 87 693
58 88 778
58 89 109
58 90 253
58 91 337
58 92 604
58 93 553
58 94 859
58 95 645
58 96 579
58 97 772
58 98 454
58 99 393
58 100 567
59 60 206
59 61 385
59 62 819
59 63 480
59 64 215
59 65 504
59 66 727
59 67 358
59 68 410
59 69 557
59 70 131
59 71 436
59 72 318
59 73 685
59 74 404
59 75 433
59 76 239
59 77 510
59 78 465
59 79 186
59 80 268
59 81 596
59 82 657
59 83 273
59 84 506
59 85 755
59 86 270
59 87 92
59 88 169
59 89 735
59 90 782
59 91 819
59 92 540
59 93 549
59 94 787
59 95 229
59 96 484
59 97 183
59 98 650
59 99 397
59 100 305
60 61 365
60 62 950
60 63 447
60 64 33
60 65 608
60 66 664
60 67 151
60 68 411
60 69 727
60 70 170
60 71 435
60 72 347
60 73 680
60 74 606
60 75 595
60 76 380
60 77 717
60 78 652
60 79 198
60 80 132
60 81 764
60 82 653
60 83 277
60 84 710
60 85 679
60 86 429
60 87 115
60 88 250
60 89 873
60 90 876
60 91 893
60 92 489
60 93 520
60 94 682
60 95 419
60 96 689
60 97 289
60 98 665
60 99 445
60 100 277
61 62 676
61 63 95
61 64 334
61 65 336
61 66 345
61 67 420
61 68 52
61 69 564
61 70 471
61 71 71
61 72 92
61 73 315
61 74 591
61 75 439
61 76 286
61 77 743
61 78 552
61 79 523
61 80 498
61 81 590
61 82 288
61 83 111
61 84 681
61 85 378
61 86 648
61 87 373
61 88 540
61 89 617
61 90 554
61 91 551
61 92 159
61 93 165
61 94 431
61 95 582
61 96 750
61 97 563
61 98 299
61 99 138
61 100 89
62 63 676
62 64 931
62 65 348
62 66 773
62 67 1061
62 68 626
62 69 323
62 70 951
62 71 619
62 72 632
62 73 578
62 74 586
62 75 398
62 76 583
62 77 686
62 78 446
62 79 1005
62 80 1065
62 81 290
62 82 573
62 83 699
62 84 574
62 85 825
62 86 938
62 87 883
62 88 974
62 89 88
62 90 194
62 91 279
62 92 714
62 93 656
62 94 935
62 95 839
62 96 747
62 97 968
62 98 515
62 99 542
62 100 728
63 64 414
63 65 357
63 66 250
63 67 480
63 68 89
63 69 611
63 70 564
63 71 75
63 72 179
63 73 235
63 74 668
63 75 495
63 76 369
63 77 822
63 78 615
63 79 614
63 80 578
63 81 631
63 82 210
63 83 207
63 84 753
63 85 285
63 86 743
63 87 466
63 88 634
63 89 627
63 90 533
63 91 514
63 92 68
63 93 73
63 94 349
63 95 677
63 96 834
63 97 658
63 98 235
63 99 179
63 100 179
64 65 587
64 66 631
64 67 148
64 68 381
64 69 717
64 70 197
64 71 404
64 72 320
64 73 648
64 74 608
64 75 584
64 76 368
64 77 724
64 78 646
64 79 229
64 80 164
64 81 754
64 82 621
64 83 250
64 84 712
64 85 645
64 86 452
64 87 128
64 88 277
64 89 855
64 90 852
64 91 866
64 92 455
64 93 487
64 94 650
64 95 436
64 96 700
64 97 315
64 98 634
64 99 419
64 100 246
65 66 528
65 67 713
65 68 290
65 69 272
65 70 632
65 71 289
65 72 284
65 73 362
65 74 430
65 75 197
65 76 267
65 77 579
65 78 322
65 79 688
65 80 729
65 81 284
65 82 342
65 83 350
65 84 482
65 85 578
65 86 683
65 87 553
65 88 669
65 89 282
65 90 278
65 91 323
65 92 410
65 93 361
65 94 674
65 95 589
65 96 616
65 97 673
65 98 295
65 99 198
65 100 380
66 67 655
66 68 334
66 69 800
66 70 800
66 71 312
66 72 428
66 73 195
66 74 901
66 75 703
66 76 612
66 77 1057
66 78 829
66 79 847
66 80 789
66 81 811
66 82 200
66 83 455
66 84 979
66 85 52
66 86 993
66 87 703
66 88 874
66 89 750
66 90 592
66 91 535
66 92 187
66 93 192
66 94 163
66 95 927
66 96 1074
66 97 902
66 98 258
66 99 403
66 100 422
67 68 472
67 69 862
67 70 303
67 71 491
67 72 433
67 73 714
67 74 756
67 75 728
67 76 512
67 77 868
67 78 795
67 79 312
67 80 179
67 81 898
67 82 690
67 83 364
67 84 860
67 85 659
67 86 567
67 87 266
67 88 377
67 89 988
67 90 966
67 91 970
67 92 503
67 93 548
67 94 637
67 95 567
67 96 841
67 97 418
67 98 713
67 99 530
67 100 343
68 69 530
68 70 506
68 71 25
68 72 95
68 73 277
68 74 578
68 75 410
68 76 280
68 77 732
68 78 527
68 79 560
68 80 544
68 81 553
68 82 249
68 83 142
68 84 664
68 85 373
68 86 667
68 87 409
68 88 571
68 89 569
68 90 502
68 91 499
68 92 157
68 93 144
68 94 439
68 95 596
68 96 744
68 97 592
68 98 254
68 99 96
68 100 134
69 70 684
69 71 537
69 72 486
69 73 633
69 74 262
69 75 134
69 76 349
69 77 371
69 78 123
69 79 734
69 80 822
69 81 40
69 82 614
69 83 534
69 84 259
69 85 850
69 86 626
69 87 637
69 88 690
69 89 237
69 90 407
69 91 490
69 92 670
69 93 627
69 94 942
69 95 528
69 96 427
69 97 677
69 98 564
69 99 433
69 100 577
70 71 532
70 72 421
70 73 784
70 74 510
70 75 564
70 76 370
70 77 594
70 78 588
70 79 56
70 80 162
70 81 724
70 82 756
70 83 364
70 84 609
70 85 822
70 86 263
70 87 97
70 88 80
70 89 867
70 90 910
70 91 943
70 92 616
70 93 636
70 94 837
70 95 271
70 96 556
70 97 118
70 98 756
70 99 510
70 100 384
71 72 120
71 73 252
71 74 595
71 75 420
71 76 300
71 77 750
71 78 540
71 79 585
71 80 567
71 81 558
71 82 224
71 83 167
71 84 679
71 85 352
71 86 691
71 87 435
71 88 597
71 89 565
71 90 489
71 91 482
71 92 141
71 93 121
71 94 422
71 95 619
71 96 763
71 97 618
71 98 230
71 99 104
71 100 157
72 73 366
72 74 499
72 75 357
72 76 194
72 77 650
72 78 464
72 79 476
72 80 477
72 81 514
72 82 338
72 83 70
72 84 590
72 85 465
72 86 571
72 87 326
72 88 482
72 89 565
72 90 534
72 91 546
72 92 246
72 93 239
72 94 523
72 95 500
72 96 658
72 97 501
72 98 334
72 99 99
72 100 96
73 74 772
73 75 554
73 76 515
73 77 927
73 78 681
73 79 837
73 80 812
73 81 639
73 82 28
73 83 419
73 84 838
73 85 247
73 86 932
73 87 687
73 88 848
73 89 559
73 90 396
73 91 344
73 92 216
73 93 165
73 94 358
73 95 853
73 96 954
73 97 868
73 98 69
73 99 300
73 100 405
74 75 235
74 76 306
74 77 155
74 78 140
74 79 548
74 80 667
74 81 298
74 82 748
74 83 514
74 84 103
74 85 945
74 86 382
74 87 496
74 88 491
74 89 499
74 90 648
74 91 722
74 92 736
74 93 710
74 94 1017
74 95 291
74 96 185
74 97 467
74 98 710
74 99 498
74 100 563
75 76 215
75 77 381
75 78 127
75 79 616
75 80 694
75 81 169
75 82 531
75 83 401
75 84 284
75 85 751
75 86 542
75 87 509
75 88 578
75 89 310
75 90 421
75 91 489
75 92 558
75 93 521
75 94 836
75 95 444
75 96 421
75 97 571
75 98 488
75 99 315
75 100 445
76 77 456
76 78 293
76 79 425
76 80 485
76 81 385
76 82 488
76 83 210
76 84 401
76 85 652
76 86 429
76 87 301
76 88 402
76 89 500
76 90 545
76 91 588
76 92 437
76 93 420
76 94 716
76 95 342
76 96 465
76 97 406
76 98 465
76 99 216
76 100 258
77 78 265
77 79 622
77 80 756
77 81 398
77 82 902
77 83 661
77 84 112
77 85 1101
77 86 401
77 87 602
77 88 556
77 89 604
77 90 776
77 91 855
77 92 890
77 93 866
77 94 1171
77 95 334
77 96 69
77 97 524
77 98 864
77 99 653
77 100 709
78 79 634
78 80 734
78 81 160
78 82 658
78 83 498
78 84 160
78 85 877
78 86 506
78 87 552
78 88 585
78 89 359
78 90 513
78 91 591
78 92 680
78 93 645
78 94 960
78 95 410
78 96 313
78 97 568
78 98 615
78 99 436
78 100 545
79 80 147
79 81 774
79 82 809
79 83 417
79 84 645
79 85 867
79 86 263
79 87 150
79 88 70
79 89 920
79 90 967
79 91 1000
79 92 665
79 93 687
79 94 878
79 95 291
79 96 579
79 97 111
79 98 811
79 99 566
79 100 435
80 81 861
80 82 785
80 83 409
80 84 768
80 85 800
80 86 411
80 87 185
80 88 217
80 89 985
80 90 1001
80 91 1021
80 92 618
80 93 651
80 94 794
80 95 431
80 96 718
80 97 258
80 98 797
80 99 575
80 100 409
81 82 622
81 83 565
81 84 286
81 85 862
81 86 665
81 87 675
81 88 731
81 89 205
81 90 388
81 91 474
81 92 689
81 93 643
81 94 957
81 95 568
81 96 457
81 97 718
81 98 570
81 99 456
81 100 607
82 83 391
82 84 815
82 85 253
82 86 904
82 87 659
82 88 820
82 89 549
82 90 395
82 91 349
82 92 196
82 93 142
82 94 362
82 95 826
82 96 929
82 97 840
82 98 58
82 99 272
82 100 378
83 84 611
83 85 486
83 86 537
83 87 267
83 88 430
83 89 629
83 90 604
83 91 616
83 92 268
83 93 276
83 94 530
83 95 475
83 96 661
83 97 453
83 98 394
83 99 169
83 100 48
84 85 1025
84 86 457
84 87 599
84 88 585
84 89 491
84 90 666
84 91 746
84 92 820
84 93 790
84 94 1102
84 95 374
84 96 174
84 97 558
84 98 773
84 99 578
84 100 659
85 86 1023
85 87 726
85 88 897
85 89 802
85 90 643
85 91 585
85 92 219
85 93 235
85 94 113
85 95 961
85 96 1116
85 97 926
85 98 310
85 99 447
85 100 449
86 87 327
86 88 193
86 89 849
86 90 952
86 91 1006
86 92 806
86 93 809
86 94 1057
86 95 98
86 96 345
86 97 152
86 98 889
86 99 633
86 100 573
87 88 171
87 89 802
87 90 829
87 91 857
87 92 519
87 93 538
87 94 745
87 95 307
87 96 574
87 97 203
87 98 660
87 99 418
87 100 286
88 89 887
88 90 948
88 91 987
88 92 689
88 93 705
88 94 916
88 95 223
88 96 511
88 97 41
88 98 817
88 99 565
88 100 455
89 90 213
89 91 304
89 92 672
89 93 616
89 94 909
89 95 751
89 96 663
89 97 881
89 98 492
89 99 480
89 100 661
90 91 91
90 92 559
90 93 499
90 94 755
90 95 855
90 96 827
90 97 951
90 98 339
90 99 435
90 100 622
91 92 529
91 93 469
91 94 698
91 95 912
91 96 904
91 97 993
91 98 297
91 99 447
91 100 627
92 93 60
92 94 281
92 95 742
92 96 902
92 97 715
92 98 236
92 99 243
92 100 235
93 94 316
93 95 740
93 96 882
93 97 729
93 98 177
93 99 212
93 100 252
94 95 1004
94 96 1181
94 97 948
94 98 420
94 99 524
94 100 488
95 96 288
95 97 190
95 98 806
95 99 553
95 100 516
96 97 476
96 98 893
96 99 671
96 100 708
97 98 834
97 99 580
97 100 480
98 99 255
98 100 388
99 100 188
