100 4950
1 2 402
1 3 796
1 4 444
1 5 215
1 6 766
1 7 861
1 8 347
1 9 537
1 10 140
1 11 822
1 12 428
1 13 212
1 14 852
1 15 427
1 16 803
1 17 749
1 18 594
1 19 635
1 20 53
1 21 339
1 22 873
1 23 288
1 24 861
1 25 624
1 26 763
1 27 683
1 28 354
1 29 749
1 30 208
1 31 723
1 32 58
1 33 856
1 34 450
1 35 516
1 36 526
1 37 619
1 38 270
1 39 677
1 40 87
1 41 323
1 42 929
1 43 644
1 44 442
1 45 937
1 46 851
1 47 167
1 48 455
1 49 565
1 50 500
1 51 673
1 52 772
1 53 534
1 54 860
1 55 625
1 56 578
1 57 498
1 58 358
1 59 102
1 60 233
1 61 282
1 62 708
1 63 227
1 64 243
1 65 455
1 66 580
1 67 844
1 68 606
1 69 386
1 70 305
1 71 570
1 72 613
1 73 608
1 74 759
1 75 41
1 76 13
1 77 719
1 78 215
1 79 427
1 80 717
1 81 779
1 82 308
1 83 270
1 84 356
1 85 475
1 86 252
1 87 198
1 88 504
1 89 652
1 90 836
1 91 677
1 92 457
1 93 286
1 94 611
1 95 893
1 96 616
1 97 777
1 98 282
1 99 122
1 100 50
2 3 393
2 4 153
2 5 331
2 6 481
2 7 518
2 8 292
2 9 141
2 10 298
2 11 577
2 12 610
2 13 236
2 14 794
2 15 194
2 16 682
2 17 367
2 18 354
2 19 256
2 20 371
2 21 136
2 22 506
2 23 196
2 24 854
2 25 546
2 26 604
2 27 677
2 28 442
2 29 349
2 30 341
2 31 774
2 32 446
2 33 720
2 34 142
2 35 593
2 36 238
2 37 660
2 38 188
2 39 722
2 40 447
2 41 263
2 42 555
2 43 720
2 44 587
2 45 576
2 46 696
2 47 310
2 48 259
2 49 274
2 50 355
2 51 318
2 52 372
2 53 345
2 54 836
2 55 699
2 56 426
2 57 280
2 58 720
2 59 485
2 60 550
2 61 222
2 62 324
2 63 349
2 64 292
2 65 555
2 66 255
2 67 578
2 68 587
2 69 720
2 70 365
2 71 362
2 72 216
2 73 206
2 74 716
2 75 382
2 76 409
2 77 618
2 78 438
2 79 115
2 80 761
2 81 620
2 82 197
2 83 394
2 84 201
2 85 303
2 86 309
2 87 204
2 88 102
2 89 513
2 90 843
2 91 595
2 92 492
2 93 286
2 94 291
2 95 644
2 96 226
2 97 717
2 98 229
2 99 421
2 100 436
3 4 402
3 5 701
3 6 427
3 7 325
3 8 596
3 9 270
3 10 683
3 11 540
3 12 925
3 13 619
3 14 906
3 15 465
3 16 760
3 17 159
3 18 452
3 19 232
3 20 764
3 21 483
3 22 256
3 23 551
3 24 1001
3 25 709
3 26 667
3 27 861
3 28 752
3 29 63
3 30 712
3 31 980
3 32 838
3 33 773
3 34 388
3 35 855
3 36 404
3 37 882
3 38 555
3 39 935
3 40 835
3 41 583
3 42 265
3 43 954
3 44 887
3 45 318
3 46 734
3 47 694
3 48 485
3 49 374
3 50 575
3 51 249
3 52 55
3 53 531
3 54 971
3 55 935
3 56 602
3 57 487
3 58 1098
3 59 878
3 60 922
3 61 582
3 62 161
3 63 705
3 64 657
3 65 839
3 66 348
3 67 508
3 68 784
3 69 1087
3 70 690
3 71 518
3 72 190
3 73 192
3 74 860
3 75 776
3 76 803
3 77 736
3 78 801
3 79 406
3 80 964
3 81 676
3 82 550
3 83 735
3 84 525
3 85 514
3 86 658
3 87 598
3 88 292
3 89 632
3 90 1003
3 91 738
3 92 757
3 93 622
3 94 326
3 95 578
3 96 202
3 97 845
3 98 587
3 99 809
3 100 830
4 5 441
4 6 347
4 7 419
4 8 196
4 9 235
4 10 310
4 11 433
4 12 527
4 13 340
4 14 644
4 15 347
4 16 529
4 17 314
4 18 203
4 19 352
4 20 429
4 21 104
4 22 429
4 23 162
4 24 710
4 25 400
4 26 451
4 27 538
4 28 354
4 29 343
4 30 449
4 31 642
4 32 472
4 33 567
4 34 15
4 35 479
4 36 383
4 37 531
4 38 174
4 39 592
4 40 460
4 41 181
4 42 487
4 43 597
4 44 494
4 45 493
4 46 543
4 47 406
4 48 113
4 49 134
4 50 508
4 51 230
4 52 362
4 53 497
4 54 689
4 55 576
4 56 579
4 57 433
4 58 703
4 59 541
4 60 526
4 61 352
4 62 277
4 63 306
4 64 411
4 65 452
4 66 388
4 67 440
4 68 449
4 69 687
4 70 288
4 71 513
4 72 214
4 73 259
4 74 570
4 75 437
4 76 454
4 77 467
4 78 402
4 79 267
4 80 628
4 81 467
4 82 333
4 83 333
4 84 348
4 85 157
4 86 259
4 87 266
4 88 160
4 89 361
4 90 701
4 91 446
4 92 377
4 93 221
4 94 170
4 95 503
4 96 200
4 97 568
4 98 358
4 99 499
4 100 488
5 6 789
5 7 846
5 8 440
5 9 430
5 10 257
5 11 870
5 12 624
5 13 101
5 14 987
5 15 259
5 16 910
5 17 697
5 18 634
5 19 499
5 20 162
5 21 349
5 22 837
5 23 336
5 24 1015
5 25 741
5 26 852
5 27 831
5 28 512
5 29 666
5 30 12
5 31 892
5 32 272
5 33 959
5 34 440
5 35 685
5 36 355
5 37 781
5 38 311
5 39 843
5 40 302
5 41 406
5 42 886
5 43 819
5 44 628
5 45 907
5 46 945
5 47 56
5 48 503
5 49 576
5 50 290
5 51 647
5 52 690
5 53 330
5 54 1007
5 55 798
5 56 365
5 57 306
5 58 567
5 59 230
5 60 447
5 61 118
5 62 654
5 63 374
5 64 45
5 65 628
5 66 417
5 67 880
5 68 745
5 69 601
5 70 443
5 71 367
5 72 541
5 73 508
5 74 896
5 75 174
5 76 209
5 77 831
5 78 404
5 79 295
5 80 884
5 81 868
5 82 150
5 83 429
5 84 185
5 85 537
5 86 372
5 87 192
5 88 427
5 89 744
5 90 994
5 91 795
5 92 607
5 93 388
5 94 607
5 95 940
5 96 556
5 97 908
5 98 114
5 99 135
5 100 207
6 7 164
6 8 432
6 9 481
6 10 625
6 11 115
6 12 676
6 13 687
6 14 492
6 15 663
6 16 342
6 17 268
6 18 175
6 19 551
6 20 762
6 21 444
6 22 235
6 23 480
6 24 597
6 25 350
6 26 252
6 27 490
6 28 535
6 29 374
6 30 797
6 31 613
6 32 781
6 33 348
6 34 350
6 35 554
6 36 665
6 37 539
6 38 501
6 39 577
6 40 759
6 41 447
6 42 289
6 43 612
6 44 627
6 45 253
6 46 308
6 47 752
6 48 311
6 49 213
6 50 821
6 51 204
6 52 372
6 53 797
6 54 563
6 55 598
6 56 880
6 57 735
6 58 947
6 59 867
6 60 778
6 61 697
6 62 278
6 63 573
6 64 759
6 65 568
6 66 641
6 67 98
6 68 437
6 69 909
6 70 514
6 71 803
6 72 359
6 73 441
6 74 464
6 75 767
6 76 778
6 77 339
6 78 655
6 79 579
6 80 596
6 81 258
6 82 675
6 83 568
6 84 682
6 85 299
6 86 530
6 87 609
6 88 423
6 89 258
6 90 605
6 91 357
6 92 483
6 93 489
6 94 191
6 95 170
6 96 323
6 97 442
6 98 703
6 99 839
6 100 814
7 8 553
7 9 470
7 10 724
7 11 248
7 12 828
7 13 747
7 14 648
7 15 674
7 16 497
7 17 189
7 18 307
7 19 507
7 20 848
7 21 523
7 22 81
7 23 574
7 24 755
7 25 514
7 26 410
7 27 655
7 28 676
7 29 289
7 30 856
7 31 778
7 32 885
7 33 494
7 34 415
7 35 714
7 36 651
7 37 703
7 38 591
7 39 742
7 40 868
7 41 561
7 42 126
7 43 776
7 44 780
7 45 90
7 46 452
7 47 818
7 48 424
7 49 298
7 50 820
7 51 199
7 52 278
7 53 787
7 54 720
7 55 762
7 56 867
7 57 730
7 58 1081
7 59 960
7 60 907
7 61 740
7 62 222
7 63 692
7 64 810
7 65 722
7 66 613
7 67 204
7 68 600
7 69 1049
7 70 643
7 71 785
7 72 336
7 73 409
7 74 626
7 75 856
7 76 872
7 77 503
7 78 781
7 79 594
7 80 761
7 81 414
7 82 714
7 83 697
7 84 710
7 85 425
7 86 646
7 87 684
7 88 434
7 89 423
7 90 766
7 91 521
7 92 636
7 93 604
7 94 250
7 95 266
7 96 307
7 97 602
7 98 747
7 99 917
7 100 907
8 9 415
8 10 210
8 11 477
8 12 331
8 13 350
8 14 548
8 15 460
8 16 470
8 17 493
8 18 257
8 19 535
8 20 357
8 21 156
8 22 584
8 23 115
8 24 588
8 25 300
8 26 420
8 27 405
8 28 158
8 29 536
8 30 444
8 31 488
8 32 352
8 33 521
8 34 211
8 35 301
8 36 526
8 37 373
8 38 138
8 39 437
8 40 328
8 41 35
8 42 645
8 43 430
8 44 300
8 45 638
8 46 511
8 47 389
8 48 130
8 49 260
8 50 608
8 51 395
8 52 554
8 53 613
8 54 575
8 55 408
8 56 688
8 57 553
8 58 529
8 59 449
8 60 354
8 61 397
8 62 460
8 63 140
8 64 428
8 65 264
8 66 547
8 67 502
8 68 314
8 69 504
8 70 95
8 71 638
8 72 410
8 73 452
8 74 460
8 75 358
8 76 360
8 77 391
8 78 227
8 79 398
8 80 477
8 81 436
8 82 394
8 83 146
8 84 429
8 85 133
8 86 98
8 87 250
8 88 345
8 89 309
8 90 572
8 91 355
8 92 201
8 93 60
8 94 315
8 95 547
8 96 393
8 97 469
8 98 403
8 99 442
8 100 398
9 10 439
9 11 590
9 12 743
9 13 349
9 14 868
9 15 208
9 16 741
9 17 291
9 18 400
9 19 119
9 20 501
9 21 267
9 22 438
9 23 333
9 24 941
9 25 630
9 26 656
9 27 772
9 28 571
9 29 238
9 30 442
9 31 878
9 32 583
9 33 772
9 34 220
9 35 711
9 36 185
9 37 767
9 38 328
9 39 828
9 40 586
9 41 391
9 42 477
9 43 832
9 44 715
9 45 510
9 46 742
9 47 424
9 48 348
9 49 307
9 50 349
9 51 284
9 52 262
9 53 319
9 54 918
9 55 811
9 56 401
9 57 260
9 58 861
9 59 613
9 60 691
9 61 312
9 62 251
9 63 489
9 64 386
9 65 679
9 66 164
9 67 579
9 68 684
9 69 862
9 70 497
9 71 322
9 72 134
9 73 78
9 74 799
9 75 513
9 76 542
9 77 689
9 78 579
9 79 138
9 80 864
9 81 669
9 82 280
9 83 531
9 84 259
9 85 391
9 86 447
9 87 340
9 88 75
9 89 580
9 90 934
9 91 674
9 92 609
9 93 419
9 94 297
9 95 651
9 96 164
9 97 794
9 98 317
9 99 539
9 100 566
10 11 682
10 12 377
10 13 193
10 14 738
10 15 382
10 16 676
10 17 621
10 18 453
10 19 549
10 20 146
10 21 208
10 22 739
10 23 149
10 24 759
10 25 500
10 26 630
10 27 577
10 28 254
10 29 631
10 30 257
10 31 634
10 32 161
10 33 728
10 34 317
10 35 427
10 36 472
10 37 524
10 38 135
10 39 585
10 40 152
10 41 183
10 42 797
10 43 561
10 44 374
10 45 801
10 46 720
10 47 201
10 48 314
10 49 426
10 50 494
10 51 540
10 52 653
10 53 516
10 54 754
10 55 540
10 56 577
10 57 467
10 58 422
10 59 242
10 60 255
10 61 262
10 62 581
10 63 116
10 64 261
10 65 370
10 66 516
10 67 704
10 68 493
10 69 426
10 70 188
10 71 548
10 72 495
10 73 503
10 74 646
10 75 148
10 76 153
10 77 593
10 78 164
10 79 355
10 80 626
10 81 646
10 82 275
10 83 171
10 84 322
10 85 334
10 86 122
10 87 115
10 88 393
10 89 519
10 90 738
10 91 554
10 92 350
10 93 150
10 94 474
10 95 753
10 96 493
10 97 661
10 98 265
10 99 233
10 100 190
11 12 669
11 13 769
11 14 401
11 15 765
11 16 252
11 17 382
11 18 236
11 19 666
11 20 825
11 21 521
11 22 328
11 23 546
11 24 511
11 25 313
11 26 172
11 27 433
11 28 550
11 29 488
11 30 877
11 31 552
11 32 830
11 33 245
11 34 439
11 35 533
11 36 774
11 37 496
11 38 569
11 39 523
11 40 804
11 41 499
11 42 373
11 43 565
11 44 618
11 45 325
11 46 203
11 47 829
11 48 372
11 49 303
11 50 925
11 51 319
11 52 486
11 53 904
11 54 475
11 55 555
11 56 987
11 57 840
11 58 963
11 59 925
11 60 803
11 61 786
11 62 394
11 63 613
11 64 843
11 65 558
11 66 753
11 67 49
11 68 398
11 69 918
11 70 545
11 71 911
11 72 472
11 73 555
11 74 389
11 75 829
11 76 835
11 77 273
11 78 686
11 79 681
11 80 535
11 81 171
11 82 766
11 83 599
11 84 778
11 85 348
11 86 576
11 87 683
11 88 529
11 89 226
11 90 524
11 91 302
11 92 479
11 93 537
11 94 295
11 95 71
11 96 437
11 97 362
11 98 792
11 99 906
11 100 872
12 13 571
12 14 506
12 15 746
12 16 524
12 17 808
12 18 522
12 19 862
12 20 473
12 21 475
12 22 876
12 23 413
12 24 476
12 25 365
12 26 533
12 27 330
12 28 173
12 29 863
12 30 620
12 31 320
12 32 386
12 33 579
12 34 542
12 35 152
12 36 828
12 37 245
12 38 425
12 39 284
12 40 348
12 41 352
12 42 937
12 43 238
12 44 51
12 45 917
12 46 594
12 47 567
12 48 441
12 49 565
12 50 870
12 51 706
12 52 879
12 53 889
12 54 487
12 55 223
12 56 953
12 57 836
12 58 325
12 59 494
12 60 231
12 61 639
12 62 781
12 63 273
12 64 635
12 65 111
12 66 860
12 67 710
12 68 295
12 69 263
12 70 246
12 71 920
12 72 741
12 73 783
12 74 418
12 75 465
12 76 439
12 77 444
12 78 219
12 79 701
12 80 320
12 81 545
12 82 649
12 83 219
12 84 695
12 85 419
12 86 303
12 87 486
12 88 675
12 89 444
12 90 446
12 91 399
12 92 193
12 93 324
12 94 621
12 95 726
12 96 722
12 97 448
12 98 642
12 99 550
12 100 466
13 14 899
13 15 215
13 16 816
13 17 603
13 18 533
13 19 434
13 20 164
13 21 248
13 22 741
13 23 240
13 24 933
13 25 650
13 26 755
13 27 749
13 28 440
13 29 580
13 30 109
13 31 818
13 32 268
13 33 863
13 34 338
13 35 614
13 36 313
13 37 705
13 38 215
13 39 768
13 40 287
13 41 315
13 42 791
13 43 748
13 44 567
13 45 810
13 46 848
13 47 75
13 48 403
13 49 474
13 50 303
13 51 548
13 52 604
13 53 330
13 54 923
13 55 727
13 56 384
13 57 287
13 58 569
13 59 268
13 60 425
13 61 72
13 62 560
13 63 305
13 64 78
13 65 559
13 66 369
13 67 779
13 68 661
13 69 590
13 70 366
13 71 364
13 72 451
13 73 426
13 74 810
13 75 178
13 76 213
13 77 739
13 78 355
13 79 224
13 80 809
13 81 771
13 82 95
13 83 362
13 84 144
13 85 438
13 86 294
13 87 99
13 88 336
13 89 648
13 90 914
13 91 704
13 92 528
13 93 303
13 94 506
13 95 839
13 96 463
13 97 820
13 98 74
13 99 190
13 100 228
14 15 985
14 16 150
14 17 748
14 18 473
14 19 971
14 20 879
14 21 679
14 22 725
14 23 661
14 24 114
14 25 250
14 26 241
14 27 177
14 28 499
14 29 847
14 30 989
14 31 226
14 32 832
14 33 163
14 34 658
14 35 360
14 36 1028
14 37 261
14 38 686
14 39 234
14 40 796
14 41 583
14 42 774
14 43 289
14 44 462
14 45 726
14 46 204
14 47 933
14 48 534
14 49 566
14 50 1142
14 51 659
14 52 851
14 53 1138
14 54 76
14 55 295
14 56 1218
14 57 1074
14 58 831
14 59 943
14 60 722
14 61 944
14 62 747
14 63 628
14 64 977
14 65 419
14 66 1029
14 67 448
14 68 246
14 69 765
14 70 551
14 71 1156
14 72 786
14 73 862
14 74 93
14 75 877
14 76 866
14 77 178
14 78 649
14 79 909
14 80 215
14 81 234
14 82 938
14 83 582
14 84 968
14 85 490
14 86 617
14 87 799
14 88 794
14 89 288
14 90 136
14 91 199
14 92 395
14 93 598
14 94 596
14 95 410
14 96 752
14 97 78
14 98 950
14 99 966
14 100 901
15 16 875
15 17 499
15 18 547
15 19 246
15 20 379
15 21 309
15 22 645
15 23 348
15 24 1040
15 25 735
15 26 799
15 27 860
15 28 592
15 29 442
15 30 271
15 31 949
15 32 483
15 33 915
15 34 336
15 35 757
15 36 98
15 37 834
15 38 329
15 39 897
15 40 499
15 41 426
15 42 685
15 43 889
15 44 732
15 45 718
15 46 890
15 47 275
15 48 451
15 49 464
15 50 161
15 51 480
15 52 466
15 53 154
15 54 1023
15 55 867
15 56 233
15 57 92
15 58 782
15 59 478
15 60 631
15 61 149
15 62 458
15 63 473
15 64 214
15 65 711
15 66 158
15 67 762
15 68 769
15 69 800
15 70 512
15 71 177
15 72 340
15 73 282
15 74 904
15 75 393
15 76 428
15 77 810
15 78 545
15 79 83
15 80 937
15 81 814
15 82 120
15 83 527
15 84 74
15 85 494
15 86 445
15 87 266
15 88 242
15 89 706
15 90 1027
15 91 785
15 92 660
15 93 435
15 94 472
15 95 831
15 96 366
15 97 907
15 98 151
15 99 388
15 100 441
16 17 601
16 18 341
16 19 839
16 20 822
16 21 580
16 22 575
16 23 575
16 24 259
16 25 180
16 26 92
16 27 216
16 28 465
16 29 701
16 30 914
16 31 320
16 32 792
16 33 55
16 34 541
16 35 372
16 36 909
16 37 298
16 38 600
16 39 304
16 40 759
16 41 503
16 42 623
16 43 354
16 44 473
16 45 576
16 46 74
16 47 859
16 48 426
16 49 434
16 50 1036
16 51 515
16 52 704
16 53 1027
16 54 223
16 55 351
16 56 1108
16 57 962
16 58 846
16 59 900
16 60 712
16 61 853
16 62 602
16 63 576
16 64 894
16 65 419
16 66 904
16 67 300
16 68 229
16 69 787
16 70 498
16 71 1042
16 72 649
16 73 728
16 74 148
16 75 822
16 76 816
16 77 85
16 78 619
16 79 796
16 80 304
16 81 84
16 82 842
16 83 540
16 84 867
16 85 384
16 86 554
16 87 718
16 88 669
16 89 169
16 90 273
16 91 130
16 92 366
16 93 527
16 94 457
16 95 269
16 96 614
16 97 116
16 98 859
16 99 909
16 100 853
17 18 307
17 19 317
17 20 727
17 21 413
17 22 146
17 23 476
17 24 845
17 25 560
17 26 509
17 27 712
17 28 640
17 29 107
17 30 708
17 31 833
17 32 782
17 33 613
17 34 304
17 35 723
17 36 467
17 37 740
17 38 486
17 39 789
17 40 773
17 41 488
17 42 189
17 43 812
17 44 767
17 45 218
17 46 575
17 47 677
17 48 368
17 49 243
17 50 638
17 51 103
17 52 104
17 53 603
17 54 814
17 55 795
17 56 681
17 57 547
17 58 1016
17 59 841
17 60 839
17 61 584
17 62 42
17 63 618
17 64 657
17 65 715
17 66 425
17 67 352
17 68 639
17 69 996
17 70 588
17 71 599
17 72 159
17 73 224
17 74 705
17 75 736
17 76 758
17 77 581
17 78 713
17 79 423
17 80 816
17 81 517
17 82 555
17 83 638
17 84 543
17 85 389
17 86 570
17 87 557
17 88 270
17 89 479
17 90 849
17 91 585
17 92 630
17 93 531
17 94 188
17 95 423
17 96 140
17 97 689
17 98 590
17 99 785
17 100 789
18 19 499
18 20 592
18 21 285
18 22 353
18 23 311
18 24 557
18 25 256
18 26 255
18 27 408
18 28 369
18 29 390
18 30 641
18 31 527
18 32 606
18 33 372
18 34 212
18 35 420
18 36 572
18 37 432
18 38 334
18 39 483
18 40 584
18 41 273
18 42 415
18 43 505
18 44 476
18 45 396
18 46 344
18 47 593
18 48 138
18 49 93
18 50 709
18 51 205
18 52 399
18 53 694
18 54 530
18 55 488
18 56 777
18 57 630
18 58 776
18 59 695
18 60 605
18 61 553
18 62 292
18 63 398
18 64 608
18 65 420
18 66 564
18 67 251
18 68 332
18 69 742
18 70 340
18 71 707
18 72 313
18 73 389
18 74 414
18 75 597
18 76 606
18 77 295
18 78 481
18 79 465
18 80 511
18 81 270
18 82 536
18 83 395
18 84 552
18 85 124
18 86 355
18 87 447
18 88 329
18 89 186
18 90 555
18 91 288
18 92 333
18 93 315
18 94 127
18 95 306
18 96 280
18 97 403
18 98 560
18 99 672
18 100 642
19 20 594
19 21 386
19 22 456
19 23 451
19 24 1049
19 25 740
19 26 750
19 27 885
19 28 691
19 29 229
19 30 512
19 31 993
19 32 685
19 33 866
19 34 336
19 35 829
19 36 173
19 37 883
19 38 444
19 39 943
19 40 692
19 41 510
19 42 482
19 43 949
19 44 835
19 45 526
19 46 833
19 47 505
19 48 463
19 49 405
19 50 343
19 51 347
19 52 249
19 53 299
19 54 1025
19 55 928
19 56 372
19 57 255
19 58 971
19 59 703
19 60 804
19 61 382
19 62 286
19 63 606
19 64 454
19 65 798
19 66 115
19 67 647
19 68 797
19 69 974
19 70 616
19 71 288
19 72 193
19 73 111
19 74 907
19 75 607
19 76 639
19 77 793
19 78 695
19 79 209
19 80 978
19 81 763
19 82 350
19 83 649
19 84 315
19 85 504
19 86 564
19 87 443
19 88 191
19 89 683
19 90 1044
19 91 781
19 92 727
19 93 538
19 94 383
19 95 720
19 96 229
19 97 900
19 98 386
19 99 621
19 100 659
20 21 325
20 22 855
20 23 281
20 24 893
20 25 645
20 26 776
20 27 713
20 28 385
20 29 720
20 30 155
20 31 760
20 32 111
20 33 874
20 34 433
20 35 552
20 36 478
20 37 653
20 38 260
20 39 712
20 40 139
20 41 329
20 42 910
20 43 683
20 44 483
20 45 921
20 46 866
20 47 114
20 48 454
20 49 556
20 50 447
20 51 656
20 52 743
20 53 482
20 54 890
20 55 662
20 56 525
20 57 447
20 58 410
20 59 114
20 60 285
20 61 232
20 62 685
20 63 251
20 64 189
20 65 492
20 66 534
20 67 844
20 68 633
20 69 439
20 70 328
20 71 518
20 72 585
20 73 574
20 74 786
20 75 13
20 76 49
20 77 739
20 78 255
20 79 385
20 80 753
20 81 793
20 82 259
20 83 300
20 84 307
20 85 478
20 86 267
20 87 169
20 88 473
20 89 666
20 90 870
20 91 698
20 92 486
20 93 297
20 94 599
20 95 896
20 96 590
20 97 803
20 98 232
20 99 87
20 100 65
21 22 533
21 23 68
21 24 731
21 25 429
21 26 513
21 27 551
21 28 306
21 29 428
21 30 355
21 31 642
21 32 369
21 33 625
21 34 110
21 35 457
21 36 370
21 37 527
21 38 73
21 39 590
21 40 360
21 41 126
21 42 590
21 43 585
21 44 450
21 45 597
21 46 606
21 47 308
21 48 157
21 49 233
21 50 463
21 51 334
21 52 449
21 53 463
21 54 715
21 55 564
21 56 541
21 57 401
21 58 614
21 59 436
21 60 439
21 61 274
21 62 374
21 63 225
21 64 323
21 65 418
21 66 391
21 67 533
21 68 460
21 69 605
21 70 229
21 71 485
21 72 293
21 73 316
21 74 597
21 75 332
21 76 349
21 77 509
21 78 319
21 79 242
21 80 629
21 81 529
21 82 261
21 83 263
21 84 288
21 85 196
21 86 180
21 87 165
21 88 204
21 89 411
21 90 718
21 91 481
21 92 357
21 93 151
21 94 274
21 95 592
21 96 287
21 97 601
21 98 280
21 99 396
21 100 383
22 23 590
22 24 832
22 25 579
22 26 486
22 27 724
22 28 718
22 29 229
22 30 847
22 31 847
22 32 901
22 33 573
22 34 422
22 35 770
22 36 612
22 37 768
22 38 604
22 39 809
22 40 888
22 41 587
22 42 61
22 43 841
22 44 830
22 45 72
22 46 532
22 47 814
22 48 454
22 49 324
22 50 784
22 51 199
22 52 214
22 53 747
22 54 797
22 55 826
22 56 825
22 57 693
22 58 1114
22 59 968
22 60 938
22 61 726
22 62 187
22 63 719
22 64 798
22 65 774
22 66 568
22 67 285
22 68 665
22 69 1086
22 70 677
22 71 742
22 72 305
22 73 369
22 74 700
22 75 863
22 76 882
22 77 575
22 78 811
22 79 569
22 80 830
22 81 491
22 82 698
22 83 731
22 84 688
22 85 463
22 86 672
22 87 687
22 88 413
22 89 490
22 90 841
22 91 591
22 92 687
22 93 631
22 94 270
22 95 347
22 96 283
22 97 677
22 98 732
22 99 918
22 100 916
23 24 703
23 25 412
23 26 516
23 27 520
23 28 248
23 29 496
23 30 340
23 31 602
23 32 311
23 33 623
23 34 171
23 35 409
23 36 419
23 37 487
23 38 25
23 39 551
23 40 298
23 41 80
23 42 648
23 43 541
23 44 392
23 45 652
23 46 609
23 47 288
23 48 173
23 49 277
23 50 493
23 51 391
23 52 517
23 53 500
23 54 690
23 55 519
23 56 574
23 57 440
23 58 546
23 59 388
23 60 370
23 61 283
23 62 437
23 63 157
23 64 319
23 65 365
23 66 447
23 67 563
23 68 430
23 69 537
23 70 169
23 71 525
23 72 361
23 73 384
23 74 574
23 75 287
23 76 299
23 77 498
23 78 250
23 79 291
23 80 591
23 81 532
23 82 278
23 83 198
23 84 314
23 85 203
23 86 113
23 87 143
23 88 272
23 89 408
23 90 687
23 91 465
23 92 312
23 93 90
23 94 324
23 95 617
23 96 354
23 97 582
23 98 288
23 99 360
23 100 335
24 25 310
24 26 345
24 27 183
24 28 508
24 29 940
24 30 1016
24 31 160
24 32 833
24 33 277
24 34 725
24 35 347
24 36 1092
24 37 242
24 38 726
24 39 192
24 40 796
24 41 623
24 42 882
24 43 240
24 44 439
24 45 836
24 46 318
24 47 959
24 48 597
24 49 647
24 50 1194
24 51 752
24 52 946
24 53 1194
24 54 38
24 55 253
24 56 1272
24 57 1131
24 58 791
24 59 946
24 60 704
24 61 985
24 62 840
24 63 645
24 64 1010
24 65 409
24 66 1098
24 67 559
24 68 273
24 69 721
24 70 572
24 71 1215
24 72 869
24 73 942
24 74 143
24 75 890
24 76 874
24 77 265
24 78 650
24 79 968
24 80 157
24 81 341
24 82 982
24 83 593
24 84 1016
24 85 553
24 86 642
24 87 834
24 88 866
24 89 371
24 90 34
24 91 268
24 92 408
24 93 630
24 94 683
24 95 523
24 96 837
24 97 156
24 98 990
24 99 980
24 100 907
25 26 167
25 27 151
25 28 286
25 29 647
25 30 744
25 31 272
25 32 612
25 33 235
25 34 414
25 35 221
25 36 782
25 37 189
25 38 436
25 39 230
25 40 579
25 41 335
25 42 637
25 43 262
25 44 313
25 45 603
25 46 238
25 47 689
25 48 287
25 49 342
25 50 892
25 51 460
25 52 655
25 53 889
25 54 290
25 55 248
25 56 968
25 57 825
25 58 678
25 59 721
25 60 536
25 61 694
25 62 548
25 63 397
25 64 729
25 65 255
25 66 787
25 67 358
25 68 87
25 69 624
25 70 318
25 71 908
25 72 563
25 73 634
25 74 170
25 75 644
25 76 638
25 77 94
25 78 439
25 79 661
25 80 255
25 81 180
25 82 687
25 83 359
25 84 717
25 85 243
25 86 377
25 87 551
25 88 555
25 89 91
25 90 304
25 91 54
25 92 190
25 93 354
25 94 383
25 95 364
25 96 532
25 97 172
25 98 700
25 99 732
25 100 674
26 27 263
26 28 444
26 29 609
26 30 857
26 31 381
26 32 759
26 33 116
26 34 462
26 35 386
26 36 827
26 37 333
26 38 541
26 39 354
26 40 728
26 41 450
26 42 537
26 43 399
26 44 481
26 45 492
26 46 93
26 47 803
26 48 355
26 49 348
26 50 960
26 51 423
26 52 612
26 53 948
26 54 311
26 55 391
26 56 1030
26 57 883
26 58 845
26 59 863
26 60 698
26 61 787
26 62 509
26 63 539
26 64 833
26 65 422
26 66 819
26 67 221
26 68 243
26 69 792
26 70 462
26 71 962
26 72 559
26 73 639
26 74 218
26 75 778
26 76 776
26 77 103
26 78 594
26 79 718
26 80 364
26 81 16
26 82 774
26 83 510
26 84 795
26 85 316
26 86 511
26 87 659
26 88 585
26 89 110
26 90 355
26 91 139
26 92 355
26 93 479
26 94 367
26 95 206
26 96 524
26 97 192
26 98 793
26 99 862
26 100 814
27 28 329
27 29 798
27 30 832
27 31 123
27 32 659
27 33 265
27 34 553
27 35 183
27 36 915
27 37 87
27 38 543
27 39 90
27 40 622
27 41 440
27 42 780
27 43 138
27 44 285
27 45 742
27 46 290
27 47 776
27 48 424
27 49 492
27 50 1012
27 51 612
27 52 807
27 53 1014
27 54 176
27 55 135
27 56 1091
27 57 952
27 58 655
27 59 771
27 60 545
27 61 801
27 62 700
27 63 463
27 64 826
27 65 242
27 66 925
27 67 481
27 68 91
27 69 591
27 70 389
27 71 1036
27 72 713
27 73 781
27 74 87
27 75 710
27 76 696
27 77 160
27 78 476
27 79 790
27 80 106
27 81 269
27 82 799
27 83 414
27 84 834
27 85 381
27 86 458
27 87 650
27 88 697
27 89 235
27 90 167
27 91 133
27 92 227
27 93 446
27 94 535
27 95 469
27 96 682
27 97 119
27 98 807
27 99 800
27 100 731
28 29 691
28 30 512
28 31 380
28 32 333
28 33 521
28 34 369
28 35 173
28 36 668
28 37 270
28 38 264
28 39 330
28 40 297
28 41 180
28 42 779
28 43 307
28 44 144
28 45 765
28 46 523
28 47 456
28 48 272
28 49 399
28 50 728
28 51 539
28 52 708
28 53 741
28 54 506
28 55 286
28 56 810
28 57 684
28 58 413
28 59 444
28 60 255
28 61 502
28 62 611
28 63 138
28 64 513
28 65 120
28 66 696
28 67 585
28 68 253
28 69 374
28 70 79
28 71 769
28 72 568
28 73 610
28 74 405
28 75 381
28 76 367
28 77 380
28 78 153
28 79 539
28 80 372
28 81 459
28 82 507
28 83 85
28 84 549
28 85 255
28 86 149
28 87 345
28 88 503
28 89 339
28 90 485
28 91 335
28 92 104
28 93 158
28 94 456
28 95 614
28 96 550
28 97 425
28 98 506
28 99 471
28 100 402
29 30 678
29 31 917
29 32 788
29 33 716
29 34 329
29 35 791
29 36 393
29 37 819
29 38 501
29 39 872
29 40 784
29 41 524
29 42 253
29 43 891
29 44 825
29 45 298
29 46 679
29 47 655
29 48 422
29 49 311
29 50 567
29 51 188
29 52 23
29 53 526
29 54 911
29 55 872
29 56 601
29 57 476
29 58 1042
29 59 834
29 60 866
29 61 549
29 62 100
29 63 648
29 64 623
29 65 776
29 66 343
29 67 459
29 68 721
29 69 1030
29 70 630
29 71 517
29 72 136
29 73 160
29 74 799
29 75 730
29 76 756
29 77 675
29 78 744
29 79 376
29 80 901
29 81 619
29 82 518
29 83 676
29 84 497
29 85 451
29 86 601
29 87 551
29 88 246
29 89 571
29 90 942
29 91 676
29 92 694
29 93 564
29 94 263
29 95 531
29 96 143
29 97 784
29 98 554
29 99 768
29 100 784
30 31 891
30 32 265
30 33 963
30 34 448
30 35 684
30 36 367
30 37 781
30 38 315
30 39 842
30 40 295
30 41 410
30 42 897
30 43 818
30 44 625
30 45 917
30 46 949
30 47 56
30 48 509
30 49 584
30 50 301
30 51 656
30 52 702
30 53 342
30 54 1008
30 55 797
30 56 375
30 57 318
30 58 558
30 59 219
30 60 441
30 61 130
30 62 665
30 63 373
30 64 57
30 65 626
30 66 430
30 67 888
30 68 747
30 69 593
30 70 443
30 71 379
30 72 552
30 73 520
30 74 898
30 75 167
30 76 202
30 77 835
30 78 401
30 79 307
30 80 884
30 81 873
30 82 163
30 83 428
30 84 198
30 85 542
30 86 373
30 87 197
30 88 438
30 89 749
30 90 995
30 91 798
30 92 607
30 93 391
30 94 616
30 95 947
30 96 567
30 97 911
30 98 126
30 99 123
30 100 197
31 32 690
31 33 361
31 34 658
31 35 207
31 36 1011
31 37 114
31 38 623
31 39 51
31 40 652
31 41 522
31 42 903
31 43 82
31 44 287
31 45 865
31 46 393
31 47 835
31 48 529
31 49 609
31 50 1095
31 51 732
31 52 927
31 53 1102
31 54 180
31 55 99
31 56 1176
31 57 1041
31 58 631
31 59 802
31 60 551
31 61 876
31 62 820
31 63 518
31 64 892
31 65 267
31 66 1026
31 67 601
31 68 197
31 69 560
31 70 452
31 71 1126
31 72 827
31 73 892
31 74 172
31 75 754
31 76 736
31 77 279
31 78 508
31 79 884
31 80 17
31 81 384
31 82 877
31 83 463
31 84 916
31 85 488
31 86 524
31 87 721
31 88 803
31 89 358
31 90 128
31 91 256
31 92 291
31 93 520
31 94 654
31 95 584
31 96 798
31 97 206
31 98 881
31 99 844
31 100 767
32 33 847
32 34 479
32 35 486
32 36 581
32 37 591
32 38 297
32 39 646
32 40 38
32 41 333
32 42 959
32 43 610
32 44 405
32 45 963
32 46 845
32 47 225
32 48 469
32 49 587
32 50 558
32 51 702
32 52 811
32 53 592
32 54 834
32 55 591
32 56 636
32 57 555
32 58 300
32 59 112
32 60 178
32 61 339
32 62 742
32 63 220
32 64 301
32 65 425
32 66 634
32 67 855
32 68 587
32 69 328
32 70 296
32 71 628
32 72 652
32 73 652
32 74 738
32 75 98
32 76 63
32 77 707
32 78 183
32 79 479
32 80 686
32 81 775
32 82 364
32 83 253
32 84 412
32 85 484
32 86 254
32 87 243
32 88 545
32 89 648
32 90 807
32 91 664
32 92 437
32 93 292
32 94 635
32 95 900
32 96 652
32 97 758
32 98 339
32 99 167
32 100 80
33 34 578
33 35 427
33 36 944
33 37 349
33 38 648
33 39 350
33 40 814
33 41 553
33 42 618
33 43 402
33 44 529
33 45 568
33 46 42
33 47 909
33 48 468
33 49 465
33 50 1075
33 51 533
33 52 717
33 53 1064
33 54 239
33 55 400
33 56 1147
33 57 1000
33 58 901
33 59 954
33 60 768
33 61 898
33 62 618
33 63 630
33 64 942
33 65 475
33 66 936
33 67 290
33 68 284
33 69 842
33 70 552
33 71 1078
33 72 674
33 73 754
33 74 188
33 75 874
33 76 870
33 77 141
33 78 674
33 79 834
33 80 345
33 81 102
33 82 887
33 83 594
33 84 910
33 85 428
33 86 607
33 87 766
33 88 701
33 89 214
33 90 297
33 91 186
33 92 422
33 93 578
33 94 482
33 95 247
33 96 638
33 97 154
33 98 905
33 99 961
33 100 907
34 35 495
34 36 370
34 37 547
34 38 182
34 39 608
34 40 469
34 41 195
34 42 479
34 43 613
34 44 509
34 45 487
34 46 554
34 47 406
34 48 129
34 49 137
34 50 498
34 51 223
34 52 349
34 53 486
34 54 704
34 55 592
34 56 568
34 57 421
34 58 715
34 59 546
34 60 538
34 61 347
34 62 266
34 63 319
34 64 408
34 65 468
34 66 373
34 67 444
34 68 464
34 69 700
34 70 302
34 71 501
34 72 200
34 73 243
34 74 584
34 75 441
34 76 460
34 77 480
34 78 414
34 79 255
34 80 643
34 81 477
34 82 327
34 83 347
34 84 340
34 85 172
34 86 271
34 87 268
34 88 145
34 89 373
34 90 716
34 91 460
34 92 393
34 93 234
34 94 168
34 95 508
34 96 186
34 97 582
34 98 354
34 99 502
34 100 493
35 36 826
35 37 105
35 38 428
35 39 160
35 40 448
35 41 332
35 42 831
35 43 134
35 44 103
35 45 804
35 46 442
35 47 628
35 48 374
35 49 481
35 50 898
35 51 619
35 52 805
35 53 908
35 54 351
35 55 113
35 56 980
35 57 849
35 58 476
35 59 599
35 60 362
35 61 674
35 62 701
35 63 311
35 64 687
35 65 61
35 66 848
35 67 577
35 68 144
35 69 415
35 70 249
35 71 935
35 72 683
35 73 738
35 74 270
35 75 547
35 76 529
35 77 294
35 78 303
35 79 698
35 80 201
35 81 397
35 82 677
35 83 256
35 84 718
35 85 340
35 86 320
35 87 518
35 88 638
35 89 307
35 90 320
35 91 249
35 92 101
35 93 322
35 94 534
35 95 585
35 96 658
35 97 298
35 98 679
35 99 637
35 100 561
36 37 897
36 38 404
36 39 960
36 40 596
36 41 494
36 42 645
36 43 956
36 44 810
36 45 684
36 46 917
36 47 374
36 48 495
36 49 482
36 50 173
36 51 469
36 52 415
36 53 135
36 54 1072
36 55 934
36 56 216
36 57 83
36 58 879
36 59 576
36 60 725
36 61 247
36 62 429
36 63 556
36 64 310
36 65 785
36 66 64
36 67 764
36 68 825
36 69 895
36 70 588
36 71 137
36 72 316
36 73 243
36 74 952
36 75 491
36 76 527
36 77 851
36 78 633
36 79 128
36 80 998
36 81 842
36 82 218
36 83 608
36 84 173
36 85 539
36 86 524
36 87 357
36 88 245
36 89 743
36 90 1081
36 91 830
36 92 727
36 93 509
36 94 479
36 95 835
36 96 348
36 97 952
36 98 249
36 99 486
36 100 540
37 38 509
37 39 63
37 40 553
37 41 408
37 42 826
37 43 73
37 44 202
37 45 792
37 46 372
37 47 725
37 48 420
37 49 508
37 50 981
37 51 637
37 52 830
37 53 987
37 54 246
37 55 59
37 56 1061
37 57 927
37 58 570
37 59 703
37 60 466
37 61 762
37 62 723
37 63 408
37 64 780
37 65 166
37 66 913
37 67 543
37 68 102
37 69 505
37 70 339
37 71 1012
37 72 722
37 73 784
37 74 174
37 75 649
37 76 632
37 77 232
37 78 407
37 79 770
37 80 103
37 81 341
37 82 763
37 83 354
37 84 801
37 85 380
37 86 411
37 87 607
37 88 692
37 89 280
37 90 216
37 91 194
37 92 177
37 93 406
37 94 556
37 95 539
37 96 694
37 97 206
37 98 767
37 99 739
37 100 665
38 39 572
38 40 286
38 41 103
38 42 661
38 43 560
38 44 406
38 45 667
38 46 634
38 47 263
38 48 196
38 49 296
38 50 472
38 51 405
38 52 522
38 53 480
38 54 714
38 55 539
38 56 553
38 57 421
38 58 543
38 59 369
38 60 368
38 61 259
38 62 447
38 63 161
38 64 294
38 65 382
38 66 435
38 67 585
38 68 453
38 69 536
38 70 184
38 71 506
38 72 365
38 73 383
38 74 598
38 75 267
38 76 281
38 77 523
38 78 252
38 79 276
38 80 612
38 81 557
38 82 255
38 83 207
38 84 292
38 85 227
38 86 122
38 87 118
38 88 271
38 89 434
38 90 710
38 91 490
38 92 332
38 93 106
38 94 341
38 95 640
38 96 360
38 97 607
38 98 264
38 99 338
38 100 316
39 40 608
39 41 471
39 42 866
39 43 54
39 44 247
39 45 830
39 46 378
39 47 786
39 48 479
39 49 562
39 50 1044
39 51 688
39 52 882
39 53 1051
39 54 203
39 55 62
39 56 1125
39 57 990
39 58 603
39 59 758
39 60 512
39 61 825
39 62 775
39 63 469
39 64 842
39 65 221
39 66 975
39 67 572
39 68 151
39 69 534
39 70 401
39 71 1075
39 72 779
39 73 843
39 74 162
39 75 707
39 76 689
39 77 251
39 78 463
39 79 833
39 80 41
39 81 360
39 82 826
39 83 414
39 84 864
39 85 439
39 86 473
39 87 670
39 88 753
39 89 319
39 90 163
39 91 222
39 92 240
39 93 469
39 94 608
39 95 560
39 96 750
39 97 196
39 98 830
39 99 797
39 100 721
40 41 311
40 42 946
40 43 572
40 44 366
40 45 948
40 46 813
40 47 251
40 48 449
40 49 570
40 50 582
40 51 689
40 52 806
40 53 615
40 54 797
40 55 553
40 56 662
40 57 575
40 58 283
40 59 150
40 60 145
40 61 359
40 62 734
40 63 191
40 64 327
40 65 387
40 66 647
40 67 831
40 68 551
40 69 303
40 70 265
40 71 650
40 72 648
40 73 653
40 74 702
40 75 128
40 76 96
40 77 674
40 78 146
40 79 489
40 80 648
40 81 744
40 82 382
40 83 219
40 84 431
40 85 461
40 86 229
40 87 248
40 88 544
40 89 618
40 90 769
40 91 630
40 92 401
40 93 269
40 94 620
40 95 874
40 96 646
40 97 723
40 98 360
40 99 204
40 100 118
41 42 647
41 43 462
41 44 324
41 45 643
41 46 542
41 47 355
41 48 138
41 49 263
41 50 573
41 51 394
41 52 543
41 53 579
41 54 611
41 55 441
41 56 654
41 57 519
41 58 528
41 59 425
41 60 351
41 61 362
41 62 454
41 63 132
41 64 394
41 65 292
41 66 518
41 67 522
41 68 350
41 69 508
41 70 107
41 71 604
41 72 395
41 73 432
41 74 495
41 75 332
41 76 336
41 77 424
41 78 225
41 79 366
41 80 511
41 81 467
41 82 358
41 83 152
41 84 394
41 85 151
41 86 85
41 87 216
41 88 323
41 89 340
41 90 607
41 91 389
41 92 233
41 93 43
41 94 317
41 95 569
41 96 381
41 97 505
41 98 367
41 99 413
41 100 373
42 43 899
42 44 891
42 45 60
42 46 576
42 47 865
42 48 515
42 49 385
42 50 818
42 51 256
42 52 233
42 53 779
42 54 847
42 55 884
42 56 854
42 57 727
42 58 1175
42 59 1024
42 60 999
42 61 774
42 62 232
42 63 780
42 64 846
42 65 835
42 66 596
42 67 328
42 68 723
42 69 1148
42 70 738
42 71 770
42 72 348
42 73 404
42 74 753
42 75 919
42 76 939
42 77 629
42 78 872
42 79 611
42 80 886
42 81 540
42 82 744
42 83 792
42 84 732
42 85 524
42 86 732
42 87 741
42 88 460
42 89 546
42 90 893
42 91 647
42 92 748
42 93 691
42 94 330
42 95 383
42 96 329
42 97 729
42 98 780
42 99 972
42 100 971
43 44 206
43 45 865
43 46 429
43 47 762
43 48 487
43 49 579
43 50 1031
43 51 710
43 52 902
43 53 1041
43 54 254
43 55 21
43 56 1113
43 57 981
43 58 551
43 59 721
43 60 469
43 61 808
43 62 796
43 63 445
43 64 821
43 65 191
43 66 975
43 67 613
43 68 176
43 69 482
43 70 383
43 71 1067
43 72 791
43 73 852
43 74 216
43 75 677
43 76 657
43 77 296
43 78 429
43 79 828
43 80 82
43 81 406
43 82 812
43 83 389
43 84 852
43 85 448
43 86 455
43 87 652
43 88 757
43 89 353
43 90 208
43 91 262
43 92 228
43 93 455
43 94 628
43 95 605
43 96 764
43 97 250
43 98 813
43 99 766
43 100 688
44 45 870
44 46 542
44 47 571
44 48 402
44 49 523
44 50 863
44 51 664
44 52 841
44 53 879
44 54 447
44 55 188
44 56 945
44 57 823
44 58 373
44 59 515
44 60 265
44 61 633
44 62 740
44 63 263
44 64 635
44 65 59
44 66 840
44 67 659
44 68 244
44 69 313
44 70 222
44 71 908
44 72 706
44 73 752
44 74 372
44 75 476
44 76 454
44 77 393
44 78 227
44 79 683
44 80 285
44 81 493
44 82 641
44 83 207
44 84 685
44 85 377
44 86 287
44 87 478
44 88 646
44 89 392
44 90 410
44 91 348
44 92 143
44 93 301
44 94 579
44 95 674
44 96 686
44 97 400
44 98 637
44 99 564
44 100 483
45 46 526
45 47 883
45 48 508
45 49 380
45 50 856
45 51 264
45 52 281
45 53 819
45 54 800
45 55 852
45 56 896
45 57 765
45 58 1167
45 59 1034
45 60 992
45 61 797
45 62 259
45 63 776
45 64 869
45 65 812
45 66 639
45 67 277
45 68 690
45 69 1136
45 70 729
45 71 813
45 72 377
45 73 441
45 74 710
45 75 929
45 76 947
45 77 588
45 78 866
45 79 641
45 80 847
45 81 494
45 82 769
45 83 783
45 84 760
45 85 512
45 86 729
45 87 754
45 88 485
45 89 512
45 90 848
45 91 608
45 92 726
45 93 687
45 94 328
45 95 328
45 96 354
45 97 685
45 98 804
45 99 986
45 100 981
46 47 896
46 48 449
46 49 435
46 50 1052
46 51 497
46 52 679
46 53 1039
46 54 280
46 55 425
46 56 1122
46 57 974
46 58 913
46 59 951
46 60 774
46 61 880
46 62 580
46 63 626
46 64 926
46 65 487
46 66 906
46 67 248
46 68 298
46 69 856
46 70 548
46 71 1052
46 72 640
46 73 721
46 74 220
46 75 867
46 76 865
46 77 149
46 78 675
46 79 809
46 80 377
46 81 77
46 82 867
46 83 593
46 84 889
46 85 410
46 86 600
46 87 752
46 88 673
46 89 201
46 90 337
46 91 195
46 92 428
46 93 570
46 94 449
46 95 206
46 96 604
46 97 187
46 98 886
46 99 953
46 100 902
47 48 458
47 49 540
47 50 332
47 51 620
47 52 679
47 53 368
47 54 952
47 55 741
47 56 411
47 57 336
47 58 524
47 59 202
47 60 396
47 61 126
47 62 635
47 63 317
47 64 75
47 65 571
47 66 433
47 67 842
47 68 691
47 69 554
47 70 387
47 71 404
47 72 526
47 73 501
47 74 842
47 75 127
47 76 163
47 77 780
47 78 348
47 79 295
47 80 828
47 81 820
47 82 157
47 83 372
47 84 200
47 85 491
47 86 317
47 87 146
47 88 411
47 89 695
47 90 938
47 91 743
47 92 551
47 93 335
47 94 575
47 95 900
47 96 537
47 97 855
47 98 124
47 99 116
47 100 168
48 49 130
48 50 610
48 51 268
48 52 438
48 53 604
48 54 577
48 55 466
48 56 685
48 57 540
48 58 659
48 59 557
48 60 484
48 61 431
48 62 339
48 63 268
48 64 480
48 65 354
48 66 501
48 67 390
48 68 335
48 69 632
48 70 223
48 71 622
48 72 308
48 73 365
48 74 457
48 75 458
48 76 467
48 77 359
48 78 358
48 79 375
48 80 515
48 81 372
48 82 418
48 83 276
48 84 441
48 85 43
48 86 223
48 87 312
48 88 273
48 89 256
48 90 588
48 91 335
48 92 274
48 93 181
48 94 186
48 95 443
48 96 285
48 97 457
48 98 437
48 99 534
48 100 504
49 50 624
49 51 140
49 52 324
49 53 607
49 54 621
49 55 561
49 56 690
49 57 543
49 58 789
49 59 665
49 60 613
49 61 485
49 62 219
49 63 395
49 64 546
49 65 471
49 66 471
49 67 306
49 68 411
49 69 763
49 70 353
49 71 618
49 72 221
49 73 296
49 74 504
49 75 563
49 76 576
49 77 388
49 78 487
49 79 380
49 80 593
49 81 362
49 82 464
49 83 406
49 84 475
49 85 146
49 86 349
49 87 398
49 88 237
49 89 278
49 90 645
49 91 379
49 92 386
49 93 307
49 94 56
49 95 371
49 96 190
49 97 495
49 98 491
49 99 630
49 100 612
50 51 632
50 52 588
50 53 53
50 54 1178
50 55 1010
50 56 82
50 57 90
50 58 856
50 59 520
50 60 725
50 61 232
50 62 599
50 63 599
50 64 257
50 65 848
50 66 228
50 67 919
50 68 921
50 69 886
50 70 649
50 71 87
50 72 484
50 73 414
50 74 1060
50 75 460
50 76 496
50 77 969
50 78 658
50 79 243
50 80 1084
50 81 975
50 82 221
50 83 655
50 84 179
50 85 653
50 86 579
50 87 385
50 88 397
50 89 866
50 90 1179
50 91 943
50 92 804
50 93 576
50 94 631
50 95 989
50 96 514
50 97 1064
50 98 229
50 99 423
50 100 497
51 52 195
51 53 603
51 54 722
51 55 692
51 56 686
51 57 543
51 58 923
51 59 770
51 60 746
51 61 541
51 62 88
51 63 526
51 64 610
51 65 611
51 66 440
51 67 300
51 68 537
51 69 900
51 70 490
51 71 606
51 72 156
51 73 237
51 74 610
51 75 665
51 76 683
51 77 487
51 78 620
51 79 398
51 80 716
51 81 434
51 82 514
51 83 542
51 84 512
51 85 286
51 86 478
51 87 489
51 88 238
51 89 382
51 90 754
51 91 488
51 92 526
51 93 437
51 94 84
51 95 373
51 96 121
51 97 596
51 98 547
51 99 722
51 100 717
52 53 547
52 54 916
52 55 884
52 56 621
52 57 498
52 58 1063
52 59 857
52 60 887
52 61 573
52 62 107
52 63 668
52 64 647
52 65 792
52 66 364
52 67 455
52 68 731
52 69 1050
52 70 648
52 71 537
52 72 158
52 73 184
52 74 805
52 75 754
52 76 779
52 77 681
52 78 764
52 79 400
52 80 910
52 81 621
52 82 541
52 83 695
52 84 521
52 85 465
52 86 621
52 87 574
52 88 270
52 89 578
52 90 949
52 91 683
52 92 709
52 93 583
52 94 274
52 95 526
52 96 162
52 97 790
52 98 578
52 99 792
52 100 808
53 54 1178
53 55 1019
53 56 83
53 57 64
53 58 892
53 59 561
53 60 755
53 61 257
53 62 565
53 63 616
53 64 293
53 65 861
53 66 183
53 67 896
53 68 923
53 69 918
53 70 662
53 71 37
53 72 452
53 73 379
53 74 1058
53 75 495
53 76 532
53 77 963
53 78 681
53 79 230
53 80 1090
53 81 963
53 82 241
53 83 672
53 84 194
53 85 648
53 86 592
53 87 403
53 88 374
53 89 858
53 90 1181
53 91 939
53 92 812
53 93 586
53 94 609
53 95 967
53 96 483
53 97 1061
53 98 255
53 99 465
53 100 535
54 55 265
54 56 1256
54 57 1114
54 58 806
54 59 947
54 60 712
54 61 973
54 62 810
54 63 640
54 64 1001
54 65 412
54 66 1077
54 67 523
54 68 262
54 69 737
54 70 566
54 71 1198
54 72 843
54 73 917
54 74 119
54 75 887
54 76 873
54 77 235
54 78 651
54 79 950
54 80 173
54 81 306
54 82 969
54 83 590
54 84 1002
54 85 533
54 86 635
54 87 824
54 88 843
54 89 343
54 90 65
54 91 244
54 92 404
54 93 620
54 94 655
54 95 486
54 96 810
54 97 126
54 98 979
54 99 977
54 100 907
55 56 1091
55 57 960
55 58 540
55 59 703
55 60 452
55 61 787
55 62 778
55 63 424
55 64 800
55 65 170
55 66 953
55 67 603
55 68 161
55 69 472
55 70 361
55 71 1045
55 72 772
55 73 832
55 74 217
55 75 657
55 76 637
55 77 289
55 78 410
55 79 806
55 80 97
55 81 398
55 82 790
55 83 368
55 84 830
55 85 428
55 86 433
55 87 631
55 88 737
55 89 340
55 90 223
55 91 253
55 92 207
55 93 433
55 94 610
55 95 597
55 96 745
55 97 251
55 98 792
55 99 746
55 100 668
56 57 147
56 58 933
56 59 592
56 60 805
56 61 314
56 62 645
56 63 682
56 64 335
56 65 930
56 66 257
56 67 979
56 68 1000
56 69 965
56 70 731
56 71 83
56 72 533
56 73 458
56 74 1137
56 75 537
56 76 574
56 77 1044
56 78 740
56 79 312
56 80 1165
56 81 1046
56 82 304
56 83 738
56 84 261
56 85 728
56 86 661
56 87 467
56 88 457
56 89 940
56 90 1258
56 91 1019
56 92 886
56 93 657
56 94 692
56 95 1050
56 96 565
56 97 1140
56 98 311
56 99 495
56 100 573
57 58 856
57 59 535
57 60 712
57 61 216
57 62 509
57 63 563
57 64 265
57 65 803
57 66 142
57 67 834
57 68 861
57 69 878
57 70 604
57 71 85
57 72 394
57 73 323
57 74 995
57 75 460
57 76 497
57 77 899
57 78 631
57 79 166
57 80 1029
57 81 899
57 82 194
57 83 617
57 84 145
57 85 584
57 86 536
57 87 352
57 88 311
57 89 794
57 90 1119
57 91 875
57 92 753
57 93 527
57 94 546
57 95 904
57 96 424
57 97 997
57 98 215
57 99 441
57 100 504
58 59 350
58 60 177
58 61 640
58 62 980
58 63 397
58 64 599
58 65 426
58 66 930
58 67 999
58 68 616
58 69 74
58 70 437
58 71 928
58 72 908
58 73 923
58 74 743
58 75 397
58 76 360
58 77 764
58 78 303
58 79 771
58 80 634
58 81 858
58 82 664
58 83 383
58 84 713
58 85 655
58 86 445
58 87 529
58 88 812
58 89 746
58 90 759
58 91 718
58 92 490
58 93 485
58 94 844
58 95 1026
58 96 900
58 97 773
58 98 640
58 99 443
58 100 360
59 60 273
59 61 328
59 62 800
59 63 324
59 64 270
59 65 537
59 66 635
59 67 947
59 68 698
59 69 396
59 70 402
59 71 598
59 72 700
59 73 688
59 74 850
59 75 105
59 76 89
59 77 816
59 78 296
59 79 493
59 80 798
59 81 879
59 82 359
59 83 363
59 84 403
59 85 577
59 86 353
59 87 284
59 88 588
59 89 752
59 90 919
59 91 773
59 92 548
59 93 388
59 94 710
59 95 995
59 96 705
59 97 869
59 98 327
59 99 96
59 100 53
60 61 497
60 62 803
60 63 220
60 64 471
60 65 303
60 66 771
60 67 836
60 68 488
60 69 171
60 70 265
60 71 789
60 72 732
60 73 751
60 74 630
60 75 274
60 76 240
60 77 627
60 78 126
60 79 610
60 80 549
60 81 713
60 82 517
60 83 210
60 84 566
60 85 483
60 86 268
60 87 369
60 88 639
60 89 594
60 90 675
60 91 582
60 92 346
60 93 308
60 94 668
60 95 868
60 96 724
60 97 656
60 98 499
60 99 346
60 100 257
61 62 541
61 63 369
61 64 74
61 65 622
61 66 306
61 67 791
61 68 712
61 69 663
61 70 425
61 71 291
61 72 427
61 73 390
61 74 857
61 75 246
61 76 282
61 77 779
61 78 426
61 79 176
61 80 866
61 81 803
61 82 32
61 83 426
61 84 74
61 85 470
61 86 353
61 87 156
61 88 313
61 89 684
61 90 968
61 91 748
61 92 585
61 93 356
61 94 510
61 95 855
61 96 444
61 97 865
61 98 6
61 99 241
61 100 292
62 63 583
62 64 614
62 65 690
62 66 390
62 67 369
62 68 624
62 69 962
62 70 555
62 71 563
62 72 118
62 73 187
62 74 699
62 75 695
62 76 717
62 77 575
62 78 678
62 79 382
62 80 803
62 81 519
62 82 512
62 83 605
62 84 501
62 85 363
62 86 535
62 87 515
62 88 228
62 89 471
62 90 842
62 91 576
62 92 606
62 93 495
62 94 167
62 95 441
62 96 97
62 97 684
62 98 547
62 99 743
62 100 748
63 64 376
63 65 255
63 66 592
63 67 641
63 68 382
63 69 381
63 70 78
63 71 647
63 72 515
63 73 541
63 74 535
63 75 249
63 76 240
63 77 492
63 78 95
63 79 431
63 80 510
63 81 555
63 82 378
63 83 56
63 84 422
63 85 274
63 86 47
63 87 214
63 88 429
63 89 428
63 90 623
63 91 450
63 92 236
63 93 88
63 94 449
63 95 683
63 96 505
63 97 552
63 98 373
63 99 338
63 100 277
64 65 631
64 66 372
64 67 852
64 68 739
64 69 629
64 70 440
64 71 330
64 72 500
64 73 465
64 74 888
64 75 202
64 76 239
64 77 817
64 78 416
64 79 251
64 80 883
64 81 849
64 82 106
64 83 432
64 84 140
64 85 516
64 86 369
64 87 177
64 88 386
64 89 727
64 90 991
64 91 783
64 92 604
64 93 380
64 94 574
64 95 913
64 96 516
64 97 898
64 98 69
64 99 176
64 100 242
65 66 810
65 67 599
65 68 190
65 69 369
65 70 199
65 71 888
65 72 661
65 73 711
65 74 327
65 75 487
65 76 468
65 77 337
65 78 241
65 79 656
65 80 262
65 81 435
65 82 627
65 83 199
65 84 669
65 85 326
65 86 269
65 87 465
65 88 608
65 89 332
65 90 382
65 91 291
65 92 86
65 93 276
65 94 526
65 95 615
65 96 639
65 97 353
65 98 626
65 99 576
65 100 500
66 67 739
66 68 836
66 69 942
66 70 617
66 71 174
66 72 284
66 73 204
66 74 957
66 75 547
66 76 582
66 77 850
66 78 674
66 79 162
66 80 1013
66 81 833
66 82 276
66 83 642
66 84 233
66 85 545
66 86 557
66 87 402
66 88 235
66 89 741
66 90 1090
66 91 833
66 92 747
66 93 538
66 94 461
66 95 811
66 96 318
66 97 954
66 98 309
66 99 547
66 100 597
67 68 445
67 69 956
67 70 575
67 71 901
67 72 456
67 73 538
67 74 438
67 75 849
67 76 857
67 77 322
67 78 717
67 79 678
67 80 584
67 81 220
67 82 771
67 83 630
67 84 779
67 85 370
67 86 601
67 87 697
67 88 522
67 89 269
67 90 573
67 91 350
67 92 519
67 93 562
67 94 289
67 95 72
67 96 421
67 97 411
67 98 798
67 99 924
67 100 894
68 69 558
68 70 306
68 71 945
68 72 629
68 73 695
68 74 152
68 75 631
68 76 619
68 77 149
68 78 405
68 79 699
68 80 182
68 81 254
68 82 709
68 83 336
68 84 743
68 85 293
68 86 373
68 87 561
68 88 608
68 89 178
68 90 258
68 91 105
68 92 149
68 93 358
68 94 457
68 95 446
68 96 600
68 97 171
68 98 717
68 99 721
68 100 655
69 70 409
69 71 954
69 72 897
69 73 919
69 74 679
69 75 427
69 76 391
69 77 707
69 78 286
69 79 781
69 80 564
69 81 805
69 82 684
69 83 357
69 84 733
69 85 624
69 86 429
69 87 539
69 88 808
69 89 697
69 90 689
69 91 661
69 92 440
69 93 466
69 94 819
69 95 979
69 96 887
69 97 710
69 98 664
69 99 484
69 100 398
70 71 689
70 72 502
70 73 539
70 74 458
70 75 326
70 76 319
70 77 413
70 78 141
70 79 460
70 80 443
70 81 479
70 82 428
70 83 54
70 84 470
70 85 218
70 86 72
70 87 269
70 88 430
70 89 352
70 90 551
70 91 371
70 92 163
70 93 79
70 94 409
70 95 613
70 96 487
70 97 474
70 98 430
70 99 416
70 100 355
71 72 452
71 73 375
71 74 1078
71 75 531
71 76 568
71 77 980
71 78 713
71 79 247
71 80 1114
71 81 977
71 82 273
71 83 701
71 84 225
71 85 666
71 86 621
71 87 434
71 88 382
71 89 874
71 90 1203
71 91 958
71 92 838
71 93 613
71 94 616
71 95 973
71 96 485
71 97 1079
71 98 290
71 99 502
71 100 572
72 73 82
72 74 726
72 75 596
72 76 621
72 77 608
72 78 611
72 79 264
72 80 811
72 81 571
72 82 397
72 83 546
72 84 384
72 85 343
72 86 469
72 87 416
72 88 114
72 89 499
72 90 867
72 91 600
72 92 582
72 93 433
72 94 191
72 95 528
72 96 35
72 97 716
72 98 433
72 99 637
72 100 650
73 74 799
73 75 586
73 76 614
73 77 684
73 78 634
73 79 216
73 80 877
73 81 652
73 82 359
73 83 578
73 84 337
73 85 404
73 86 496
73 87 410
73 88 111
73 89 574
73 90 938
73 91 674
73 92 636
73 93 465
73 94 271
73 95 611
73 96 118
73 97 791
73 98 395
73 99 616
73 100 640
74 75 784
74 76 772
74 77 125
74 78 556
74 79 831
74 80 157
74 81 218
74 82 852
74 83 488
74 84 884
74 85 413
74 86 525
74 87 710
74 88 724
74 89 228
74 90 143
74 91 125
74 92 301
74 93 508
74 94 540
74 95 415
74 96 694
74 97 34
74 98 863
74 99 873
74 100 807
75 76 36
75 77 738
75 78 248
75 79 398
75 80 748
75 81 794
75 82 273
75 83 296
75 84 320
75 85 481
75 86 267
75 87 179
75 88 484
75 89 667
75 90 866
75 91 698
75 92 483
75 93 298
75 94 606
75 95 900
75 96 600
75 97 801
75 98 245
75 99 90
75 100 54
76 77 732
76 78 227
76 79 431
76 80 730
76 81 793
76 82 308
76 83 283
76 84 356
76 85 487
76 86 265
76 87 205
76 88 511
76 89 665
76 90 849
76 91 691
76 92 471
76 93 299
76 94 622
76 95 906
76 96 624
76 97 790
76 98 281
76 99 110
76 100 37
77 78 533
77 79 733
77 80 262
77 81 109
77 82 770
77 83 454
77 84 798
77 85 316
77 86 471
77 87 640
77 88 615
77 89 109
77 90 268
77 91 45
77 92 281
77 93 446
77 94 419
77 95 309
77 96 575
77 97 109
77 98 785
77 99 826
77 100 769
78 79 512
78 80 503
78 81 609
78 82 439
78 83 87
78 84 487
78 85 358
78 86 143
78 87 279
78 88 522
78 89 486
78 90 624
78 91 489
78 92 256
78 93 182
78 94 542
78 95 753
78 96 601
78 97 577
78 98 429
78 99 336
78 100 258
79 80 871
79 81 733
79 82 144
79 83 482
79 84 121
79 85 418
79 86 397
79 87 242
79 88 160
79 89 628
79 90 957
79 91 710
79 92 599
79 93 381
79 94 388
79 95 747
79 96 287
79 97 832
79 98 181
79 99 412
79 100 450
80 81 367
80 82 867
80 83 456
80 84 905
80 85 474
80 86 515
80 87 711
80 88 788
80 89 341
80 90 126
80 91 239
80 92 281
80 93 510
80 94 637
80 95 567
80 96 782
80 97 191
80 98 871
80 99 838
80 100 762
81 82 790
81 83 526
81 84 811
81 85 333
81 86 527
81 87 676
81 88 599
81 89 127
81 90 353
81 91 149
81 92 369
81 93 496
81 94 380
81 95 200
81 96 536
81 97 190
81 98 809
81 99 879
81 100 830
82 83 434
82 84 48
82 85 458
82 86 357
82 87 163
82 88 284
82 89 673
82 90 966
82 91 740
82 92 586
82 93 357
82 94 487
82 95 835
82 96 415
82 97 859
82 98 37
82 99 272
82 100 321
83 84 478
83 85 273
83 86 85
83 87 270
83 88 468
83 89 401
83 90 570
83 91 411
83 92 187
83 93 113
83 94 462
83 95 666
83 96 533
83 97 507
83 98 430
83 99 386
83 100 318
84 85 483
84 86 400
84 87 209
84 88 276
84 89 697
84 90 1001
84 91 769
84 92 625
84 93 396
84 94 492
84 95 846
84 96 405
84 97 889
84 98 76
84 99 314
84 100 367
85 86 232
85 87 345
85 88 315
85 89 214
85 90 544
85 91 291
85 92 243
85 93 191
85 94 202
85 95 418
85 96 317
85 97 413
85 98 476
85 99 560
85 100 524
86 87 197
86 88 385
86 89 400
86 90 622
86 91 432
86 92 234
86 93 41
86 94 402
86 95 645
86 96 458
86 97 539
86 98 358
86 99 354
86 100 302
87 88 305
87 89 552
87 90 815
87 91 605
87 92 430
87 93 203
87 94 437
87 95 754
87 96 421
87 97 720
87 98 160
87 99 233
87 100 233
88 89 506
88 90 859
88 91 599
88 92 536
88 93 354
88 94 234
88 95 592
88 96 130
88 97 720
88 98 319
88 99 522
88 100 538
89 90 371
89 91 105
89 92 257
89 93 369
89 94 311
89 95 282
89 96 466
89 97 217
89 98 690
89 99 752
89 100 703
90 91 266
90 92 387
90 93 612
90 94 682
90 95 541
90 96 835
90 97 163
90 98 973
90 99 956
90 100 882
91 92 236
91 93 408
91 94 415
91 95 345
91 96 568
91 97 121
91 98 753
91 99 786
91 100 727
92 93 229
92 94 441
92 95 539
92 96 559
92 97 321
92 98 590
92 99 573
92 100 505
93 94 361
93 95 607
93 96 421
93 97 519
93 98 361
93 99 383
93 100 337
94 95 358
94 96 157
94 97 528
94 98 516
94 99 670
94 100 657
95 96 493
95 97 384
95 98 862
95 99 977
95 100 943
96 97 683
96 98 450
96 99 646
96 100 654
97 98 871
97 99 890
97 100 826
98 99 238
98 100 291
99 100 88
