100 4950
1 2 518
1 3 523
1 4 468
1 5 498
1 6 367
1 7 381
1 8 343
1 9 554
1 10 360
1 11 372
1 12 600
1 13 151
1 14 584
1 15 431
1 16 265
1 17 354
1 18 363
1 19 174
1 20 491
1 21 92
1 22 387
1 23 101
1 24 426
1 25 656
1 26 340
1 27 410
1 28 674
1 29 164
1 30 143
1 31 625
1 32 425
1 33 463
1 34 467
1 35 234
1 36 295
1 37 282
1 38 537
1 39 593
1 40 450
1 41 313
1 42 450
1 43 479
1 44 475
1 45 175
1 46 637
1 47 452
1 48 545
1 49 374
1 50 111
1 51 593
1 52 469
1 53 552
1 54 371
1 55 383
1 56 403
1 57 333
1 58 323
1 59 622
1 60 618
1 61 302
1 62 263
1 63 392
1 64 623
1 65 327
1 66 264
1 67 443
1 68 210
1 69 620
1 70 283
1 71 225
1 72 377
1 73 477
1 74 372
1 75 51
1 76 394
1 77 434
1 78 748
1 79 380
1 80 418
1 81 91
1 82 493
1 83 19
1 84 186
1 85 354
1 86 658
1 87 259
1 88 383
1 89 210
1 90 433
1 91 89
1 92 174
1 93 207
1 94 475
1 95 377
1 96 309
1 97 542
1 98 560
1 99 349
1 100 535
2 3 794
2 4 986
2 5 1011
2 6 834
2 7 868
2 8 807
2 9 1044
2 10 572
2 11 875
2 12 981
2 13 589
2 14 1025
2 15 626
2 16 722
2 17 727
2 18 512
2 19 688
2 20 457
2 21 436
2 22 852
2 23 574
2 24 749
2 25 850
2 26 824
2 27 281
2 28 1189
2 29 655
2 30 604
2 31 715
2 32 938
2 33 789
2 34 727
2 35 647
2 36 508
2 37 779
2 38 936
2 39 616
2 40 790
2 41 808
2 42 86
2 43 726
2 44 979
2 45 572
2 46 1155
2 47 849
2 48 1004
2 49 829
2 50 422
2 51 1042
2 52 577
2 53 847
2 54 347
2 55 774
2 56 710
2 57 794
2 58 417
2 59 1139
2 60 1134
2 61 563
2 62 479
2 63 759
2 64 135
2 65 809
2 66 719
2 67 812
2 68 664
2 69 703
2 70 467
2 71 463
2 72 557
2 73 991
2 74 772
2 75 558
2 76 203
2 77 842
2 78 967
2 79 866
2 80 705
2 81 506
2 82 936
2 83 527
2 84 614
2 85 870
2 86 1169
2 87 576
2 88 670
2 89 468
2 90 951
2 91 570
2 92 496
2 93 722
2 94 845
2 95 274
2 96 826
2 97 35
2 98 211
2 99 837
2 100 507
3 4 659
3 5 579
3 6 776
3 7 749
3 8 331
3 9 490
3 10 223
3 11 700
3 12 235
3 13 658
3 14 359
3 15 171
3 16 718
3 17 191
3 18 881
3 19 481
3 20 395
3 21 582
3 22 791
3 23 606
3 24 105
3 25 153
3 26 730
3 27 522
3 28 706
3 29 618
3 30 392
3 31 246
3 32 533
3 33 960
3 34 67
3 35 731
3 36 815
3 37 666
3 38 235
3 39 320
3 40 110
3 41 689
3 42 709
3 43 69
3 44 508
3 45 691
3 46 754
3 47 202
3 48 383
3 49 796
3 50 598
3 51 385
3 52 247
3 53 55
3 54 450
3 55 197
3 56 913
3 57 760
3 58 824
3 59 715
3 60 681
3 61 251
3 62 333
3 63 881
3 64 820
3 65 724
3 66 326
3 67 153
3 68 348
3 69 254
3 70 798
3 71 366
3 72 900
3 73 578
3 74 846
3 75 485
3 76 798
3 77 220
3 78 226
3 79 401
3 80 931
3 81 614
3 82 317
3 83 538
3 84 688
3 85 617
3 86 663
3 87 271
3 88 899
3 89 728
3 90 621
3 91 593
3 92 374
3 93 484
3 94 155
3 95 521
3 96 590
3 97 796
3 98 677
3 99 725
3 100 379
4 5 122
4 6 281
4 7 221
4 8 330
4 9 271
4 10 655
4 11 164
4 12 549
4 13 430
4 14 423
4 15 692
4 16 338
4 17 487
4 18 678
4 19 305
4 20 866
4 21 551
4 22 281
4 23 423
4 24 564
4 25 811
4 26 245
4 27 848
4 28 239
4 29 347
4 30 420
4 31 877
4 32 129
4 33 536
4 34 648
4 35 421
4 36 617
4 37 242
4 38 488
4 39 901
4 40 549
4 41 226
4 42 917
4 43 667
4 44 182
4 45 464
4 46 171
4 47 465
4 48 364
4 49 308
4 50 567
4 51 410
4 52 774
4 53 647
4 54 791
4 55 464
4 56 546
4 57 305
4 58 700
4 59 165
4 60 180
4 61 601
4 62 629
4 63 467
4 64 1090
4 65 256
4 66 370
4 67 507
4 68 393
4 69 879
4 70 636
4 71 611
4 72 660
4 73 104
4 74 416
4 75 431
4 76 845
4 77 444
4 78 846
4 79 258
4 80 571
4 81 491
4 82 384
4 83 458
4 84 423
4 85 117
4 86 246
4 87 549
4 88 564
4 89 582
4 90 40
4 91 423
4 92 552
4 93 273
4 94 515
4 95 820
4 96 160
4 97 1010
4 98 1014
4 99 227
4 100 891
5 6 391
5 7 333
5 8 267
5 9 148
5 10 612
5 11 272
5 12 441
5 13 496
5 14 307
5 15 639
5 16 429
5 17 425
5 18 759
5 19 324
5 20 834
5 21 588
5 22 394
5 23 477
5 24 493
5 25 726
5 26 350
5 27 842
5 28 177
5 29 410
5 30 415
5 31 811
5 32 73
5 33 646
5 34 578
5 35 505
5 36 694
5 37 330
5 38 385
5 39 848
5 40 471
5 41 323
5 42 937
5 43 597
5 44 72
5 45 534
5 46 178
5 47 378
5 48 248
5 49 419
5 50 606
5 51 292
5 52 726
5 53 559
5 54 778
5 55 394
5 56 648
5 57 409
5 58 768
5 59 144
5 60 125
5 61 566
5 62 609
5 63 573
5 64 1105
5 65 357
5 66 332
5 67 425
5 68 371
5 69 815
5 70 707
5 71 598
5 72 746
5 73 24
5 74 522
5 75 453
5 76 890
5 77 359
5 78 750
5 79 188
5 80 673
5 81 541
5 82 280
5 83 493
5 84 497
5 85 196
5 86 161
5 87 517
5 88 662
5 89 647
5 90 112
5 91 474
5 92 543
5 93 290
5 94 427
5 95 817
5 96 222
5 97 1032
5 98 1014
5 99 333
5 100 852
6 7 61
6 8 466
6 9 527
6 10 685
6 11 119
6 12 743
6 13 247
6 14 650
6 15 745
6 16 111
6 17 584
6 18 428
6 19 298
6 20 852
6 21 413
6 22 19
6 23 275
6 24 670
6 25 927
6 26 48
6 27 776
6 28 516
6 29 203
6 30 414
6 31 944
6 32 356
6 33 255
6 34 740
6 35 190
6 36 379
6 37 109
6 38 674
6 39 935
6 40 673
6 41 88
6 42 783
6 43 758
6 44 427
6 45 262
6 46 425
6 47 620
6 48 592
6 49 27
6 50 422
6 51 644
6 52 805
6 53 783
6 54 738
6 55 585
6 56 267
6 57 40
6 58 475
6 59 436
6 60 459
6 61 624
6 62 613
6 63 186
6 64 957
6 65 51
6 66 449
6 67 642
6 68 434
6 69 942
6 70 408
6 71 580
6 72 400
6 73 368
6 74 135
6 75 361
6 76 658
6 77 597
6 78 992
6 79 431
6 80 292
6 81 334
6 82 583
6 83 349
6 84 220
6 85 204
6 86 527
6 87 571
6 88 290
6 89 375
6 90 279
6 91 283
6 92 522
6 93 291
6 94 663
6 95 742
6 96 204
6 97 864
6 98 917
6 99 60
6 100 892
7 8 430
7 9 471
7 10 676
7 11 62
7 12 701
7 13 279
7 14 601
7 15 731
7 16 150
7 17 559
7 18 482
7 19 283
7 20 855
7 21 438
7 22 60
7 23 298
7 24 645
7 25 902
7 26 43
7 27 791
7 28 455
7 29 219
7 30 406
7 31 930
7 32 302
7 33 315
7 34 719
7 35 236
7 36 430
7 37 100
7 38 633
7 39 927
7 40 644
7 41 69
7 42 812
7 43 736
7 44 372
7 45 300
7 46 364
7 47 584
7 48 542
7 49 87
7 50 449
7 51 594
7 52 798
7 53 753
7 54 748
7 55 555
7 56 328
7 57 92
7 58 524
7 59 375
7 60 397
7 61 616
7 62 613
7 63 247
7 64 987
7 65 59
7 66 424
7 67 611
7 68 416
7 69 929
7 70 457
7 71 583
7 72 457
7 73 310
7 74 196
7 75 366
7 76 699
7 77 561
7 78 962
7 79 388
7 80 353
7 81 362
7 82 538
7 83 365
7 84 257
7 85 153
7 86 466
7 87 561
7 88 350
7 89 418
7 90 220
7 91 304
7 92 523
7 93 270
7 94 629
7 95 758
7 96 163
7 97 897
7 98 939
7 99 31
7 100 892
8 9 241
8 10 346
8 11 376
8 12 284
8 13 422
8 14 240
8 15 371
8 16 434
8 17 159
8 18 688
8 19 207
8 20 570
8 21 433
8 22 479
8 23 380
8 24 234
8 25 484
8 26 418
8 27 600
8 28 427
8 29 354
8 30 210
8 31 548
8 32 209
8 33 684
8 34 317
8 35 474
8 36 618
8 37 360
8 38 215
8 39 580
8 40 221
8 41 377
8 42 725
8 43 337
8 44 205
8 45 463
8 46 446
8 47 153
8 48 203
8 49 490
8 50 453
8 51 250
8 52 458
8 53 326
8 54 531
8 55 135
8 56 654
8 57 459
8 58 663
8 59 411
8 60 386
8 61 304
8 62 359
8 63 603
8 64 882
8 65 415
8 66 88
8 67 183
8 68 144
8 69 551
8 70 616
8 71 357
8 72 691
8 73 260
8 74 560
8 75 293
8 76 725
8 77 131
8 78 533
8 79 79
8 80 676
8 81 421
8 82 149
8 83 349
8 84 442
8 85 288
8 86 393
8 87 260
8 88 652
8 89 544
8 90 291
8 91 370
8 92 312
8 93 192
8 94 199
8 95 579
8 96 267
8 97 822
8 98 774
8 99 410
8 100 586
9 10 574
9 11 409
9 12 313
9 13 588
9 14 167
9 15 584
9 16 546
9 17 374
9 18 859
9 19 386
9 20 800
9 21 647
9 22 532
9 23 559
9 24 422
9 25 625
9 26 482
9 27 841
9 28 217
9 29 505
9 30 440
9 31 733
9 32 171
9 33 779
9 34 504
9 35 613
9 36 791
9 37 450
9 38 268
9 39 787
9 40 390
9 41 450
9 42 964
9 43 523
9 44 100
9 45 629
9 46 284
9 47 290
9 48 115
9 49 554
9 50 666
9 51 148
9 52 676
9 53 459
9 54 771
9 55 332
9 56 772
9 57 538
9 58 854
9 59 240
9 60 200
9 61 539
9 62 599
9 63 702
9 64 1123
9 65 487
9 66 327
9 67 343
9 68 379
9 69 739
9 70 798
9 71 598
9 72 852
9 73 166
9 74 652
9 75 504
9 76 947
9 77 277
9 78 632
9 79 177
9 80 797
9 81 615
9 82 172
9 83 554
9 84 596
9 85 323
9 86 172
9 87 499
9 88 781
9 89 731
9 90 254
9 91 553
9 92 552
9 93 355
9 94 335
9 95 821
9 96 336
9 97 1061
9 98 1016
9 99 467
9 100 810
10 11 641
10 12 419
10 13 510
10 14 496
10 15 72
10 16 603
10 17 200
10 18 695
10 19 392
10 20 225
10 21 395
10 22 704
10 23 458
10 24 185
10 25 314
10 26 646
10 27 306
10 28 773
10 29 496
10 30 271
10 31 264
10 32 548
10 33 823
10 34 156
10 35 592
10 36 634
10 37 580
10 38 387
10 39 251
10 40 228
10 41 608
10 42 486
10 43 157
10 44 552
10 45 536
10 46 789
10 47 309
10 48 495
10 49 700
10 50 408
10 51 519
10 52 122
10 53 274
10 54 232
10 55 246
10 56 764
10 57 661
10 58 626
10 59 757
10 60 733
10 61 61
10 62 117
10 63 750
10 64 607
10 65 636
10 66 285
10 67 261
10 68 267
10 69 260
10 70 611
10 71 156
10 72 720
10 73 603
10 74 724
10 75 339
10 76 578
10 77 311
10 78 423
10 79 426
10 80 779
10 81 446
10 82 421
10 83 379
10 84 545
10 85 577
10 86 737
10 87 114
10 88 743
10 89 545
10 90 614
10 91 446
10 92 187
10 93 411
10 94 289
10 95 301
10 96 539
10 97 575
10 98 472
10 99 647
10 100 239
11 12 642
11 13 293
11 14 539
11 15 693
11 16 181
11 17 511
11 18 521
11 19 250
11 20 829
11 21 440
11 22 122
11 23 301
11 24 597
11 25 854
11 26 80
11 27 778
11 28 402
11 29 220
11 30 376
11 31 890
11 32 240
11 33 374
11 34 673
11 35 266
11 36 464
11 37 96
11 38 575
11 39 893
11 40 593
11 41 70
11 42 815
11 43 691
11 44 310
11 45 321
11 46 319
11 47 529
11 48 480
11 49 146
11 50 453
11 51 532
11 52 763
11 53 701
11 54 731
11 55 504
11 56 381
11 57 140
11 58 553
11 59 325
11 60 344
11 61 582
11 62 587
11 63 303
11 64 990
11 65 92
11 66 378
11 67 558
11 68 376
11 69 889
11 70 487
11 71 560
11 72 499
11 73 249
11 74 252
11 75 350
11 76 716
11 77 506
11 78 909
11 79 329
11 80 406
11 81 369
11 82 478
11 83 358
11 84 278
11 85 92
11 86 410
11 87 527
11 88 400
11 89 441
11 90 159
11 91 305
11 92 499
11 93 230
11 94 575
11 95 746
11 96 110
11 97 903
11 98 933
11 99 63
11 100 864
12 13 701
12 14 150
12 15 390
12 16 719
12 17 261
12 18 960
12 19 490
12 20 622
12 21 681
12 22 754
12 23 655
12 24 234
12 25 334
12 26 694
12 27 725
12 28 524
12 29 637
12 30 457
12 31 475
12 32 422
12 33 968
12 34 283
12 35 758
12 36 890
12 37 641
12 38 69
12 39 555
12 40 192
12 41 655
12 42 895
12 43 296
12 44 370
12 45 741
12 46 597
12 47 148
12 48 198
12 49 768
12 50 700
12 51 174
12 52 476
12 53 185
12 54 651
12 55 220
12 56 939
12 57 740
12 58 923
12 59 553
12 60 513
12 61 418
12 62 501
12 63 888
12 64 1025
12 65 694
12 66 341
12 67 170
12 68 391
12 69 484
12 70 883
12 71 522
12 72 967
12 73 450
12 74 844
12 75 552
12 76 946
12 77 166
12 78 321
12 79 312
12 80 961
12 81 687
12 82 166
12 83 610
12 84 724
12 85 550
12 86 477
12 87 408
12 88 935
12 89 810
12 90 519
12 91 645
12 92 504
12 93 477
12 94 136
12 95 717
12 96 539
12 97 988
12 98 891
12 99 685
12 100 612
13 14 656
13 15 579
13 16 135
13 17 476
13 18 271
13 19 215
13 20 638
13 21 169
13 22 266
13 23 52
13 24 556
13 25 797
13 26 235
13 27 539
13 28 661
13 29 85
13 30 265
13 31 775
13 32 431
13 33 313
13 34 606
13 35 83
13 36 202
13 37 196
13 38 634
13 39 744
13 40 574
13 41 223
13 42 536
13 43 620
13 44 495
13 45 41
13 46 600
13 47 556
13 48 608
13 49 246
13 50 176
13 51 660
13 52 620
13 53 681
13 54 510
13 55 497
13 56 256
13 57 208
13 58 272
13 59 595
13 60 602
13 61 450
13 62 414
13 63 241
13 64 710
13 65 220
13 66 362
13 67 558
13 68 318
13 69 770
13 70 211
13 71 376
13 72 269
13 73 472
13 74 224
13 75 174
13 76 423
13 77 536
13 78 884
13 79 432
13 80 274
13 81 89
13 82 570
13 83 132
13 84 35
13 85 313
13 86 656
13 87 405
13 88 242
13 89 152
13 90 405
13 91 65
13 92 325
13 93 238
13 94 588
13 95 504
13 96 276
13 97 618
13 98 673
13 99 249
13 100 684
14 15 486
14 16 646
14 17 304
14 18 925
14 19 440
14 20 716
14 21 673
14 22 658
14 23 617
14 24 319
14 25 478
14 26 602
14 27 791
14 28 374
14 29 581
14 30 447
14 31 605
14 32 303
14 33 891
14 34 390
14 35 699
14 36 855
14 37 558
14 38 123
14 39 675
14 40 279
14 41 565
14 42 941
14 43 406
14 44 241
14 45 697
14 46 451
14 47 187
14 48 59
14 49 677
14 50 692
14 51 25
14 52 578
14 53 318
14 54 718
14 55 256
14 56 872
14 57 654
14 58 903
14 59 407
14 60 366
14 61 478
14 62 552
14 63 812
14 64 1086
14 65 604
14 66 322
14 67 237
14 68 379
14 69 613
14 70 855
14 71 563
14 72 926
14 73 319
14 74 764
14 75 533
14 76 960
14 77 187
14 78 471
14 79 227
14 80 896
14 81 661
14 82 91
14 83 589
14 84 672
14 85 447
14 86 327
14 87 451
14 88 875
14 89 784
14 90 399
14 91 608
14 92 530
14 93 418
14 94 215
14 95 777
14 96 447
14 97 1037
14 98 964
14 99 590
14 100 716
15 16 667
15 17 213
15 18 768
15 19 448
15 20 232
15 21 468
15 22 762
15 23 527
15 24 167
15 25 243
15 26 703
15 27 351
15 28 791
15 29 560
15 30 331
15 31 199
15 32 578
15 33 891
15 34 108
15 35 660
15 36 707
15 37 637
15 38 369
15 39 209
15 40 208
15 41 664
15 42 541
15 43 101
15 44 574
15 45 606
15 46 817
15 47 302
15 48 494
15 49 761
15 50 481
15 51 510
15 52 92
15 53 225
15 54 280
15 55 252
15 56 834
15 57 722
15 58 699
15 59 782
15 60 754
15 61 128
15 62 190
15 63 817
15 64 649
15 65 694
15 66 323
15 67 249
15 68 316
15 69 197
15 70 683
15 71 229
15 72 793
15 73 631
15 74 790
15 75 406
15 76 645
15 77 309
15 78 354
15 79 450
15 80 849
15 81 518
15 82 421
15 83 449
15 84 613
15 85 623
15 86 752
15 87 176
15 88 814
15 89 618
15 90 652
15 91 514
15 92 259
15 93 463
15 94 272
15 95 351
15 96 587
15 97 626
15 98 507
15 99 703
15 100 229
16 17 528
16 18 340
16 19 238
16 20 755
16 21 303
16 22 130
16 23 167
16 24 613
16 25 866
16 26 108
16 27 669
16 28 577
16 29 107
16 30 336
16 31 866
16 32 377
16 33 249
16 34 676
16 35 86
16 36 283
16 37 98
16 38 650
16 39 848
16 40 622
16 41 112
16 42 671
16 43 692
16 44 447
16 45 151
16 46 500
16 47 584
16 48 591
16 49 111
16 50 311
16 51 645
16 52 720
16 53 733
16 54 635
16 55 537
16 56 226
16 57 72
16 58 374
16 59 503
16 60 518
16 61 542
16 62 521
16 63 169
16 64 845
16 65 93
16 66 398
16 67 598
16 68 370
16 69 863
16 70 307
16 71 486
16 72 321
16 73 404
16 74 128
16 75 267
16 76 549
16 77 561
16 78 941
16 79 419
16 80 251
16 81 223
16 82 569
16 83 246
16 84 108
16 85 233
16 86 580
16 87 491
16 88 235
16 89 267
16 90 323
16 91 177
16 92 429
16 93 243
16 94 623
16 95 635
16 96 210
16 97 753
16 98 807
16 99 125
16 100 798
17 18 717
17 19 290
17 20 426
17 21 427
17 22 599
17 23 425
17 24 86
17 25 343
17 26 538
17 27 487
17 28 577
17 29 429
17 30 213
17 31 390
17 32 368
17 33 772
17 34 163
17 35 546
17 36 648
17 37 474
17 38 209
17 39 422
17 40 97
17 41 497
17 42 642
17 43 181
17 44 360
17 45 512
17 46 604
17 47 122
17 48 296
17 49 604
17 50 445
17 51 324
17 52 303
17 53 206
17 54 414
17 55 48
17 56 729
17 57 569
17 58 671
17 59 568
17 60 541
17 61 174
17 62 249
17 63 693
17 64 783
17 65 532
17 66 134
17 67 92
17 68 159
17 69 392
17 70 636
17 71 264
17 72 730
17 73 419
17 74 656
17 75 310
17 76 684
17 77 116
17 78 413
17 79 237
17 80 748
17 81 444
17 82 223
17 83 366
17 84 505
17 85 431
17 86 540
17 87 150
17 88 718
17 89 564
17 90 447
17 91 414
17 92 242
17 93 292
17 94 126
17 95 473
17 96 402
17 97 737
17 98 660
17 99 534
17 100 435
18 19 485
18 20 751
18 21 301
18 22 440
18 23 308
18 24 788
18 25 1006
18 26 444
18 27 599
18 28 916
18 29 353
18 30 505
18 31 947
18 32 698
18 33 288
18 34 822
18 35 256
18 36 70
18 37 435
18 38 894
18 39 889
18 40 813
18 41 452
18 42 499
18 43 832
18 44 764
18 45 230
18 46 841
18 47 812
18 48 878
18 49 410
18 50 287
18 51 931
18 52 783
18 53 914
18 54 604
18 55 746
18 56 211
18 57 391
18 58 97
18 59 843
18 60 857
18 61 644
18 62 580
18 63 282
18 64 648
18 65 430
18 66 619
18 67 806
18 68 569
18 69 939
18 70 84
18 71 540
18 72 45
18 73 735
18 74 315
18 75 408
18 76 309
18 77 793
18 78 1105
18 79 703
18 80 200
18 81 273
18 82 837
18 83 351
18 84 263
18 85 567
18 86 916
18 87 611
18 88 170
18 89 153
18 90 659
18 91 317
18 92 512
18 93 509
18 94 838
18 95 565
18 96 536
18 97 548
18 98 672
18 99 462
18 100 805
19 20 580
19 21 265
19 22 315
19 23 177
19 24 376
19 25 631
19 26 255
19 27 545
19 28 501
19 29 147
19 30 125
19 31 647
19 32 251
19 33 485
19 34 443
19 35 268
19 36 415
19 37 190
19 38 421
19 39 644
19 40 384
19 41 216
19 42 616
19 43 459
19 44 303
19 45 256
19 46 470
19 47 349
19 48 394
19 49 317
19 50 283
19 51 446
19 52 514
19 53 494
19 54 490
19 55 299
19 56 449
19 57 279
19 58 470
19 59 451
19 60 445
19 61 332
19 62 338
19 63 405
19 64 787
19 65 247
19 66 159
19 67 360
19 68 135
19 69 645
19 70 416
19 71 313
19 72 485
19 73 303
19 74 366
19 75 130
19 76 567
19 77 327
19 78 703
19 79 219
19 80 471
19 81 229
19 82 354
19 83 170
19 84 234
19 85 200
19 86 484
19 87 278
19 88 445
19 89 347
19 90 267
19 91 169
19 92 253
19 93 34
19 94 386
19 95 515
19 96 156
19 97 710
19 98 709
19 99 255
19 100 614
20 21 484
20 22 872
20 23 592
20 24 398
20 25 406
20 26 819
20 27 183
20 28 997
20 29 651
20 30 455
20 31 258
20 32 767
20 33 941
20 34 338
20 35 722
20 36 704
20 37 755
20 38 601
20 39 159
20 40 439
20 41 785
20 42 381
20 43 328
20 44 776
20 45 652
20 46 1009
20 47 530
20 48 719
20 49 862
20 50 488
20 51 740
20 52 147
20 53 450
20 54 148
20 55 471
20 56 872
20 57 821
20 58 664
20 59 978
20 60 955
20 61 267
20 62 242
20 63 878
20 64 445
20 65 807
20 66 502
20 67 479
20 68 472
20 69 246
20 70 671
20 71 272
20 72 786
20 73 822
20 74 862
20 75 491
20 76 541
20 77 534
20 78 523
20 79 649
20 80 881
20 81 556
20 82 645
20 83 510
20 84 674
20 85 777
20 86 962
20 87 318
20 88 843
20 89 620
20 90 825
20 91 581
20 92 331
20 93 605
20 94 503
20 95 205
20 96 735
20 97 447
20 98 294
20 99 824
20 100 55
21 22 433
21 23 140
21 24 491
21 25 704
21 26 396
21 27 371
21 28 764
21 29 220
21 30 227
21 31 652
21 32 516
21 33 458
21 34 521
21 35 247
21 36 238
21 37 345
21 38 620
21 39 605
21 40 520
21 41 375
21 42 375
21 43 531
21 44 567
21 45 172
21 46 721
21 47 533
21 48 636
21 49 415
21 50 19
21 51 684
21 52 490
21 53 617
21 54 347
21 55 462
21 56 388
21 57 376
21 58 244
21 59 708
21 60 707
21 61 342
21 62 283
21 63 397
21 64 550
21 65 381
21 66 351
21 67 519
21 68 295
21 69 645
21 70 217
21 71 243
21 72 324
21 73 566
21 74 388
21 75 142
21 76 302
21 77 517
21 78 804
21 79 472
21 80 398
21 81 80
21 82 582
21 83 95
21 84 203
21 85 434
21 86 749
21 87 311
21 88 360
21 89 149
21 90 518
21 91 135
21 92 210
21 93 298
21 94 552
21 95 336
21 96 391
21 97 463
21 98 504
21 99 407
21 100 533
22 23 294
22 24 686
22 25 943
22 26 61
22 27 795
22 28 513
22 29 222
22 30 432
22 31 962
22 32 361
22 33 255
22 34 757
22 35 207
22 36 393
22 37 125
22 38 686
22 39 953
22 40 688
22 41 102
22 42 802
22 43 774
22 44 432
22 45 280
22 46 419
22 47 633
22 48 600
22 49 31
22 50 441
22 51 652
22 52 824
22 53 798
22 54 758
22 55 599
22 56 272
22 57 58
22 58 490
22 59 432
22 60 456
22 61 642
22 62 632
22 63 189
22 64 975
22 65 68
22 66 465
22 67 657
22 68 451
22 69 960
22 70 423
22 71 600
22 72 411
22 73 371
22 74 140
22 75 380
22 76 676
22 77 610
22 78 1007
22 79 442
22 80 297
22 81 354
22 82 593
22 83 369
22 84 238
22 85 211
22 86 526
22 87 589
22 88 298
22 89 392
22 90 281
22 91 303
22 92 541
22 93 307
22 94 677
22 95 761
22 96 215
22 97 883
22 98 937
22 99 69
22 100 911
23 24 504
23 25 745
23 26 255
23 27 502
23 28 648
23 29 81
23 30 213
23 31 723
23 32 409
23 33 364
23 34 554
23 35 133
23 36 238
23 37 205
23 38 588
23 39 694
23 40 523
23 41 235
23 42 515
23 43 568
23 44 469
23 45 86
23 46 594
23 47 509
23 48 571
23 49 278
23 50 152
23 51 622
23 52 569
23 53 630
23 54 468
23 55 448
23 56 309
23 57 238
23 58 295
23 59 586
23 60 589
23 61 398
23 62 364
23 63 292
23 64 690
23 65 240
23 66 315
23 67 509
23 68 269
23 69 719
23 70 240
23 71 326
23 72 312
23 73 454
23 74 271
23 75 121
23 76 421
23 77 489
23 78 832
23 79 396
23 80 326
23 81 68
23 82 529
23 83 82
23 84 86
23 85 306
23 86 639
23 87 352
23 88 293
23 89 172
23 90 394
23 91 12
23 92 275
23 93 204
23 94 539
23 95 467
23 96 265
23 97 602
23 98 642
23 99 266
23 100 637
24 25 257
24 26 624
24 27 491
24 28 634
24 29 513
24 30 290
24 31 317
24 32 441
24 33 856
24 34 84
24 35 628
24 36 720
24 37 561
24 38 203
24 39 365
24 40 43
24 41 584
24 42 663
24 43 103
24 44 425
24 45 591
24 46 671
24 47 135
24 48 327
24 49 691
24 50 508
24 51 343
24 52 259
24 53 126
24 54 416
24 55 100
24 56 810
24 57 655
24 58 736
24 59 633
24 60 602
24 61 186
24 62 271
24 63 777
24 64 791
24 65 619
24 66 221
24 67 82
24 68 243
24 69 321
24 70 705
24 71 296
24 72 804
24 73 490
24 74 741
24 75 386
24 76 729
24 77 144
24 78 329
24 79 309
24 80 829
24 81 518
24 82 255
24 83 440
24 84 586
24 85 515
24 86 593
24 87 188
24 88 798
24 89 634
24 90 525
24 91 492
24 92 291
24 93 379
24 94 105
24 95 483
24 96 487
24 97 755
24 98 657
24 99 620
24 100 397
25 26 882
25 27 568
25 28 842
25 29 764
25 30 534
25 31 171
25 32 683
25 33 1104
25 34 190
25 35 874
25 36 942
25 37 818
25 38 359
25 39 277
25 40 262
25 41 841
25 42 767
25 43 176
25 44 654
25 45 828
25 46 898
25 47 348
25 48 513
25 49 947
25 50 718
25 51 504
25 52 272
25 53 167
25 54 504
25 55 350
25 56 1054
25 57 911
25 58 940
25 59 857
25 60 821
25 61 361
25 62 432
25 63 1027
25 64 851
25 65 876
25 66 478
25 67 304
25 68 496
25 69 183
25 70 921
25 71 470
25 72 1027
25 73 727
25 74 993
25 75 623
25 76 886
25 77 367
25 78 117
25 79 552
25 80 1071
25 81 746
25 82 454
25 83 672
25 84 829
25 85 771
25 86 797
25 87 396
25 88 1038
25 89 853
25 90 773
25 91 732
25 92 493
25 93 636
25 94 298
25 95 576
25 96 744
25 97 844
25 98 700
25 99 878
25 100 371
26 27 751
26 28 483
26 29 177
26 30 375
26 31 902
26 32 310
26 33 297
26 34 696
26 35 194
26 36 390
26 37 66
26 38 626
26 39 896
26 40 626
26 41 41
26 42 769
26 43 713
26 44 382
26 45 257
26 46 398
26 47 572
26 48 544
26 49 74
26 50 406
26 51 597
26 52 767
26 53 736
26 54 709
26 55 538
26 56 300
26 57 59
26 58 482
26 59 405
26 60 425
26 61 585
26 62 578
26 63 223
26 64 944
26 65 15
26 66 403
26 67 595
26 68 390
26 69 901
26 70 415
26 71 547
26 72 421
26 73 326
26 74 172
26 75 329
26 76 656
26 77 549
26 78 946
26 79 383
26 80 326
26 81 319
26 82 535
26 83 324
26 84 214
26 85 159
26 86 491
26 87 531
26 88 319
26 89 375
26 90 238
26 91 262
26 92 487
26 93 246
26 94 616
26 95 717
26 96 156
26 97 854
26 98 897
26 99 18
26 100 857
27 28 1016
27 29 573
27 30 430
27 31 437
27 32 770
27 33 820
27 34 457
27 35 618
27 36 560
27 37 691
27 38 689
27 39 342
27 40 533
27 41 723
27 42 200
27 43 452
27 44 796
27 45 543
27 46 1007
27 47 606
27 48 781
27 49 780
27 50 369
27 51 812
27 52 296
27 53 576
27 54 74
27 55 535
27 56 745
27 57 740
27 58 505
27 59 982
27 60 968
27 61 313
27 62 242
27 63 765
27 64 300
27 65 737
27 66 517
27 67 563
27 68 472
27 69 425
27 70 524
27 71 245
27 72 637
27 73 827
27 74 759
27 75 428
27 76 361
27 77 604
27 78 686
27 79 672
27 80 751
27 81 450
27 82 709
27 83 427
27 84 573
27 85 745
27 86 988
27 87 344
27 88 712
27 89 484
27 90 809
27 91 492
27 92 299
27 93 575
27 94 593
27 95 35
27 96 700
27 97 276
27 98 174
27 99 759
27 100 237
28 29 576
28 30 592
28 31 948
28 32 251
28 33 767
28 34 717
28 35 659
28 36 854
28 37 480
28 38 484
28 39 997
28 40 604
28 41 465
28 42 1114
28 43 736
28 44 222
28 45 698
28 46 115
28 47 505
28 48 330
28 49 542
28 50 781
28 51 350
28 52 881
28 53 676
28 54 951
28 55 539
28 56 783
28 57 542
28 58 934
28 59 83
28 60 59
28 61 731
28 62 780
28 63 702
28 64 1282
28 65 494
28 66 501
28 67 557
28 68 544
28 69 953
28 70 871
28 71 771
28 72 898
28 73 197
28 74 651
28 75 631
28 76 1064
28 77 491
28 78 845
28 79 349
28 80 808
28 81 713
28 82 389
28 83 669
28 84 658
28 85 349
28 86 47
28 87 685
28 88 803
28 89 814
28 90 257
28 91 646
28 92 718
28 93 467
28 94 551
28 95 992
28 96 385
28 97 1210
28 98 1189
28 99 465
28 100 1012
29 30 231
29 31 759
29 32 346
29 33 342
29 34 573
29 35 120
29 36 286
29 37 124
29 38 569
29 39 740
29 40 526
29 41 154
29 42 596
29 43 588
29 44 411
29 45 124
29 46 517
29 47 496
29 48 531
29 49 211
29 50 233
29 51 584
29 52 613
29 53 636
29 54 535
29 55 444
29 56 302
29 57 170
29 58 358
29 59 511
29 60 517
29 61 434
29 62 414
29 63 263
29 64 771
29 65 163
29 66 304
29 67 505
29 68 270
29 69 756
29 70 297
29 71 380
29 72 347
29 73 386
29 74 230
29 75 160
29 76 500
29 77 475
29 78 842
29 79 355
29 80 323
29 81 149
29 82 498
29 83 146
29 84 92
29 85 229
29 86 570
29 87 384
29 88 297
29 89 237
29 90 320
29 91 85
29 92 323
29 93 163
29 94 532
29 95 540
29 96 191
29 97 683
29 98 720
29 99 187
29 100 692
30 31 531
30 32 342
30 33 570
30 34 343
30 35 339
30 36 436
30 37 309
30 38 394
30 39 521
30 40 310
30 41 338
30 42 526
30 43 358
30 44 376
30 45 300
30 46 577
30 47 308
30 48 414
30 49 430
30 50 246
30 51 459
30 52 391
30 53 416
30 54 371
30 55 240
30 56 520
30 57 390
30 58 466
30 59 553
30 60 540
30 61 209
30 62 213
30 63 492
30 64 690
30 65 365
30 66 125
30 67 300
30 68 68
30 69 528
30 70 426
30 71 191
30 72 517
30 73 398
30 74 461
30 75 97
30 76 514
30 77 291
30 78 618
30 79 262
30 80 539
30 81 232
30 82 356
30 83 154
30 84 295
30 85 323
30 86 568
30 87 156
30 88 507
30 89 354
30 90 380
30 91 201
30 92 131
30 93 150
30 94 332
30 95 403
30 96 280
30 97 622
30 98 599
30 99 377
30 100 488
31 32 757
31 33 1088
31 34 232
31 35 857
31 36 889
31 37 836
31 38 482
31 39 110
31 40 343
31 41 863
31 42 637
31 43 213
31 44 742
31 45 800
31 46 989
31 47 443
31 48 629
31 49 961
31 50 663
31 51 631
31 52 164
31 53 289
31 54 384
31 55 417
31 56 1028
31 57 921
31 58 870
31 59 951
31 60 919
31 61 325
31 62 369
31 63 1015
31 64 700
31 65 894
31 66 514
31 67 390
31 68 513
31 69 13
31 70 862
31 71 409
31 72 975
31 73 807
31 74 988
31 75 604
31 76 781
31 77 457
31 78 278
31 79 625
31 80 1042
31 81 709
31 82 561
31 83 643
31 84 809
31 85 816
31 86 906
31 87 375
31 88 1006
31 89 800
31 90 837
31 91 710
31 92 450
31 93 660
31 94 399
31 95 452
31 96 782
31 97 706
31 98 547
31 99 902
31 100 214
32 33 607
32 34 525
32 35 448
32 36 632
32 37 279
32 38 359
32 39 788
32 40 423
32 41 278
32 42 863
32 43 545
32 44 71
32 45 471
32 46 241
32 47 337
32 48 244
32 49 383
32 50 534
32 51 294
32 52 664
32 53 519
32 54 707
32 55 341
32 56 601
32 57 367
32 58 703
32 59 212
32 60 198
32 61 499
32 62 538
32 63 531
32 64 1031
32 65 315
32 66 264
32 67 380
32 68 299
32 69 760
32 70 643
32 71 526
32 72 688
32 73 56
32 74 481
32 75 381
32 76 818
32 77 316
32 78 717
32 79 132
32 80 626
32 81 472
32 82 256
32 83 421
32 84 435
32 85 151
32 86 232
32 87 449
32 88 612
32 89 580
32 90 97
32 91 406
32 92 471
32 93 218
32 94 387
32 95 745
32 96 166
32 97 959
32 98 941
32 99 296
32 100 787
33 34 913
33 35 231
33 36 281
33 37 333
33 38 899
33 39 1055
33 40 868
33 41 329
33 42 763
33 43 928
33 44 678
33 45 290
33 46 669
33 47 833
33 48 835
33 49 227
33 50 455
33 51 888
33 52 933
33 53 978
33 54 805
33 55 785
33 56 79
33 57 240
33 58 375
33 59 685
33 60 711
33 61 763
33 62 725
33 63 80
33 64 924
33 65 291
33 66 645
33 67 846
33 68 612
33 69 1083
33 70 322
33 71 686
33 72 244
33 73 623
33 74 127
33 75 485
33 76 589
33 77 811
33 78 1185
33 79 665
33 80 87
33 81 386
33 82 817
33 83 444
33 84 278
33 85 455
33 86 781
33 87 716
33 88 119
33 89 339
33 90 534
33 91 377
33 92 638
33 93 493
33 94 872
33 95 785
33 96 446
33 97 824
33 98 926
33 99 313
33 100 990
34 35 683
34 36 757
34 37 631
34 38 269
34 39 285
34 40 114
34 41 655
34 42 642
34 43 19
34 44 509
34 45 638
34 46 756
34 47 214
34 48 405
34 49 760
34 50 537
34 51 415
34 52 192
34 53 119
34 54 384
34 55 184
34 56 863
34 57 722
34 58 762
34 59 718
34 60 687
34 61 185
34 62 266
34 63 836
34 64 755
34 65 689
34 66 295
34 67 161
34 68 307
34 69 236
34 70 738
34 71 299
34 72 842
34 73 575
34 74 803
34 75 433
34 76 730
34 77 227
34 78 282
34 79 393
34 80 881
34 81 558
34 82 334
34 83 483
34 84 638
34 85 594
34 86 676
34 87 210
34 88 847
34 89 669
34 90 608
34 91 542
34 92 312
34 93 450
34 94 175
34 95 454
34 96 564
34 97 729
34 98 615
34 99 693
34 100 329
35 36 197
35 37 179
35 38 689
35 39 827
35 40 643
35 41 197
35 42 601
35 43 697
35 44 516
35 45 77
35 46 585
35 47 617
35 48 647
35 49 182
35 50 251
35 51 701
35 52 703
35 53 752
35 54 592
35 55 562
35 56 183
35 57 150
35 58 287
35 59 586
35 60 600
35 61 532
35 62 497
35 63 158
35 64 773
35 65 179
35 66 424
35 67 624
35 68 386
35 69 852
35 70 221
35 71 459
35 72 241
35 73 480
35 74 141
35 75 253
35 76 468
35 77 595
35 78 957
35 79 472
35 80 203
35 81 168
35 82 617
35 83 215
35 84 48
35 85 311
35 86 660
35 87 484
35 88 177
35 89 184
35 90 403
35 91 146
35 92 408
35 93 283
35 94 652
35 95 583
35 96 283
35 97 679
35 98 746
35 99 211
35 100 768
36 37 375
36 38 824
36 39 836
36 40 745
36 41 394
36 42 482
36 43 768
36 44 697
36 45 161
36 46 782
36 47 742
36 48 809
36 49 364
36 50 226
36 51 861
36 52 726
36 53 847
36 54 558
36 55 677
36 56 202
36 57 340
36 58 99
36 59 783
36 60 794
36 61 581
36 62 521
36 63 256
36 64 642
36 65 375
36 66 549
36 67 737
36 68 499
36 69 882
36 70 40
36 71 481
36 72 85
36 73 670
36 74 279
36 75 339
36 76 309
36 77 723
36 78 1040
36 79 633
36 80 199
36 81 203
36 82 767
36 83 282
36 84 197
36 85 504
36 86 852
36 87 546
36 88 162
36 89 89
36 90 596
36 91 247
36 92 449
36 93 440
36 94 768
36 95 526
36 96 472
36 97 542
36 98 650
36 99 407
36 100 756
37 38 572
37 39 830
37 40 564
37 41 31
37 42 720
37 43 648
37 44 350
37 45 226
37 46 408
37 47 514
37 48 501
37 49 130
37 50 357
37 51 555
37 52 701
37 53 674
37 54 648
37 55 476
37 56 321
37 57 98
37 58 460
37 59 407
37 60 421
37 61 519
37 62 513
37 63 254
37 64 895
37 65 57
37 66 340
37 67 535
37 68 325
37 69 835
37 70 395
37 71 483
37 72 418
37 73 305
37 74 206
37 75 266
37 76 619
37 77 491
37 78 884
37 79 333
37 80 346
37 81 272
37 82 485
37 83 266
37 84 183
37 85 134
37 86 482
37 87 465
37 88 333
37 89 346
37 90 224
37 91 210
37 92 423
37 93 182
37 94 556
37 95 659
37 96 114
37 97 807
37 98 842
37 99 69
37 100 792
38 39 552
38 40 161
38 41 586
38 42 851
38 43 284
38 44 313
38 45 674
38 46 548
38 47 89
38 48 154
38 49 700
38 50 639
38 51 149
38 52 459
38 53 195
38 54 615
38 55 164
38 56 870
38 57 671
38 58 860
38 59 505
38 60 467
38 61 377
38 62 457
38 63 819
38 64 988
38 65 625
38 66 274
38 67 126
38 68 327
38 69 489
38 70 818
38 71 474
38 72 901
38 73 391
38 74 775
38 75 488
38 76 891
38 77 102
38 78 366
38 79 245
38 80 892
38 81 622
38 82 104
38 83 546
38 84 656
38 85 483
38 86 438
38 87 360
38 88 867
38 89 745
38 90 456
38 91 578
38 92 451
38 93 408
38 94 97
38 95 678
38 96 471
38 97 945
38 98 859
38 99 616
38 100 597
39 40 399
39 41 859
39 42 541
39 43 268
39 44 783
39 45 764
39 46 1026
39 47 499
39 48 690
39 49 948
39 50 613
39 51 700
39 52 129
39 53 371
39 54 300
39 55 458
39 56 990
39 57 908
39 58 806
39 59 991
39 60 963
39 61 311
39 62 329
39 63 985
39 64 593
39 65 886
39 66 531
39 67 445
39 68 518
39 69 97
39 70 806
39 71 368
39 72 921
39 73 841
39 74 964
39 75 580
39 76 698
39 77 509
39 78 388
39 79 660
39 80 1002
39 81 670
39 82 619
39 83 612
39 84 779
39 85 828
39 86 957
39 87 366
39 88 965
39 89 749
39 90 861
39 91 682
39 92 419
39 93 663
39 94 460
39 95 363
39 96 790
39 97 603
39 98 440
39 99 898
39 100 108
40 41 585
40 42 704
40 43 132
40 44 400
40 45 610
40 46 647
40 47 100
40 48 291
40 49 695
40 50 537
40 51 303
40 52 299
40 53 110
40 54 459
40 55 89
40 56 826
40 57 660
40 58 765
40 59 608
40 60 576
40 61 227
40 62 311
40 63 788
40 64 833
40 65 621
40 66 225
40 67 46
40 68 256
40 69 349
40 70 732
40 71 334
40 72 827
40 73 469
40 74 750
40 75 407
40 76 765
40 77 113
40 78 320
40 79 291
40 80 845
40 81 541
40 82 219
40 83 463
40 84 602
40 85 509
40 86 562
40 87 224
40 88 815
40 89 660
40 90 511
40 91 511
40 92 325
40 93 383
40 94 63
40 95 525
40 96 483
40 97 796
40 98 701
40 99 621
40 100 437
41 42 750
41 43 673
41 44 349
41 45 251
41 46 388
41 47 531
41 48 508
41 49 113
41 50 387
41 51 561
41 52 729
41 53 695
41 54 679
41 55 497
41 56 325
41 57 89
41 58 482
41 59 390
41 60 406
41 61 547
41 62 543
41 63 252
41 64 925
41 65 39
41 66 362
41 67 554
41 68 350
41 69 862
41 70 416
41 71 513
41 72 433
41 73 298
41 74 202
41 75 297
41 76 646
41 77 508
41 78 904
41 79 344
41 80 350
41 81 302
41 82 496
41 83 298
41 84 207
41 85 127
41 86 470
41 87 493
41 88 340
41 89 370
41 90 213
41 91 240
41 92 453
41 93 205
41 94 575
41 95 690
41 96 118
41 97 837
41 98 873
41 99 39
41 100 822
42 43 640
42 44 902
42 45 524
42 46 1085
42 47 764
42 48 921
42 49 780
42 50 363
42 51 959
42 52 494
42 53 761
42 54 263
42 55 689
42 56 683
42 57 744
42 58 401
42 59 1068
42 60 1060
42 61 477
42 62 394
42 63 724
42 64 174
42 65 754
42 66 638
42 67 727
42 68 584
42 69 625
42 70 442
42 71 378
42 72 543
42 73 918
42 74 732
42 75 487
42 76 203
42 77 757
42 78 884
42 79 787
42 80 682
42 81 450
42 82 853
42 83 461
42 84 564
42 85 804
42 86 1093
42 87 491
42 88 645
42 89 429
42 90 882
42 91 510
42 92 413
42 93 650
42 94 759
42 95 190
42 96 759
42 97 96
42 98 177
42 99 781
42 100 433
43 44 528
43 45 652
43 46 775
43 47 232
43 48 423
43 49 777
43 50 546
43 51 431
43 52 181
43 53 124
43 54 380
43 55 203
43 56 877
43 57 739
43 58 771
43 59 737
43 60 706
43 61 192
43 62 270
43 63 851
43 64 750
43 65 706
43 66 313
43 67 179
43 68 324
43 69 217
43 70 748
43 71 305
43 72 853
43 73 594
43 74 819
43 75 446
43 76 734
43 77 245
43 78 273
43 79 412
43 80 894
43 81 570
43 82 352
43 83 496
43 84 652
43 85 613
43 86 695
43 87 221
43 88 861
43 89 679
43 90 628
43 91 555
43 92 321
43 93 467
43 94 192
43 95 452
43 96 582
43 97 726
43 98 608
43 99 711
43 100 316
44 45 535
44 46 246
44 47 306
44 48 181
44 49 454
44 50 586
44 51 229
44 52 663
44 53 487
44 54 729
44 55 326
44 56 672
44 57 438
44 58 765
44 59 208
44 60 180
44 61 509
44 62 558
44 63 602
44 64 1067
44 65 387
44 66 279
44 67 355
44 68 324
44 69 746
44 70 706
44 71 550
44 72 756
44 73 79
44 74 552
44 75 428
44 76 870
44 77 288
44 78 677
44 79 126
44 80 697
44 81 529
44 82 208
44 83 473
44 84 501
44 85 222
44 86 192
44 87 462
44 88 682
44 89 642
44 90 159
44 91 465
44 92 499
44 93 270
44 94 355
44 95 772
44 96 236
44 97 998
44 98 969
44 99 367
44 100 792
45 46 633
45 47 595
45 48 649
45 49 256
45 50 174
45 51 702
45 52 643
45 53 717
45 54 519
45 55 535
45 56 228
45 57 222
45 58 236
45 59 630
45 60 639
45 61 477
45 62 435
45 63 225
45 64 697
45 65 242
45 66 401
45 67 596
45 68 355
45 69 795
45 70 173
45 71 396
45 72 228
45 73 510
45 74 216
45 75 206
45 76 398
45 77 575
45 78 917
45 79 473
45 80 243
45 81 95
45 82 611
45 83 157
45 84 43
45 85 349
45 86 694
45 87 434
45 88 209
45 89 119
45 90 441
45 91 98
45 92 349
45 93 280
45 94 626
45 95 508
45 96 313
45 97 603
45 98 668
45 99 272
45 100 700
46 47 552
46 48 399
46 49 449
46 50 737
46 51 431
46 52 904
46 53 731
46 54 946
46 55 572
46 56 692
46 57 455
46 58 868
46 59 44
46 60 87
46 61 741
46 62 779
46 63 609
46 64 1257
46 65 411
46 66 506
46 67 601
46 68 540
46 69 993
46 70 803
46 71 765
46 72 819
46 73 186
46 74 559
46 75 598
46 76 1016
46 77 534
46 78 914
46 79 366
46 80 716
46 81 662
46 82 446
46 83 628
46 84 591
46 85 288
46 86 152
46 87 691
46 88 715
46 89 752
46 90 203
46 91 595
46 92 708
46 93 436
46 94 601
46 95 980
46 96 331
46 97 1179
46 98 1175
46 99 380
46 100 1029
47 48 192
47 49 643
47 50 552
47 51 210
47 52 394
47 53 182
47 54 532
47 55 75
47 56 799
47 57 612
47 58 775
47 59 512
47 60 478
47 61 293
47 62 371
47 63 753
47 64 904
47 65 569
47 66 194
47 67 53
47 68 243
47 69 448
47 70 734
47 71 386
47 72 821
47 73 379
47 74 711
47 75 404
47 76 802
47 77 23
47 78 383
47 79 208
47 80 820
47 81 539
47 82 120
47 83 462
47 84 580
47 85 440
47 86 463
47 87 272
47 88 793
47 89 662
47 90 429
47 91 498
47 92 362
47 93 340
47 94 49
47 95 594
47 96 420
47 97 859
47 98 778
47 99 564
47 100 531
48 49 619
48 50 655
48 51 53
48 52 587
48 53 348
48 54 708
48 55 249
48 56 818
48 57 597
48 58 861
48 59 355
48 60 315
48 61 469
48 62 539
48 63 756
48 64 1072
48 65 547
48 66 289
48 67 245
48 68 347
48 69 636
48 70 810
48 71 545
48 72 877
48 73 260
48 74 708
48 75 494
48 76 928
48 77 185
48 78 516
48 79 176
48 80 842
48 81 619
48 82 73
48 83 549
48 84 623
48 85 388
48 86 284
48 87 437
48 88 822
48 89 740
48 90 339
48 91 563
48 92 507
48 93 369
48 94 231
48 95 764
48 96 389
48 97 1017
48 98 954
48 99 532
48 100 723
49 50 422
49 51 672
49 52 820
49 53 805
49 54 745
49 55 607
49 56 242
49 57 40
49 58 461
49 59 461
49 60 485
49 61 639
49 62 625
49 63 159
49 64 954
49 65 74
49 66 470
49 67 665
49 68 452
49 69 958
49 70 395
49 71 591
49 72 381
49 73 396
49 74 109
49 75 372
49 76 650
49 77 620
49 78 1015
49 79 457
49 80 267
49 81 335
49 82 609
49 83 356
49 84 216
49 85 232
49 86 554
49 87 586
49 88 267
49 89 366
49 90 306
49 91 288
49 92 533
49 93 312
49 94 687
49 95 746
49 96 230
49 97 860
49 98 919
49 99 87
49 100 903
50 51 703
50 52 500
50 53 634
50 54 349
50 55 480
50 56 383
50 57 384
50 58 227
50 59 725
50 60 724
50 61 356
50 62 294
50 63 397
50 64 538
50 65 391
50 66 371
50 67 537
50 68 314
50 69 656
50 70 202
50 71 254
50 72 312
50 73 584
50 74 391
50 75 162
50 76 284
50 77 536
50 78 819
50 79 492
50 80 392
50 81 87
50 82 601
50 83 113
50 84 207
50 85 450
50 86 767
50 87 326
50 88 354
50 89 137
50 90 534
50 91 147
50 92 225
50 93 317
50 94 570
50 95 333
50 96 406
50 97 450
50 98 496
50 99 418
50 100 539
51 52 602
51 53 344
51 54 738
51 55 276
51 56 872
51 57 650
51 58 912
51 59 387
51 60 345
51 61 498
51 62 572
51 63 809
51 64 1106
51 65 600
51 66 334
51 67 261
51 68 392
51 69 639
51 70 861
51 71 581
51 72 930
51 73 306
51 74 761
51 75 542
51 76 974
51 77 208
51 78 495
51 79 229
51 80 896
51 81 669
51 82 106
51 83 598
51 84 676
51 85 441
51 86 303
51 87 470
51 88 876
51 89 791
51 90 388
51 91 614
51 92 546
51 93 422
51 94 240
51 95 797
51 96 443
51 97 1055
51 98 984
51 99 584
51 100 740
52 53 302
52 54 232
52 55 343
52 56 870
52 57 779
52 58 706
52 59 870
52 60 844
52 61 182
52 62 208
52 63 862
52 64 583
52 65 757
52 66 404
52 67 342
52 68 389
52 69 156
52 70 699
52 71 248
52 72 812
52 73 718
52 74 838
52 75 453
52 76 623
52 77 402
52 78 390
52 79 538
52 80 883
52 81 550
52 82 513
52 83 488
52 84 655
52 85 699
52 86 843
52 87 236
52 88 847
52 89 638
52 90 734
52 91 557
52 92 294
52 93 533
52 94 363
52 95 304
52 96 661
52 97 572
52 98 436
52 99 768
52 100 137
53 54 503
53 55 198
53 56 935
53 57 771
53 58 861
53 59 690
53 60 654
53 61 296
53 62 380
53 63 899
53 64 874
53 65 731
53 66 335
53 67 143
53 68 366
53 69 298
53 70 832
53 71 410
53 72 930
53 73 561
53 74 861
53 75 512
53 76 844
53 77 203
53 78 209
53 79 389
53 80 954
53 81 644
53 82 287
53 83 567
53 84 710
53 85 615
53 86 631
53 87 309
53 88 923
53 89 760
53 90 611
53 91 618
53 92 413
53 93 493
53 94 132
53 95 574
53 96 591
53 97 849
53 98 732
53 99 731
53 100 434
54 55 462
54 56 732
54 57 704
54 58 515
54 59 920
54 60 903
54 61 240
54 62 172
54 63 744
54 64 374
54 65 696
54 66 450
54 67 488
54 68 407
54 69 373
54 70 524
54 71 181
54 72 639
54 73 764
54 74 734
54 75 381
54 76 398
54 77 530
54 78 621
54 79 604
54 80 740
54 81 424
54 82 636
54 83 389
54 84 545
54 85 691
54 86 921
54 87 272
54 88 702
54 89 476
54 90 751
54 91 458
54 92 239
54 93 519
54 94 519
54 95 72
54 96 647
54 97 346
54 98 246
54 99 716
54 100 203
55 56 745
55 57 573
55 58 705
55 59 535
55 60 505
55 61 222
55 62 297
55 63 705
55 64 831
55 65 533
55 66 139
55 67 61
55 68 179
55 69 420
55 70 667
55 71 311
55 72 757
55 73 390
55 74 665
55 75 337
55 76 727
55 77 68
55 78 407
55 79 209
55 80 766
55 81 473
55 82 175
55 83 395
55 84 523
55 85 420
55 86 500
55 87 197
55 88 737
55 89 594
55 90 426
55 91 436
55 92 286
55 93 296
55 94 91
55 95 521
55 96 394
55 97 784
55 98 708
55 99 532
55 100 478
56 57 241
56 58 295
56 59 703
56 60 725
56 61 705
56 62 662
56 63 84
56 64 844
56 65 291
56 66 607
56 67 807
56 68 569
56 69 1023
56 70 242
56 71 622
56 72 169
56 73 624
56 74 132
56 75 431
56 76 510
56 77 777
56 78 1139
56 79 644
56 80 25
56 81 320
56 82 793
56 83 385
56 84 224
56 85 453
56 86 792
56 87 661
56 88 40
56 89 262
56 90 538
56 91 321
56 92 577
56 93 462
56 94 834
56 95 710
56 96 435
56 97 744
56 98 847
56 99 318
56 100 921
57 58 435
57 59 464
57 60 484
57 61 599
57 62 584
57 63 164
57 64 917
57 65 51
57 66 435
57 67 632
57 68 415
57 69 919
57 70 369
57 71 550
57 72 365
57 73 385
57 74 114
57 75 331
57 76 618
57 77 589
57 78 980
57 79 431
57 80 266
57 81 296
57 82 583
57 83 315
57 84 180
57 85 216
57 86 551
57 87 546
57 88 260
57 89 335
57 90 297
57 91 247
57 92 492
57 93 277
57 94 654
57 95 706
57 96 207
57 97 825
57 98 880
57 99 77
57 100 862
58 59 866
58 60 875
58 61 579
58 62 509
58 63 355
58 64 552
58 65 467
58 66 587
58 67 763
58 68 533
58 69 862
58 70 66
58 71 470
58 72 141
58 73 745
58 74 379
58 75 372
58 76 215
58 77 758
58 78 1044
58 79 689
58 80 289
58 81 242
58 82 813
58 83 315
58 84 277
58 85 585
58 86 929
58 87 553
58 88 255
58 89 122
58 90 677
58 91 301
58 92 450
58 93 499
58 94 795
58 95 472
58 96 549
58 97 452
58 98 574
58 99 499
58 100 718
59 60 44
59 61 710
59 62 751
59 63 621
59 64 1238
59 65 417
59 66 476
59 67 562
59 68 512
59 69 955
59 70 802
59 71 739
59 72 824
59 73 156
59 74 571
59 75 581
59 76 1006
59 77 495
59 78 871
59 79 331
59 80 728
59 81 653
59 82 404
59 83 614
59 84 589
59 85 281
59 86 113
59 87 661
59 88 724
59 89 747
59 90 191
59 91 585
59 92 683
59 93 417
59 94 560
59 95 956
59 96 321
59 97 1162
59 98 1152
59 99 387
59 100 997
60 61 688
60 62 733
60 63 645
60 64 1229
60 65 436
60 66 456
60 67 529
60 68 496
60 69 924
60 70 811
60 71 723
60 72 839
60 73 142
60 74 594
60 75 575
60 76 1007
60 77 462
60 78 832
60 79 306
60 80 750
60 81 655
60 82 367
60 83 612
60 84 599
60 85 290
60 86 74
60 87 640
60 88 744
60 89 755
60 90 198
60 91 588
60 92 668
60 93 411
60 94 526
60 95 942
60 96 326
60 97 1156
60 98 1139
60 99 407
60 100 972
61 62 84
61 63 689
61 64 611
61 65 575
61 66 234
61 67 251
61 68 210
61 69 321
61 70 559
61 71 114
61 72 667
61 73 555
61 74 663
61 75 278
61 76 547
61 77 290
61 78 465
61 79 382
61 80 720
61 81 389
61 82 396
61 83 320
61 84 484
61 85 520
61 86 697
61 87 54
61 88 685
61 89 492
61 90 561
61 91 385
61 92 132
61 93 351
61 94 283
61 95 301
61 96 480
61 97 570
61 98 486
61 99 586
61 100 290
62 63 656
62 64 533
62 65 567
62 66 278
62 67 333
62 68 239
62 69 362
62 70 496
62 71 40
62 72 607
62 73 595
62 74 635
62 75 253
62 76 464
62 77 366
62 78 540
62 79 432
62 80 675
62 81 342
62 82 468
62 83 282
62 84 449
62 85 536
62 86 750
62 87 101
62 88 638
62 89 432
62 90 589
62 91 352
62 92 91
62 93 364
62 94 365
62 95 224
62 96 494
62 97 488
62 98 416
62 99 582
62 100 279
63 64 891
63 65 216
63 66 565
63 67 765
63 68 533
63 69 1010
63 70 295
63 71 617
63 72 244
63 73 549
63 74 51
63 75 411
63 76 564
63 77 730
63 78 1106
63 79 586
63 80 108
63 81 321
63 82 736
63 83 373
63 84 206
63 85 380
63 86 713
63 87 641
63 88 117
63 89 295
63 90 462
63 91 304
63 92 567
63 93 412
63 94 791
63 95 730
63 96 368
63 97 793
63 98 881
63 99 240
63 100 925
64 65 929
64 66 796
64 67 862
64 68 744
64 69 687
64 70 601
64 71 526
64 72 693
64 73 1086
64 74 901
64 75 658
64 76 339
64 77 899
64 78 968
64 79 948
64 80 840
64 81 624
64 82 1001
64 83 635
64 84 737
64 85 977
64 86 1259
64 87 635
64 88 804
64 89 597
64 90 1054
64 91 685
64 92 570
64 93 820
64 94 893
64 95 309
64 96 932
64 97 100
64 98 153
64 99 956
64 100 486
65 66 398
65 67 591
65 68 382
65 69 892
65 70 401
65 71 535
65 72 408
65 73 333
65 74 165
65 75 316
65 76 640
65 77 546
65 78 941
65 79 383
65 80 316
65 81 304
65 82 535
65 83 310
65 84 198
65 85 164
65 86 501
65 87 521
65 88 308
65 89 360
65 90 246
65 91 247
65 92 476
65 93 239
65 94 612
65 95 703
65 96 157
65 97 838
65 98 883
65 99 31
65 100 846
66 67 200
66 68 57
66 69 515
66 70 543
66 71 273
66 72 626
66 73 320
66 74 526
66 75 214
66 76 639
66 77 174
66 78 545
66 79 154
66 80 627
66 81 348
66 82 230
66 83 272
66 84 386
66 85 302
66 86 471
66 87 185
66 88 599
66 89 471
66 90 329
66 91 304
66 92 225
66 93 158
66 94 227
66 95 495
66 96 269
66 97 734
66 98 691
66 99 399
66 100 523
67 68 240
67 69 396
67 70 726
67 71 351
67 72 817
67 73 425
67 74 726
67 75 397
67 76 776
67 77 67
67 78 351
67 79 248
67 80 827
67 81 533
67 82 173
67 83 455
67 84 585
67 85 472
67 86 515
67 87 238
67 88 798
67 89 654
67 90 469
67 91 498
67 92 334
67 93 355
67 94 33
67 95 552
67 96 448
67 97 820
67 98 733
67 99 589
67 100 479
68 69 513
68 70 491
68 71 227
68 72 578
68 73 356
68 74 498
68 75 161
68 76 582
68 77 225
68 78 572
68 79 203
68 80 589
68 81 296
68 82 287
68 83 219
68 84 345
68 85 310
68 86 516
68 87 156
68 88 559
68 89 419
68 90 352
68 91 257
68 92 175
68 93 146
68 94 270
68 95 448
68 96 272
68 97 681
68 98 644
68 99 389
68 100 499
69 70 855
69 71 403
69 72 968
69 73 810
69 74 985
69 75 600
69 76 771
69 77 462
69 78 291
69 79 628
69 80 1037
69 81 703
69 82 567
69 83 638
69 84 805
69 85 817
69 86 911
69 87 372
69 88 1000
69 89 794
69 90 839
69 91 706
69 92 445
69 93 659
69 94 405
69 95 441
69 96 782
69 97 693
69 98 534
69 99 901
69 100 201
70 71 456
70 72 115
70 73 683
70 74 315
70 75 330
70 76 269
70 77 716
70 78 1021
70 79 636
70 80 240
70 81 195
70 82 765
70 83 272
70 84 213
70 85 521
70 86 867
70 87 527
70 88 203
70 89 72
70 90 613
70 91 247
70 92 427
70 93 444
70 94 758
70 95 489
70 96 486
70 97 502
70 98 609
70 99 432
70 100 724
71 72 566
71 73 583
71 74 597
71 75 219
71 76 433
71 77 378
71 78 577
71 79 427
71 80 635
71 81 302
71 82 475
71 83 244
71 84 411
71 85 513
71 86 743
71 87 113
71 88 598
71 89 392
71 90 571
71 91 314
71 92 60
71 93 341
71 94 385
71 95 222
71 96 470
71 97 474
71 98 418
71 99 552
71 100 312
72 73 721
72 74 281
72 75 420
72 76 354
72 77 801
72 78 1124
72 79 701
72 80 157
72 81 286
72 82 839
72 83 364
72 84 255
72 85 552
72 86 901
72 87 631
72 88 129
72 89 175
72 90 643
72 91 322
72 92 534
72 93 508
72 94 848
72 95 603
72 96 524
72 97 593
72 98 715
72 99 439
72 100 839
73 74 499
73 75 433
73 76 868
73 77 359
73 78 754
73 79 182
73 80 649
73 81 518
73 82 286
73 83 471
73 84 472
73 85 171
73 86 184
73 87 505
73 88 638
73 89 623
73 90 90
73 91 451
73 92 527
73 93 269
73 94 428
73 95 801
73 96 198
73 97 1013
73 98 997
73 99 310
73 100 843
74 75 385
74 76 582
74 77 688
74 78 1069
74 79 539
74 80 157
74 81 309
74 82 690
74 83 353
74 84 188
74 85 330
74 86 662
74 87 613
74 88 160
74 89 304
74 90 411
74 91 283
74 92 544
74 93 371
74 94 751
74 95 724
74 96 319
74 97 804
74 98 883
74 99 189
74 100 908
75 76 443
75 77 386
75 78 712
75 79 329
75 80 448
75 81 135
75 82 442
75 83 58
75 84 207
75 85 321
75 86 613
75 87 231
75 88 414
75 89 257
75 90 395
75 91 109
75 92 162
75 93 164
75 94 429
75 95 397
75 96 276
75 97 581
75 98 586
75 99 335
75 100 531
76 77 790
76 78 999
76 79 771
76 80 504
76 81 353
76 82 869
76 83 397
76 84 442
76 85 727
76 86 1051
76 87 541
76 88 469
76 89 283
76 90 814
76 91 421
76 92 442
76 93 601
76 94 810
76 95 336
76 96 685
76 97 239
76 98 381
76 99 671
76 100 596
77 78 405
77 79 186
77 80 799
77 81 521
77 82 111
77 83 444
77 84 560
77 85 417
77 86 449
77 87 266
77 88 772
77 89 644
77 90 408
77 91 479
77 92 351
77 93 317
77 94 71
77 95 590
77 96 397
77 97 852
77 98 776
77 99 541
77 100 538
78 79 591
78 80 1158
78 81 840
78 82 469
78 83 764
78 84 914
78 85 822
78 86 798
78 87 493
78 88 1126
78 89 951
78 90 812
78 91 820
78 92 594
78 93 703
78 94 334
78 95 694
78 96 800
78 97 962
78 98 817
78 99 940
78 100 486
79 80 668
79 81 447
79 82 151
79 83 381
79 84 446
79 85 237
79 86 317
79 87 336
79 88 647
79 89 567
79 90 222
79 91 389
79 92 378
79 93 193
79 94 257
79 95 650
79 96 227
79 97 884
79 98 846
79 99 372
79 100 666
80 81 333
80 82 816
80 83 400
80 84 243
80 85 478
80 86 817
80 87 677
80 88 38
80 89 266
80 90 563
80 91 338
80 92 591
80 93 484
80 94 855
80 95 716
80 96 460
80 97 740
80 98 848
80 99 343
80 100 931
81 82 571
81 83 78
81 84 122
81 85 373
81 86 703
81 87 349
81 88 297
81 89 123
81 90 461
81 91 67
81 92 259
81 93 260
81 94 564
81 95 415
81 96 332
81 97 535
81 98 583
81 99 331
81 100 604
82 83 498
82 84 588
82 85 386
82 86 345
82 87 366
82 88 794
82 89 694
82 90 353
82 91 520
82 92 440
82 93 334
82 94 162
82 95 693
82 96 378
82 97 949
82 98 882
82 99 524
82 100 649
83 84 167
83 85 343
83 86 654
83 87 276
83 88 366
83 89 199
83 90 425
83 91 70
83 92 193
83 93 203
83 94 486
83 95 393
83 96 299
83 97 552
83 98 575
83 99 333
83 100 554
84 85 308
84 86 655
84 87 438
84 88 213
84 89 163
84 90 400
84 91 99
84 92 361
84 93 254
84 94 614
84 95 538
84 96 274
84 97 644
84 98 704
84 99 229
84 100 720
85 86 348
85 87 465
85 88 466
85 89 466
85 90 92
85 91 306
85 92 453
85 93 172
85 94 487
85 95 715
85 96 44
85 97 895
85 98 907
85 99 144
85 100 807
86 87 653
86 88 810
86 89 807
86 90 257
86 91 636
86 92 691
86 93 451
86 94 508
86 95 965
86 96 380
86 97 1189
86 98 1161
86 99 474
86 100 975
87 88 643
87 89 458
87 90 508
87 91 339
87 92 103
87 93 297
87 94 271
87 95 326
87 96 426
87 97 586
87 98 518
87 99 532
87 100 343
88 89 227
88 90 554
88 91 306
88 92 555
88 93 460
88 94 827
88 95 677
88 96 445
88 97 705
88 98 810
88 99 337
88 100 893
89 90 557
89 91 178
89 92 359
89 93 376
89 94 686
89 95 449
89 96 428
89 97 500
89 98 587
89 99 391
89 100 671
90 91 393
90 92 512
90 93 235
90 94 479
90 95 781
90 96 129
90 97 975
90 98 976
90 99 221
90 100 851
91 92 262
91 93 197
91 94 528
91 95 458
91 96 264
91 97 597
91 98 635
91 99 272
91 100 625
92 93 281
92 94 368
92 95 274
92 96 410
92 97 510
92 98 470
92 99 492
92 100 370
93 94 379
93 95 546
93 96 130
93 97 744
93 98 740
93 99 243
93 100 637
94 95 583
94 96 466
94 97 853
94 98 762
94 99 609
94 100 500
95 96 670
95 97 274
95 98 196
95 99 726
95 100 260
96 97 851
96 98 862
96 99 145
96 100 767
97 98 186
97 99 866
97 100 495
98 99 907
98 100 333
99 100 861
